ts te s_bytes_all avg_video_rate
0.0 1000.0 0.0 0.0
1000.0 2000.0 0.0 0.0
2000.0 3000.0 0.0 0.0
3000.0 4000.0 0.0 0.0
4000.0 5000.0 0.0 0.0
5000.0 6000.0 0.0 0.0
6000.0 7000.0 0.0 0.0
7000.0 8000.0 0.0 0.0
8000.0 9000.0 194205.16581876873 840.0
9000.0 10000.0 203858.5694358604 840.0
10000.0 11000.0 237476.9208687357 0.0
11000.0 12000.0 303169.0600619385 840.0
12000.0 13000.0 335435.2162664034 840.0
13000.0 14000.0 359263.6573896182 840.0
14000.0 15000.0 360176.9940998171 840.0
15000.0 16000.0 194788.93837261514 840.0
16000.0 17000.0 388989.757792596 840.0
17000.0 18000.0 331190.2595781444 840.0
18000.0 19000.0 167721.68272428634 0.0
19000.0 20000.0 252729.777591216 840.0
20000.0 21000.0 24674.05779532206 0.0
21000.0 22000.0 275322.23736969597 1500.0
22000.0 23000.0 249563.27914358675 1500.0
23000.0 24000.0 273523.4256913953 0.0
24000.0 25000.0 151374.87840797292 1500.0
25000.0 26000.0 252278.14526513132 1500.0
26000.0 27000.0 340085.03647770814 0.0
27000.0 28000.0 37805.93984918759 0.0
28000.0 29000.0 310290.5739457378 1500.0
29000.0 30000.0 318591.59630018345 1500.0
30000.0 31000.0 246093.82975407882 0.0
31000.0 32000.0 141039.2025527571 1500.0
32000.0 33000.0 247147.2135116643 0.0
33000.0 34000.0 242421.39391575658 1500.0
34000.0 35000.0 307549.1346058389 2300.0
35000.0 36000.0 274612.75274300994 0.0
36000.0 37000.0 325685.97556604736 2300.0
37000.0 38000.0 298628.845549564 0.0
38000.0 39000.0 327681.95396720036 2300.0
39000.0 40000.0 249633.88642560272 0.0
40000.0 41000.0 437867.08758734853 2300.0
41000.0 42000.0 414170.01144567784 2300.0
42000.0 43000.0 320976.09699311765 0.0
43000.0 44000.0 391218.9304173257 2300.0
44000.0 45000.0 311980.3426561727 0.0
45000.0 46000.0 245495.72388119143 2300.0
46000.0 47000.0 363625.56841222517 0.0
47000.0 48000.0 408489.61786193657 2300.0
48000.0 49000.0 285308.2008525949 0.0
49000.0 50000.0 384619.82866817573 2300.0
50000.0 51000.0 319566.4896059716 2300.0
51000.0 52000.0 335792.1813986648 0.0
52000.0 53000.0 256554.23609538458 2300.0
53000.0 54000.0 321982.47999679286 0.0
54000.0 55000.0 326412.69408845564 2300.0
55000.0 56000.0 342711.09595261794 0.0
56000.0 57000.0 329437.6466443231 2300.0
57000.0 58000.0 335469.9021211852 0.0
58000.0 59000.0 312697.1604948727 2300.0
59000.0 60000.0 329640.49479835073 0.0
60000.0 61000.0 302376.53130410134 2300.0
61000.0 62000.0 328538.66764511453 0.0
62000.0 63000.0 296330.89192537416 2300.0
63000.0 64000.0 323997.87567509676 0.0
64000.0 65000.0 245578.92848365367 2300.0
65000.0 66000.0 304920.457412706 0.0
66000.0 67000.0 285271.6099200424 2300.0
67000.0 68000.0 314940.00797068473 0.0
68000.0 69000.0 301494.33589714096 2300.0
69000.0 70000.0 300202.64071480144 0.0
70000.0 71000.0 283679.3806553993 2300.0
71000.0 72000.0 302459.93595022656 0.0
72000.0 73000.0 323347.4373167293 2300.0
73000.0 74000.0 269008.4360705769 0.0
74000.0 75000.0 301808.85684478894 2300.0
75000.0 76000.0 289065.3219862113 0.0
76000.0 77000.0 292134.67662244744 2300.0
77000.0 78000.0 312252.4520734359 0.0
78000.0 79000.0 299229.2493930074 2300.0
79000.0 80000.0 268220.3716971893 0.0
80000.0 81000.0 264842.7128926531 2300.0
81000.0 82000.0 323002.11086124793 0.0
82000.0 83000.0 254014.10052705748 2300.0
83000.0 84000.0 387983.38235577475 0.0
84000.0 85000.0 259598.80888930132 2300.0
85000.0 86000.0 365767.7880265071 0.0
86000.0 87000.0 166841.8820789032 0.0
87000.0 88000.0 0.0 0.0
88000.0 89000.0 182920.55240444836 2300.0
89000.0 90000.0 326085.07968535775 0.0
90000.0 91000.0 285706.8310377819 840.0
91000.0 92000.0 313797.18430790084 840.0
92000.0 93000.0 249149.34151782887 0.0
93000.0 94000.0 323439.1139785126 1500.0
94000.0 95000.0 86018.89706816965 0.0
95000.0 96000.0 319371.0555279468 1500.0
96000.0 97000.0 79876.92533479807 0.0
97000.0 98000.0 325893.8766512425 1500.0
98000.0 99000.0 125075.31837364357 0.0
99000.0 100000.0 301756.5694964096 1500.0
100000.0 101000.0 70447.53132082801 0.0
101000.0 102000.0 335692.08041703387 1500.0
102000.0 103000.0 110813.28300829134 0.0
103000.0 104000.0 311698.23236403504 1500.0
104000.0 105000.0 164110.36239897175 1500.0
105000.0 106000.0 328927.5027759273 0.0
106000.0 107000.0 22559.262408164454 0.0
107000.0 108000.0 278734.0112527295 2300.0
108000.0 109000.0 405893.12975049386 2300.0
109000.0 110000.0 283608.1695356476 0.0
110000.0 111000.0 237428.88127428203 2300.0
111000.0 112000.0 369121.8735019991 0.0
112000.0 113000.0 196821.12529080972 2300.0
113000.0 114000.0 411909.57943884487 0.0
114000.0 115000.0 308947.41195989214 2300.0
115000.0 116000.0 277825.249044039 0.0
116000.0 117000.0 335894.7786816256 2300.0
117000.0 118000.0 297592.24786161794 0.0
118000.0 119000.0 348896.20001554047 2300.0
119000.0 120000.0 299931.8697587962 0.0
120000.0 121000.0 269071.77225633484 2300.0
121000.0 122000.0 271652.2327487138 0.0
122000.0 123000.0 311645.85069529817 2300.0
123000.0 124000.0 291286.6062614558 0.0
124000.0 125000.0 261969.91833661307 2300.0
125000.0 126000.0 271761.75200121757 0.0
126000.0 127000.0 259659.395525152 0.0
127000.0 128000.0 261968.11645567822 2300.0
128000.0 129000.0 320446.48724622297 0.0
129000.0 130000.0 196129.14113316775 2300.0
130000.0 131000.0 405357.5458416356 2300.0
131000.0 132000.0 359548.88454499404 0.0
132000.0 133000.0 348154.6455820118 0.0
133000.0 134000.0 223692.78373834063 2300.0
134000.0 135000.0 376458.6442061865 2300.0
135000.0 136000.0 335346.6326793566 0.0
136000.0 137000.0 372365.3726848505 2300.0
137000.0 138000.0 371093.6778256938 0.0
138000.0 139000.0 333103.32861728565 2300.0
139000.0 140000.0 368431.2146515617 2300.0
140000.0 141000.0 362521.1520844589 0.0
141000.0 142000.0 424019.9425661444 2300.0
142000.0 143000.0 252492.2686149537 0.0
143000.0 144000.0 350465.349429557 2300.0
144000.0 145000.0 339984.0453108317 0.0
145000.0 146000.0 280631.1163432639 2300.0
146000.0 147000.0 342450.1897921293 0.0
147000.0 148000.0 297899.41658215533 2300.0
148000.0 149000.0 340002.53812312114 0.0
149000.0 150000.0 325148.1238101332 2300.0
150000.0 151000.0 314080.7591507695 0.0
151000.0 152000.0 258956.49659364746 2300.0
152000.0 153000.0 417657.1535587479 2300.0
153000.0 154000.0 301277.5796905341 0.0
154000.0 155000.0 309895.7485294272 2300.0
155000.0 156000.0 305245.2631921504 0.0
156000.0 157000.0 329073.48249548965 2300.0
157000.0 158000.0 270788.15624256106 0.0
158000.0 159000.0 121336.68741454276 0.0
159000.0 160000.0 0.0 0.0
160000.0 161000.0 185105.55605201214 2300.0
161000.0 162000.0 340290.12148397724 0.0
162000.0 163000.0 390702.38565486285 1500.0
163000.0 164000.0 304701.01609034283 1500.0
164000.0 165000.0 360544.6440271494 1500.0
165000.0 166000.0 246924.77541916652 0.0
166000.0 167000.0 251883.52888468048 2300.0
167000.0 168000.0 289388.28814483533 0.0
168000.0 169000.0 317334.8182563326 2300.0
169000.0 170000.0 261449.2190852098 0.0
170000.0 171000.0 312301.4048800476 2300.0
171000.0 172000.0 307333.24360497354 0.0
172000.0 173000.0 332381.3866030143 2300.0
173000.0 174000.0 266016.5581170772 0.0
174000.0 175000.0 310157.6020418821 2300.0
175000.0 176000.0 292210.87989657413 0.0
176000.0 177000.0 331427.52940998663 2300.0
177000.0 178000.0 284820.51707023045 0.0
178000.0 179000.0 258714.30888922082 2300.0
179000.0 180000.0 373702.52681706887 0.0
180000.0 181000.0 254778.18473883043 2300.0
181000.0 182000.0 504312.6151226625 0.0
182000.0 183000.0 370589.5890636949 2300.0
183000.0 184000.0 343521.35159675096 2300.0
184000.0 185000.0 224115.81858290016 0.0
185000.0 186000.0 375911.93092630844 0.0
186000.0 187000.0 174332.60239171158 2300.0
187000.0 188000.0 308439.3211863627 2300.0
188000.0 189000.0 372898.7682271163 0.0
189000.0 190000.0 412877.773029513 2300.0
190000.0 191000.0 290965.6474803102 0.0
191000.0 192000.0 415551.73917874077 2300.0
192000.0 193000.0 326716.54820843204 0.0
193000.0 194000.0 333588.4426195544 2300.0
194000.0 195000.0 289422.2830292723 0.0
195000.0 196000.0 332910.8582225772 2300.0
196000.0 197000.0 317697.63446744555 2300.0
197000.0 198000.0 283839.9505412752 0.0
198000.0 199000.0 357236.17763218074 2300.0
199000.0 200000.0 364409.2624470401 0.0
200000.0 201000.0 300383.2785915526 2300.0
201000.0 202000.0 286560.7118377852 0.0
202000.0 203000.0 313755.74851236097 2300.0
203000.0 204000.0 337321.8565472534 0.0
204000.0 205000.0 330150.1156497885 2300.0
205000.0 206000.0 264503.68557180883 0.0
206000.0 207000.0 252419.34159951392 2300.0
207000.0 208000.0 278476.10477264307 0.0
208000.0 209000.0 323784.3512970076 2300.0
209000.0 210000.0 280905.51260742225 0.0
210000.0 211000.0 273707.36114134814 2300.0
211000.0 212000.0 267071.1069325252 0.0
212000.0 213000.0 370447.27710346493 2300.0
213000.0 214000.0 269153.63928523974 0.0
214000.0 215000.0 275834.3255021303 2300.0
215000.0 216000.0 286094.8912300125 0.0
216000.0 217000.0 301403.02360337944 2300.0
217000.0 218000.0 290363.25162021106 0.0
218000.0 219000.0 315044.2793292372 2300.0
219000.0 220000.0 291071.62306688604 0.0
220000.0 221000.0 311889.4488903566 2300.0
221000.0 222000.0 283211.9392644729 0.0
222000.0 223000.0 293542.43296869047 2300.0
223000.0 224000.0 289451.2559365636 0.0
224000.0 225000.0 392068.8520888615 2300.0
225000.0 226000.0 263966.80212739157 0.0
226000.0 227000.0 278483.8960045016 2300.0
227000.0 228000.0 281093.1823809161 0.0
228000.0 229000.0 304183.2601932219 2300.0
229000.0 230000.0 373618.157189736 0.0
230000.0 231000.0 347718.27981872763 2300.0
231000.0 232000.0 341445.56914970407 2300.0
232000.0 233000.0 247783.36490774548 0.0
233000.0 234000.0 327993.4953450258 2300.0
234000.0 235000.0 509639.50102753553 0.0
235000.0 236000.0 373667.3273907508 2300.0
236000.0 237000.0 375823.14242521866 0.0
237000.0 238000.0 225493.23259433947 2300.0
238000.0 239000.0 390036.79178225534 0.0
239000.0 240000.0 244171.83867338602 2300.0
240000.0 241000.0 384775.0049781218 0.0
241000.0 242000.0 122650.72020073536 2300.0
242000.0 243000.0 355535.1454203466 0.0
243000.0 244000.0 397308.90758891724 2300.0
244000.0 245000.0 353071.5262622152 0.0
245000.0 246000.0 322692.5834732357 2300.0
246000.0 247000.0 122846.35759454999 0.0
247000.0 248000.0 322819.83475262404 0.0
248000.0 249000.0 402091.02165273274 2300.0
249000.0 250000.0 387942.92681633093 840.0
250000.0 251000.0 274344.95220529364 0.0
251000.0 252000.0 126895.73472808645 840.0
252000.0 253000.0 107032.09146976328 2300.0
253000.0 254000.0 386798.96814570966 0.0
254000.0 255000.0 324819.42322393827 2300.0
255000.0 256000.0 269167.83437922405 0.0
256000.0 257000.0 367803.22216827545 2300.0
257000.0 258000.0 278684.8482215551 0.0
258000.0 259000.0 265442.5315406116 2300.0
259000.0 260000.0 359416.75400928216 0.0
260000.0 261000.0 335130.4921941503 2300.0
261000.0 262000.0 284343.7699761282 0.0
262000.0 263000.0 316221.4730685022 2300.0
263000.0 264000.0 292196.93427540176 0.0
264000.0 265000.0 290423.8366020927 2300.0
265000.0 266000.0 303717.40048719617 0.0
266000.0 267000.0 308556.5600754412 2300.0
267000.0 268000.0 270678.15771613613 0.0
268000.0 269000.0 291211.9625862066 2300.0
269000.0 270000.0 334546.6901503409 0.0
270000.0 271000.0 333335.8433514274 2300.0
271000.0 272000.0 287832.4080865828 0.0
272000.0 273000.0 313052.17868728563 2300.0
273000.0 274000.0 305024.4013993795 0.0
274000.0 275000.0 301950.85227248276 2300.0
275000.0 276000.0 282408.7973689406 0.0
276000.0 277000.0 319547.9298837987 2300.0
277000.0 278000.0 276836.07556355966 0.0
278000.0 279000.0 325502.96590283746 2300.0
279000.0 280000.0 326282.8898444387 0.0
280000.0 281000.0 447531.9944018312 2300.0
281000.0 282000.0 331259.74145487486 0.0
282000.0 283000.0 316528.27303339285 2300.0
283000.0 284000.0 416634.7528008417 2300.0
284000.0 285000.0 304956.8112786714 0.0
285000.0 286000.0 394393.7202836005 2300.0
286000.0 287000.0 357975.06959435274 2300.0
287000.0 288000.0 350239.6417830369 0.0
288000.0 289000.0 325289.13540246617 0.0
289000.0 290000.0 278431.6896456269 2300.0
290000.0 291000.0 347933.2590004739 0.0
291000.0 292000.0 314798.10069972154 2300.0
292000.0 293000.0 341483.8514380265 2300.0
293000.0 294000.0 256364.50540833478 0.0
294000.0 295000.0 329261.79988075275 2300.0
295000.0 296000.0 259873.5990517899 0.0
296000.0 297000.0 418780.49765540543 2300.0
297000.0 298000.0 290589.82832763105 0.0
298000.0 299000.0 310053.0078738833 2300.0
299000.0 300000.0 349864.4521520514 0.0
