ts te s_bytes_all avg_video_rate
0.0 1000.0 0.0 0.0
1000.0 2000.0 0.0 0.0
2000.0 3000.0 0.0 0.0
3000.0 4000.0 0.0 0.0
4000.0 5000.0 0.0 0.0
5000.0 6000.0 32559.904956289978 840.0
6000.0 7000.0 298417.7497158601 840.0
7000.0 8000.0 353911.0139904809 840.0
8000.0 9000.0 317276.34191623295 840.0
9000.0 10000.0 330889.1146851617 840.0
10000.0 11000.0 345770.46132413147 840.0
11000.0 12000.0 357036.4192057359 840.0
12000.0 13000.0 366098.06426054635 840.0
13000.0 14000.0 185151.18331686256 0.0
14000.0 15000.0 274061.58762073045 840.0
15000.0 16000.0 217577.04542021704 840.0
16000.0 17000.0 131874.5857826494 2300.0
17000.0 18000.0 319527.06246516603 0.0
18000.0 19000.0 309377.01728516887 2300.0
19000.0 20000.0 409355.36908760533 0.0
20000.0 21000.0 424711.4466315564 2300.0
21000.0 22000.0 284684.3616668298 0.0
22000.0 23000.0 344562.5374912899 2300.0
23000.0 24000.0 213621.6258353442 0.0
24000.0 25000.0 356921.35196451563 2300.0
25000.0 26000.0 207019.17155032975 0.0
26000.0 27000.0 373513.8872122028 2300.0
27000.0 28000.0 209841.0218318854 0.0
28000.0 29000.0 301747.1627709009 2300.0
29000.0 30000.0 310159.93672280834 0.0
30000.0 31000.0 310033.4366802134 2300.0
31000.0 32000.0 295873.0093376308 0.0
32000.0 33000.0 289597.0791484003 2300.0
33000.0 34000.0 318595.5640627907 0.0
34000.0 35000.0 354494.71526375046 2300.0
35000.0 36000.0 307770.5513991384 0.0
36000.0 37000.0 363084.4799138312 2300.0
37000.0 38000.0 273423.8542648123 0.0
38000.0 39000.0 334351.74500017683 2300.0
39000.0 40000.0 320244.3332227304 0.0
40000.0 41000.0 350865.9804070286 2300.0
41000.0 42000.0 194724.48106487634 0.0
42000.0 43000.0 354321.4830262198 2300.0
43000.0 44000.0 245162.66714184315 0.0
44000.0 45000.0 384032.4420415208 2300.0
45000.0 46000.0 328404.6009034679 0.0
46000.0 47000.0 311018.4052775134 2300.0
47000.0 48000.0 351142.03577105736 0.0
48000.0 49000.0 275663.8914644678 2300.0
49000.0 50000.0 319823.33328111586 0.0
50000.0 51000.0 339735.44032451796 2300.0
51000.0 52000.0 241133.04629239393 0.0
52000.0 53000.0 284201.67008926376 2300.0
53000.0 54000.0 262093.85669526644 0.0
54000.0 55000.0 368701.5503420283 2300.0
55000.0 56000.0 231811.3222743748 0.0
56000.0 57000.0 367596.09526751225 2300.0
57000.0 58000.0 204514.5053315544 0.0
58000.0 59000.0 268004.60649308196 2300.0
59000.0 60000.0 300618.179009499 0.0
60000.0 61000.0 338427.8675251305 1500.0
61000.0 62000.0 75704.34697228853 0.0
62000.0 63000.0 325797.42611417215 1500.0
63000.0 64000.0 301726.56746108667 1500.0
64000.0 65000.0 272697.04275968974 1500.0
65000.0 66000.0 318062.8240296736 0.0
66000.0 67000.0 356337.97588819923 2300.0
67000.0 68000.0 264719.12112495047 0.0
68000.0 69000.0 339559.40291095944 2300.0
69000.0 70000.0 234294.86566077813 0.0
70000.0 71000.0 344403.49236962234 2300.0
71000.0 72000.0 197483.23221480486 0.0
72000.0 73000.0 303620.8239633316 2300.0
73000.0 74000.0 282800.24116922845 0.0
74000.0 75000.0 348940.018624608 2300.0
75000.0 76000.0 193569.59486958888 0.0
76000.0 77000.0 309707.667517844 2300.0
77000.0 78000.0 283385.2640172905 0.0
78000.0 79000.0 356250.61774679617 2300.0
79000.0 80000.0 236855.98174132168 0.0
80000.0 81000.0 372510.71182940394 2300.0
81000.0 82000.0 265453.66165851447 0.0
82000.0 83000.0 369824.880595798 2300.0
83000.0 84000.0 190032.92642001805 0.0
84000.0 85000.0 271390.23511668324 2300.0
85000.0 86000.0 272930.8825116959 0.0
86000.0 87000.0 416614.36418685404 2300.0
87000.0 88000.0 331380.35979132826 0.0
88000.0 89000.0 291257.28275582934 2300.0
89000.0 90000.0 230001.33771569567 0.0
90000.0 91000.0 392664.5101992911 2300.0
91000.0 92000.0 279344.3413266697 0.0
92000.0 93000.0 337855.32248579635 2300.0
93000.0 94000.0 270917.76838968846 0.0
94000.0 95000.0 331276.9481180755 2300.0
95000.0 96000.0 269390.7051462481 0.0
96000.0 97000.0 244330.88161722408 2300.0
97000.0 98000.0 345574.51763256144 0.0
98000.0 99000.0 177763.20231867846 2300.0
99000.0 100000.0 388495.4418405331 0.0
100000.0 101000.0 292718.7831037548 1500.0
101000.0 102000.0 211609.47263348973 0.0
102000.0 103000.0 249326.30242222242 840.0
103000.0 104000.0 4489.639131440826 0.0
104000.0 105000.0 242624.36086855916 840.0
105000.0 106000.0 7564.810180467491 0.0
106000.0 107000.0 241146.1898195325 840.0
107000.0 108000.0 5752.060569780198 0.0
108000.0 109000.0 232623.9394302198 840.0
109000.0 110000.0 4962.7086806123225 0.0
110000.0 111000.0 238581.27702340772 840.0
111000.0 112000.0 205590.85041528742 0.0
112000.0 113000.0 231117.16388069256 840.0
113000.0 114000.0 4818.677888294131 0.0
114000.0 115000.0 301222.14627048676 2300.0
115000.0 116000.0 327898.91175206454 0.0
116000.0 117000.0 143596.0984978128 2300.0
117000.0 118000.0 326781.0752467761 0.0
118000.0 119000.0 104369.09034456557 0.0
119000.0 120000.0 3819.6948024668063 0.0
120000.0 121000.0 321949.86848763283 2300.0
121000.0 122000.0 299138.2473118651 0.0
122000.0 123000.0 72034.3655841665 1500.0
123000.0 124000.0 273792.8238138688 0.0
124000.0 125000.0 0.0 0.0
125000.0 126000.0 0.0 0.0
126000.0 127000.0 238595.72304325757 2344.0
127000.0 128000.0 349210.90819607297 0.0
128000.0 129000.0 494915.8083984028 4400.0
129000.0 130000.0 568227.6867052295 0.0
130000.0 131000.0 253188.9811130677 480.0
131000.0 132000.0 168831.082280632 480.0
132000.0 133000.0 379474.3970382975 480.0
133000.0 134000.0 156151.41775013873 480.0
134000.0 135000.0 313968.99547490117 480.0
135000.0 136000.0 155318.5454398665 480.0
136000.0 137000.0 119079.34592871071 1500.0
137000.0 138000.0 271610.7307413969 0.0
138000.0 139000.0 81996.35609686343 4400.0
139000.0 140000.0 325055.32913703297 0.0
140000.0 141000.0 351494.4118157316 0.0
141000.0 142000.0 359306.595880519 0.0
142000.0 143000.0 340510.93474611244 4400.0
143000.0 144000.0 369907.2429454507 0.0
144000.0 145000.0 333610.95998703066 840.0
145000.0 146000.0 292929.5332128891 840.0
146000.0 147000.0 295838.0140683959 0.0
147000.0 148000.0 171784.46765398828 840.0
148000.0 149000.0 326878.5323460117 840.0
149000.0 150000.0 4312.2454482129815 0.0
150000.0 151000.0 358340.4574313438 1500.0
151000.0 152000.0 61693.70172117122 0.0
152000.0 153000.0 327394.00309947954 1500.0
153000.0 154000.0 130635.86014789814 0.0
154000.0 155000.0 364360.76860103995 1500.0
155000.0 156000.0 53777.388086931984 0.0
156000.0 157000.0 409.57546392246326 0.0
157000.0 158000.0 3765.2059495108106 0.0
158000.0 159000.0 334055.7736701001 1500.0
159000.0 160000.0 86792.43921929598 0.0
160000.0 161000.0 268063.1332536448 1500.0
161000.0 162000.0 156671.16314889526 0.0
162000.0 163000.0 267528.9105300749 1500.0
163000.0 164000.0 310007.7102319694 1500.0
164000.0 165000.0 333307.46141763014 1500.0
165000.0 166000.0 282421.89605554467 0.0
166000.0 167000.0 305488.84800038417 1500.0
167000.0 168000.0 92977.35735062239 0.0
168000.0 169000.0 322618.26230795 1500.0
169000.0 170000.0 37968.31247112322 0.0
170000.0 171000.0 343780.2057829131 1500.0
171000.0 172000.0 89511.68251701775 0.0
172000.0 173000.0 337467.15354618384 1500.0
173000.0 174000.0 367394.71961233625 1500.0
174000.0 175000.0 92657.45035425607 0.0
175000.0 176000.0 260822.2742967041 1500.0
176000.0 177000.0 121603.04028384297 0.0
177000.0 178000.0 286149.4579086475 2300.0
178000.0 179000.0 348010.4648991802 0.0
179000.0 180000.0 68524.90742694675 0.0
180000.0 181000.0 407561.1073620458 2300.0
181000.0 182000.0 261871.95148050773 0.0
182000.0 183000.0 412345.8622302803 2300.0
183000.0 184000.0 328532.69207855506 0.0
184000.0 185000.0 303764.0061125675 2300.0
185000.0 186000.0 345617.4655500616 2300.0
186000.0 187000.0 387423.50249341433 0.0
187000.0 188000.0 351610.72207686095 2300.0
188000.0 189000.0 452579.12994228705 0.0
189000.0 190000.0 186614.1674165329 2300.0
190000.0 191000.0 390650.56302211224 0.0
191000.0 192000.0 376970.12811372743 2300.0
192000.0 193000.0 434915.3397784051 2300.0
193000.0 194000.0 380016.26366705704 0.0
194000.0 195000.0 410963.50674064935 2300.0
195000.0 196000.0 289430.0334462167 0.0
196000.0 197000.0 344833.12002225127 2300.0
197000.0 198000.0 331070.79212050984 0.0
198000.0 199000.0 265864.99008580035 2300.0
199000.0 200000.0 373750.22804483277 0.0
200000.0 201000.0 202957.08422970783 2300.0
201000.0 202000.0 366798.90019268764 0.0
202000.0 203000.0 158255.84459611934 2300.0
203000.0 204000.0 431869.1112694906 0.0
204000.0 205000.0 159920.9139016957 2300.0
205000.0 206000.0 391157.16253335756 0.0
206000.0 207000.0 417908.261303755 2300.0
207000.0 208000.0 347152.6687853931 0.0
208000.0 209000.0 273093.51673063525 2300.0
209000.0 210000.0 432341.582820479 0.0
210000.0 211000.0 333388.1381827063 2300.0
211000.0 212000.0 426648.1033581506 2300.0
212000.0 213000.0 343466.6611103696 0.0
213000.0 214000.0 396365.17913460475 2300.0
214000.0 215000.0 296428.3561047161 0.0
215000.0 216000.0 372534.8545309717 2300.0
216000.0 217000.0 351394.43035663746 0.0
217000.0 218000.0 329614.5629588403 2300.0
218000.0 219000.0 233548.63066035003 0.0
219000.0 220000.0 303878.1761885709 2300.0
220000.0 221000.0 337956.66837156704 0.0
221000.0 222000.0 380191.2393817122 2300.0
222000.0 223000.0 228780.55127803242 0.0
223000.0 224000.0 247665.4676678827 2300.0
224000.0 225000.0 316532.5480780169 0.0
225000.0 226000.0 403663.2274020743 2300.0
226000.0 227000.0 404973.29785479687 2300.0
227000.0 228000.0 310749.38338376925 0.0
228000.0 229000.0 342812.87236719736 2300.0
229000.0 230000.0 388628.15909474716 0.0
230000.0 231000.0 261396.1267949691 2300.0
231000.0 232000.0 380807.8094037274 0.0
232000.0 233000.0 322033.08093978424 2300.0
233000.0 234000.0 358123.88948564295 0.0
234000.0 235000.0 109115.13339799075 2300.0
235000.0 236000.0 393788.34565063624 0.0
236000.0 237000.0 304570.98352792015 2300.0
237000.0 238000.0 388919.4172195996 0.0
238000.0 239000.0 328991.37521617534 2300.0
239000.0 240000.0 240888.75296207337 0.0
240000.0 241000.0 196643.64602067712 2300.0
241000.0 242000.0 311821.40563394583 0.0
242000.0 243000.0 260081.74139094137 0.0
243000.0 244000.0 148485.6625749779 2300.0
244000.0 245000.0 302702.36601931194 0.0
245000.0 246000.0 362029.9762819397 840.0
246000.0 247000.0 283714.33163120237 840.0
247000.0 248000.0 5240.270950247492 0.0
248000.0 249000.0 399684.16139979137 2300.0
249000.0 250000.0 284895.8780119601 0.0
250000.0 251000.0 334303.46962993115 2300.0
251000.0 252000.0 252278.02272531562 0.0
252000.0 253000.0 383280.2484007681 2300.0
253000.0 254000.0 347613.295746588 2300.0
254000.0 255000.0 306920.2333533938 0.0
255000.0 256000.0 218069.70877806278 2300.0
256000.0 257000.0 321572.90993930446 0.0
257000.0 258000.0 386680.3043388701 2300.0
258000.0 259000.0 330711.92977995577 0.0
259000.0 260000.0 217958.00168133108 2300.0
260000.0 261000.0 326397.6601646461 0.0
261000.0 262000.0 381819.08280179754 2300.0
262000.0 263000.0 276799.80878729455 0.0
263000.0 264000.0 401449.6654756608 2300.0
264000.0 265000.0 262340.119514248 0.0
265000.0 266000.0 387288.457934698 2300.0
266000.0 267000.0 296777.4255462356 0.0
267000.0 268000.0 230121.94429357626 2300.0
268000.0 269000.0 298315.2297574882 0.0
269000.0 270000.0 376120.31482341065 2300.0
270000.0 271000.0 345358.9131363814 2300.0
271000.0 272000.0 317895.6800771774 0.0
272000.0 273000.0 327461.77678617934 2300.0
273000.0 274000.0 364001.12834307883 0.0
274000.0 275000.0 191094.19322391704 2300.0
275000.0 276000.0 409251.2576531189 0.0
276000.0 277000.0 242035.19994778887 2300.0
277000.0 278000.0 394665.10763798456 0.0
278000.0 279000.0 229275.58254557883 2300.0
279000.0 280000.0 399152.18629004195 0.0
280000.0 281000.0 287557.39266494097 2300.0
281000.0 282000.0 372945.35021198716 0.0
282000.0 283000.0 93362.64640436208 2300.0
283000.0 284000.0 413412.5742110668 0.0
284000.0 285000.0 149642.86703182058 0.0
285000.0 286000.0 8945.830461312456 0.0
286000.0 287000.0 251169.47227706347 2300.0
287000.0 288000.0 354184.59454884636 0.0
288000.0 289000.0 309344.3509507907 1500.0
289000.0 290000.0 368714.9788376122 1500.0
290000.0 291000.0 334435.7729243748 1500.0
291000.0 292000.0 234754.0 0.0
292000.0 293000.0 321971.99571185576 2300.0
293000.0 294000.0 345466.6810511606 0.0
294000.0 295000.0 412674.806267261 2300.0
295000.0 296000.0 236940.33981648434 0.0
296000.0 297000.0 337401.3502036042 2300.0
297000.0 298000.0 275709.8269496341 0.0
298000.0 299000.0 337081.15257665206 2300.0
299000.0 300000.0 346058.2797398338 2300.0
300000.0 301000.0 243461.56768351412 0.0
