ts te s_bytes_all avg_video_rate
0.0 1000.0 0.0 0.0
1000.0 2000.0 0.0 0.0
2000.0 3000.0 0.0 0.0
3000.0 4000.0 0.0 0.0
4000.0 5000.0 0.0 0.0
5000.0 6000.0 0.0 0.0
6000.0 7000.0 8131.215125465617 0.0
7000.0 8000.0 292196.3060286506 480.0
8000.0 9000.0 360141.5858883406 480.0
9000.0 10000.0 212149.7945648092 480.0
10000.0 11000.0 298087.435527974 480.0
11000.0 12000.0 169894.79422126056 480.0
12000.0 13000.0 196917.5122881754 480.0
13000.0 14000.0 370107.3254208505 480.0
14000.0 15000.0 162975.03093447353 480.0
15000.0 16000.0 2911.0 0.0
16000.0 17000.0 0.0 0.0
17000.0 18000.0 306499.45992105413 1500.0
18000.0 19000.0 81899.62542882923 0.0
19000.0 20000.0 304253.92426134826 1500.0
20000.0 21000.0 116328.9785961785 0.0
21000.0 22000.0 284072.4893642727 1500.0
22000.0 23000.0 117293.69359320414 0.0
23000.0 24000.0 285087.9589124409 1500.0
24000.0 25000.0 158706.47697149948 0.0
25000.0 26000.0 274248.3682800318 1500.0
26000.0 27000.0 116839.22268256069 0.0
27000.0 28000.0 271382.7616316163 1500.0
28000.0 29000.0 79203.04035696387 0.0
29000.0 30000.0 291576.56117110205 1500.0
30000.0 31000.0 386037.31291115214 1500.0
31000.0 32000.0 356965.7407523368 1500.0
32000.0 33000.0 191522.6687325004 0.0
33000.0 34000.0 291118.55888106895 1500.0
34000.0 35000.0 96944.64695213042 0.0
35000.0 36000.0 243728.23036941 2300.0
36000.0 37000.0 329690.05342498346 0.0
37000.0 38000.0 335841.64031533955 2300.0
38000.0 39000.0 260907.7425683085 0.0
39000.0 40000.0 324324.2573721474 2300.0
40000.0 41000.0 310881.5043305141 0.0
41000.0 42000.0 320810.43534418417 2300.0
42000.0 43000.0 188212.39860759774 0.0
43000.0 44000.0 329905.024516993 2300.0
44000.0 45000.0 347834.78197406884 0.0
45000.0 46000.0 269249.57209915045 2300.0
46000.0 47000.0 300575.1784159462 0.0
47000.0 48000.0 323005.2395829954 2300.0
48000.0 49000.0 272295.3440168842 0.0
49000.0 50000.0 310001.01289422926 2300.0
50000.0 51000.0 210870.01704934728 0.0
51000.0 52000.0 315700.192362682 2300.0
52000.0 53000.0 317416.7858035185 0.0
53000.0 54000.0 33328.099551408974 0.0
54000.0 55000.0 0.0 0.0
55000.0 56000.0 260450.18383111752 2300.0
56000.0 57000.0 356376.9389116045 1500.0
57000.0 58000.0 364788.3446095906 0.0
58000.0 59000.0 343232.01564347034 1500.0
59000.0 60000.0 355250.1553629454 1500.0
60000.0 61000.0 349083.86910812487 1500.0
61000.0 62000.0 373373.0143786257 1500.0
62000.0 63000.0 248436.11873187637 0.0
63000.0 64000.0 16866.359422644782 0.0
64000.0 65000.0 0.0 0.0
65000.0 66000.0 279677.94537756516 2300.0
66000.0 67000.0 261030.01682634995 0.0
67000.0 68000.0 314782.63585688366 1500.0
68000.0 69000.0 147565.56387830782 0.0
69000.0 70000.0 253674.16760560108 1500.0
70000.0 71000.0 137294.67045529233 0.0
71000.0 72000.0 215212.0515220951 1500.0
72000.0 73000.0 366588.3672567014 1500.0
73000.0 74000.0 345691.5165264271 1500.0
74000.0 75000.0 268714.27125868096 0.0
75000.0 76000.0 306490.16123111837 1500.0
76000.0 77000.0 96447.52890607616 0.0
77000.0 78000.0 317819.0221828376 2300.0
78000.0 79000.0 258692.48227652136 0.0
79000.0 80000.0 321901.86614409415 2300.0
80000.0 81000.0 299462.013663681 0.0
81000.0 82000.0 120281.98752065666 2300.0
82000.0 83000.0 319849.88489590224 0.0
83000.0 84000.0 402533.4488533441 2300.0
84000.0 85000.0 301085.38386198145 0.0
85000.0 86000.0 302461.53791844175 2300.0
86000.0 87000.0 365218.22300031834 0.0
87000.0 88000.0 354763.14841903764 2300.0
88000.0 89000.0 302307.2402613916 0.0
89000.0 90000.0 316736.67869977513 2300.0
90000.0 91000.0 282136.08048053447 0.0
91000.0 92000.0 292168.92378941434 2300.0
92000.0 93000.0 262884.42156139965 0.0
93000.0 94000.0 340065.4654152541 2300.0
94000.0 95000.0 232380.46269002146 0.0
95000.0 96000.0 322265.7463550049 2300.0
96000.0 97000.0 314241.145700702 0.0
97000.0 98000.0 40346.939608586996 0.0
98000.0 99000.0 2604.0004229502074 0.0
99000.0 100000.0 2558.4993335106733 0.0
100000.0 101000.0 239474.00123145196 1500.0
101000.0 102000.0 431649.26360121934 1500.0
102000.0 103000.0 287298.8525249388 1500.0
103000.0 104000.0 342265.8373397264 1500.0
104000.0 105000.0 254864.21231520115 0.0
105000.0 106000.0 356869.6034096552 1500.0
106000.0 107000.0 348612.67863822443 1500.0
107000.0 108000.0 340596.9569640923 1500.0
108000.0 109000.0 281402.6520579128 0.0
109000.0 110000.0 263057.2088552662 2300.0
110000.0 111000.0 271024.5918194092 0.0
111000.0 112000.0 335920.93069450144 2300.0
112000.0 113000.0 255367.41627165466 0.0
113000.0 114000.0 360931.4775230468 2300.0
114000.0 115000.0 267663.0255006378 0.0
115000.0 116000.0 296336.8556292437 2300.0
116000.0 117000.0 276724.5396640063 0.0
117000.0 118000.0 364760.90614751057 2300.0
118000.0 119000.0 270424.2541341295 0.0
119000.0 120000.0 304530.08410717273 2300.0
120000.0 121000.0 278147.8965683109 0.0
121000.0 122000.0 324199.856269342 2300.0
122000.0 123000.0 270078.9959637171 0.0
123000.0 124000.0 172792.0170882927 2300.0
124000.0 125000.0 321384.3844671904 0.0
125000.0 126000.0 385930.4487769124 2300.0
126000.0 127000.0 278733.475758576 0.0
127000.0 128000.0 306141.89837006 2300.0
128000.0 129000.0 324673.2383743527 0.0
129000.0 130000.0 347253.8949135965 2300.0
130000.0 131000.0 300614.966893299 0.0
131000.0 132000.0 348278.86680842494 2300.0
132000.0 133000.0 244516.83439761773 0.0
133000.0 134000.0 286392.07411381224 2300.0
134000.0 135000.0 303823.12265015347 0.0
135000.0 136000.0 53916.18040087971 0.0
136000.0 137000.0 0.0 0.0
137000.0 138000.0 297441.51764366287 2300.0
138000.0 139000.0 249182.65162387493 0.0
139000.0 140000.0 344831.03765174974 840.0
140000.0 141000.0 203428.26381473703 0.0
141000.0 142000.0 252866.5292659755 840.0
142000.0 143000.0 0.0 0.0
143000.0 144000.0 250154.0 840.0
144000.0 145000.0 0.0 0.0
145000.0 146000.0 280923.168343134 1500.0
146000.0 147000.0 132777.37138411755 0.0
147000.0 148000.0 311178.48430915235 1500.0
148000.0 149000.0 91200.98834818132 0.0
149000.0 150000.0 287308.9284964768 2300.0
150000.0 151000.0 229597.85690124353 0.0
151000.0 152000.0 376155.73341968446 2300.0
152000.0 153000.0 329446.43484786956 0.0
153000.0 154000.0 340799.1464255727 2300.0
154000.0 155000.0 202290.94657556093 0.0
155000.0 156000.0 325310.39260948275 2300.0
156000.0 157000.0 354503.1217957427 2300.0
157000.0 158000.0 354158.3080674782 0.0
158000.0 159000.0 315204.45622952236 2300.0
159000.0 160000.0 333209.9410777451 0.0
160000.0 161000.0 396843.8694198169 2300.0
161000.0 162000.0 377182.1958633986 2300.0
162000.0 163000.0 364412.2308407567 0.0
163000.0 164000.0 391054.3307496466 2300.0
164000.0 165000.0 311195.8015990638 0.0
165000.0 166000.0 147534.2926963532 0.0
166000.0 167000.0 0.0 0.0
167000.0 168000.0 266417.3999691887 2300.0
168000.0 169000.0 374321.4149315828 2300.0
169000.0 170000.0 343159.5592013298 0.0
170000.0 171000.0 332728.38305027393 1500.0
171000.0 172000.0 306171.4459193371 1500.0
172000.0 173000.0 333959.40391383454 0.0
173000.0 174000.0 14658.393014453155 0.0
174000.0 175000.0 0.0 0.0
175000.0 176000.0 227405.63985824474 1500.0
176000.0 177000.0 256352.99448367546 1500.0
177000.0 178000.0 300357.3769722337 0.0
178000.0 179000.0 32181.9886858461 0.0
179000.0 180000.0 241032.37935146538 1500.0
180000.0 181000.0 375479.03520018683 1500.0
181000.0 182000.0 397356.0881753374 1500.0
182000.0 183000.0 253030.85894552764 0.0
183000.0 184000.0 307940.7691683057 1500.0
184000.0 185000.0 66683.86915917709 0.0
185000.0 186000.0 261781.3585303271 1500.0
186000.0 187000.0 145362.7738957205 0.0
187000.0 188000.0 293160.94151411805 2300.0
188000.0 189000.0 273202.7398612391 0.0
189000.0 190000.0 361767.7104440678 2300.0
190000.0 191000.0 286688.40410600475 0.0
191000.0 192000.0 43482.07164852267 0.0
192000.0 193000.0 0.0 0.0
193000.0 194000.0 243413.93583762218 2300.0
194000.0 195000.0 323125.36874400516 840.0
195000.0 196000.0 289431.2080680676 0.0
196000.0 197000.0 61.487350305042526 0.0
197000.0 198000.0 275144.5410293639 840.0
198000.0 199000.0 229953.45897063607 0.0
199000.0 200000.0 250571.00517847267 840.0
200000.0 201000.0 5920.609783398744 0.0
201000.0 202000.0 299473.56617515674 840.0
202000.0 203000.0 172783.81886297185 0.0
203000.0 204000.0 277974.3095683832 1500.0
204000.0 205000.0 117848.17675402232 0.0
205000.0 206000.0 291868.51478044107 1500.0
206000.0 207000.0 132224.66507689707 0.0
207000.0 208000.0 305682.2444335459 2300.0
208000.0 209000.0 263510.3611335682 0.0
209000.0 210000.0 345057.1693979206 2300.0
210000.0 211000.0 256718.82810306014 0.0
211000.0 212000.0 38816.73075216152 0.0
212000.0 213000.0 0.0 0.0
213000.0 214000.0 316969.24612689286 2300.0
214000.0 215000.0 297757.8332331884 1500.0
215000.0 216000.0 321044.4491462221 0.0
216000.0 217000.0 39426.47149369666 0.0
217000.0 218000.0 193473.28441265086 1500.0
218000.0 219000.0 341940.12694075226 1500.0
219000.0 220000.0 304995.58864659694 0.0
220000.0 221000.0 0.0 0.0
221000.0 222000.0 280659.4837031679 1500.0
222000.0 223000.0 130509.51629683212 0.0
223000.0 224000.0 226710.98352236993 1500.0
224000.0 225000.0 356943.22776806576 1500.0
225000.0 226000.0 214038.7887095643 0.0
226000.0 227000.0 0.0 0.0
227000.0 228000.0 257627.56552699517 1500.0
228000.0 229000.0 287399.5972012914 1500.0
229000.0 230000.0 286445.8372717134 0.0
230000.0 231000.0 0.0 0.0
231000.0 232000.0 258769.448332641 1500.0
232000.0 233000.0 296821.69639689015 1500.0
233000.0 234000.0 350431.5294621063 1500.0
234000.0 235000.0 340653.3284632016 0.0
235000.0 236000.0 214019.59825755694 1500.0
236000.0 237000.0 203299.1646217079 0.0
237000.0 238000.0 321234.7846234762 1500.0
238000.0 239000.0 66529.64873932452 0.0
239000.0 240000.0 274037.27795060026 2300.0
240000.0 241000.0 262203.2962071674 0.0
241000.0 242000.0 354966.8217075411 2300.0
242000.0 243000.0 217597.479355608 0.0
243000.0 244000.0 242783.90989339483 2300.0
244000.0 245000.0 339476.0154800592 0.0
245000.0 246000.0 344404.0488569168 2300.0
246000.0 247000.0 335651.5020005885 0.0
247000.0 248000.0 272871.1102448032 1500.0
248000.0 249000.0 143552.49946862023 0.0
249000.0 250000.0 250363.5610138819 1500.0
250000.0 251000.0 363229.61773165653 1500.0
251000.0 252000.0 311448.2074379031 1500.0
252000.0 253000.0 332793.7238510485 0.0
253000.0 254000.0 291003.6846516626 2300.0
254000.0 255000.0 236082.74674823144 0.0
255000.0 256000.0 336682.3536999025 2300.0
256000.0 257000.0 279867.3949597024 0.0
257000.0 258000.0 299827.5849344415 2300.0
258000.0 259000.0 285298.8749229082 0.0
259000.0 260000.0 347593.69424257294 2300.0
260000.0 261000.0 193786.8097641301 0.0
261000.0 262000.0 27180.585979754313 0.0
262000.0 263000.0 0.0 0.0
263000.0 264000.0 298132.38149115583 2300.0
264000.0 265000.0 312837.16189939895 0.0
265000.0 266000.0 333752.8239493667 1500.0
266000.0 267000.0 155032.63266007853 0.0
267000.0 268000.0 314865.6406702205 1500.0
268000.0 269000.0 366516.62689418945 1500.0
269000.0 270000.0 284626.26857680647 1500.0
270000.0 271000.0 244737.46385878362 0.0
271000.0 272000.0 260951.94926570763 1500.0
272000.0 273000.0 138924.3680854374 0.0
273000.0 274000.0 312761.5736581635 2300.0
274000.0 275000.0 255700.63082762636 0.0
275000.0 276000.0 314274.76051556494 2300.0
276000.0 277000.0 243338.05837668793 0.0
277000.0 278000.0 286791.85743687535 2300.0
278000.0 279000.0 317154.3725300445 0.0
279000.0 280000.0 61800.42930389234 0.0
280000.0 281000.0 0.0 0.0
281000.0 282000.0 305503.06600283395 2300.0
282000.0 283000.0 250811.92500191202 0.0
283000.0 284000.0 248942.50295737322 840.0
284000.0 285000.0 267422.00867750286 840.0
285000.0 286000.0 256180.85929727618 840.0
286000.0 287000.0 13392.638063101813 0.0
287000.0 288000.0 222673.0 840.0
288000.0 289000.0 0.0 0.0
289000.0 290000.0 285147.2413624356 1500.0
290000.0 291000.0 145441.90108189388 0.0
291000.0 292000.0 265615.8502439773 1500.0
292000.0 293000.0 125535.94780708246 0.0
293000.0 294000.0 173592.4108608479 1500.0
294000.0 295000.0 178211.45652322815 0.0
295000.0 296000.0 321097.3689516497 1500.0
296000.0 297000.0 95502.50049945225 0.0
297000.0 298000.0 259239.21125251465 1500.0
298000.0 299000.0 144779.29742956485 0.0
299000.0 300000.0 283432.7869167541 1500.0
300000.0 301000.0 57366.02707059915 0.0
