ts te s_bytes_all avg_video_rate
0.0 1000.0 0.0 0.0
1000.0 2000.0 0.0 0.0
2000.0 3000.0 0.0 0.0
3000.0 4000.0 0.0 0.0
4000.0 5000.0 0.0 0.0
5000.0 6000.0 0.0 0.0
6000.0 7000.0 0.0 0.0
7000.0 8000.0 0.0 0.0
8000.0 9000.0 0.0 0.0
9000.0 10000.0 0.0 0.0
10000.0 11000.0 0.0 0.0
11000.0 12000.0 0.0 0.0
12000.0 13000.0 0.0 0.0
13000.0 14000.0 0.0 0.0
14000.0 15000.0 4485.019879046784 0.0
15000.0 16000.0 89817.98293796525 480.0
16000.0 17000.0 120457.06243316225 0.0
17000.0 18000.0 127422.43194418549 288.0
18000.0 19000.0 92765.19921763154 288.0
19000.0 20000.0 51693.18003152922 0.0
20000.0 21000.0 95569.92355074757 288.0
21000.0 22000.0 34778.8214823551 0.0
22000.0 23000.0 70066.33948914443 288.0
23000.0 24000.0 87936.17898531156 0.0
24000.0 25000.0 97402.6680296904 288.0
25000.0 26000.0 176375.35581451934 288.0
26000.0 27000.0 105426.40044090181 288.0
27000.0 28000.0 82684.67656920778 288.0
28000.0 29000.0 104844.59246785201 0.0
29000.0 30000.0 24737.789111806473 0.0
30000.0 31000.0 19632.212098764616 0.0
31000.0 32000.0 37270.44609162833 0.0
32000.0 33000.0 95981.69269985473 288.0
33000.0 34000.0 96032.76614216222 288.0
34000.0 35000.0 158486.69622136193 0.0
35000.0 36000.0 92208.91498112032 288.0
36000.0 37000.0 122517.39157991232 288.0
37000.0 38000.0 109232.94269032116 288.0
38000.0 39000.0 106145.48572865855 0.0
39000.0 40000.0 70285.87200753129 288.0
40000.0 41000.0 81046.64541293196 0.0
41000.0 42000.0 97894.25222184627 288.0
42000.0 43000.0 83255.10308248694 288.0
43000.0 44000.0 78205.02580014382 0.0
44000.0 45000.0 55262.07991614162 288.0
45000.0 46000.0 93528.26645127869 288.0
46000.0 47000.0 74113.0102450787 0.0
47000.0 48000.0 64997.434472467736 288.0
48000.0 49000.0 91203.65754442808 0.0
49000.0 50000.0 86885.46779247417 288.0
50000.0 51000.0 111963.69639632101 288.0
51000.0 52000.0 114721.31803802855 0.0
52000.0 53000.0 0.0 0.0
53000.0 54000.0 101189.46197724047 288.0
54000.0 55000.0 135433.68394617632 288.0
55000.0 56000.0 72037.35546586209 0.0
56000.0 57000.0 78242.63884055665 288.0
57000.0 58000.0 92519.78898088151 0.0
58000.0 59000.0 69019.86908443105 288.0
59000.0 60000.0 86318.02449699074 288.0
60000.0 61000.0 53661.501636746034 0.0
61000.0 62000.0 66001.6134298103 288.0
62000.0 63000.0 81712.9684189338 0.0
63000.0 64000.0 108123.85585716862 288.0
64000.0 65000.0 20567.60438913924 0.0
65000.0 66000.0 91880.79052193846 288.0
66000.0 67000.0 82834.50611888342 288.0
67000.0 68000.0 58212.60130707759 0.0
68000.0 69000.0 46679.83021592776 288.0
69000.0 70000.0 57328.71327103804 0.0
70000.0 71000.0 91430.97783163673 288.0
71000.0 72000.0 98947.74195289785 0.0
72000.0 73000.0 74070.02020741583 288.0
73000.0 74000.0 90608.17533885612 288.0
74000.0 75000.0 66840.75007557956 0.0
75000.0 76000.0 76874.20735791366 288.0
76000.0 77000.0 114036.39768565436 0.0
77000.0 78000.0 69129.05145926373 288.0
78000.0 79000.0 48444.870131980075 0.0
79000.0 80000.0 113260.1747937765 288.0
80000.0 81000.0 34122.82674099124 0.0
81000.0 82000.0 117770.25919027803 288.0
82000.0 83000.0 60228.685176743085 288.0
83000.0 84000.0 95337.27096198847 0.0
84000.0 85000.0 65634.16676900415 288.0
85000.0 86000.0 108111.04671862265 288.0
86000.0 87000.0 59726.28849437311 0.0
87000.0 88000.0 38176.08721037667 288.0
88000.0 89000.0 74429.1627573887 0.0
89000.0 90000.0 70607.36929463057 288.0
90000.0 91000.0 102219.03596455896 0.0
91000.0 92000.0 36000.982557042546 288.0
92000.0 93000.0 55970.840624550714 0.0
93000.0 94000.0 54048.10900396352 288.0
94000.0 95000.0 76488.05206024955 0.0
95000.0 96000.0 47093.57314942165 288.0
96000.0 97000.0 89886.18473527074 0.0
97000.0 98000.0 61549.75447167045 288.0
98000.0 99000.0 82599.58003505823 0.0
99000.0 100000.0 14044.120187876179 0.0
100000.0 101000.0 88135.2180965819 288.0
101000.0 102000.0 67232.28526790389 288.0
102000.0 103000.0 108694.23395584046 0.0
103000.0 104000.0 20619.535515654767 288.0
104000.0 105000.0 99523.24290989058 0.0
105000.0 106000.0 41190.23839605941 0.0
106000.0 107000.0 11987.263337171506 288.0
107000.0 108000.0 23564.12037440174 0.0
108000.0 109000.0 36228.910942496266 0.0
109000.0 110000.0 70583.38030616376 0.0
110000.0 111000.0 0.0 0.0
111000.0 112000.0 116342.87691073862 288.0
112000.0 113000.0 92332.8990993745 288.0
113000.0 114000.0 88060.67226330523 288.0
114000.0 115000.0 119122.1272712257 288.0
115000.0 116000.0 100494.9305380616 288.0
116000.0 117000.0 84831.56672681886 288.0
117000.0 118000.0 140602.51415808586 288.0
118000.0 119000.0 69339.41303238962 0.0
119000.0 120000.0 87100.0 288.0
120000.0 121000.0 0.0 0.0
121000.0 122000.0 116938.25993212614 480.0
122000.0 123000.0 13473.740067873856 0.0
123000.0 124000.0 0.0 0.0
124000.0 125000.0 243954.88920424177 840.0
125000.0 126000.0 192147.63283666098 840.0
126000.0 127000.0 115.47795909723425 0.0
127000.0 128000.0 141762.02954084982 840.0
128000.0 129000.0 66910.9704591502 0.0
129000.0 130000.0 121731.25157073264 840.0
130000.0 131000.0 100004.74842926736 0.0
131000.0 132000.0 157497.08672108984 1500.0
132000.0 133000.0 218914.96834155277 0.0
133000.0 134000.0 197684.96939801832 1500.0
134000.0 135000.0 221301.9340700537 0.0
135000.0 136000.0 133259.0220160986 1500.0
136000.0 137000.0 225622.35617258836 0.0
137000.0 138000.0 135628.3229603184 1500.0
138000.0 139000.0 293568.0035410645 0.0
139000.0 140000.0 122657.66037972725 1500.0
140000.0 141000.0 306919.4754492411 0.0
141000.0 142000.0 121264.25472681463 1500.0
142000.0 143000.0 262765.94622343243 0.0
143000.0 144000.0 179499.26426692217 1500.0
144000.0 145000.0 196233.6836201315 0.0
145000.0 146000.0 216482.75958422764 1500.0
146000.0 147000.0 204373.8259703879 0.0
147000.0 148000.0 211735.96612814744 1500.0
148000.0 149000.0 193761.38337267397 0.0
149000.0 150000.0 184121.41028013488 1500.0
150000.0 151000.0 222969.4296968187 0.0
151000.0 152000.0 189824.5524643109 1500.0
152000.0 153000.0 217048.63005787338 0.0
153000.0 154000.0 181430.42135856842 1500.0
154000.0 155000.0 192719.69603005532 0.0
155000.0 156000.0 122288.11315758232 1500.0
156000.0 157000.0 262745.2919042675 0.0
157000.0 158000.0 222570.8253990384 1500.0
158000.0 159000.0 226578.2625292058 0.0
159000.0 160000.0 99990.04774960838 1500.0
160000.0 161000.0 432758.07009927277 1500.0
161000.0 162000.0 392741.6433817003 0.0
162000.0 163000.0 246719.53839565217 1500.0
163000.0 164000.0 270769.13201047375 1500.0
164000.0 165000.0 309470.9206900514 0.0
165000.0 166000.0 75289.33080578466 1500.0
166000.0 167000.0 337457.7544247046 0.0
167000.0 168000.0 138578.35873832428 1500.0
168000.0 169000.0 262669.2766141108 0.0
169000.0 170000.0 201997.77638457477 1500.0
170000.0 171000.0 228172.33886078207 0.0
171000.0 172000.0 197089.6464521639 1500.0
172000.0 173000.0 188022.607906061 0.0
173000.0 174000.0 196831.8729931076 1500.0
174000.0 175000.0 322258.1686732813 0.0
175000.0 176000.0 145555.10021553602 1500.0
176000.0 177000.0 267122.899784464 0.0
177000.0 178000.0 138645.4806939689 1500.0
178000.0 179000.0 176304.34724531305 0.0
179000.0 180000.0 194167.28510752952 1500.0
180000.0 181000.0 189338.15340526827 0.0
181000.0 182000.0 260414.78794102804 1500.0
182000.0 183000.0 203851.63001282254 0.0
183000.0 184000.0 133130.9507885225 1500.0
184000.0 185000.0 252808.49237568938 0.0
185000.0 186000.0 214573.81618386076 1500.0
186000.0 187000.0 267451.89592933457 0.0
187000.0 188000.0 119117.13722371594 1500.0
188000.0 189000.0 210868.02309294656 0.0
189000.0 190000.0 169195.01995971275 1500.0
190000.0 191000.0 210962.77914847768 0.0
191000.0 192000.0 203480.34296259988 1500.0
192000.0 193000.0 335840.85792920965 0.0
193000.0 194000.0 130262.37853539031 1500.0
194000.0 195000.0 228862.6214646097 0.0
195000.0 196000.0 160468.4854893884 1500.0
196000.0 197000.0 192331.62007119533 0.0
197000.0 198000.0 223967.14127266294 1500.0
198000.0 199000.0 191270.87262714538 0.0
199000.0 200000.0 200754.6249225603 1500.0
200000.0 201000.0 310855.13105018385 0.0
201000.0 202000.0 165376.9888680441 1500.0
202000.0 203000.0 225611.06212188702 0.0
203000.0 204000.0 186453.1790487461 1500.0
204000.0 205000.0 304668.90834708884 1500.0
205000.0 206000.0 269011.3650579532 0.0
206000.0 207000.0 392197.1313521806 1500.0
207000.0 208000.0 265281.40822699276 1500.0
208000.0 209000.0 229283.08154397114 0.0
209000.0 210000.0 191900.08806478826 1500.0
210000.0 211000.0 204830.07355754144 0.0
211000.0 212000.0 210187.365897451 1500.0
212000.0 213000.0 174610.76882621314 0.0
213000.0 214000.0 176967.83977923656 1500.0
214000.0 215000.0 209809.26136756534 0.0
215000.0 216000.0 194348.4441905084 1500.0
216000.0 217000.0 210106.85147836318 0.0
217000.0 218000.0 223885.33985847278 1500.0
218000.0 219000.0 198658.52436013558 0.0
219000.0 220000.0 147862.54198505907 1500.0
220000.0 221000.0 238150.62360281247 0.0
221000.0 222000.0 122006.41064837748 1500.0
222000.0 223000.0 316613.3674649243 0.0
223000.0 224000.0 69554.02216608677 1500.0
224000.0 225000.0 339048.75140483095 0.0
225000.0 226000.0 93721.67474428407 1500.0
226000.0 227000.0 314597.53074323037 0.0
227000.0 228000.0 123654.65355970411 1500.0
228000.0 229000.0 279734.86630041467 0.0
229000.0 230000.0 173719.81660206593 1500.0
230000.0 231000.0 226771.18339793407 0.0
231000.0 232000.0 175128.85698439507 1500.0
232000.0 233000.0 341134.48300040205 1500.0
233000.0 234000.0 393932.9200440139 0.0
234000.0 235000.0 272304.6611463993 1500.0
235000.0 236000.0 374133.24013506656 1500.0
236000.0 237000.0 254300.28861967463 0.0
237000.0 238000.0 163619.8711664424 2300.0
238000.0 239000.0 285880.82460472436 0.0
239000.0 240000.0 331841.0827892064 2300.0
240000.0 241000.0 292783.1090395258 0.0
241000.0 242000.0 195090.66247014946 0.0
242000.0 243000.0 36362.08446396688 0.0
243000.0 244000.0 219629.46881978126 2300.0
244000.0 245000.0 319667.3851207365 1500.0
245000.0 246000.0 422050.1707473658 0.0
246000.0 247000.0 359670.611375104 1500.0
247000.0 248000.0 107507.70103800611 1500.0
248000.0 249000.0 410862.1314696167 0.0
249000.0 250000.0 176861.3741076826 1500.0
250000.0 251000.0 248625.0728577401 0.0
251000.0 252000.0 184798.74054267176 1500.0
252000.0 253000.0 198406.12362848507 0.0
253000.0 254000.0 196094.47130692695 1500.0
254000.0 255000.0 214046.11381240326 0.0
255000.0 256000.0 188632.4149146088 2300.0
256000.0 257000.0 297526.0302475785 0.0
257000.0 258000.0 269113.297746105 2300.0
258000.0 259000.0 270882.5552435597 0.0
259000.0 260000.0 357707.0587971554 1500.0
260000.0 261000.0 211653.5047771029 0.0
261000.0 262000.0 62000.688983402695 0.0
262000.0 263000.0 82502.18510647424 0.0
263000.0 264000.0 323076.9605547512 1500.0
264000.0 265000.0 261491.687790861 1500.0
265000.0 266000.0 275099.45278147585 1500.0
266000.0 267000.0 201980.8392210598 0.0
267000.0 268000.0 182438.76264859643 1500.0
268000.0 269000.0 286884.2770790692 0.0
269000.0 270000.0 242652.67842855386 1500.0
270000.0 271000.0 159215.15638915845 0.0
271000.0 272000.0 172510.18836941273 1500.0
272000.0 273000.0 228605.32489097025 0.0
273000.0 274000.0 263955.65435646137 1500.0
274000.0 275000.0 200930.92739558936 0.0
275000.0 276000.0 201984.00234608058 1500.0
276000.0 277000.0 209418.21522184607 0.0
277000.0 278000.0 218757.4596093731 1500.0
278000.0 279000.0 205633.14091145896 0.0
279000.0 280000.0 205866.4855242395 1500.0
280000.0 281000.0 211513.88534005504 0.0
281000.0 282000.0 197855.70180328604 1500.0
282000.0 283000.0 352447.5732140002 1500.0
283000.0 284000.0 350942.99669363064 1500.0
284000.0 285000.0 228868.50226046809 0.0
285000.0 286000.0 301260.6460555728 1500.0
286000.0 287000.0 215111.6567108889 0.0
287000.0 288000.0 196594.524438756 2300.0
288000.0 289000.0 306797.9716775471 0.0
289000.0 290000.0 301347.12714997516 2300.0
290000.0 291000.0 307040.47910805256 0.0
291000.0 292000.0 344197.5488911615 2300.0
292000.0 293000.0 301416.42799009196 0.0
293000.0 294000.0 290742.0074456496 2300.0
294000.0 295000.0 311941.7570526658 0.0
295000.0 296000.0 302369.1712539593 2300.0
296000.0 297000.0 297378.2716716127 0.0
297000.0 298000.0 304206.4599216421 2300.0
298000.0 299000.0 298224.907624151 0.0
299000.0 300000.0 319998.82693100197 2300.0
300000.0 301000.0 185726.15814039964 0.0
