ts te s_bytes_all avg_video_rate
0.0 1000.0 0.0 0.0
1000.0 2000.0 0.0 0.0
2000.0 3000.0 0.0 0.0
3000.0 4000.0 0.0 0.0
4000.0 5000.0 0.0 0.0
5000.0 6000.0 0.0 0.0
6000.0 7000.0 180604.90942280856 480.0
7000.0 8000.0 314635.96397905436 336.0
8000.0 9000.0 247236.0925059239 288.0
9000.0 10000.0 226713.00216399357 288.0
10000.0 11000.0 141144.4515010025 0.0
11000.0 12000.0 51074.5804272171 288.0
12000.0 13000.0 110280.0 288.0
13000.0 14000.0 0.0 0.0
14000.0 15000.0 229915.5505206336 1500.0
15000.0 16000.0 172300.05588776874 0.0
16000.0 17000.0 247678.325655322 1500.0
17000.0 18000.0 143832.04419812092 0.0
18000.0 19000.0 228032.30058767227 1500.0
19000.0 20000.0 145899.981623722 0.0
20000.0 21000.0 268331.14092941023 1500.0
21000.0 22000.0 172667.00381952457 0.0
22000.0 23000.0 251933.46699549936 1500.0
23000.0 24000.0 158293.98402056773 0.0
24000.0 25000.0 252412.9769247491 1500.0
25000.0 26000.0 149950.20519893907 0.0
26000.0 27000.0 216123.70446605215 1500.0
27000.0 28000.0 162004.09680007084 0.0
28000.0 29000.0 244664.08213726262 1500.0
29000.0 30000.0 157548.26631914507 0.0
30000.0 31000.0 176442.44153259083 1500.0
31000.0 32000.0 226372.28678514797 0.0
32000.0 33000.0 169846.96089684276 1500.0
33000.0 34000.0 297869.72629063856 0.0
34000.0 35000.0 187474.5897141815 1500.0
35000.0 36000.0 189890.8086961381 0.0
36000.0 37000.0 173448.35712988273 1500.0
37000.0 38000.0 189071.51185389265 0.0
38000.0 39000.0 292582.12163341837 1500.0
39000.0 40000.0 164554.446316187 0.0
40000.0 41000.0 249321.1311916345 1500.0
41000.0 42000.0 131919.58464521414 0.0
42000.0 43000.0 252300.21640506032 1500.0
43000.0 44000.0 159443.02905996286 0.0
44000.0 45000.0 86044.47089488755 1500.0
45000.0 46000.0 238289.2885332615 0.0
46000.0 47000.0 378042.3907179084 1500.0
47000.0 48000.0 135423.45161869001 0.0
48000.0 49000.0 215481.8999637499 1500.0
49000.0 50000.0 142022.6010682812 0.0
50000.0 51000.0 269659.4934679448 1500.0
51000.0 52000.0 313491.480830988 1500.0
52000.0 53000.0 399952.7080258347 1500.0
53000.0 54000.0 197396.63174526463 0.0
54000.0 55000.0 282351.6394891185 1500.0
55000.0 56000.0 165589.26703201627 0.0
56000.0 57000.0 265171.5879768905 1500.0
57000.0 58000.0 173718.23916471004 0.0
58000.0 59000.0 206834.1840690086 1500.0
59000.0 60000.0 196922.26716619285 0.0
60000.0 61000.0 248696.64683049027 1500.0
61000.0 62000.0 176862.5994785785 0.0
62000.0 63000.0 226055.60956608673 1500.0
63000.0 64000.0 148628.0441053919 0.0
64000.0 65000.0 263168.3851445649 1500.0
65000.0 66000.0 152713.61474163778 0.0
66000.0 67000.0 274506.66937383864 1500.0
67000.0 68000.0 162212.69720643433 0.0
68000.0 69000.0 239110.8352047974 1500.0
69000.0 70000.0 162591.18645144586 0.0
70000.0 71000.0 246279.76415613372 1500.0
71000.0 72000.0 139372.1873122024 0.0
72000.0 73000.0 223864.97357704086 1500.0
73000.0 74000.0 151556.70055189892 0.0
74000.0 75000.0 248788.58833849963 1500.0
75000.0 76000.0 178881.73396177829 0.0
76000.0 77000.0 273599.8718965416 1500.0
77000.0 78000.0 204254.27745811132 0.0
78000.0 79000.0 164627.58604229346 1500.0
79000.0 80000.0 234677.83139048956 0.0
80000.0 81000.0 155381.50340349344 1500.0
81000.0 82000.0 227784.3962525916 0.0
82000.0 83000.0 153419.41025076315 1500.0
83000.0 84000.0 255885.29514512632 0.0
84000.0 85000.0 153599.92178090994 1500.0
85000.0 86000.0 211490.67037885948 0.0
86000.0 87000.0 241206.7650687835 1500.0
87000.0 88000.0 174757.66169436596 0.0
88000.0 89000.0 274320.51001689816 1500.0
89000.0 90000.0 121517.30971582199 0.0
90000.0 91000.0 261221.3384882486 1500.0
91000.0 92000.0 169573.84961142082 0.0
92000.0 93000.0 243329.70152793784 1500.0
93000.0 94000.0 129847.400711616 0.0
94000.0 95000.0 234246.18911794494 1500.0
95000.0 96000.0 169008.36268921822 0.0
96000.0 97000.0 267365.9560162308 1500.0
97000.0 98000.0 181461.38326753856 0.0
98000.0 99000.0 254802.81615416144 1500.0
99000.0 100000.0 149681.33296855536 0.0
100000.0 101000.0 234374.48486903025 1500.0
101000.0 102000.0 330847.26136555814 1500.0
102000.0 103000.0 401789.5277911237 1500.0
103000.0 104000.0 204492.811475699 0.0
104000.0 105000.0 236557.21029666357 1500.0
105000.0 106000.0 237260.44617475482 0.0
106000.0 107000.0 161152.03417129075 1500.0
107000.0 108000.0 281787.4345518961 0.0
108000.0 109000.0 178728.02645296973 1500.0
109000.0 110000.0 216050.1858022716 0.0
110000.0 111000.0 230274.5876132893 1500.0
111000.0 112000.0 120461.0587859202 0.0
112000.0 113000.0 265102.580432909 1500.0
113000.0 114000.0 152633.54359336564 0.0
114000.0 115000.0 273573.1896292842 1500.0
115000.0 116000.0 145716.60665459756 0.0
116000.0 117000.0 267267.18036754994 1500.0
117000.0 118000.0 133594.51707017084 0.0
118000.0 119000.0 223839.8451649266 1500.0
119000.0 120000.0 169725.65452636743 0.0
120000.0 121000.0 262866.3023689987 1500.0
121000.0 122000.0 154165.2413015545 0.0
122000.0 123000.0 186329.0075183486 1500.0
123000.0 124000.0 218805.23764571 0.0
124000.0 125000.0 255920.00217253953 840.0
125000.0 126000.0 84568.44515446796 0.0
126000.0 127000.0 192420.3533159212 840.0
127000.0 128000.0 37132.6466840788 0.0
128000.0 129000.0 176276.42100911448 840.0
129000.0 130000.0 53727.578990885515 0.0
130000.0 131000.0 193517.70276767455 840.0
131000.0 132000.0 41753.29723232544 0.0
132000.0 133000.0 186135.05094417732 840.0
133000.0 134000.0 58925.9490558227 0.0
134000.0 135000.0 186181.0929716634 840.0
135000.0 136000.0 53634.90702833661 0.0
136000.0 137000.0 199380.62932522202 840.0
137000.0 138000.0 45971.37067477798 0.0
138000.0 139000.0 180180.97208790656 840.0
139000.0 140000.0 192693.31167328727 840.0
140000.0 141000.0 296276.92275283195 840.0
141000.0 142000.0 66864.79348597422 0.0
142000.0 143000.0 207411.49185443285 840.0
143000.0 144000.0 59798.50814556714 0.0
144000.0 145000.0 235464.9468931298 2300.0
145000.0 146000.0 296088.60765834234 0.0
146000.0 147000.0 123586.9688848172 2300.0
147000.0 148000.0 291673.1284484621 0.0
148000.0 149000.0 390200.31203409325 2300.0
149000.0 150000.0 447864.0956658461 0.0
150000.0 151000.0 403295.0437502059 2300.0
151000.0 152000.0 319325.1886552893 0.0
152000.0 153000.0 349558.68587505794 2300.0
153000.0 154000.0 255406.15748766545 0.0
154000.0 155000.0 300513.4999309725 2300.0
155000.0 156000.0 241160.49973518768 0.0
156000.0 157000.0 315813.39163074124 2300.0
157000.0 158000.0 293613.55294775235 0.0
158000.0 159000.0 347462.67637584044 2300.0
159000.0 160000.0 224859.85011798886 0.0
160000.0 161000.0 231147.27202723565 2300.0
161000.0 162000.0 227188.6952554087 0.0
162000.0 163000.0 251593.1200040318 1500.0
163000.0 164000.0 219562.35621295817 0.0
164000.0 165000.0 293475.2282916246 1500.0
165000.0 166000.0 132908.36977341797 0.0
166000.0 167000.0 253547.4749080978 1500.0
167000.0 168000.0 151601.9387394675 0.0
168000.0 169000.0 236971.10130327469 1500.0
169000.0 170000.0 144498.8716631719 0.0
170000.0 171000.0 208119.4254984851 1500.0
171000.0 172000.0 276669.03627259907 0.0
172000.0 173000.0 181621.6454364626 1500.0
173000.0 174000.0 208226.8585223719 0.0
174000.0 175000.0 212751.59063283354 1500.0
175000.0 176000.0 140180.73010796608 0.0
176000.0 177000.0 267667.4248535555 1500.0
177000.0 178000.0 140649.41829010088 0.0
178000.0 179000.0 271550.11290622805 1500.0
179000.0 180000.0 108799.31924897793 0.0
180000.0 181000.0 244399.09993573732 1500.0
181000.0 182000.0 158842.7095281753 0.0
182000.0 183000.0 280185.1379402538 1500.0
183000.0 184000.0 151052.07143501114 0.0
184000.0 185000.0 219477.13030790142 1500.0
185000.0 186000.0 187040.95340604556 0.0
186000.0 187000.0 224746.85985410714 1500.0
187000.0 188000.0 365067.972297198 1500.0
188000.0 189000.0 266227.46925590833 0.0
189000.0 190000.0 0.0 0.0
190000.0 191000.0 245391.1826438145 1500.0
191000.0 192000.0 136121.12625670372 0.0
192000.0 193000.0 237766.66633985692 1500.0
193000.0 194000.0 322526.98868602485 1500.0
194000.0 195000.0 375342.69814990635 1500.0
195000.0 196000.0 215279.44831511393 0.0
196000.0 197000.0 297102.10466620844 1500.0
197000.0 198000.0 152216.54420581786 0.0
198000.0 199000.0 249562.7093350314 1500.0
199000.0 200000.0 170453.49129590357 0.0
200000.0 201000.0 255126.6107557486 1500.0
201000.0 202000.0 144949.69450171458 0.0
202000.0 203000.0 241822.65203979786 1500.0
203000.0 204000.0 146348.09253421114 0.0
204000.0 205000.0 226515.23766422505 1500.0
205000.0 206000.0 170064.24965840095 0.0
206000.0 207000.0 199182.19621161523 1500.0
207000.0 208000.0 246358.08702049468 0.0
208000.0 209000.0 187249.84293499857 1500.0
209000.0 210000.0 205687.37678441184 0.0
210000.0 211000.0 218869.641169731 1500.0
211000.0 212000.0 156350.63266388045 0.0
212000.0 213000.0 218612.41898280877 1500.0
213000.0 214000.0 198021.56496262545 0.0
214000.0 215000.0 291433.8188896115 1500.0
215000.0 216000.0 116414.26232536123 0.0
216000.0 217000.0 228331.5022054778 1500.0
217000.0 218000.0 153357.71415713266 0.0
218000.0 219000.0 255799.12242195892 1500.0
219000.0 220000.0 163527.5311833543 0.0
220000.0 221000.0 207608.81156155647 1500.0
221000.0 222000.0 234280.98271124723 0.0
222000.0 223000.0 156592.50049175927 1500.0
223000.0 224000.0 211595.49627349494 0.0
224000.0 225000.0 208607.80791870618 1500.0
225000.0 226000.0 183102.6890900164 0.0
226000.0 227000.0 276829.3445125075 1500.0
227000.0 228000.0 135122.87723572136 0.0
228000.0 229000.0 262175.61404171743 1500.0
229000.0 230000.0 137762.72682395735 0.0
230000.0 231000.0 257146.83318354457 1500.0
231000.0 232000.0 156459.77108723734 0.0
232000.0 233000.0 226879.58604907 1500.0
233000.0 234000.0 324259.5795467325 1500.0
234000.0 235000.0 261090.17051078944 0.0
235000.0 236000.0 0.0 0.0
236000.0 237000.0 197364.02464504776 1500.0
237000.0 238000.0 168017.67290273876 0.0
238000.0 239000.0 206894.8072736972 1500.0
239000.0 240000.0 179157.6934383507 0.0
240000.0 241000.0 271791.00504209055 1500.0
241000.0 242000.0 336053.902169982 1500.0
242000.0 243000.0 345971.64838457416 1500.0
243000.0 244000.0 265539.76088230824 0.0
244000.0 245000.0 329907.4461456062 1500.0
245000.0 246000.0 183964.3352306207 0.0
246000.0 247000.0 239320.0559758859 1500.0
247000.0 248000.0 185807.74623648642 0.0
248000.0 249000.0 241089.71828746778 1500.0
249000.0 250000.0 160279.61006872577 0.0
250000.0 251000.0 274750.1456815207 1500.0
251000.0 252000.0 145379.61961306375 0.0
252000.0 253000.0 242097.78523802196 1500.0
253000.0 254000.0 153444.8366886969 0.0
254000.0 255000.0 249078.84179771453 1500.0
255000.0 256000.0 161746.8928221091 0.0
256000.0 257000.0 281089.0674678787 1500.0
257000.0 258000.0 194721.11295496445 0.0
258000.0 259000.0 263020.3639934036 1500.0
259000.0 260000.0 126412.01103067806 0.0
260000.0 261000.0 222781.8724684902 1500.0
261000.0 262000.0 159068.42692916543 0.0
262000.0 263000.0 229356.76412211728 1500.0
263000.0 264000.0 176754.75846104394 0.0
264000.0 265000.0 211908.88544360053 1500.0
265000.0 266000.0 190370.0501469672 0.0
266000.0 267000.0 232957.12324136414 1500.0
267000.0 268000.0 247831.47863651416 0.0
268000.0 269000.0 182578.6182176707 1500.0
269000.0 270000.0 232491.46351734494 0.0
270000.0 271000.0 165627.24139132595 1500.0
271000.0 272000.0 235548.13814982102 0.0
272000.0 273000.0 139816.99627462693 1500.0
273000.0 274000.0 269963.20526349085 0.0
274000.0 275000.0 143638.24135569832 1500.0
275000.0 276000.0 258034.6324091244 0.0
276000.0 277000.0 239790.71931297364 1500.0
277000.0 278000.0 130938.67319331097 0.0
278000.0 279000.0 251425.12408418697 1500.0
279000.0 280000.0 171913.01040111604 0.0
280000.0 281000.0 274179.61645012035 1500.0
281000.0 282000.0 151171.0811641753 0.0
282000.0 283000.0 262955.45474878803 1500.0
283000.0 284000.0 151045.45936316738 0.0
284000.0 285000.0 233699.39646271622 1500.0
285000.0 286000.0 144756.16664849885 0.0
286000.0 287000.0 179282.79894468363 1500.0
287000.0 288000.0 197918.51940215097 0.0
288000.0 289000.0 306976.0182231888 1500.0
289000.0 290000.0 147879.9653678293 0.0
290000.0 291000.0 232651.49443395494 1500.0
291000.0 292000.0 152292.99505118467 0.0
292000.0 293000.0 225076.62988196145 1500.0
293000.0 294000.0 302318.0095250456 1500.0
294000.0 295000.0 328115.7246200321 0.0
295000.0 296000.0 335206.1043482259 1500.0
296000.0 297000.0 381439.12718474295 1500.0
297000.0 298000.0 314457.7538983652 0.0
298000.0 299000.0 336968.1241141856 1500.0
299000.0 300000.0 160696.0331753951 0.0
300000.0 301000.0 0.0 0.0
