ts te s_bytes_all avg_video_rate
0.0 1000.0 0.0 0.0
1000.0 2000.0 0.0 0.0
2000.0 3000.0 0.0 0.0
3000.0 4000.0 0.0 0.0
4000.0 5000.0 6921.0 0.0
5000.0 6000.0 69558.76502300224 840.0
6000.0 7000.0 400346.3426268047 840.0
7000.0 8000.0 362304.9843579129 840.0
8000.0 9000.0 325709.7323656622 840.0
9000.0 10000.0 389440.3472065374 840.0
10000.0 11000.0 266199.73707771045 840.0
11000.0 12000.0 315465.96568098234 840.0
12000.0 13000.0 330292.98589745536 840.0
13000.0 14000.0 83286.99776198524 840.0
14000.0 15000.0 211402.1420019473 0.0
15000.0 16000.0 16404.902291153132 1500.0
16000.0 17000.0 368745.36587404384 0.0
17000.0 18000.0 15819.73183480303 0.0
18000.0 19000.0 390662.0 1500.0
19000.0 20000.0 16817.969736094063 1500.0
20000.0 21000.0 344834.0120479461 0.0
21000.0 22000.0 57515.91449529228 1500.0
22000.0 23000.0 346009.1037206676 0.0
23000.0 24000.0 5043.67221731302 2300.0
24000.0 25000.0 357222.86479217664 0.0
25000.0 26000.0 236787.46299051034 1500.0
26000.0 27000.0 349905.62875918334 0.0
27000.0 28000.0 86181.44642801918 1500.0
28000.0 29000.0 340502.49585474975 0.0
29000.0 30000.0 95481.85833002676 1500.0
30000.0 31000.0 316189.18305583496 0.0
31000.0 32000.0 69293.2144985706 1500.0
32000.0 33000.0 291163.64416801574 0.0
33000.0 34000.0 121953.11562977344 1500.0
34000.0 35000.0 294100.3079606081 0.0
35000.0 36000.0 145185.94156220104 1500.0
36000.0 37000.0 273139.0914046082 0.0
37000.0 38000.0 378955.26704000385 1500.0
38000.0 39000.0 342495.1658135039 1500.0
39000.0 40000.0 159056.63949490106 0.0
40000.0 41000.0 29422.520879489308 1500.0
41000.0 42000.0 310198.0362950118 0.0
42000.0 43000.0 172846.03211423336 1500.0
43000.0 44000.0 371850.16996041284 0.0
44000.0 45000.0 285196.71076362353 1500.0
45000.0 46000.0 101476.25872098216 1500.0
46000.0 47000.0 399847.56708947354 0.0
47000.0 48000.0 13814.196360149113 2300.0
48000.0 49000.0 342063.79965545086 0.0
49000.0 50000.0 208403.90148998325 2300.0
50000.0 51000.0 332004.693394628 0.0
51000.0 52000.0 253532.3168716947 0.0
52000.0 53000.0 385062.9335382934 2300.0
53000.0 54000.0 212863.83163720157 2300.0
54000.0 55000.0 349543.46341441397 0.0
55000.0 56000.0 175438.89408239067 2300.0
56000.0 57000.0 392128.66739992984 0.0
57000.0 58000.0 407960.1797045368 2300.0
58000.0 59000.0 340197.78935935616 0.0
59000.0 60000.0 155642.96367493342 0.0
60000.0 61000.0 388581.7092522827 2300.0
61000.0 62000.0 237053.3643415289 0.0
62000.0 63000.0 377753.89898962463 2300.0
63000.0 64000.0 193959.95802320435 1500.0
64000.0 65000.0 307385.19346490345 0.0
65000.0 66000.0 104552.03186575974 1500.0
66000.0 67000.0 294910.84760158474 0.0
67000.0 68000.0 287826.8589429607 1500.0
68000.0 69000.0 344425.1309136776 1500.0
69000.0 70000.0 283340.24053161585 1500.0
70000.0 71000.0 298722.8333805704 0.0
71000.0 72000.0 110546.91381825498 0.0
72000.0 73000.0 330906.2011707103 2300.0
73000.0 74000.0 272041.7232223282 2300.0
74000.0 75000.0 346858.72086875106 0.0
75000.0 76000.0 233020.44720605394 0.0
76000.0 77000.0 211037.56743395847 2300.0
77000.0 78000.0 323761.6535418279 0.0
78000.0 79000.0 408539.7983710379 2300.0
79000.0 80000.0 273629.6916000961 0.0
80000.0 81000.0 332062.4794303275 2300.0
81000.0 82000.0 259501.5006650401 0.0
82000.0 83000.0 388649.6138321274 2300.0
83000.0 84000.0 273598.544367483 0.0
84000.0 85000.0 297325.1337916587 2300.0
85000.0 86000.0 235345.8543560013 2300.0
86000.0 87000.0 347843.92218685144 0.0
87000.0 88000.0 253582.20953133245 2300.0
88000.0 89000.0 338610.3241844248 0.0
89000.0 90000.0 259213.11137536634 2300.0
90000.0 91000.0 360865.2630412081 0.0
91000.0 92000.0 270042.20849848253 0.0
92000.0 93000.0 335169.4067774566 2300.0
93000.0 94000.0 242002.75899355466 2300.0
94000.0 95000.0 366065.7430642436 0.0
95000.0 96000.0 253562.3320007257 0.0
96000.0 97000.0 348282.67574478226 2300.0
97000.0 98000.0 298197.99889379233 2300.0
98000.0 99000.0 359391.63675692404 0.0
99000.0 100000.0 209353.417425484 2300.0
100000.0 101000.0 361565.4037384539 0.0
101000.0 102000.0 259446.6438939468 2300.0
102000.0 103000.0 355080.61998053256 0.0
103000.0 104000.0 216360.56975667467 2300.0
104000.0 105000.0 324953.75449499796 0.0
105000.0 106000.0 225702.60008764753 2300.0
106000.0 107000.0 375182.17793831055 0.0
107000.0 108000.0 336585.1131787878 0.0
108000.0 109000.0 181001.2710664608 840.0
109000.0 110000.0 17969.60926322997 840.0
110000.0 111000.0 184859.39073677 0.0
111000.0 112000.0 15115.11332146229 1500.0
112000.0 113000.0 461803.63325030694 0.0
113000.0 114000.0 154358.4069136878 1500.0
114000.0 115000.0 366450.36420003045 1500.0
115000.0 116000.0 404511.08295512135 0.0
116000.0 117000.0 275682.9317384193 1500.0
117000.0 118000.0 92977.46762097179 0.0
118000.0 119000.0 0.0 0.0
119000.0 120000.0 12997.876630865727 0.0
120000.0 121000.0 212720.80998794443 1500.0
121000.0 122000.0 213984.2680845093 0.0
122000.0 123000.0 196369.8053461782 1500.0
123000.0 124000.0 204547.23995050235 0.0
124000.0 125000.0 141816.31019982533 840.0
125000.0 126000.0 288119.6898001747 840.0
126000.0 127000.0 36471.0 0.0
127000.0 128000.0 18792.300070227506 0.0
128000.0 129000.0 173266.3554893651 840.0
129000.0 130000.0 26697.91729833219 0.0
130000.0 131000.0 186535.42714207523 840.0
131000.0 132000.0 26745.735420595433 840.0
132000.0 133000.0 185997.26457940455 0.0
133000.0 134000.0 34792.154194719515 840.0
134000.0 135000.0 175022.8458052805 0.0
135000.0 136000.0 37961.456700785064 840.0
136000.0 137000.0 223546.54329921494 0.0
137000.0 138000.0 31535.40281895917 840.0
138000.0 139000.0 348332.8307106214 840.0
139000.0 140000.0 72427.80203769793 840.0
140000.0 141000.0 185741.96443272152 0.0
141000.0 142000.0 14862.682464760168 0.0
142000.0 143000.0 333354.7344328236 2300.0
143000.0 144000.0 258469.1315954139 2300.0
144000.0 145000.0 288708.4052428411 0.0
145000.0 146000.0 333179.55615153606 0.0
146000.0 147000.0 166752.304607619 1500.0
147000.0 148000.0 279427.4098123702 1500.0
148000.0 149000.0 405298.99305816996 0.0
149000.0 150000.0 75652.78263446588 0.0
150000.0 151000.0 0.0 0.0
151000.0 152000.0 23205.505864213115 0.0
152000.0 153000.0 233983.76664152613 1500.0
153000.0 154000.0 302353.01868106634 1500.0
154000.0 155000.0 258752.34101297415 0.0
155000.0 156000.0 366167.93210623926 840.0
156000.0 157000.0 183681.43569398104 840.0
157000.0 158000.0 14937.896427028452 840.0
158000.0 159000.0 196659.10357297154 0.0
159000.0 160000.0 16490.51423843413 1500.0
160000.0 161000.0 383687.149241248 0.0
161000.0 162000.0 24282.33652031792 0.0
162000.0 163000.0 377885.3452205347 1500.0
163000.0 164000.0 64563.49558905903 0.0
164000.0 165000.0 357821.8661250883 1500.0
165000.0 166000.0 42767.29306531795 1500.0
166000.0 167000.0 412977.2747040632 1500.0
167000.0 168000.0 64290.84825053763 1500.0
168000.0 169000.0 387624.8770453992 0.0
169000.0 170000.0 41963.212025290246 1500.0
170000.0 171000.0 356122.45189146535 0.0
171000.0 172000.0 64832.14155634111 840.0
172000.0 173000.0 214215.19452690333 0.0
173000.0 174000.0 24337.95587290938 0.0
174000.0 175000.0 192682.04412709063 840.0
175000.0 176000.0 26992.04847656237 0.0
176000.0 177000.0 230705.95152343763 840.0
177000.0 178000.0 26384.86738736526 840.0
178000.0 179000.0 190896.13261263474 0.0
179000.0 180000.0 29449.349446258904 840.0
180000.0 181000.0 305825.5671613945 840.0
181000.0 182000.0 133351.18329487368 840.0
182000.0 183000.0 188932.90009747288 0.0
183000.0 184000.0 10131.590219153219 0.0
184000.0 185000.0 311636.1370308714 2300.0
185000.0 186000.0 261912.65775134764 0.0
186000.0 187000.0 865.6149986277675 0.0
187000.0 188000.0 22975.50157279145 2300.0
188000.0 189000.0 320923.3434688937 0.0
189000.0 190000.0 337564.458779258 840.0
190000.0 191000.0 133856.5167212675 840.0
191000.0 192000.0 138209.07100447666 840.0
192000.0 193000.0 202643.1084533127 0.0
193000.0 194000.0 16105.727215768702 1500.0
194000.0 195000.0 350120.69109538844 0.0
195000.0 196000.0 34381.79558981299 1500.0
196000.0 197000.0 358388.26898509497 0.0
197000.0 198000.0 63812.81580191758 1500.0
198000.0 199000.0 219451.70131201737 0.0
199000.0 200000.0 248424.4138810774 0.0
200000.0 201000.0 374659.41794696124 1500.0
201000.0 202000.0 27654.317904162082 0.0
202000.0 203000.0 360132.70737129194 1500.0
203000.0 204000.0 326814.2689596105 1500.0
204000.0 205000.0 155117.87393689685 0.0
205000.0 206000.0 22775.285090195786 1500.0
206000.0 207000.0 353093.73622938205 0.0
207000.0 208000.0 56060.0255487319 0.0
208000.0 209000.0 314133.3465888584 1500.0
209000.0 210000.0 123920.28648082125 1500.0
210000.0 211000.0 364787.338621521 0.0
211000.0 212000.0 41115.98144048966 0.0
212000.0 213000.0 330183.69602465216 1500.0
213000.0 214000.0 108685.3801487672 1500.0
214000.0 215000.0 449225.9430467693 0.0
215000.0 216000.0 46668.98077981128 0.0
216000.0 217000.0 270104.0467338 1500.0
217000.0 218000.0 90268.84603059261 0.0
218000.0 219000.0 246724.68439498902 1500.0
219000.0 220000.0 178938.1396439037 1500.0
220000.0 221000.0 299218.3891900776 0.0
221000.0 222000.0 117468.31295456592 1500.0
222000.0 223000.0 281273.5914081021 0.0
223000.0 224000.0 114640.20024498022 1500.0
224000.0 225000.0 289883.56236104213 0.0
225000.0 226000.0 121861.50306382628 1500.0
226000.0 227000.0 341904.29569649254 0.0
227000.0 228000.0 110211.68521976989 1500.0
228000.0 229000.0 262594.05764223344 0.0
229000.0 230000.0 107518.68541562471 0.0
230000.0 231000.0 213240.03296273304 1500.0
231000.0 232000.0 145959.41370970535 1500.0
232000.0 233000.0 349676.5540954805 0.0
233000.0 234000.0 52704.12049254829 1500.0
234000.0 235000.0 362219.10914491856 0.0
235000.0 236000.0 245197.28275828587 1500.0
236000.0 237000.0 278832.65377977747 1500.0
237000.0 238000.0 431296.2375693115 0.0
238000.0 239000.0 291004.3572661477 1500.0
239000.0 240000.0 222933.6235564204 1500.0
240000.0 241000.0 305492.7781673324 0.0
241000.0 242000.0 180097.83649733895 0.0
242000.0 243000.0 239025.1558523986 1500.0
243000.0 244000.0 215499.53617564414 1500.0
244000.0 245000.0 291510.3438360279 1500.0
245000.0 246000.0 167336.80317702636 1500.0
246000.0 247000.0 271896.7220923997 0.0
247000.0 248000.0 140017.5162582658 0.0
248000.0 249000.0 279899.92810181866 1500.0
249000.0 250000.0 192431.2966657241 0.0
250000.0 251000.0 321761.5387156244 1500.0
251000.0 252000.0 164482.76970665852 0.0
252000.0 253000.0 317104.52830929414 1500.0
253000.0 254000.0 114895.10438800805 0.0
254000.0 255000.0 291981.77584965684 1500.0
255000.0 256000.0 141211.7272855265 1500.0
256000.0 257000.0 316134.72440235305 0.0
257000.0 258000.0 106331.34007731431 0.0
258000.0 259000.0 216971.17679704455 1500.0
259000.0 260000.0 196316.9694762315 0.0
260000.0 261000.0 316156.48034785147 1500.0
261000.0 262000.0 137279.6994468604 1500.0
262000.0 263000.0 404832.4383178518 0.0
263000.0 264000.0 324454.5929815426 1500.0
264000.0 265000.0 422568.2925813189 1500.0
265000.0 266000.0 195678.15475913367 0.0
266000.0 267000.0 343014.46409605036 1500.0
267000.0 268000.0 85316.57326696845 0.0
268000.0 269000.0 339615.99117896985 2300.0
269000.0 270000.0 207085.3558564355 0.0
270000.0 271000.0 369018.2422719388 2300.0
271000.0 272000.0 245871.04670138154 0.0
272000.0 273000.0 409806.5854175228 2300.0
273000.0 274000.0 205768.31272246243 0.0
274000.0 275000.0 369743.72661822557 2300.0
275000.0 276000.0 232436.51325658147 0.0
276000.0 277000.0 357916.1252690244 2300.0
277000.0 278000.0 261600.01895375288 0.0
278000.0 279000.0 328385.6019668797 2300.0
279000.0 280000.0 319723.3774834808 0.0
280000.0 281000.0 342093.83071111306 2300.0
281000.0 282000.0 215063.9839221332 0.0
282000.0 283000.0 396053.1266252756 2300.0
283000.0 284000.0 215142.56970303657 0.0
284000.0 285000.0 268316.51676477643 2300.0
285000.0 286000.0 303360.90304885234 2300.0
286000.0 287000.0 353854.6192358694 0.0
287000.0 288000.0 206202.36862112337 0.0
288000.0 289000.0 312564.710445488 2300.0
289000.0 290000.0 178156.82026108183 0.0
290000.0 291000.0 350449.98262896587 2300.0
291000.0 292000.0 383740.003800926 0.0
292000.0 293000.0 200965.73150415483 2300.0
293000.0 294000.0 384214.9787007517 0.0
294000.0 295000.0 346299.4134676912 2300.0
295000.0 296000.0 250372.62380793187 2300.0
296000.0 297000.0 254217.61947557912 0.0
297000.0 298000.0 368320.0318846112 1500.0
298000.0 299000.0 311000.68412728 0.0
299000.0 300000.0 128290.18653477743 0.0
300000.0 301000.0 4257.744067330795 0.0
