ts te s_bytes_all avg_video_rate
0.0 1000.0 0.0 0.0
1000.0 2000.0 0.0 0.0
2000.0 3000.0 0.0 0.0
3000.0 4000.0 0.0 0.0
4000.0 5000.0 0.0 0.0
5000.0 6000.0 0.0 0.0
6000.0 7000.0 186677.5782449511 480.0
7000.0 8000.0 283435.26328629075 480.0
8000.0 9000.0 274650.3332744263 480.0
9000.0 10000.0 242863.7067677558 480.0
10000.0 11000.0 227636.69631160173 480.0
11000.0 12000.0 218797.58643486182 480.0
12000.0 13000.0 301722.00824571756 4400.0
13000.0 14000.0 368904.90608930495 0.0
14000.0 15000.0 381345.45364392805 0.0
15000.0 16000.0 302236.55349857843 1500.0
16000.0 17000.0 293365.846475773 1500.0
17000.0 18000.0 193015.62535753494 0.0
18000.0 19000.0 217760.35606698052 1500.0
19000.0 20000.0 198773.81116422595 840.0
20000.0 21000.0 357305.87232542573 840.0
21000.0 22000.0 159192.2884255241 0.0
22000.0 23000.0 168914.06670243942 840.0
23000.0 24000.0 105167.0476846797 0.0
24000.0 25000.0 138722.12438107148 840.0
25000.0 26000.0 101764.49819788564 0.0
26000.0 27000.0 155962.92077467512 840.0
27000.0 28000.0 83593.45664636776 0.0
28000.0 29000.0 161550.535052113 840.0
29000.0 30000.0 105027.46494788698 0.0
30000.0 31000.0 2914.0 0.0
31000.0 32000.0 0.0 0.0
32000.0 33000.0 158479.53691552847 840.0
33000.0 34000.0 73084.46308447151 0.0
34000.0 35000.0 156297.77628245368 840.0
35000.0 36000.0 290620.8716050669 840.0
36000.0 37000.0 246270.58788834704 840.0
37000.0 38000.0 72214.76422413235 0.0
38000.0 39000.0 161367.17110361916 840.0
39000.0 40000.0 99644.82889638083 0.0
40000.0 41000.0 146575.96332287975 840.0
41000.0 42000.0 92882.01234919473 0.0
42000.0 43000.0 156316.7802329438 840.0
43000.0 44000.0 100174.06842111454 0.0
44000.0 45000.0 141697.03292983412 840.0
45000.0 46000.0 99454.4540452473 0.0
46000.0 47000.0 139078.2079440143 840.0
47000.0 48000.0 110016.48075477144 0.0
48000.0 49000.0 144676.21849965764 840.0
49000.0 50000.0 95996.78150034236 0.0
50000.0 51000.0 161999.8683389028 840.0
51000.0 52000.0 96109.1316610972 0.0
52000.0 53000.0 129878.05780145188 840.0
53000.0 54000.0 97971.07511243751 0.0
54000.0 55000.0 160511.84311931184 840.0
55000.0 56000.0 88909.02396679876 0.0
56000.0 57000.0 105372.32776775699 840.0
57000.0 58000.0 138431.64734119907 0.0
58000.0 59000.0 132885.33434079686 840.0
59000.0 60000.0 138311.69055024706 0.0
60000.0 61000.0 146157.305312743 840.0
61000.0 62000.0 78908.69468725697 0.0
62000.0 63000.0 131999.6045366419 840.0
63000.0 64000.0 97540.10468686966 0.0
64000.0 65000.0 165258.26225938313 840.0
65000.0 66000.0 95098.0285171053 0.0
66000.0 67000.0 154297.26644379014 840.0
67000.0 68000.0 73661.72981341052 0.0
68000.0 69000.0 183515.97686849034 840.0
69000.0 70000.0 277291.03132563643 840.0
70000.0 71000.0 163777.306221483 840.0
71000.0 72000.0 126657.68932718952 0.0
72000.0 73000.0 169500.0165993424 840.0
73000.0 74000.0 76542.9834006576 0.0
74000.0 75000.0 146632.92534943085 840.0
75000.0 76000.0 95752.07465056915 0.0
76000.0 77000.0 98570.29301735573 840.0
77000.0 78000.0 117145.32979591182 0.0
78000.0 79000.0 189290.96652214916 840.0
79000.0 80000.0 92300.41066458327 0.0
80000.0 81000.0 144213.3230753376 840.0
81000.0 82000.0 82262.6769246624 0.0
82000.0 83000.0 121262.27804371793 840.0
83000.0 84000.0 116836.72771911415 0.0
84000.0 85000.0 171135.4627789694 840.0
85000.0 86000.0 101103.5314581985 0.0
86000.0 87000.0 142366.97144945446 840.0
87000.0 88000.0 98931.86330951197 0.0
88000.0 89000.0 152821.50274230272 840.0
89000.0 90000.0 341208.11700480606 840.0
90000.0 91000.0 136087.33537509872 840.0
91000.0 92000.0 104199.21011882606 0.0
92000.0 93000.0 179044.7956509611 2300.0
93000.0 94000.0 295782.7414681278 0.0
94000.0 95000.0 286506.07376645587 2300.0
95000.0 96000.0 280230.10357545025 0.0
96000.0 97000.0 325379.32857966365 2300.0
97000.0 98000.0 286212.2485181132 0.0
98000.0 99000.0 337606.37122717785 2300.0
99000.0 100000.0 321109.9622785196 0.0
100000.0 101000.0 300839.8046799566 2300.0
101000.0 102000.0 276745.5493815867 0.0
102000.0 103000.0 267431.8465949701 2300.0
103000.0 104000.0 272140.4103594267 0.0
104000.0 105000.0 116519.7639195906 0.0
105000.0 106000.0 0.0 0.0
106000.0 107000.0 194331.24770577328 2300.0
107000.0 108000.0 289788.48014959134 0.0
108000.0 109000.0 375775.0170150235 840.0
109000.0 110000.0 14927.255129611905 0.0
110000.0 111000.0 145975.53540141834 840.0
111000.0 112000.0 252410.19332837441 840.0
112000.0 113000.0 130435.27127020722 0.0
113000.0 114000.0 13.25157086798448 0.0
114000.0 115000.0 145220.45981783082 840.0
115000.0 116000.0 76552.28861130119 0.0
116000.0 117000.0 135042.87595457523 840.0
117000.0 118000.0 376818.1022620851 840.0
118000.0 119000.0 347169.00893347384 840.0
119000.0 120000.0 108621.01284986589 0.0
120000.0 121000.0 158295.99611390207 840.0
121000.0 122000.0 83236.0038860979 0.0
122000.0 123000.0 2913.0 0.0
123000.0 124000.0 0.0 0.0
124000.0 125000.0 135554.51389210543 2300.0
125000.0 126000.0 334205.07520514523 0.0
126000.0 127000.0 376004.32892844896 1500.0
127000.0 128000.0 198437.04177627468 0.0
128000.0 129000.0 126119.51045967129 1500.0
129000.0 130000.0 262643.0678742926 0.0
130000.0 131000.0 110986.68775350029 1500.0
131000.0 132000.0 293504.3770269653 0.0
132000.0 133000.0 66777.30673086586 1500.0
133000.0 134000.0 345627.9456578412 0.0
134000.0 135000.0 139652.4536628269 1500.0
135000.0 136000.0 305728.9388612747 0.0
136000.0 137000.0 112264.59308258099 1500.0
137000.0 138000.0 296895.2557127789 0.0
138000.0 139000.0 100352.29366775134 1500.0
139000.0 140000.0 371259.59818667464 1500.0
140000.0 141000.0 320468.6243142106 1500.0
141000.0 142000.0 378577.07125449664 0.0
142000.0 143000.0 253232.91428244006 1500.0
143000.0 144000.0 201569.24458250927 0.0
144000.0 145000.0 228083.44079560853 1500.0
145000.0 146000.0 180633.40337409786 0.0
146000.0 147000.0 179703.76502803434 1500.0
147000.0 148000.0 218322.56730208267 0.0
148000.0 149000.0 255685.14756201967 1500.0
149000.0 150000.0 200074.05013479092 0.0
150000.0 151000.0 196445.68607126464 1500.0
151000.0 152000.0 196195.5997392973 0.0
152000.0 153000.0 157441.35628701374 1500.0
153000.0 154000.0 209392.6336939597 0.0
154000.0 155000.0 192246.5736688394 1500.0
155000.0 156000.0 247265.61753443046 0.0
156000.0 157000.0 158660.20575194064 1500.0
157000.0 158000.0 317135.16976593 0.0
158000.0 159000.0 2098.9403780353687 0.0
159000.0 160000.0 0.0 0.0
160000.0 161000.0 139697.58291606203 1500.0
161000.0 162000.0 349037.2889099571 1500.0
162000.0 163000.0 331345.0803077431 0.0
163000.0 164000.0 12387.047866237746 0.0
164000.0 165000.0 151735.96000182242 1500.0
165000.0 166000.0 313450.9115183554 1500.0
166000.0 167000.0 359500.66135586693 1500.0
167000.0 168000.0 359391.6199999363 0.0
168000.0 169000.0 126962.66713689383 1500.0
169000.0 170000.0 340890.2285947326 1500.0
170000.0 171000.0 362409.6857708072 0.0
171000.0 172000.0 4576.265621585251 0.0
172000.0 173000.0 99565.48695340063 1500.0
173000.0 174000.0 289950.72245541826 1500.0
174000.0 175000.0 345519.7963047668 0.0
175000.0 176000.0 398464.5074147286 1500.0
176000.0 177000.0 198900.0987939548 1500.0
177000.0 178000.0 309521.3880777309 0.0
178000.0 179000.0 168954.477601661 2300.0
179000.0 180000.0 294505.97248297016 0.0
180000.0 181000.0 314374.96964087896 2300.0
181000.0 182000.0 270341.19212508097 0.0
182000.0 183000.0 117391.38814940897 0.0
183000.0 184000.0 0.0 0.0
184000.0 185000.0 2918.0 0.0
185000.0 186000.0 0.0 0.0
186000.0 187000.0 0.0 0.0
187000.0 188000.0 0.0 0.0
188000.0 189000.0 2918.0 0.0
189000.0 190000.0 0.0 0.0
190000.0 191000.0 0.0 0.0
191000.0 192000.0 309635.4239167873 1500.0
192000.0 193000.0 262244.6467913239 288.0
193000.0 194000.0 261892.82389523578 384.0
194000.0 195000.0 273261.3123846412 480.0
195000.0 196000.0 145212.4781167396 480.0
196000.0 197000.0 108982.58859168185 480.0
197000.0 198000.0 36624.66344042676 0.0
198000.0 199000.0 123333.2139940263 480.0
199000.0 200000.0 24952.848869137302 0.0
200000.0 201000.0 183105.65878647674 2300.0
201000.0 202000.0 297600.6663711902 0.0
202000.0 203000.0 345625.86906354525 2300.0
203000.0 204000.0 299669.2553497588 0.0
204000.0 205000.0 111492.55042902904 0.0
205000.0 206000.0 0.0 0.0
206000.0 207000.0 170014.64082549151 1500.0
207000.0 208000.0 198023.57579591766 0.0
208000.0 209000.0 133596.0333099031 1500.0
209000.0 210000.0 229521.1455372388 0.0
210000.0 211000.0 288824.85744993435 1500.0
211000.0 212000.0 314607.100204833 1500.0
212000.0 213000.0 400832.03827025695 840.0
213000.0 214000.0 211179.60860642453 0.0
214000.0 215000.0 145758.02154875206 840.0
215000.0 216000.0 87308.97845124794 0.0
216000.0 217000.0 134077.92917242064 840.0
217000.0 218000.0 89825.07082757936 0.0
218000.0 219000.0 134273.2763468294 840.0
219000.0 220000.0 115373.72365317063 0.0
220000.0 221000.0 141048.62872389867 840.0
221000.0 222000.0 92120.65150984582 0.0
222000.0 223000.0 187581.1269383002 840.0
223000.0 224000.0 85469.59282795529 0.0
224000.0 225000.0 156571.56111193824 840.0
225000.0 226000.0 89742.43888806179 0.0
226000.0 227000.0 123207.15347929871 840.0
227000.0 228000.0 114465.11123392459 0.0
228000.0 229000.0 140123.63084258826 840.0
229000.0 230000.0 126309.11161025804 0.0
230000.0 231000.0 125308.14197669897 840.0
231000.0 232000.0 140164.94697610065 0.0
232000.0 233000.0 150659.46572979804 840.0
233000.0 234000.0 98958.38243991305 0.0
234000.0 235000.0 199195.1303742465 840.0
235000.0 236000.0 245967.42580457823 840.0
236000.0 237000.0 206004.64674128257 840.0
237000.0 238000.0 148018.85279131235 0.0
238000.0 239000.0 2913.0 0.0
239000.0 240000.0 0.0 0.0
240000.0 241000.0 137296.69217810594 840.0
241000.0 242000.0 83208.30782189405 0.0
242000.0 243000.0 2397.8185429728123 840.0
243000.0 244000.0 145335.79588961566 0.0
244000.0 245000.0 207169.23700565763 840.0
245000.0 246000.0 160884.14856175386 0.0
246000.0 247000.0 146749.38584691565 840.0
247000.0 248000.0 98485.61415308439 0.0
248000.0 249000.0 150023.19551651666 840.0
249000.0 250000.0 73408.80448348336 0.0
250000.0 251000.0 152765.8081231171 840.0
251000.0 252000.0 107962.06955389488 0.0
252000.0 253000.0 8092.122322988004 0.0
253000.0 254000.0 0.0 0.0
254000.0 255000.0 272358.5754211285 840.0
255000.0 256000.0 333535.6623476993 840.0
256000.0 257000.0 117521.76223117222 0.0
257000.0 258000.0 0.0 0.0
258000.0 259000.0 29717.278555470926 840.0
259000.0 260000.0 382368.6376445329 840.0
260000.0 261000.0 199136.08379999615 840.0
261000.0 262000.0 251907.0 0.0
262000.0 263000.0 162033.6875350438 840.0
263000.0 264000.0 106934.31246495621 0.0
264000.0 265000.0 147824.23584270198 840.0
265000.0 266000.0 61597.76415729803 0.0
266000.0 267000.0 176729.48849714815 840.0
267000.0 268000.0 88981.51150285182 0.0
268000.0 269000.0 138122.19072171272 840.0
269000.0 270000.0 76725.80927828728 0.0
270000.0 271000.0 163985.2928379647 840.0
271000.0 272000.0 103136.7071620353 0.0
272000.0 273000.0 149358.28620252124 840.0
273000.0 274000.0 77621.71379747876 0.0
274000.0 275000.0 123405.6940271412 840.0
275000.0 276000.0 121107.3059728588 0.0
276000.0 277000.0 172868.9309318895 840.0
277000.0 278000.0 95785.06906811048 0.0
278000.0 279000.0 147220.035642491 840.0
279000.0 280000.0 92392.96435750902 0.0
280000.0 281000.0 154751.10174629968 840.0
281000.0 282000.0 111185.9213923427 0.0
282000.0 283000.0 11165.976861357627 0.0
283000.0 284000.0 0.0 0.0
284000.0 285000.0 2911.0 0.0
285000.0 286000.0 0.0 0.0
286000.0 287000.0 0.0 0.0
287000.0 288000.0 0.0 0.0
288000.0 289000.0 2911.0 0.0
289000.0 290000.0 138664.2235368382 840.0
290000.0 291000.0 317330.4350281963 288.0
291000.0 292000.0 229503.29908034578 288.0
292000.0 293000.0 216259.57491586497 480.0
293000.0 294000.0 58642.46743875473 0.0
294000.0 295000.0 148848.04803019195 480.0
295000.0 296000.0 13278.951969808064 0.0
296000.0 297000.0 184577.42171972484 1500.0
297000.0 298000.0 195230.5487319265 0.0
298000.0 299000.0 223067.7769120325 2300.0
299000.0 300000.0 300580.12879669806 0.0
300000.0 301000.0 113991.12383961806 0.0
