ts te s_bytes_all avg_video_rate
0.0 1000.0 0.0 0.0
1000.0 2000.0 0.0 0.0
2000.0 3000.0 0.0 0.0
3000.0 4000.0 0.0 0.0
4000.0 5000.0 0.0 0.0
5000.0 6000.0 0.0 0.0
6000.0 7000.0 0.0 0.0
7000.0 8000.0 0.0 0.0
8000.0 9000.0 0.0 0.0
9000.0 10000.0 31253.587195407257 840.0
10000.0 11000.0 93762.98967401613 0.0
11000.0 12000.0 27347.7026187283 0.0
12000.0 13000.0 15268.180984447125 0.0
13000.0 14000.0 17098.29392395226 0.0
14000.0 15000.0 13785.431979032363 0.0
15000.0 16000.0 16697.969532372015 0.0
16000.0 17000.0 28666.001165581714 0.0
17000.0 18000.0 42704.15665795259 840.0
18000.0 19000.0 25614.01714574717 0.0
19000.0 20000.0 37730.084995376565 0.0
20000.0 21000.0 66606.5489303911 0.0
21000.0 22000.0 76954.20199220447 0.0
22000.0 23000.0 69320.41389724202 288.0
23000.0 24000.0 129445.74087790652 288.0
24000.0 25000.0 89509.05881937768 288.0
25000.0 26000.0 63148.606463534605 0.0
26000.0 27000.0 63831.36919642004 288.0
27000.0 28000.0 89159.37195553664 288.0
28000.0 29000.0 72443.54841722966 288.0
29000.0 30000.0 124987.75761896135 288.0
30000.0 31000.0 76689.40396867391 0.0
31000.0 32000.0 75640.80960156806 288.0
32000.0 33000.0 121164.9522109203 0.0
33000.0 34000.0 65100.9944347629 0.0
34000.0 35000.0 65884.86417390252 0.0
35000.0 36000.0 48100.60858353188 0.0
36000.0 37000.0 83571.30983000917 288.0
37000.0 38000.0 101907.99647925596 0.0
38000.0 39000.0 81649.17413297016 288.0
39000.0 40000.0 116845.89164937339 288.0
40000.0 41000.0 118680.05764574143 288.0
41000.0 42000.0 73972.09735828725 0.0
42000.0 43000.0 79315.72677542521 288.0
43000.0 44000.0 94280.12364527404 0.0
44000.0 45000.0 120141.10258316062 288.0
45000.0 46000.0 38933.82513111159 288.0
46000.0 47000.0 115964.50052217035 0.0
47000.0 48000.0 25082.237874552542 288.0
48000.0 49000.0 102283.37447543211 0.0
49000.0 50000.0 109823.74848452528 288.0
50000.0 51000.0 43467.2989324958 0.0
51000.0 52000.0 71501.49787186562 288.0
52000.0 53000.0 86946.16090278783 288.0
53000.0 54000.0 64831.07512139806 0.0
54000.0 55000.0 19029.50482979612 480.0
55000.0 56000.0 120875.11946028922 0.0
56000.0 57000.0 119988.35223432376 480.0
57000.0 58000.0 87726.94607955476 0.0
58000.0 59000.0 72808.2804681689 288.0
59000.0 60000.0 68751.77137671842 288.0
60000.0 61000.0 107429.33734945965 0.0
61000.0 62000.0 53810.25899666742 288.0
62000.0 63000.0 104702.2265675712 0.0
63000.0 64000.0 79817.84708715406 288.0
64000.0 65000.0 54795.88064962816 0.0
65000.0 66000.0 99530.37806421972 288.0
66000.0 67000.0 70139.36724527738 0.0
67000.0 68000.0 76683.20326175925 288.0
68000.0 69000.0 104041.32274524074 288.0
69000.0 70000.0 51555.121421468495 0.0
70000.0 71000.0 59992.57331350593 288.0
71000.0 72000.0 90909.70448581825 0.0
72000.0 73000.0 75232.3525834503 288.0
73000.0 74000.0 33073.73067414519 0.0
74000.0 75000.0 59474.35000796711 288.0
75000.0 76000.0 49232.504667202425 0.0
76000.0 77000.0 0.0 0.0
77000.0 78000.0 80061.94967584452 288.0
78000.0 79000.0 76060.04288660822 0.0
79000.0 80000.0 82235.53246404238 288.0
80000.0 81000.0 70823.25008954207 288.0
81000.0 82000.0 49329.51845860983 288.0
82000.0 83000.0 78147.20142570243 0.0
83000.0 84000.0 91888.97651001673 288.0
84000.0 85000.0 64540.09986816006 288.0
85000.0 86000.0 77771.87678444503 288.0
86000.0 87000.0 81284.06636278238 288.0
87000.0 88000.0 57578.6477445799 288.0
88000.0 89000.0 97868.3873013499 0.0
89000.0 90000.0 44319.325159776956 288.0
90000.0 91000.0 104739.86195586804 0.0
91000.0 92000.0 87666.14810787719 288.0
92000.0 93000.0 33285.115204794376 0.0
93000.0 94000.0 83902.64638171915 288.0
94000.0 95000.0 87693.63761262936 288.0
95000.0 96000.0 83673.70101594029 0.0
96000.0 97000.0 121220.53097389165 288.0
97000.0 98000.0 71829.80711194346 0.0
98000.0 99000.0 88335.72985903437 288.0
99000.0 100000.0 55276.21649900531 0.0
100000.0 101000.0 97796.7305458364 288.0
101000.0 102000.0 39430.44788667944 288.0
102000.0 103000.0 62646.55211332057 0.0
103000.0 104000.0 42202.59829909027 288.0
104000.0 105000.0 47319.40170090973 0.0
105000.0 106000.0 150436.0 480.0
106000.0 107000.0 0.0 0.0
107000.0 108000.0 139097.0 480.0
108000.0 109000.0 38630.46144758626 840.0
109000.0 110000.0 188147.53855241375 0.0
110000.0 111000.0 174117.77665451675 840.0
111000.0 112000.0 75211.95908118493 0.0
112000.0 113000.0 176321.18594547088 840.0
113000.0 114000.0 85119.78770055994 840.0
114000.0 115000.0 229017.67289253976 0.0
115000.0 116000.0 66846.1863424063 840.0
116000.0 117000.0 170320.43138332138 0.0
117000.0 118000.0 45485.05005620609 1500.0
118000.0 119000.0 188244.0603864236 0.0
119000.0 120000.0 388980.65700080595 1500.0
120000.0 121000.0 234920.23255656433 0.0
121000.0 122000.0 189643.3282313263 1500.0
122000.0 123000.0 203486.04239504307 0.0
123000.0 124000.0 319865.9739938829 1500.0
124000.0 125000.0 266487.1441609365 1500.0
125000.0 126000.0 228813.4443227193 0.0
126000.0 127000.0 309441.38600108406 1500.0
127000.0 128000.0 182781.6808950079 0.0
128000.0 129000.0 235105.01801765183 1500.0
129000.0 130000.0 204069.89953074115 1500.0
130000.0 131000.0 325102.745933741 0.0
131000.0 132000.0 266565.1042885243 1500.0
132000.0 133000.0 152118.10442270222 0.0
133000.0 134000.0 235967.85854566455 1500.0
134000.0 135000.0 229432.32493649478 1500.0
135000.0 136000.0 329580.15874464926 0.0
136000.0 137000.0 69636.53693273434 1500.0
137000.0 138000.0 366626.9971953712 0.0
138000.0 139000.0 245287.3408185881 1500.0
139000.0 140000.0 170814.91063313722 0.0
140000.0 141000.0 241353.39665059888 1500.0
141000.0 142000.0 225097.4788065537 1500.0
142000.0 143000.0 327159.7505245838 0.0
143000.0 144000.0 88871.0180128543 1500.0
144000.0 145000.0 333975.1998496559 0.0
145000.0 146000.0 178305.5957899292 1500.0
146000.0 147000.0 348923.56036582415 0.0
147000.0 148000.0 272393.57562041114 1500.0
148000.0 149000.0 123539.42437958885 0.0
149000.0 150000.0 242280.30000569293 1500.0
150000.0 151000.0 321738.99073771515 1500.0
151000.0 152000.0 214500.52758302196 0.0
152000.0 153000.0 261882.22815676604 1500.0
153000.0 154000.0 144155.95836656223 0.0
154000.0 155000.0 273427.06586775044 1500.0
155000.0 156000.0 256040.9901107882 1500.0
156000.0 157000.0 317454.0366035346 0.0
157000.0 158000.0 97497.48197964353 1500.0
158000.0 159000.0 331911.9258215172 0.0
159000.0 160000.0 228879.0163612299 1500.0
160000.0 161000.0 117292.47840577785 0.0
161000.0 162000.0 229981.35565189295 1500.0
162000.0 163000.0 242134.89539678628 1500.0
163000.0 164000.0 344092.8830477749 0.0
164000.0 165000.0 47588.16781907824 1500.0
165000.0 166000.0 374614.857330388 0.0
166000.0 167000.0 156686.8744765497 1500.0
167000.0 168000.0 209123.96627753 0.0
168000.0 169000.0 280316.5028033677 1500.0
169000.0 170000.0 382952.3136318921 1500.0
170000.0 171000.0 317934.1835647402 0.0
171000.0 172000.0 42377.867997795845 2300.0
172000.0 173000.0 333416.90666038945 0.0
173000.0 174000.0 388018.1038115754 2300.0
174000.0 175000.0 289738.02523193543 0.0
175000.0 176000.0 363641.6755981756 2300.0
176000.0 177000.0 356146.5187954474 0.0
177000.0 178000.0 292381.23415806796 2300.0
178000.0 179000.0 299627.90705427754 0.0
179000.0 180000.0 443657.2218165133 2300.0
180000.0 181000.0 362421.9746419788 0.0
181000.0 182000.0 405044.82519903936 2300.0
182000.0 183000.0 355564.3649120386 2300.0
183000.0 184000.0 388595.4437312625 0.0
184000.0 185000.0 388295.154370755 2300.0
185000.0 186000.0 338602.02780902706 0.0
186000.0 187000.0 261526.00941068176 2300.0
187000.0 188000.0 422371.73428468005 0.0
188000.0 189000.0 217207.95938735473 2300.0
189000.0 190000.0 203039.12494731962 0.0
190000.0 191000.0 397012.3663285053 2300.0
191000.0 192000.0 342445.38704116497 0.0
192000.0 193000.0 312477.1809517866 840.0
193000.0 194000.0 345009.509730625 840.0
194000.0 195000.0 215776.9936763556 1500.0
195000.0 196000.0 177145.48245324692 0.0
196000.0 197000.0 239756.61304661835 1500.0
197000.0 198000.0 221450.40457326244 1500.0
198000.0 199000.0 322208.88034428516 0.0
199000.0 200000.0 72475.65113511693 1500.0
200000.0 201000.0 317611.3704445274 0.0
201000.0 202000.0 252345.70960334555 1500.0
202000.0 203000.0 151192.01189076927 0.0
203000.0 204000.0 247190.977955579 1500.0
204000.0 205000.0 198468.21072791732 1500.0
205000.0 206000.0 331898.1051306131 0.0
206000.0 207000.0 164699.74335814835 1500.0
207000.0 208000.0 267311.61423662945 0.0
208000.0 209000.0 247655.68944978085 1500.0
209000.0 210000.0 248376.18206562437 1500.0
210000.0 211000.0 310723.38970290887 0.0
211000.0 212000.0 62654.95854527839 1500.0
212000.0 213000.0 328590.8545656799 0.0
213000.0 214000.0 78201.22156362118 1500.0
214000.0 215000.0 335491.4290880832 0.0
215000.0 216000.0 236821.46436861035 1500.0
216000.0 217000.0 168495.31503129093 0.0
217000.0 218000.0 257784.8206772636 1500.0
218000.0 219000.0 213614.44453731723 1500.0
219000.0 220000.0 312593.92467088945 0.0
220000.0 221000.0 31677.737641018422 1500.0
221000.0 222000.0 356300.391173169 0.0
222000.0 223000.0 253937.82435385045 1500.0
223000.0 224000.0 239988.0601188013 0.0
224000.0 225000.0 203899.19512271753 2300.0
225000.0 226000.0 393571.94817363797 0.0
226000.0 227000.0 322675.0825657308 2300.0
227000.0 228000.0 307955.7307344018 0.0
228000.0 229000.0 370488.3029349357 2300.0
229000.0 230000.0 325875.967989364 0.0
230000.0 231000.0 374868.5117298016 2300.0
231000.0 232000.0 301862.2461322014 2300.0
232000.0 233000.0 275790.82384503 0.0
233000.0 234000.0 348403.8440961175 2300.0
234000.0 235000.0 314668.4308547382 0.0
235000.0 236000.0 386005.4371145028 2300.0
236000.0 237000.0 348013.3189666057 0.0
237000.0 238000.0 386243.02327283984 2300.0
238000.0 239000.0 372656.2187791197 0.0
239000.0 240000.0 394594.4855098445 2300.0
240000.0 241000.0 402362.7306946424 2300.0
241000.0 242000.0 312758.9274782209 0.0
242000.0 243000.0 337557.00713511044 2300.0
243000.0 244000.0 280287.01484532555 0.0
244000.0 245000.0 375974.7200824245 2300.0
245000.0 246000.0 399032.54095811816 0.0
246000.0 247000.0 376160.51639659645 2300.0
247000.0 248000.0 338243.0583204611 0.0
248000.0 249000.0 401739.7015718947 2300.0
249000.0 250000.0 319950.4802139037 2300.0
250000.0 251000.0 267220.3129078248 0.0
251000.0 252000.0 350747.5920085165 0.0
252000.0 253000.0 304338.2699199443 2300.0
253000.0 254000.0 379012.0352779955 2300.0
254000.0 255000.0 340753.4453757462 0.0
255000.0 256000.0 283212.4695854455 2300.0
256000.0 257000.0 333478.664342537 0.0
257000.0 258000.0 287373.7123491547 2300.0
258000.0 259000.0 343593.28520922124 0.0
259000.0 260000.0 227146.3081233279 2300.0
260000.0 261000.0 307664.06633916637 0.0
261000.0 262000.0 333738.9963025797 2300.0
262000.0 263000.0 413647.5077376869 0.0
263000.0 264000.0 290868.19782675855 2300.0
264000.0 265000.0 297152.28007742873 0.0
265000.0 266000.0 276330.5666398598 2300.0
266000.0 267000.0 324491.20989788783 0.0
267000.0 268000.0 303646.67998396634 2300.0
268000.0 269000.0 258335.64860521298 0.0
269000.0 270000.0 254930.54657198535 2300.0
270000.0 271000.0 291674.7641060522 0.0
271000.0 272000.0 336651.74871333106 2300.0
272000.0 273000.0 350134.95790981886 0.0
273000.0 274000.0 251703.25449657964 2300.0
274000.0 275000.0 302721.5086602052 0.0
275000.0 276000.0 258134.64743777135 2300.0
276000.0 277000.0 352243.3544080978 0.0
277000.0 278000.0 303494.7036676109 0.0
278000.0 279000.0 67.8008733075519 0.0
279000.0 280000.0 52570.910705547874 2300.0
280000.0 281000.0 421416.97267198504 0.0
281000.0 282000.0 359435.25327360077 1500.0
282000.0 283000.0 359176.1350059613 1500.0
283000.0 284000.0 328345.1641803809 1500.0
284000.0 285000.0 312612.2290683478 1500.0
285000.0 286000.0 314920.76560937223 0.0
286000.0 287000.0 341742.3506637801 2300.0
287000.0 288000.0 335023.55143471074 0.0
288000.0 289000.0 46233.94158523568 2300.0
289000.0 290000.0 392415.2351532476 0.0
290000.0 291000.0 151586.6897745226 0.0
291000.0 292000.0 59269.284603090564 2300.0
292000.0 293000.0 393802.8806465517 0.0
293000.0 294000.0 314748.12458960724 2300.0
294000.0 295000.0 349279.62905868306 0.0
295000.0 296000.0 340878.59342365514 2300.0
296000.0 297000.0 343817.83630862477 0.0
297000.0 298000.0 395335.9501073456 2300.0
298000.0 299000.0 364559.8269880918 2300.0
299000.0 300000.0 386080.2662163005 0.0
300000.0 301000.0 201429.6080580497 0.0
