ts te s_bytes_all avg_video_rate
0.0 1000.0 0.0 0.0
1000.0 2000.0 0.0 0.0
2000.0 3000.0 0.0 0.0
3000.0 4000.0 0.0 0.0
4000.0 5000.0 0.0 0.0
5000.0 6000.0 0.0 0.0
6000.0 7000.0 879.1834513208103 0.0
7000.0 8000.0 7431.8165486791895 0.0
8000.0 9000.0 103490.56153841346 840.0
9000.0 10000.0 36151.39361368195 0.0
10000.0 11000.0 18138.791944512534 0.0
11000.0 12000.0 17775.237452863686 0.0
12000.0 13000.0 28334.81339528071 0.0
13000.0 14000.0 51505.73436494298 0.0
14000.0 15000.0 86125.14978406996 0.0
15000.0 16000.0 66712.5092648006 288.0
16000.0 17000.0 108155.14524116133 0.0
17000.0 18000.0 97189.46399692485 288.0
18000.0 19000.0 50391.33420803893 0.0
19000.0 20000.0 51562.940438194404 288.0
20000.0 21000.0 109565.82249847971 288.0
21000.0 22000.0 91294.13990330305 288.0
22000.0 23000.0 86136.03197674545 288.0
23000.0 24000.0 63104.930378586396 0.0
24000.0 25000.0 62802.550771441165 0.0
25000.0 26000.0 64532.333350314744 0.0
26000.0 27000.0 103973.91878172141 288.0
27000.0 28000.0 146093.5121129681 0.0
28000.0 29000.0 145982.52689262855 288.0
29000.0 30000.0 107422.29767934213 0.0
30000.0 31000.0 77695.07072492252 288.0
31000.0 32000.0 54428.48121507329 288.0
32000.0 33000.0 119876.93821497925 0.0
33000.0 34000.0 67300.9147203389 288.0
34000.0 35000.0 29607.45553626995 0.0
35000.0 36000.0 119952.89512214868 288.0
36000.0 37000.0 60337.834032813334 0.0
37000.0 38000.0 82228.80770233861 8000.0
38000.0 39000.0 112745.90552101782 0.0
39000.0 40000.0 138215.99335862446 0.0
40000.0 41000.0 88659.48453772596 288.0
41000.0 42000.0 84259.1897849474 288.0
42000.0 43000.0 97249.58240624602 0.0
43000.0 44000.0 68662.3859172916 288.0
44000.0 45000.0 95147.82356543392 0.0
45000.0 46000.0 83017.39919976066 288.0
46000.0 47000.0 89608.90600942457 288.0
47000.0 48000.0 65603.61380180353 0.0
48000.0 49000.0 95882.4682221763 288.0
49000.0 50000.0 87111.72771058133 288.0
50000.0 51000.0 86956.48892011588 0.0
51000.0 52000.0 77928.61334588143 288.0
52000.0 53000.0 133535.56941040469 288.0
53000.0 54000.0 111183.23949024867 288.0
54000.0 55000.0 80443.29569285641 0.0
55000.0 56000.0 101746.46892805427 288.0
56000.0 57000.0 102521.60055812089 288.0
57000.0 58000.0 74414.67201954186 288.0
58000.0 59000.0 149755.9325922245 0.0
59000.0 60000.0 78451.14485674437 288.0
60000.0 61000.0 99912.95729347283 0.0
61000.0 62000.0 66248.04329657964 288.0
62000.0 63000.0 70713.84222014059 0.0
63000.0 64000.0 62306.9163193841 288.0
64000.0 65000.0 59638.05798394099 0.0
65000.0 66000.0 67349.9996150648 288.0
66000.0 67000.0 65319.40744806693 0.0
67000.0 68000.0 60434.64122852351 288.0
68000.0 69000.0 60401.69021895971 0.0
69000.0 70000.0 99066.60338697355 288.0
70000.0 71000.0 81598.8747240122 288.0
71000.0 72000.0 80113.13966512843 0.0
72000.0 73000.0 51663.05115685094 0.0
73000.0 74000.0 46224.72193265223 288.0
74000.0 75000.0 45186.78112658621 0.0
75000.0 76000.0 91798.7351877962 288.0
76000.0 77000.0 65768.68201191943 0.0
77000.0 78000.0 42840.8561718742 288.0
78000.0 79000.0 99155.25748164846 0.0
79000.0 80000.0 93771.54707576458 288.0
80000.0 81000.0 107204.01543519192 288.0
81000.0 82000.0 69192.65213080257 288.0
82000.0 83000.0 44345.04889513993 0.0
83000.0 84000.0 25424.906741421713 0.0
84000.0 85000.0 28531.547976249203 0.0
85000.0 86000.0 54827.99750606851 288.0
86000.0 87000.0 67725.12370499536 0.0
87000.0 88000.0 81818.3631891534 288.0
88000.0 89000.0 82114.83931892534 288.0
89000.0 90000.0 85048.10867211543 288.0
90000.0 91000.0 104542.19800476987 0.0
91000.0 92000.0 95126.47699930915 288.0
92000.0 93000.0 116842.2739300378 288.0
93000.0 94000.0 125103.8882272982 288.0
94000.0 95000.0 102813.52047509926 288.0
95000.0 96000.0 58720.19054155563 0.0
96000.0 97000.0 5850.986541692684 288.0
97000.0 98000.0 119715.76125576237 0.0
98000.0 99000.0 150066.004465476 288.0
99000.0 100000.0 65036.93124764193 288.0
100000.0 101000.0 63300.31648942704 0.0
101000.0 102000.0 29693.95061673579 288.0
102000.0 103000.0 126804.9964802811 0.0
103000.0 104000.0 85546.56826223743 288.0
104000.0 105000.0 23946.68177832649 0.0
105000.0 106000.0 72699.60865400391 288.0
106000.0 107000.0 89346.11658360266 288.0
107000.0 108000.0 66818.25961437666 0.0
108000.0 109000.0 59510.7702479326 288.0
109000.0 110000.0 58097.349769424254 0.0
110000.0 111000.0 85346.07118105277 288.0
111000.0 112000.0 64917.060020125966 288.0
112000.0 113000.0 59080.566791900375 0.0
113000.0 114000.0 55172.852408499326 480.0
114000.0 115000.0 87144.14759150067 0.0
115000.0 116000.0 114451.8875019615 480.0
116000.0 117000.0 34304.73438140415 0.0
117000.0 118000.0 113666.45680776343 480.0
118000.0 119000.0 34392.92130887091 0.0
119000.0 120000.0 164540.29575099723 840.0
120000.0 121000.0 144935.05669732983 840.0
121000.0 122000.0 140796.64755167294 0.0
122000.0 123000.0 26138.494721208157 0.0
123000.0 124000.0 221041.391647294 840.0
124000.0 125000.0 238417.60622924787 840.0
125000.0 126000.0 13411.507402249996 0.0
126000.0 127000.0 186976.26531588924 840.0
127000.0 128000.0 103207.30842995737 1500.0
128000.0 129000.0 315139.61547335907 0.0
129000.0 130000.0 119347.62089497689 1500.0
130000.0 131000.0 329622.43648524734 1500.0
131000.0 132000.0 384824.56649431394 0.0
132000.0 133000.0 46086.18690625606 0.0
133000.0 134000.0 266248.10297089047 1500.0
134000.0 135000.0 295340.38373259123 1500.0
135000.0 136000.0 196712.023434664 0.0
136000.0 137000.0 358014.0215264121 1500.0
137000.0 138000.0 116818.01741475116 0.0
138000.0 139000.0 295609.90422326885 1500.0
139000.0 140000.0 207531.21632440866 1500.0
140000.0 141000.0 291540.13562101754 0.0
141000.0 142000.0 93767.23965076313 1500.0
142000.0 143000.0 320516.1503711452 0.0
143000.0 144000.0 301422.20087083324 1500.0
144000.0 145000.0 138646.5644677289 0.0
145000.0 146000.0 276809.80548331386 1500.0
146000.0 147000.0 258638.05446097537 1500.0
147000.0 148000.0 203679.1496247333 0.0
148000.0 149000.0 171053.05015722403 1500.0
149000.0 150000.0 292147.3192414104 0.0
150000.0 151000.0 286836.870696519 1500.0
151000.0 152000.0 114328.3002533166 0.0
152000.0 153000.0 286144.0159148969 1500.0
153000.0 154000.0 220195.80573407502 1500.0
154000.0 155000.0 404385.6602828501 0.0
155000.0 156000.0 162636.08589594322 1500.0
156000.0 157000.0 318908.5525420491 0.0
157000.0 158000.0 133762.93785415275 1500.0
158000.0 159000.0 362054.67877240805 1500.0
159000.0 160000.0 310996.6773453795 0.0
160000.0 161000.0 66076.07513227811 0.0
161000.0 162000.0 260968.85008670844 1500.0
162000.0 163000.0 382178.73755269963 1500.0
163000.0 164000.0 193958.01073717428 0.0
164000.0 165000.0 300539.6330096088 1500.0
165000.0 166000.0 113509.46030048681 0.0
166000.0 167000.0 291130.53928366967 1500.0
167000.0 168000.0 221391.2594571628 1500.0
168000.0 169000.0 345432.32317266543 0.0
169000.0 170000.0 82577.30698251133 1500.0
170000.0 171000.0 277424.8216553896 0.0
171000.0 172000.0 261147.11133840494 1500.0
172000.0 173000.0 113127.94642351815 0.0
173000.0 174000.0 274518.9856671307 1500.0
174000.0 175000.0 246966.32249013186 1500.0
175000.0 176000.0 279971.8536071991 0.0
176000.0 177000.0 114632.48215363237 1500.0
177000.0 178000.0 325971.25549407233 0.0
178000.0 179000.0 318658.998532574 1500.0
179000.0 180000.0 106398.10205525976 0.0
180000.0 181000.0 154489.70701136516 1500.0
181000.0 182000.0 280843.76253685076 1500.0
182000.0 183000.0 338518.3030034435 0.0
183000.0 184000.0 108479.27205837925 1500.0
184000.0 185000.0 278340.9580074329 0.0
185000.0 186000.0 383548.4484080443 1500.0
186000.0 187000.0 140652.54897448412 0.0
187000.0 188000.0 233844.63608401507 2300.0
188000.0 189000.0 373929.58437143074 0.0
189000.0 190000.0 364041.844093612 2300.0
190000.0 191000.0 369104.78700017364 2300.0
191000.0 192000.0 347767.85280959704 0.0
192000.0 193000.0 326322.959817629 2300.0
193000.0 194000.0 323286.41438576626 0.0
194000.0 195000.0 335247.8156740919 2300.0
195000.0 196000.0 300790.29397387843 0.0
196000.0 197000.0 169915.81178980588 0.0
197000.0 198000.0 0.0 0.0
198000.0 199000.0 221723.8584851748 2300.0
199000.0 200000.0 311731.59819622745 0.0
200000.0 201000.0 343951.82522367174 2300.0
201000.0 202000.0 334643.5435192011 0.0
202000.0 203000.0 461759.6582810805 2300.0
203000.0 204000.0 330173.97526176984 2300.0
204000.0 205000.0 344405.4335380389 0.0
205000.0 206000.0 296866.91697353707 0.0
206000.0 207000.0 267481.27622897323 2300.0
207000.0 208000.0 329800.84804213117 2300.0
208000.0 209000.0 420534.12050443364 0.0
209000.0 210000.0 387163.20635705243 840.0
210000.0 211000.0 334227.05896442884 840.0
211000.0 212000.0 65742.6804242793 0.0
212000.0 213000.0 225583.47665305293 2300.0
213000.0 214000.0 299891.41275797965 0.0
214000.0 215000.0 250189.88698487298 2300.0
215000.0 216000.0 360040.76066693163 0.0
216000.0 217000.0 352453.65632876754 2300.0
217000.0 218000.0 309405.7555081461 0.0
218000.0 219000.0 317319.3144829006 2300.0
219000.0 220000.0 349297.417189708 2300.0
220000.0 221000.0 439361.9018165648 0.0
221000.0 222000.0 383418.1349215388 2300.0
222000.0 223000.0 294254.10603135143 0.0
223000.0 224000.0 240312.97738632467 2300.0
224000.0 225000.0 301911.5715737707 0.0
225000.0 226000.0 418549.46391343867 2300.0
226000.0 227000.0 334102.9850184954 0.0
227000.0 228000.0 198922.4041104568 2300.0
228000.0 229000.0 326056.5998769251 0.0
229000.0 230000.0 392234.0734099577 2300.0
230000.0 231000.0 322616.5638094475 0.0
231000.0 232000.0 368558.6365116487 2300.0
232000.0 233000.0 331073.2589302033 0.0
233000.0 234000.0 314277.83908911597 2300.0
234000.0 235000.0 357995.0497446867 0.0
235000.0 236000.0 307421.85687681567 2300.0
236000.0 237000.0 339025.2566956327 2300.0
237000.0 238000.0 381286.92452332313 0.0
238000.0 239000.0 303093.05393731873 2300.0
239000.0 240000.0 351743.3024401197 0.0
240000.0 241000.0 231268.46822210037 0.0
241000.0 242000.0 304089.8212989926 2300.0
242000.0 243000.0 301087.4880182478 0.0
243000.0 244000.0 292337.7655471298 2300.0
244000.0 245000.0 323825.0407306381 0.0
245000.0 246000.0 352204.6114985215 2300.0
246000.0 247000.0 348579.06372404925 0.0
247000.0 248000.0 327220.96341251367 2300.0
248000.0 249000.0 378426.34216019476 2300.0
249000.0 250000.0 229885.24022032975 0.0
250000.0 251000.0 396115.62822284724 2300.0
251000.0 252000.0 341931.6654214619 0.0
252000.0 253000.0 369187.9864567662 0.0
253000.0 254000.0 293783.0199253657 2300.0
254000.0 255000.0 476076.01876727404 2300.0
255000.0 256000.0 352220.6258867823 0.0
256000.0 257000.0 429983.28681117523 2300.0
257000.0 258000.0 328324.1993107436 0.0
258000.0 259000.0 369218.4289075707 2300.0
259000.0 260000.0 264113.3398337322 0.0
260000.0 261000.0 294546.57653568184 2300.0
261000.0 262000.0 332766.1146212565 2300.0
262000.0 263000.0 371930.859232279 0.0
263000.0 264000.0 287804.80404485005 0.0
264000.0 265000.0 214724.98319719563 2300.0
265000.0 266000.0 296048.1178994817 0.0
266000.0 267000.0 399449.20560857677 2300.0
267000.0 268000.0 391222.08336203307 2300.0
268000.0 269000.0 326961.8820564347 0.0
269000.0 270000.0 374396.52691948216 2300.0
270000.0 271000.0 331330.2360414248 0.0
271000.0 272000.0 364028.95939387433 2300.0
272000.0 273000.0 309818.58694214583 0.0
273000.0 274000.0 352789.9611416426 2300.0
274000.0 275000.0 343614.07746863004 0.0
275000.0 276000.0 92077.94649949088 2300.0
276000.0 277000.0 355201.68826305645 0.0
277000.0 278000.0 347326.2477938206 2300.0
278000.0 279000.0 264259.02765319694 0.0
279000.0 280000.0 273364.99539987015 0.0
280000.0 281000.0 206570.34925268436 2300.0
281000.0 282000.0 284780.2550327111 0.0
282000.0 283000.0 339484.3075538988 2300.0
283000.0 284000.0 306735.8617352553 0.0
284000.0 285000.0 312973.2084644272 2300.0
285000.0 286000.0 315637.8041345991 0.0
286000.0 287000.0 318078.47789735877 2300.0
287000.0 288000.0 346100.2284349175 0.0
288000.0 289000.0 386883.7748269942 2300.0
289000.0 290000.0 304654.2978519391 2300.0
290000.0 291000.0 388460.4283783034 0.0
291000.0 292000.0 277749.48079655477 0.0
292000.0 293000.0 223948.04168971983 2300.0
293000.0 294000.0 283475.50104093 0.0
294000.0 295000.0 333997.8190818887 2300.0
295000.0 296000.0 293546.3155851244 0.0
296000.0 297000.0 403434.8021130017 2300.0
297000.0 298000.0 301930.1774741713 0.0
298000.0 299000.0 271076.6778504853 2300.0
299000.0 300000.0 300482.4264602382 0.0
