ts te s_bytes_all avg_video_rate
0.0 1000.0 0.0 0.0
1000.0 2000.0 0.0 0.0
2000.0 3000.0 0.0 0.0
3000.0 4000.0 0.0 0.0
4000.0 5000.0 0.0 0.0
5000.0 6000.0 0.0 0.0
6000.0 7000.0 194.68231426762432 0.0
7000.0 8000.0 23916.4035431849 480.0
8000.0 9000.0 121065.68939024018 0.0
9000.0 10000.0 140598.47365644324 288.0
10000.0 11000.0 113123.77625125181 0.0
11000.0 12000.0 121837.28222357546 288.0
12000.0 13000.0 203015.3920244204 288.0
13000.0 14000.0 139261.96542685453 288.0
14000.0 15000.0 174819.54511955185 288.0
15000.0 16000.0 147988.087466052 288.0
16000.0 17000.0 153954.69920859116 288.0
17000.0 18000.0 180226.50542798796 288.0
18000.0 19000.0 131843.0742663896 0.0
19000.0 20000.0 120649.29731729056 288.0
20000.0 21000.0 30651.126363898737 0.0
21000.0 22000.0 133040.2984836296 840.0
22000.0 23000.0 138165.24385042523 0.0
23000.0 24000.0 156035.6005927095 840.0
24000.0 25000.0 136370.45173184344 840.0
25000.0 26000.0 100530.25048816772 0.0
26000.0 27000.0 173491.73433558436 840.0
27000.0 28000.0 193125.75939103356 0.0
28000.0 29000.0 127727.05525498222 840.0
29000.0 30000.0 128888.69678406342 840.0
30000.0 31000.0 165973.67290690384 0.0
31000.0 32000.0 218466.64335645462 840.0
32000.0 33000.0 168744.0295913847 0.0
33000.0 34000.0 169459.02646683695 840.0
34000.0 35000.0 144870.37030918733 840.0
35000.0 36000.0 96955.2687117545 0.0
36000.0 37000.0 137974.1277643127 0.0
37000.0 38000.0 201574.36543620456 840.0
38000.0 39000.0 32866.40454452181 0.0
39000.0 40000.0 1422.456449349292 0.0
40000.0 41000.0 69606.55200681264 288.0
41000.0 42000.0 223138.18400392504 288.0
42000.0 43000.0 111405.97670514525 288.0
43000.0 44000.0 132622.65598361578 0.0
44000.0 45000.0 459.1748511520249 0.0
45000.0 46000.0 10940.53265831415 0.0
46000.0 47000.0 153807.46734168584 288.0
47000.0 48000.0 26397.806317596056 288.0
48000.0 49000.0 206625.19368240397 288.0
49000.0 50000.0 8276.194384821178 0.0
50000.0 51000.0 81146.69144237794 4400.0
51000.0 52000.0 309997.3982849077 0.0
52000.0 53000.0 402517.5327810914 4400.0
53000.0 54000.0 499911.605557441 0.0
54000.0 55000.0 462703.5889907448 0.0
55000.0 56000.0 356518.68645267206 4400.0
56000.0 57000.0 438343.8249503024 0.0
57000.0 58000.0 398278.75052892027 0.0
58000.0 59000.0 360081.75445253274 0.0
59000.0 60000.0 416199.7973367476 4400.0
60000.0 61000.0 403525.1187294877 0.0
61000.0 62000.0 395839.5786795771 0.0
62000.0 63000.0 428118.43192989833 4400.0
63000.0 64000.0 390273.2901968223 0.0
64000.0 65000.0 351814.7351137163 0.0
65000.0 66000.0 381905.0664755649 4400.0
66000.0 67000.0 389437.95371237426 0.0
67000.0 68000.0 217484.74929777658 840.0
68000.0 69000.0 307734.85374247836 840.0
69000.0 70000.0 217625.6884942385 0.0
70000.0 71000.0 390981.5716121324 840.0
71000.0 72000.0 375184.95213906746 840.0
72000.0 73000.0 372166.7911029627 840.0
73000.0 74000.0 292557.8427169134 840.0
74000.0 75000.0 95411.33853678533 840.0
75000.0 76000.0 231193.41563646065 0.0
76000.0 77000.0 77496.1341528564 840.0
77000.0 78000.0 174834.8806111554 0.0
78000.0 79000.0 85167.30652443659 3000.0
79000.0 80000.0 318308.94637745834 0.0
80000.0 81000.0 377149.00043015357 3000.0
81000.0 82000.0 382706.7024735783 0.0
82000.0 83000.0 324186.2007855914 0.0
83000.0 84000.0 92003.62536595465 0.0
84000.0 85000.0 269607.9783944647 3000.0
85000.0 86000.0 361585.09760557016 0.0
86000.0 87000.0 477272.95268594136 1500.0
87000.0 88000.0 305940.6346463634 1500.0
88000.0 89000.0 520335.28900712606 0.0
89000.0 90000.0 170317.58683159665 840.0
90000.0 91000.0 309285.0534717332 840.0
91000.0 92000.0 216666.2254800751 840.0
92000.0 93000.0 182270.1818771295 0.0
93000.0 94000.0 61595.083795498795 2300.0
94000.0 95000.0 331001.94993845554 0.0
95000.0 96000.0 263412.29866915644 2300.0
96000.0 97000.0 327962.2646430101 0.0
97000.0 98000.0 232557.35885995143 2300.0
98000.0 99000.0 345878.33327333874 0.0
99000.0 100000.0 263928.00024565455 2300.0
100000.0 101000.0 301850.87553153024 0.0
101000.0 102000.0 355825.60848516703 2300.0
102000.0 103000.0 319446.81637127756 0.0
103000.0 104000.0 252854.30890849704 2300.0
104000.0 105000.0 301151.0628336126 0.0
105000.0 106000.0 254301.78539668256 2300.0
106000.0 107000.0 229876.39101800803 0.0
107000.0 108000.0 292757.73951711383 0.0
108000.0 109000.0 355949.59822234476 2300.0
109000.0 110000.0 313350.90935482347 0.0
110000.0 111000.0 3612.6149358772677 0.0
111000.0 112000.0 132395.23941690897 840.0
112000.0 113000.0 249547.46606920412 840.0
113000.0 114000.0 161036.35556652435 840.0
114000.0 115000.0 204191.58657037208 0.0
115000.0 116000.0 32619.779564858152 2300.0
116000.0 117000.0 157173.48135951208 0.0
117000.0 118000.0 279710.12673280976 0.0
118000.0 119000.0 391209.04331836675 2300.0
119000.0 120000.0 299380.77769943135 2300.0
120000.0 121000.0 356394.16676899657 0.0
121000.0 122000.0 229454.55180500256 2300.0
122000.0 123000.0 38938.19856964561 0.0
123000.0 124000.0 159593.72986412264 0.0
124000.0 125000.0 291783.18843050714 0.0
125000.0 126000.0 381453.4502031205 840.0
126000.0 127000.0 54152.85806061737 0.0
127000.0 128000.0 0.0 0.0
128000.0 129000.0 261.2411292972614 0.0
129000.0 130000.0 2661.1431705948257 0.0
130000.0 131000.0 194946.52351920874 480.0
131000.0 132000.0 340014.3890703224 480.0
132000.0 133000.0 313988.61386180134 480.0
133000.0 134000.0 37351.55791206178 0.0
134000.0 135000.0 457.5313367136391 0.0
135000.0 136000.0 37742.80112577099 480.0
136000.0 137000.0 103077.19887422901 0.0
137000.0 138000.0 53149.47536510596 1500.0
138000.0 139000.0 340010.9842602768 1500.0
139000.0 140000.0 341411.5885671705 0.0
140000.0 141000.0 356545.58251634426 1500.0
141000.0 142000.0 194623.04869024808 2300.0
142000.0 143000.0 276915.1495858827 0.0
143000.0 144000.0 277712.361521883 2300.0
144000.0 145000.0 330075.89019594033 0.0
145000.0 146000.0 208214.9192971484 0.0
146000.0 147000.0 2913.0 0.0
147000.0 148000.0 0.0 0.0
148000.0 149000.0 547.8931609299959 0.0
149000.0 150000.0 34211.65544722303 1500.0
150000.0 151000.0 386730.24413270986 0.0
151000.0 152000.0 385710.74425805616 1500.0
152000.0 153000.0 347149.39433438005 1500.0
153000.0 154000.0 332975.01883138355 1500.0
154000.0 155000.0 380987.1860082521 1500.0
155000.0 156000.0 301929.43700085685 1500.0
156000.0 157000.0 256986.42682620845 0.0
157000.0 158000.0 56344.0475575587 2300.0
158000.0 159000.0 334219.19375265 0.0
159000.0 160000.0 283146.5477274584 2300.0
160000.0 161000.0 308930.61829853174 0.0
161000.0 162000.0 303451.8704685116 2300.0
162000.0 163000.0 345312.1787888226 0.0
163000.0 164000.0 242705.1204719075 2300.0
164000.0 165000.0 329043.68767308426 0.0
165000.0 166000.0 278486.19841204904 2300.0
166000.0 167000.0 303666.7822169237 0.0
167000.0 168000.0 312116.6158377759 2300.0
168000.0 169000.0 331576.9170126458 0.0
169000.0 170000.0 224940.79349842347 2300.0
170000.0 171000.0 357024.3019541598 0.0
171000.0 172000.0 339497.36382023623 2300.0
172000.0 173000.0 312930.2406368005 0.0
173000.0 174000.0 237450.73138553908 2300.0
174000.0 175000.0 311106.83442222094 0.0
175000.0 176000.0 232601.28184281624 2300.0
176000.0 177000.0 308952.2318411551 0.0
177000.0 178000.0 350650.04253074474 2300.0
178000.0 179000.0 309426.30661837675 0.0
179000.0 180000.0 396419.15859883727 2300.0
180000.0 181000.0 338376.84290111734 0.0
181000.0 182000.0 365889.030459248 2300.0
182000.0 183000.0 283109.215687844 0.0
183000.0 184000.0 2583.845584561199 0.0
184000.0 185000.0 73112.33421406036 2300.0
185000.0 186000.0 349218.06483870326 0.0
186000.0 187000.0 357053.0583946996 1500.0
187000.0 188000.0 356037.7830038512 1500.0
188000.0 189000.0 297422.19359437824 0.0
189000.0 190000.0 322265.99473294464 1500.0
190000.0 191000.0 314032.77607723523 1500.0
191000.0 192000.0 281776.43197743874 2300.0
192000.0 193000.0 303165.4115473075 0.0
193000.0 194000.0 259736.0215982783 2300.0
194000.0 195000.0 330942.07023335056 0.0
195000.0 196000.0 292773.84499612387 2300.0
196000.0 197000.0 346842.1552458055 0.0
197000.0 198000.0 210591.8595458231 0.0
198000.0 199000.0 0.0 0.0
199000.0 200000.0 51890.86279315136 2300.0
200000.0 201000.0 333115.3971552365 0.0
201000.0 202000.0 402348.7543211791 1500.0
202000.0 203000.0 333728.1109906703 1500.0
203000.0 204000.0 365075.91227355663 1500.0
204000.0 205000.0 250441.66088342422 0.0
205000.0 206000.0 104259.84822746254 2300.0
206000.0 207000.0 320318.87123152835 0.0
207000.0 208000.0 280043.6865715564 2300.0
208000.0 209000.0 344821.29135307955 0.0
209000.0 210000.0 220026.2102092972 2300.0
210000.0 211000.0 293591.4853413052 0.0
211000.0 212000.0 330072.01864085946 2300.0
212000.0 213000.0 376402.14036762563 0.0
213000.0 214000.0 254748.2197700444 2300.0
214000.0 215000.0 305158.0103461238 0.0
215000.0 216000.0 382245.9587784423 2300.0
216000.0 217000.0 376320.1568767929 0.0
217000.0 218000.0 295859.0066644529 2300.0
218000.0 219000.0 310049.4391959676 0.0
219000.0 220000.0 352076.86953765847 2300.0
220000.0 221000.0 373482.80626458034 2300.0
221000.0 222000.0 285205.86926640675 0.0
222000.0 223000.0 413793.5119571141 2300.0
223000.0 224000.0 386818.8997968829 0.0
224000.0 225000.0 308423.9372601682 2300.0
225000.0 226000.0 354598.07278538315 0.0
226000.0 227000.0 299762.631573571 2300.0
227000.0 228000.0 343603.436289835 0.0
228000.0 229000.0 318892.171508297 2300.0
229000.0 230000.0 356799.1422030741 2300.0
230000.0 231000.0 320137.9271800885 0.0
231000.0 232000.0 300800.8680018409 0.0
232000.0 233000.0 219512.00019922786 2300.0
233000.0 234000.0 367006.84204895457 0.0
234000.0 235000.0 294481.0425509311 2300.0
235000.0 236000.0 352464.72171483544 2300.0
236000.0 237000.0 276712.9105822425 0.0
237000.0 238000.0 244707.33100623786 0.0
238000.0 239000.0 935.9662809139256 0.0
239000.0 240000.0 34405.10706351754 2300.0
240000.0 241000.0 266494.1041972534 0.0
241000.0 242000.0 343205.8305153881 1500.0
242000.0 243000.0 411914.3974639439 1500.0
243000.0 244000.0 243497.56075989694 0.0
244000.0 245000.0 161572.0 1500.0
245000.0 246000.0 391859.938595448 0.0
246000.0 247000.0 325038.1239533989 1500.0
247000.0 248000.0 134567.8974426082 2300.0
248000.0 249000.0 301874.630957108 0.0
249000.0 250000.0 226978.4090514369 0.0
250000.0 251000.0 0.0 0.0
251000.0 252000.0 51354.5321471037 2300.0
252000.0 253000.0 338661.17285034055 0.0
253000.0 254000.0 299529.3335420504 1500.0
254000.0 255000.0 331865.3994723216 1500.0
255000.0 256000.0 369701.8923028046 0.0
256000.0 257000.0 230747.2311845986 1500.0
257000.0 258000.0 244371.51077929314 1500.0
258000.0 259000.0 280112.7850637215 0.0
259000.0 260000.0 97238.58147992131 1500.0
260000.0 261000.0 315433.8260652779 0.0
261000.0 262000.0 90720.68890401795 2300.0
262000.0 263000.0 347009.2629160847 0.0
263000.0 264000.0 330080.95726538124 2300.0
264000.0 265000.0 378857.8639323079 0.0
265000.0 266000.0 275058.79670564784 2300.0
266000.0 267000.0 360353.8721302398 0.0
267000.0 268000.0 306067.13509100885 2300.0
268000.0 269000.0 354629.8569954401 2300.0
269000.0 270000.0 347916.1552918133 0.0
270000.0 271000.0 347804.1286808291 2300.0
271000.0 272000.0 362486.88144622813 0.0
272000.0 273000.0 393953.9447459552 2300.0
273000.0 274000.0 305127.6460297241 0.0
274000.0 275000.0 338380.7095074139 2300.0
275000.0 276000.0 217806.86691294657 0.0
276000.0 277000.0 269856.59504471306 2300.0
277000.0 278000.0 340831.2962500951 0.0
278000.0 279000.0 338902.6082211914 2300.0
279000.0 280000.0 330507.75182352477 0.0
280000.0 281000.0 397309.0510823379 2300.0
281000.0 282000.0 273980.4968155061 2300.0
282000.0 283000.0 331208.24158471345 0.0
283000.0 284000.0 247446.74680984506 2300.0
284000.0 285000.0 392108.9427918136 0.0
285000.0 286000.0 310422.29435704555 2300.0
286000.0 287000.0 343335.5972249736 0.0
287000.0 288000.0 242203.47666961447 2300.0
288000.0 289000.0 314519.2740369436 0.0
289000.0 290000.0 307209.373122431 2300.0
290000.0 291000.0 291169.5750009967 0.0
291000.0 292000.0 316068.4861151204 2300.0
292000.0 293000.0 348344.5941509023 0.0
293000.0 294000.0 209311.6347045491 2300.0
294000.0 295000.0 324214.6269128003 0.0
295000.0 296000.0 307107.7486133371 2300.0
296000.0 297000.0 327203.2143264269 0.0
297000.0 298000.0 252027.18144953912 2300.0
298000.0 299000.0 295027.8955463026 0.0
299000.0 300000.0 338531.8384798034 2300.0
