ts te s_bytes_all avg_video_rate
0.0 1000.0 0.0 0.0
1000.0 2000.0 0.0 0.0
2000.0 3000.0 0.0 0.0
3000.0 4000.0 0.0 0.0
4000.0 5000.0 0.0 0.0
5000.0 6000.0 0.0 0.0
6000.0 7000.0 0.0 0.0
7000.0 8000.0 0.0 0.0
8000.0 9000.0 0.0 0.0
9000.0 10000.0 0.0 0.0
10000.0 11000.0 0.0 0.0
11000.0 12000.0 4794.0 0.0
12000.0 13000.0 3984.753984419112 0.0
13000.0 14000.0 3163.225317055036 480.0
14000.0 15000.0 23960.268269303382 0.0
15000.0 16000.0 100223.62152811326 480.0
16000.0 17000.0 7927.130901109219 0.0
17000.0 18000.0 28519.58892476463 288.0
18000.0 19000.0 70235.39363378368 0.0
19000.0 20000.0 60870.35555458652 288.0
20000.0 21000.0 52014.661886865186 0.0
21000.0 22000.0 8490.333088198571 0.0
22000.0 23000.0 7446.40208354489 0.0
23000.0 24000.0 7678.357043383309 0.0
24000.0 25000.0 5496.954609618666 0.0
25000.0 26000.0 21982.814235060687 288.0
26000.0 27000.0 54050.39005805273 0.0
27000.0 28000.0 86719.06140838139 288.0
28000.0 29000.0 87840.60505014274 288.0
29000.0 30000.0 76241.50084257775 0.0
30000.0 31000.0 103264.75002799998 288.0
31000.0 32000.0 125607.48724316382 288.0
32000.0 33000.0 132059.74316871443 288.0
33000.0 34000.0 115623.94281860453 288.0
34000.0 35000.0 112475.0669656966 288.0
35000.0 36000.0 75733.06919792181 0.0
36000.0 37000.0 43968.076899390086 0.0
37000.0 38000.0 32382.79305088508 288.0
38000.0 39000.0 124625.21165066345 0.0
39000.0 40000.0 110516.36011253059 288.0
40000.0 41000.0 37022.89172504576 0.0
41000.0 42000.0 16455.292404370557 0.0
42000.0 43000.0 46178.98500196647 0.0
43000.0 44000.0 65401.57339360463 288.0
44000.0 45000.0 59699.99086405011 288.0
45000.0 46000.0 123846.83469897149 288.0
46000.0 47000.0 116161.27472620242 288.0
47000.0 48000.0 132751.17249350017 288.0
48000.0 49000.0 91965.3353481704 0.0
49000.0 50000.0 67286.06098692867 288.0
50000.0 51000.0 46300.30567542304 0.0
51000.0 52000.0 94859.75623874048 480.0
52000.0 53000.0 104598.66696440738 0.0
53000.0 54000.0 50601.30491184066 0.0
54000.0 55000.0 27395.22289860705 480.0
55000.0 56000.0 157152.25357455714 0.0
56000.0 57000.0 22455.306705696566 480.0
57000.0 58000.0 108765.80395181096 0.0
58000.0 59000.0 47820.97503211183 480.0
59000.0 60000.0 67452.0875900938 0.0
60000.0 61000.0 72251.36033855932 480.0
61000.0 62000.0 79124.24447882394 0.0
62000.0 63000.0 80607.82139287656 288.0
63000.0 64000.0 69564.90323699474 0.0
64000.0 65000.0 107521.71181661122 288.0
65000.0 66000.0 114274.67186282582 288.0
66000.0 67000.0 74264.23134458064 288.0
67000.0 68000.0 67066.59422951312 0.0
68000.0 69000.0 41345.35176178913 288.0
69000.0 70000.0 90096.91957454575 0.0
70000.0 71000.0 47427.26260476501 288.0
71000.0 72000.0 85600.87549846117 0.0
72000.0 73000.0 46498.787544429 288.0
73000.0 74000.0 72881.99972960178 0.0
74000.0 75000.0 74233.16455718069 288.0
75000.0 76000.0 20930.092095678472 0.0
76000.0 77000.0 84606.62197495981 288.0
77000.0 78000.0 32548.199453569956 0.0
78000.0 79000.0 83858.85749055355 288.0
79000.0 80000.0 14419.937215409253 0.0
80000.0 81000.0 99322.2474369823 288.0
81000.0 82000.0 18050.06334284006 0.0
82000.0 83000.0 74211.49409268578 288.0
83000.0 84000.0 11909.938063422613 0.0
84000.0 85000.0 103709.11102012667 288.0
85000.0 86000.0 17486.523101582974 0.0
86000.0 87000.0 96613.99017556653 288.0
87000.0 88000.0 49319.556877576695 288.0
88000.0 89000.0 92492.39395231662 0.0
89000.0 90000.0 97366.34054913165 840.0
90000.0 91000.0 90804.3872982973 0.0
91000.0 92000.0 72574.23786268663 840.0
92000.0 93000.0 28738.57411975183 0.0
93000.0 94000.0 45882.04093524294 0.0
94000.0 95000.0 55786.43984419991 0.0
95000.0 96000.0 57473.01295962969 288.0
96000.0 97000.0 68783.8136463437 0.0
97000.0 98000.0 51162.87048877935 0.0
98000.0 99000.0 80385.88125840703 288.0
99000.0 100000.0 79527.43005218616 288.0
100000.0 101000.0 83662.5396896832 288.0
101000.0 102000.0 81769.87433640253 0.0
102000.0 103000.0 67824.20363645379 288.0
103000.0 104000.0 60933.41411990026 288.0
104000.0 105000.0 79756.28226839217 0.0
105000.0 106000.0 72968.53775751419 288.0
106000.0 107000.0 27236.96174157602 0.0
107000.0 108000.0 78667.39928411243 288.0
108000.0 109000.0 22664.039008117645 0.0
109000.0 110000.0 71057.06557377499 288.0
110000.0 111000.0 36318.472895802865 288.0
111000.0 112000.0 61354.954313381175 0.0
112000.0 113000.0 62162.7657529307 288.0
113000.0 114000.0 83037.83591281762 0.0
114000.0 115000.0 27873.756453638172 288.0
115000.0 116000.0 76095.28236174799 0.0
116000.0 117000.0 35134.69528997557 288.0
117000.0 118000.0 53525.38713931563 0.0
118000.0 119000.0 50912.22503780925 288.0
119000.0 120000.0 64368.44700667082 0.0
120000.0 121000.0 44131.230924482436 288.0
121000.0 122000.0 55563.65947538451 0.0
122000.0 123000.0 60582.557234772685 288.0
123000.0 124000.0 67318.68532057409 0.0
124000.0 125000.0 90279.50285825499 288.0
125000.0 126000.0 26635.254586398263 0.0
126000.0 127000.0 16108.314413332106 288.0
127000.0 128000.0 85162.49829873782 0.0
128000.0 129000.0 82883.18728793008 288.0
129000.0 130000.0 20041.55045274878 288.0
130000.0 131000.0 72493.44954725122 0.0
131000.0 132000.0 18012.153086949715 288.0
132000.0 133000.0 78351.84691305028 0.0
133000.0 134000.0 26435.38471446575 480.0
134000.0 135000.0 113339.61528553424 0.0
135000.0 136000.0 106097.85659307564 480.0
136000.0 137000.0 43752.143406924355 0.0
137000.0 138000.0 16702.50313200059 840.0
138000.0 139000.0 224005.4968679994 0.0
139000.0 140000.0 145707.88447041868 840.0
140000.0 141000.0 75458.11552958134 0.0
141000.0 142000.0 140197.83122377726 840.0
142000.0 143000.0 69677.16877622272 0.0
143000.0 144000.0 150831.611600017 840.0
144000.0 145000.0 108962.388399983 0.0
145000.0 146000.0 150332.39973891812 840.0
146000.0 147000.0 72915.60026108187 0.0
147000.0 148000.0 162405.28342783212 1500.0
148000.0 149000.0 235569.21859563404 0.0
149000.0 150000.0 385231.4374699417 1500.0
150000.0 151000.0 31397.288003572852 0.0
151000.0 152000.0 366452.13373375544 1500.0
152000.0 153000.0 35025.638769263904 0.0
153000.0 154000.0 368645.4161413883 1500.0
154000.0 155000.0 47811.77371792501 0.0
155000.0 156000.0 351038.2457431371 1500.0
156000.0 157000.0 40083.23121819837 0.0
157000.0 158000.0 339640.95585581765 1500.0
158000.0 159000.0 56022.944083565795 0.0
159000.0 160000.0 338840.634651948 1500.0
160000.0 161000.0 227992.91397063312 1500.0
161000.0 162000.0 314020.60657536605 0.0
162000.0 163000.0 215026.85179606068 1500.0
163000.0 164000.0 219720.26732439874 0.0
164000.0 165000.0 199678.57393210303 1500.0
165000.0 166000.0 202286.1957450775 0.0
166000.0 167000.0 194664.45508779603 1500.0
167000.0 168000.0 209600.8738707054 0.0
168000.0 169000.0 201114.95651009728 1500.0
169000.0 170000.0 225603.72116606424 0.0
170000.0 171000.0 365242.5967978186 1500.0
171000.0 172000.0 32195.785811899146 0.0
172000.0 173000.0 166588.72176089956 2300.0
173000.0 174000.0 314088.73598395434 0.0
174000.0 175000.0 380359.15387496 2300.0
175000.0 176000.0 319341.6146176119 0.0
176000.0 177000.0 223314.37560808845 2300.0
177000.0 178000.0 322380.19538604515 0.0
178000.0 179000.0 315392.03651343565 840.0
179000.0 180000.0 89725.3302582912 1500.0
180000.0 181000.0 366511.24106914015 0.0
181000.0 182000.0 52343.942234121976 1500.0
182000.0 183000.0 354545.6526934516 0.0
183000.0 184000.0 0.0 0.0
184000.0 185000.0 367770.3151065098 1500.0
185000.0 186000.0 225476.30590472804 1500.0
186000.0 187000.0 219531.33176269388 0.0
187000.0 188000.0 201689.82722772023 1500.0
188000.0 189000.0 219151.4762235686 0.0
189000.0 190000.0 216536.51846091833 1500.0
190000.0 191000.0 219632.51647638978 0.0
191000.0 192000.0 199036.15999177098 1500.0
192000.0 193000.0 207642.51253779908 0.0
193000.0 194000.0 200842.96702616138 1500.0
194000.0 195000.0 224011.2529233123 0.0
195000.0 196000.0 346593.61879074445 1500.0
196000.0 197000.0 32127.19756768307 0.0
197000.0 198000.0 189149.8498504059 1500.0
198000.0 199000.0 228864.7994308413 0.0
199000.0 200000.0 354197.191895971 1500.0
200000.0 201000.0 20973.158822781774 0.0
201000.0 202000.0 359452.10498158255 1500.0
202000.0 203000.0 49724.608580369386 0.0
203000.0 204000.0 374579.6837053375 2300.0
204000.0 205000.0 228169.60273271054 2300.0
205000.0 206000.0 228616.79557950835 0.0
206000.0 207000.0 366935.5406105312 2300.0
207000.0 208000.0 354101.5610696881 0.0
208000.0 209000.0 92031.10274027231 0.0
209000.0 210000.0 374994.5735794554 2300.0
210000.0 211000.0 268700.3402754329 2300.0
211000.0 212000.0 398439.0071359927 0.0
212000.0 213000.0 211140.17624293538 2300.0
213000.0 214000.0 416768.9928814728 0.0
214000.0 215000.0 301805.6675958693 2300.0
215000.0 216000.0 381833.04109700286 0.0
216000.0 217000.0 307009.10668133426 2300.0
217000.0 218000.0 296728.8209987044 0.0
218000.0 219000.0 165117.73377682542 2300.0
219000.0 220000.0 306024.0723577739 0.0
220000.0 221000.0 266238.5281954796 2300.0
221000.0 222000.0 414434.55217568966 0.0
222000.0 223000.0 304261.22966050263 2300.0
223000.0 224000.0 385365.72792922624 0.0
224000.0 225000.0 214280.86196308798 2300.0
225000.0 226000.0 422873.3009832091 0.0
226000.0 227000.0 340855.0997085363 2300.0
227000.0 228000.0 409159.4353631147 2300.0
228000.0 229000.0 314098.968939457 0.0
229000.0 230000.0 304184.01516760455 2300.0
230000.0 231000.0 388813.2591594009 0.0
231000.0 232000.0 192396.8314010373 2300.0
232000.0 233000.0 327884.9372097349 0.0
233000.0 234000.0 412314.5887797064 2300.0
234000.0 235000.0 297870.75049530045 0.0
235000.0 236000.0 378957.79656272527 2300.0
236000.0 237000.0 357388.08402795845 0.0
237000.0 238000.0 266931.0247832213 2300.0
238000.0 239000.0 311604.225664646 0.0
239000.0 240000.0 362887.76481484715 2300.0
240000.0 241000.0 283427.4243104922 0.0
241000.0 242000.0 250907.06460333988 2300.0
242000.0 243000.0 305710.1647484256 0.0
243000.0 244000.0 360666.76273384684 2300.0
244000.0 245000.0 318187.82469547767 0.0
245000.0 246000.0 313428.0941788685 2300.0
246000.0 247000.0 378946.3353546371 0.0
247000.0 248000.0 382027.15528968576 2300.0
248000.0 249000.0 255249.71542773652 2300.0
249000.0 250000.0 331228.7821221546 0.0
250000.0 251000.0 298776.3739427089 2300.0
251000.0 252000.0 445600.3861590338 0.0
252000.0 253000.0 174842.40082630748 0.0
253000.0 254000.0 367964.6243091938 2300.0
254000.0 255000.0 268258.05343188543 2300.0
255000.0 256000.0 405589.1080642566 0.0
256000.0 257000.0 189483.62943775026 2300.0
257000.0 258000.0 404346.531777798 0.0
258000.0 259000.0 318292.3698903038 2300.0
259000.0 260000.0 370418.0639956274 0.0
260000.0 261000.0 181765.73366033586 2300.0
261000.0 262000.0 397647.80380353326 0.0
262000.0 263000.0 324571.03488045745 2300.0
263000.0 264000.0 347196.3285001101 0.0
264000.0 265000.0 205492.39970606362 2300.0
265000.0 266000.0 345211.6889683973 0.0
266000.0 267000.0 354040.6785830875 2300.0
267000.0 268000.0 391869.4872665061 0.0
268000.0 269000.0 273805.5656501368 2300.0
269000.0 270000.0 379552.87066107756 0.0
270000.0 271000.0 308252.21323399286 2300.0
271000.0 272000.0 267011.9489726547 0.0
272000.0 273000.0 310458.27258663264 2300.0
273000.0 274000.0 311457.89332528657 2300.0
274000.0 275000.0 334662.894635579 0.0
275000.0 276000.0 305939.74868682696 2300.0
276000.0 277000.0 359407.8187784437 0.0
277000.0 278000.0 218664.33740393765 2300.0
278000.0 279000.0 351649.7437197926 0.0
279000.0 280000.0 403839.0899593792 2300.0
280000.0 281000.0 324939.83781184774 0.0
281000.0 282000.0 175405.17447785992 2300.0
282000.0 283000.0 312936.1625747338 0.0
283000.0 284000.0 409366.813806257 2300.0
284000.0 285000.0 276428.8540675093 0.0
285000.0 286000.0 285472.7088907058 2300.0
286000.0 287000.0 306893.800683399 0.0
287000.0 288000.0 394556.740700183 2300.0
288000.0 289000.0 307406.08363184385 0.0
289000.0 290000.0 334294.449077366 2300.0
290000.0 291000.0 350565.44038924784 0.0
291000.0 292000.0 156316.98099121574 2300.0
292000.0 293000.0 304890.352519904 0.0
293000.0 294000.0 382077.4624335831 2300.0
294000.0 295000.0 321738.8425183511 0.0
295000.0 296000.0 410126.4776045193 2300.0
296000.0 297000.0 324848.02024596167 2300.0
297000.0 298000.0 408919.2804629566 0.0
298000.0 299000.0 250727.38878957994 2300.0
299000.0 300000.0 430684.2137555127 0.0
300000.0 301000.0 157483.98067841592 0.0
