ts te s_bytes_all avg_video_rate
0.0 1000.0 0.0 0.0
1000.0 2000.0 0.0 0.0
2000.0 3000.0 0.0 0.0
3000.0 4000.0 0.0 0.0
4000.0 5000.0 0.0 0.0
5000.0 6000.0 141110.33027308626 840.0
6000.0 7000.0 349360.06281899964 840.0
7000.0 8000.0 395370.7947390404 840.0
8000.0 9000.0 336579.1716910888 840.0
9000.0 10000.0 289286.74127130443 840.0
10000.0 11000.0 319692.00379974145 840.0
11000.0 12000.0 346498.6221192524 0.0
12000.0 13000.0 2133.6387905006613 0.0
13000.0 14000.0 7027.634496985935 0.0
14000.0 15000.0 5025.103197965536 0.0
15000.0 16000.0 6290.896802034464 0.0
16000.0 17000.0 4483.638857376755 0.0
17000.0 18000.0 31419.215847282896 0.0
18000.0 19000.0 84036.59907549623 288.0
19000.0 20000.0 250556.54621984414 288.0
20000.0 21000.0 141944.11154578568 0.0
21000.0 22000.0 46027.11976827872 0.0
22000.0 23000.0 84078.7686859356 288.0
23000.0 24000.0 112247.07640577792 840.0
24000.0 25000.0 131096.92359422208 0.0
25000.0 26000.0 109628.40983412608 840.0
26000.0 27000.0 114256.59016587392 0.0
27000.0 28000.0 96809.98075719335 1500.0
28000.0 29000.0 229478.90809040016 0.0
29000.0 30000.0 213883.63736037485 1500.0
30000.0 31000.0 226523.4448181857 0.0
31000.0 32000.0 251618.8009503823 1500.0
32000.0 33000.0 206512.88230445946 0.0
33000.0 34000.0 218669.6875940294 1500.0
34000.0 35000.0 189707.74547549282 0.0
35000.0 36000.0 189961.0120052146 1500.0
36000.0 37000.0 206168.84512513026 0.0
37000.0 38000.0 205822.07636866925 1500.0
38000.0 39000.0 197133.38714017003 0.0
39000.0 40000.0 175773.0402991692 1500.0
40000.0 41000.0 244390.70969147244 0.0
41000.0 42000.0 340599.1038796331 1500.0
42000.0 43000.0 87416.49343175688 0.0
43000.0 44000.0 337880.9976161846 1500.0
44000.0 45000.0 28751.17441282559 0.0
45000.0 46000.0 348394.5800519429 1500.0
46000.0 47000.0 114509.13113175871 0.0
47000.0 48000.0 302544.451705959 1500.0
48000.0 49000.0 121024.66445196513 0.0
49000.0 50000.0 306786.89498616767 1500.0
50000.0 51000.0 46223.742445192736 0.0
51000.0 52000.0 362986.8625820619 1500.0
52000.0 53000.0 101497.57656064726 1500.0
53000.0 54000.0 378569.3774187704 0.0
54000.0 55000.0 18614.791344790247 0.0
55000.0 56000.0 351648.5754483505 1500.0
56000.0 57000.0 227834.51544081024 1500.0
57000.0 58000.0 221567.1619523987 0.0
58000.0 59000.0 200480.62978286415 2300.0
59000.0 60000.0 316260.3822991098 0.0
60000.0 61000.0 392753.05659225705 2300.0
61000.0 62000.0 319750.8357387247 0.0
62000.0 63000.0 190044.81503950272 2300.0
63000.0 64000.0 358070.93684088613 0.0
64000.0 65000.0 222674.1050626201 2300.0
65000.0 66000.0 405103.14054919453 0.0
66000.0 67000.0 367257.69120035786 2300.0
67000.0 68000.0 363634.7661157997 2300.0
68000.0 69000.0 311561.9469939057 0.0
69000.0 70000.0 242745.83365903096 0.0
70000.0 71000.0 320381.5707704144 2300.0
71000.0 72000.0 308892.58699479833 2300.0
72000.0 73000.0 389921.12434369745 0.0
73000.0 74000.0 128603.86566124046 0.0
74000.0 75000.0 377552.17755437526 2300.0
75000.0 76000.0 352453.11294879706 2300.0
76000.0 77000.0 244646.02447725547 0.0
77000.0 78000.0 404154.1141399528 2300.0
78000.0 79000.0 262312.76195718173 0.0
79000.0 80000.0 390500.5157177298 2300.0
80000.0 81000.0 302343.7178177083 0.0
81000.0 82000.0 324974.2021708324 2300.0
82000.0 83000.0 296486.7580768805 0.0
83000.0 84000.0 364144.11317891977 2300.0
84000.0 85000.0 240173.9775434512 0.0
85000.0 86000.0 201520.62537335447 2300.0
86000.0 87000.0 322320.6523872053 0.0
87000.0 88000.0 446326.35330374626 2300.0
88000.0 89000.0 352218.05535938486 0.0
89000.0 90000.0 187581.49012022567 2300.0
90000.0 91000.0 301330.5832159025 0.0
91000.0 92000.0 374332.3668581426 2300.0
92000.0 93000.0 295903.30601410393 0.0
93000.0 94000.0 416853.5558973511 2300.0
94000.0 95000.0 323628.2897200247 0.0
95000.0 96000.0 351520.60398040875 2300.0
96000.0 97000.0 384415.62601919554 2300.0
97000.0 98000.0 362144.13025359245 0.0
98000.0 99000.0 188966.34542831394 0.0
99000.0 100000.0 336686.41200162267 2300.0
100000.0 101000.0 387695.07241812686 2300.0
101000.0 102000.0 317474.0830383314 0.0
102000.0 103000.0 301549.02494047716 2300.0
103000.0 104000.0 341304.8590652447 0.0
104000.0 105000.0 220380.97885431006 2300.0
105000.0 106000.0 370083.76364543365 0.0
106000.0 107000.0 226339.11942557473 2300.0
107000.0 108000.0 429555.2171221806 0.0
108000.0 109000.0 311109.385260271 2300.0
109000.0 110000.0 341619.4080745869 0.0
110000.0 111000.0 79533.67615384035 2300.0
111000.0 112000.0 374903.5455459836 0.0
112000.0 113000.0 357399.5778740038 2300.0
113000.0 114000.0 405695.72737748997 0.0
114000.0 115000.0 321516.0960729417 2300.0
115000.0 116000.0 256463.35664792714 0.0
116000.0 117000.0 94881.80684292087 2300.0
117000.0 118000.0 395643.39577626163 0.0
118000.0 119000.0 428913.622069955 2300.0
119000.0 120000.0 253499.2427693349 0.0
120000.0 121000.0 381959.9691455678 2300.0
121000.0 122000.0 304798.32004780683 2300.0
122000.0 123000.0 299939.98753929074 0.0
123000.0 124000.0 376217.85538008023 2300.0
124000.0 125000.0 341453.91067221743 0.0
125000.0 126000.0 429540.2318694129 2300.0
126000.0 127000.0 299000.44421283767 0.0
127000.0 128000.0 172831.2114949465 0.0
128000.0 129000.0 320727.0122315949 2300.0
129000.0 130000.0 419706.5527225142 2300.0
130000.0 131000.0 263190.41311180365 0.0
131000.0 132000.0 408528.5588889141 2300.0
132000.0 133000.0 303285.2270245235 0.0
133000.0 134000.0 358209.1240439873 2300.0
134000.0 135000.0 305697.15891418216 0.0
135000.0 136000.0 297695.0522897246 2300.0
136000.0 137000.0 327227.5550123651 0.0
137000.0 138000.0 134335.59608087523 2300.0
138000.0 139000.0 401960.87122915254 0.0
139000.0 140000.0 367755.3455431552 2300.0
140000.0 141000.0 331715.5028265778 0.0
141000.0 142000.0 358111.1560335589 2300.0
142000.0 143000.0 329113.94755032053 2300.0
143000.0 144000.0 207555.14560450485 0.0
144000.0 145000.0 382503.5271346827 2300.0
145000.0 146000.0 366691.15181538864 0.0
146000.0 147000.0 275062.4637583996 2300.0
147000.0 148000.0 410863.696363139 0.0
148000.0 149000.0 151521.64048165662 0.0
149000.0 150000.0 303850.8811501162 2300.0
150000.0 151000.0 380971.1692140236 2300.0
151000.0 152000.0 326723.36926079774 0.0
152000.0 153000.0 313586.1677667538 2300.0
153000.0 154000.0 426039.85436137376 0.0
154000.0 155000.0 380812.9966680217 2300.0
155000.0 156000.0 267652.21521742904 0.0
156000.0 157000.0 153111.50420483912 2300.0
157000.0 158000.0 414913.807143642 0.0
158000.0 159000.0 390070.1669755552 2300.0
159000.0 160000.0 344665.2904084214 0.0
160000.0 161000.0 319319.57410467253 2300.0
161000.0 162000.0 268020.4567104044 0.0
162000.0 163000.0 12848.54681394916 2300.0
163000.0 164000.0 370140.0060500188 0.0
164000.0 165000.0 398400.95426703437 2300.0
165000.0 166000.0 329070.53510170686 0.0
166000.0 167000.0 415729.89258357184 2300.0
167000.0 168000.0 321127.67593653116 0.0
168000.0 169000.0 433401.9580123351 2300.0
169000.0 170000.0 261747.04194838053 2300.0
170000.0 171000.0 352793.8039954354 0.0
171000.0 172000.0 255167.1302167529 2300.0
172000.0 173000.0 340836.503122205 0.0
173000.0 174000.0 342138.6709729636 2300.0
174000.0 175000.0 363445.80449433875 0.0
175000.0 176000.0 260185.46674856974 2300.0
176000.0 177000.0 286269.1725277399 0.0
177000.0 178000.0 316858.89426188834 2300.0
178000.0 179000.0 348777.75431917363 0.0
179000.0 180000.0 397307.587489978 2300.0
180000.0 181000.0 312300.1479513761 0.0
181000.0 182000.0 172887.8952215683 2300.0
182000.0 183000.0 296156.15642218466 0.0
183000.0 184000.0 371314.35641506943 2300.0
184000.0 185000.0 263388.5919411776 0.0
185000.0 186000.0 171926.81726305597 2300.0
186000.0 187000.0 309051.7196801008 0.0
187000.0 188000.0 346731.7727338384 2300.0
188000.0 189000.0 305239.485418973 0.0
189000.0 190000.0 363129.5919479697 2300.0
190000.0 191000.0 301788.7073492436 0.0
191000.0 192000.0 362467.06591821037 2300.0
192000.0 193000.0 289887.494501289 0.0
193000.0 194000.0 368851.13834986684 2300.0
194000.0 195000.0 409099.5870863116 2300.0
195000.0 196000.0 394008.0195831837 0.0
196000.0 197000.0 331630.506613001 2300.0
197000.0 198000.0 369531.8811896759 0.0
198000.0 199000.0 83492.21236528015 0.0
199000.0 200000.0 371289.04550879594 2300.0
200000.0 201000.0 347189.33797474817 2300.0
201000.0 202000.0 317877.8890192077 0.0
202000.0 203000.0 367655.0151139711 2300.0
203000.0 204000.0 324884.4728191633 0.0
204000.0 205000.0 301359.76229771477 2300.0
205000.0 206000.0 310468.44079033687 0.0
206000.0 207000.0 273911.01674191 2300.0
207000.0 208000.0 331073.96303453087 0.0
208000.0 209000.0 205749.41540909078 2300.0
209000.0 210000.0 327102.48368035443 0.0
210000.0 211000.0 357057.32948957937 2300.0
211000.0 212000.0 341172.31480882585 0.0
212000.0 213000.0 334443.8927676809 2300.0
213000.0 214000.0 322186.2454156765 0.0
214000.0 215000.0 409347.3365933047 2300.0
215000.0 216000.0 245463.6544803951 0.0
216000.0 217000.0 359842.75789766636 2300.0
217000.0 218000.0 339097.22781298286 2300.0
218000.0 219000.0 219317.2834858682 0.0
219000.0 220000.0 424155.1750393196 2300.0
220000.0 221000.0 291929.16734168306 0.0
221000.0 222000.0 283218.9280078759 2300.0
222000.0 223000.0 403728.18156870943 0.0
223000.0 224000.0 327931.3622019687 2300.0
224000.0 225000.0 377276.80716490705 0.0
225000.0 226000.0 269066.9099808011 2300.0
226000.0 227000.0 295518.8816639401 0.0
227000.0 228000.0 346175.46146812814 2300.0
228000.0 229000.0 272651.26125630207 0.0
229000.0 230000.0 252460.30387742026 2300.0
230000.0 231000.0 305374.3305730621 0.0
231000.0 232000.0 375378.7601110613 2300.0
232000.0 233000.0 313276.4123295009 0.0
233000.0 234000.0 268525.617438936 2300.0
234000.0 235000.0 350776.99940653617 0.0
235000.0 236000.0 464415.03614235023 2300.0
236000.0 237000.0 306934.7280602972 0.0
237000.0 238000.0 300138.98516813846 2300.0
238000.0 239000.0 270511.99116295046 0.0
239000.0 240000.0 300040.88068105176 2300.0
240000.0 241000.0 281046.2978118106 2300.0
241000.0 242000.0 366312.3782133124 0.0
242000.0 243000.0 325758.85311515426 0.0
243000.0 244000.0 313170.5392980813 2300.0
244000.0 245000.0 330510.4945955326 2300.0
245000.0 246000.0 346486.5706994291 0.0
246000.0 247000.0 392669.86482114426 2300.0
247000.0 248000.0 255891.4097534878 0.0
248000.0 249000.0 291293.8565736099 2300.0
249000.0 250000.0 335235.9862641077 0.0
250000.0 251000.0 237119.29971262335 2300.0
251000.0 252000.0 360760.8336595827 0.0
252000.0 253000.0 316148.5730697103 2300.0
253000.0 254000.0 329828.64458242746 0.0
254000.0 255000.0 290622.8858223326 2300.0
255000.0 256000.0 353181.07522468484 0.0
256000.0 257000.0 312903.4096732355 2300.0
257000.0 258000.0 362391.3858146931 0.0
258000.0 259000.0 330765.8701848766 2300.0
259000.0 260000.0 358919.26430598757 2300.0
260000.0 261000.0 311013.9106850863 0.0
261000.0 262000.0 233969.12475881394 0.0
262000.0 263000.0 322004.1603008941 2300.0
263000.0 264000.0 254613.33940232883 0.0
264000.0 265000.0 357259.6594920155 2300.0
265000.0 266000.0 241577.14586320712 2300.0
266000.0 267000.0 302949.42124151386 0.0
267000.0 268000.0 386623.1871509277 2300.0
268000.0 269000.0 303228.9396752952 0.0
269000.0 270000.0 221349.87938183884 2300.0
270000.0 271000.0 393621.92958096263 0.0
271000.0 272000.0 264425.15456671343 2300.0
272000.0 273000.0 293344.58376532246 0.0
273000.0 274000.0 215116.53167449168 2300.0
274000.0 275000.0 378377.8849388891 0.0
275000.0 276000.0 362212.0659779295 2300.0
276000.0 277000.0 262161.52256120247 0.0
277000.0 278000.0 184527.30176311856 2300.0
278000.0 279000.0 318887.78311456396 0.0
279000.0 280000.0 281839.1390957116 2300.0
280000.0 281000.0 339235.5755170865 0.0
281000.0 282000.0 418048.8755786538 2300.0
282000.0 283000.0 311882.20690389065 0.0
283000.0 284000.0 391166.8134195283 2300.0
284000.0 285000.0 236264.56843509083 0.0
285000.0 286000.0 351244.84090844134 2300.0
286000.0 287000.0 346358.3233277 2300.0
287000.0 288000.0 280465.27326733945 0.0
288000.0 289000.0 187160.1086528125 0.0
289000.0 290000.0 346009.9784550671 2300.0
290000.0 291000.0 304307.048993183 2300.0
291000.0 292000.0 386863.95519644755 0.0
292000.0 293000.0 153725.1304760129 0.0
293000.0 294000.0 376530.07657623885 2300.0
294000.0 295000.0 394131.38539463154 2300.0
295000.0 296000.0 311603.7781101566 0.0
296000.0 297000.0 192259.6130881584 0.0
297000.0 298000.0 10578.458768634513 0.0
298000.0 299000.0 34221.40341371516 0.0
299000.0 300000.0 2460.3615438169127 0.0
300000.0 301000.0 0.0 0.0
