ts te s_bytes_all avg_video_rate
0.0 1000.0 0.0 0.0
1000.0 2000.0 0.0 0.0
2000.0 3000.0 0.0 0.0
3000.0 4000.0 0.0 0.0
4000.0 5000.0 0.0 0.0
5000.0 6000.0 8632.885506031535 0.0
6000.0 7000.0 159928.11449396846 480.0
7000.0 8000.0 248994.16463648668 480.0
8000.0 9000.0 221587.6817542035 480.0
9000.0 10000.0 240427.65824939258 480.0
10000.0 11000.0 280215.1962410912 480.0
11000.0 12000.0 167957.60050204687 480.0
12000.0 13000.0 317801.3091984413 480.0
13000.0 14000.0 10787.389418337878 0.0
14000.0 15000.0 155508.0 480.0
15000.0 16000.0 0.0 0.0
16000.0 17000.0 308464.45329580765 1500.0
17000.0 18000.0 97065.44589018736 0.0
18000.0 19000.0 294136.43876717816 1500.0
19000.0 20000.0 94254.1543831957 0.0
20000.0 21000.0 8004.507663631166 0.0
21000.0 22000.0 0.0 0.0
22000.0 23000.0 0.0 0.0
23000.0 24000.0 2910.0 0.0
24000.0 25000.0 0.0 0.0
25000.0 26000.0 2178.3578445491275 1500.0
26000.0 27000.0 348776.6421554509 0.0
27000.0 28000.0 332304.3087233957 1500.0
28000.0 29000.0 300728.38467738754 1500.0
29000.0 30000.0 329051.53763207566 1500.0
30000.0 31000.0 338496.9952575783 0.0
31000.0 32000.0 295293.14120415895 1500.0
32000.0 33000.0 309878.77682568686 1500.0
33000.0 34000.0 308911.2527374988 1500.0
34000.0 35000.0 308122.88023012126 1500.0
35000.0 36000.0 338080.6073941826 0.0
36000.0 37000.0 330641.7041826695 1500.0
37000.0 38000.0 335093.44114429323 1500.0
38000.0 39000.0 358707.2161066558 1500.0
39000.0 40000.0 180968.98517719674 0.0
40000.0 41000.0 286540.39394704043 1500.0
41000.0 42000.0 125754.55517672803 0.0
42000.0 43000.0 292278.1375564079 2300.0
43000.0 44000.0 265546.7422360129 0.0
44000.0 45000.0 331275.40030218137 2300.0
45000.0 46000.0 310031.97172663495 0.0
46000.0 47000.0 329978.40213779785 2300.0
47000.0 48000.0 271868.63221927977 0.0
48000.0 49000.0 312345.012800947 2300.0
49000.0 50000.0 226905.47143103756 0.0
50000.0 51000.0 298721.03636797407 2300.0
51000.0 52000.0 335152.74440701277 0.0
52000.0 53000.0 269677.0689212569 2300.0
53000.0 54000.0 314870.73764909984 0.0
54000.0 55000.0 361615.75199771265 2300.0
55000.0 56000.0 273384.67868367356 0.0
56000.0 57000.0 332679.64784400415 2300.0
57000.0 58000.0 177449.67631474684 0.0
58000.0 59000.0 307557.6689786725 2300.0
59000.0 60000.0 302880.82460268505 0.0
60000.0 61000.0 335732.44016052055 1500.0
61000.0 62000.0 118669.75886482172 0.0
62000.0 63000.0 243515.90987995264 1500.0
63000.0 64000.0 174262.5523681389 0.0
64000.0 65000.0 289732.36634115124 1500.0
65000.0 66000.0 137602.56363625513 0.0
66000.0 67000.0 256051.94051523128 1500.0
67000.0 68000.0 384695.29161475634 1500.0
68000.0 69000.0 205683.39002536537 0.0
69000.0 70000.0 0.0 0.0
70000.0 71000.0 249009.34785217373 1500.0
71000.0 72000.0 276410.24850989063 1500.0
72000.0 73000.0 355602.403261647 2300.0
73000.0 74000.0 316884.28327443526 0.0
74000.0 75000.0 334244.39767037565 2300.0
75000.0 76000.0 234322.89285011252 0.0
76000.0 77000.0 352725.6210205966 2300.0
77000.0 78000.0 339425.81966859626 0.0
78000.0 79000.0 375274.33324582607 2300.0
79000.0 80000.0 293911.5838761763 0.0
80000.0 81000.0 288266.5164911207 2300.0
81000.0 82000.0 271155.93889867305 0.0
82000.0 83000.0 140435.6133803763 0.0
83000.0 84000.0 0.0 0.0
84000.0 85000.0 270433.15220064897 2300.0
85000.0 86000.0 306466.0882919061 0.0
86000.0 87000.0 299459.31619842886 840.0
87000.0 88000.0 21364.443309016053 0.0
88000.0 89000.0 226054.81957548857 840.0
89000.0 90000.0 17923.180424511418 0.0
90000.0 91000.0 233219.40134429213 840.0
91000.0 92000.0 21892.598655707887 0.0
92000.0 93000.0 274707.08402849716 840.0
93000.0 94000.0 199325.91597150284 0.0
94000.0 95000.0 226831.57403674553 840.0
95000.0 96000.0 23822.42596325447 0.0
96000.0 97000.0 238513.0 840.0
97000.0 98000.0 0.0 0.0
98000.0 99000.0 278667.9821359995 2300.0
99000.0 100000.0 266180.7205585146 0.0
100000.0 101000.0 329616.2187985869 2300.0
101000.0 102000.0 282342.8307645217 0.0
102000.0 103000.0 340560.25868871214 2300.0
103000.0 104000.0 262908.14201799664 0.0
104000.0 105000.0 323866.04165533354 2300.0
105000.0 106000.0 237806.02608755592 0.0
106000.0 107000.0 342926.3584885372 2300.0
107000.0 108000.0 303894.0006573814 0.0
108000.0 109000.0 340721.4353442463 2300.0
109000.0 110000.0 247134.80468911695 0.0
110000.0 111000.0 380557.7343884331 2300.0
111000.0 112000.0 239316.70709219814 0.0
112000.0 113000.0 329257.69864542416 2300.0
113000.0 114000.0 288393.7901588409 0.0
114000.0 115000.0 264978.033311707 1500.0
115000.0 116000.0 144422.26793812512 0.0
116000.0 117000.0 243787.51075756192 1500.0
117000.0 118000.0 185339.43782120687 0.0
118000.0 119000.0 217616.0989649813 1500.0
119000.0 120000.0 189014.246677563 0.0
120000.0 121000.0 290065.27147754334 1500.0
121000.0 122000.0 121555.38287991234 0.0
122000.0 123000.0 0.0 0.0
123000.0 124000.0 0.0 0.0
124000.0 125000.0 0.0 0.0
125000.0 126000.0 2913.0 0.0
126000.0 127000.0 0.0 0.0
127000.0 128000.0 182845.376995114 1500.0
128000.0 129000.0 266867.5391092584 1500.0
129000.0 130000.0 296442.22232239455 0.0
130000.0 131000.0 354085.1217850123 1500.0
131000.0 132000.0 283029.58436130977 1500.0
132000.0 133000.0 369316.3237483778 1500.0
133000.0 134000.0 296639.55063350947 1500.0
134000.0 135000.0 346323.03245340724 1500.0
135000.0 136000.0 341040.6436894158 0.0
136000.0 137000.0 386721.356819588 1500.0
137000.0 138000.0 329219.1388947152 1500.0
138000.0 139000.0 187946.1091878976 0.0
139000.0 140000.0 0.0 0.0
140000.0 141000.0 232703.30057709545 1500.0
141000.0 142000.0 306911.5373293212 1500.0
142000.0 143000.0 421439.84405883355 1500.0
143000.0 144000.0 234497.5305653604 0.0
144000.0 145000.0 267495.8568676586 1500.0
145000.0 146000.0 158598.6303956946 0.0
146000.0 147000.0 263679.76450892026 1500.0
147000.0 148000.0 166385.28198712194 0.0
148000.0 149000.0 287122.31259372475 1500.0
149000.0 150000.0 166747.94111626924 0.0
150000.0 151000.0 260036.00143615826 1500.0
151000.0 152000.0 139523.99856384177 0.0
152000.0 153000.0 251312.25589463563 1500.0
153000.0 154000.0 126594.54873322089 0.0
154000.0 155000.0 258286.28069231973 1500.0
155000.0 156000.0 157163.63180495298 0.0
156000.0 157000.0 284935.66408719996 1500.0
157000.0 158000.0 129542.90067528325 0.0
158000.0 159000.0 275704.21512705996 1500.0
159000.0 160000.0 144123.89459550582 0.0
160000.0 161000.0 299875.7084461405 1500.0
161000.0 162000.0 140253.16243326906 0.0
162000.0 163000.0 264765.622829707 1500.0
163000.0 164000.0 141042.96982536415 0.0
164000.0 165000.0 308638.86392202193 1500.0
165000.0 166000.0 292230.7628770858 1500.0
166000.0 167000.0 427386.4803261927 1500.0
167000.0 168000.0 199905.12941237376 0.0
168000.0 169000.0 273075.9826989609 2300.0
169000.0 170000.0 265838.3940388308 0.0
170000.0 171000.0 329776.2504685196 2300.0
171000.0 172000.0 283249.6661977756 0.0
172000.0 173000.0 388454.3653581069 2300.0
173000.0 174000.0 252120.33945937053 0.0
174000.0 175000.0 343786.6614951225 2300.0
175000.0 176000.0 201810.18892741684 0.0
176000.0 177000.0 328899.9136319991 2300.0
177000.0 178000.0 303688.74485591945 0.0
178000.0 179000.0 282881.0103361942 2300.0
179000.0 180000.0 316909.4201135648 0.0
180000.0 181000.0 378200.48264442844 2300.0
181000.0 182000.0 186991.72410624084 0.0
182000.0 183000.0 322153.2633256679 2300.0
183000.0 184000.0 262716.4847091031 0.0
184000.0 185000.0 307504.4336329714 2300.0
185000.0 186000.0 303908.6738086862 0.0
186000.0 187000.0 286280.43194155255 2300.0
187000.0 188000.0 288322.02655742003 0.0
188000.0 189000.0 320600.05387961946 2300.0
189000.0 190000.0 316479.67061974586 0.0
190000.0 191000.0 313224.5061278806 2300.0
191000.0 192000.0 274879.4967169921 0.0
192000.0 193000.0 355008.70940746815 2300.0
193000.0 194000.0 309786.75448411796 0.0
194000.0 195000.0 349065.5745556133 2300.0
195000.0 196000.0 208425.66062955797 0.0
196000.0 197000.0 28639.02358881973 0.0
197000.0 198000.0 0.0 0.0
198000.0 199000.0 288419.449434244 2300.0
199000.0 200000.0 317650.9028434312 1500.0
200000.0 201000.0 363997.9435671753 0.0
201000.0 202000.0 362335.33153502626 1500.0
202000.0 203000.0 306269.72738637263 1500.0
203000.0 204000.0 169610.16138450455 0.0
204000.0 205000.0 325091.14509337506 1500.0
205000.0 206000.0 157913.23049461975 0.0
206000.0 207000.0 302120.45858142036 1500.0
207000.0 208000.0 105211.05055205137 0.0
208000.0 209000.0 238690.81725736693 1500.0
209000.0 210000.0 175186.25596455604 0.0
210000.0 211000.0 283043.6168254327 1500.0
211000.0 212000.0 147875.30044428303 0.0
212000.0 213000.0 246773.4179800459 1500.0
213000.0 214000.0 322647.0630797945 1500.0
214000.0 215000.0 406490.1228467523 1500.0
215000.0 216000.0 209939.2438710356 0.0
216000.0 217000.0 244642.67575400704 1500.0
217000.0 218000.0 142587.18711766013 0.0
218000.0 219000.0 225184.04396861963 2300.0
219000.0 220000.0 335912.8263967778 0.0
220000.0 221000.0 327012.2922044407 2300.0
221000.0 222000.0 305977.2941949138 0.0
222000.0 223000.0 339121.0545122266 2300.0
223000.0 224000.0 299057.3357583811 0.0
224000.0 225000.0 340483.4728751939 2300.0
225000.0 226000.0 291670.29355483945 0.0
226000.0 227000.0 276332.4506292007 2300.0
227000.0 228000.0 323434.01438849006 0.0
228000.0 229000.0 311960.9003385112 2300.0
229000.0 230000.0 234243.9191652502 0.0
230000.0 231000.0 241587.88278855945 2300.0
231000.0 232000.0 347725.6845152532 0.0
232000.0 233000.0 419875.92927264486 2300.0
233000.0 234000.0 390819.446334302 0.0
234000.0 235000.0 479201.98513667245 2300.0
235000.0 236000.0 436712.14339475706 0.0
236000.0 237000.0 316432.2071183964 2300.0
237000.0 238000.0 314475.1344720275 0.0
238000.0 239000.0 298182.1170423863 2300.0
239000.0 240000.0 315466.0781668597 0.0
240000.0 241000.0 343140.9320072841 2300.0
241000.0 242000.0 245091.98320961228 0.0
242000.0 243000.0 279044.1719747488 2300.0
243000.0 244000.0 330452.0331099232 0.0
244000.0 245000.0 368536.60010061413 2300.0
245000.0 246000.0 240591.06957135163 0.0
246000.0 247000.0 255861.07050063298 1500.0
247000.0 248000.0 183235.61684237217 0.0
248000.0 249000.0 228459.32604124106 1500.0
249000.0 250000.0 231563.21826744365 0.0
250000.0 251000.0 200843.58128684765 1500.0
251000.0 252000.0 217807.9610775268 0.0
252000.0 253000.0 210712.89263091492 1500.0
253000.0 254000.0 272448.0922044998 0.0
254000.0 255000.0 202223.7702474986 1500.0
255000.0 256000.0 213930.98571855557 0.0
256000.0 257000.0 173518.1962902671 1500.0
257000.0 258000.0 346768.14974501194 1500.0
258000.0 259000.0 430149.1755415686 1500.0
259000.0 260000.0 230944.52547569224 0.0
260000.0 261000.0 303350.7850517981 1500.0
261000.0 262000.0 114784.04907732893 0.0
262000.0 263000.0 260586.9209004917 2300.0
263000.0 264000.0 307575.0832072183 0.0
264000.0 265000.0 44725.20167769655 0.0
265000.0 266000.0 0.0 0.0
266000.0 267000.0 198453.31068999163 2300.0
267000.0 268000.0 325030.0534759797 0.0
268000.0 269000.0 301957.7445576538 1500.0
269000.0 270000.0 175306.89127637495 0.0
270000.0 271000.0 2917.0 0.0
271000.0 272000.0 33097.019306322785 1500.0
272000.0 273000.0 284743.24152076745 0.0
273000.0 274000.0 422708.6340251626 1500.0
274000.0 275000.0 298559.96848476125 1500.0
275000.0 276000.0 338007.8395356576 1500.0
276000.0 277000.0 325365.6114123304 1500.0
277000.0 278000.0 342779.2441595033 0.0
278000.0 279000.0 280029.65303531475 1500.0
279000.0 280000.0 171007.9441464782 0.0
280000.0 281000.0 233447.45364067363 1500.0
281000.0 282000.0 192489.31874686212 0.0
282000.0 283000.0 305664.52266310184 1500.0
283000.0 284000.0 106372.81683808738 0.0
284000.0 285000.0 331877.1766208167 2300.0
285000.0 286000.0 244189.61966683366 0.0
286000.0 287000.0 54118.12070181443 0.0
287000.0 288000.0 169396.07009315694 2300.0
288000.0 289000.0 307549.70418696833 0.0
289000.0 290000.0 341879.7571556367 1500.0
290000.0 291000.0 257396.27573239332 1500.0
291000.0 292000.0 219640.12237876112 0.0
292000.0 293000.0 31690.885948595478 0.0
293000.0 294000.0 0.0 0.0
294000.0 295000.0 2913.0 0.0
295000.0 296000.0 0.0 0.0
296000.0 297000.0 2913.0 0.0
297000.0 298000.0 237232.90012682186 1500.0
298000.0 299000.0 340590.39447744377 1500.0
299000.0 300000.0 342730.3673322804 1500.0
300000.0 301000.0 225343.338063454 0.0
