ts te s_bytes_all avg_video_rate
0.0 1000.0 0.0 0.0
1000.0 2000.0 0.0 0.0
2000.0 3000.0 0.0 0.0
3000.0 4000.0 0.0 0.0
4000.0 5000.0 0.0 0.0
5000.0 6000.0 0.0 0.0
6000.0 7000.0 0.0 0.0
7000.0 8000.0 0.0 0.0
8000.0 9000.0 0.0 0.0
9000.0 10000.0 0.0 0.0
10000.0 11000.0 0.0 0.0
11000.0 12000.0 0.0 0.0
12000.0 13000.0 0.0 0.0
13000.0 14000.0 0.0 0.0
14000.0 15000.0 0.0 0.0
15000.0 16000.0 0.0 0.0
16000.0 17000.0 6913.0 0.0
17000.0 18000.0 0.0 0.0
18000.0 19000.0 0.0 0.0
19000.0 20000.0 0.0 0.0
20000.0 21000.0 105123.77910876766 480.0
21000.0 22000.0 102216.67341005742 0.0
22000.0 23000.0 101094.1096740176 288.0
23000.0 24000.0 84107.41191280473 288.0
24000.0 25000.0 79581.89597811768 0.0
25000.0 26000.0 19262.911587216 0.0
26000.0 27000.0 26160.954783041132 0.0
27000.0 28000.0 74658.92503240358 288.0
28000.0 29000.0 64085.13276441197 288.0
29000.0 30000.0 55394.751458636056 288.0
30000.0 31000.0 76415.09205161672 0.0
31000.0 32000.0 31900.290774992693 288.0
32000.0 33000.0 70390.31187581418 288.0
33000.0 34000.0 42605.51098990589 288.0
34000.0 35000.0 69092.00254076753 288.0
35000.0 36000.0 96310.1582436016 0.0
36000.0 37000.0 48351.537356920315 0.0
37000.0 38000.0 53411.553737927046 0.0
38000.0 39000.0 38118.76659320609 0.0
39000.0 40000.0 15280.485675496442 0.0
40000.0 41000.0 36953.43268335491 0.0
41000.0 42000.0 36271.58449264834 0.0
42000.0 43000.0 52263.39305251293 0.0
43000.0 44000.0 62586.79415320071 288.0
44000.0 45000.0 51087.54706626918 288.0
45000.0 46000.0 64637.08803076968 0.0
46000.0 47000.0 113674.11207786252 288.0
47000.0 48000.0 73455.39344828321 0.0
48000.0 49000.0 47635.00298238125 288.0
49000.0 50000.0 96856.72368587245 288.0
50000.0 51000.0 119661.64470694127 288.0
51000.0 52000.0 86168.21530034304 0.0
52000.0 53000.0 145092.6077309426 288.0
53000.0 54000.0 97393.30917873944 288.0
54000.0 55000.0 70016.25092664252 0.0
55000.0 56000.0 48602.23261427665 0.0
56000.0 57000.0 102346.8150850401 288.0
57000.0 58000.0 103875.39540322835 288.0
58000.0 59000.0 84163.20183096844 288.0
59000.0 60000.0 51564.49387438412 288.0
60000.0 61000.0 125354.1179864547 0.0
61000.0 62000.0 13265.098429785538 288.0
62000.0 63000.0 99259.49852342693 0.0
63000.0 64000.0 50657.073906556696 288.0
64000.0 65000.0 84346.74084909877 0.0
65000.0 66000.0 58061.15532258462 288.0
66000.0 67000.0 76560.82110770862 0.0
67000.0 68000.0 83620.53796368881 288.0
68000.0 69000.0 39025.46203631119 0.0
69000.0 70000.0 70273.5469828805 288.0
70000.0 71000.0 56301.550854734334 0.0
71000.0 72000.0 43631.7060293036 288.0
72000.0 73000.0 96119.06523350341 0.0
73000.0 74000.0 70279.78996361599 288.0
74000.0 75000.0 30667.47299439972 0.0
75000.0 76000.0 42580.65891195348 288.0
76000.0 77000.0 57623.95862307648 0.0
77000.0 78000.0 79435.35438009215 288.0
78000.0 79000.0 42909.44777290822 288.0
79000.0 80000.0 73171.79036135842 0.0
80000.0 81000.0 53096.54840183709 288.0
81000.0 82000.0 70716.32786334786 0.0
82000.0 83000.0 46203.14246071764 288.0
83000.0 84000.0 70994.64685287215 0.0
84000.0 85000.0 52287.991838221315 0.0
85000.0 86000.0 76757.44166328711 0.0
86000.0 87000.0 54179.25151645756 0.0
87000.0 88000.0 90321.9928033466 288.0
88000.0 89000.0 123804.89863547265 288.0
89000.0 90000.0 39471.86784184327 0.0
90000.0 91000.0 79980.64163170505 288.0
91000.0 92000.0 38986.9063830654 0.0
92000.0 93000.0 31136.19775628164 288.0
93000.0 94000.0 63253.15021272772 0.0
94000.0 95000.0 57634.619057866636 288.0
95000.0 96000.0 44846.64996466623 0.0
96000.0 97000.0 63626.47322592691 288.0
97000.0 98000.0 53098.22220877335 0.0
98000.0 99000.0 58207.63544628439 288.0
99000.0 100000.0 45051.775137852776 0.0
100000.0 101000.0 82997.27698962035 288.0
101000.0 102000.0 43678.21475631212 8000.0
102000.0 103000.0 306456.12441567023 0.0
103000.0 104000.0 363846.19414592657 0.0
104000.0 105000.0 411458.52912700095 0.0
105000.0 106000.0 381956.6066650581 840.0
106000.0 107000.0 222797.04486774417 840.0
107000.0 108000.0 415479.02980437403 840.0
108000.0 109000.0 309832.14969927137 0.0
109000.0 110000.0 32324.87805802554 2300.0
110000.0 111000.0 360358.0769260772 0.0
111000.0 112000.0 341759.4459826145 0.0
112000.0 113000.0 277724.8056481344 2300.0
113000.0 114000.0 319216.8137329303 0.0
114000.0 115000.0 33793.127811986604 0.0
115000.0 116000.0 39878.092671313 2300.0
116000.0 117000.0 346704.4683277878 0.0
117000.0 118000.0 387630.5204733207 2300.0
118000.0 119000.0 361326.20914379705 0.0
119000.0 120000.0 309570.76427295967 840.0
120000.0 121000.0 234435.90346969565 0.0
121000.0 122000.0 139429.034620079 840.0
122000.0 123000.0 74636.965379921 0.0
123000.0 124000.0 218236.4882676802 1500.0
124000.0 125000.0 184970.52847088463 0.0
125000.0 126000.0 211974.95025641058 1500.0
126000.0 127000.0 310202.5471234763 1500.0
127000.0 128000.0 214843.24120025212 0.0
128000.0 129000.0 130273.7328284616 1500.0
129000.0 130000.0 351715.5745962281 0.0
130000.0 131000.0 63360.38164837187 1500.0
131000.0 132000.0 330060.2751183637 0.0
132000.0 133000.0 34484.11322319744 2300.0
133000.0 134000.0 273952.05860644043 0.0
134000.0 135000.0 362974.07917829923 0.0
135000.0 136000.0 213279.03011528845 2300.0
136000.0 137000.0 296540.08218868426 480.0
137000.0 138000.0 201947.70729952533 480.0
138000.0 139000.0 51504.15253777992 0.0
139000.0 140000.0 3492.0573406561316 0.0
140000.0 141000.0 121105.17190586576 480.0
141000.0 142000.0 168637.32455907925 480.0
142000.0 143000.0 134195.503535055 480.0
143000.0 144000.0 0.0 0.0
144000.0 145000.0 247749.21092866184 1500.0
145000.0 146000.0 207362.10434318153 0.0
146000.0 147000.0 249302.97720364475 1500.0
147000.0 148000.0 165034.3321854488 0.0
148000.0 149000.0 228790.7668445476 1500.0
149000.0 150000.0 277543.2261317388 1500.0
150000.0 151000.0 319059.3999986185 0.0
151000.0 152000.0 18295.982364158284 0.0
152000.0 153000.0 235337.05146144258 1500.0
153000.0 154000.0 202002.55438852013 1500.0
154000.0 155000.0 348403.68877715926 0.0
155000.0 156000.0 35307.206933159374 2300.0
156000.0 157000.0 297787.11389584665 0.0
157000.0 158000.0 346426.3915792803 2300.0
158000.0 159000.0 335614.44245856034 0.0
159000.0 160000.0 336392.88497161237 2300.0
160000.0 161000.0 312250.90146638826 0.0
161000.0 162000.0 366370.2198493142 2300.0
162000.0 163000.0 307901.1827569894 0.0
163000.0 164000.0 259078.20440583886 2300.0
164000.0 165000.0 335554.6809580244 0.0
165000.0 166000.0 381457.3642646571 2300.0
166000.0 167000.0 290849.90021786006 0.0
167000.0 168000.0 311263.6886259853 2300.0
168000.0 169000.0 283332.93065391004 0.0
169000.0 170000.0 209862.12507984485 2300.0
170000.0 171000.0 388545.63698283717 0.0
171000.0 172000.0 326265.52827080456 2300.0
172000.0 173000.0 339593.6953983038 0.0
173000.0 174000.0 266484.67770520435 2300.0
174000.0 175000.0 376495.4358727273 2300.0
175000.0 176000.0 375460.3536934458 0.0
176000.0 177000.0 205365.7417314786 2300.0
177000.0 178000.0 397187.06545052055 0.0
178000.0 179000.0 226544.17430032918 2300.0
179000.0 180000.0 327565.46554629016 0.0
180000.0 181000.0 283713.6461444955 2300.0
181000.0 182000.0 335613.9772258556 0.0
182000.0 183000.0 372195.79237975215 2300.0
183000.0 184000.0 291302.5191226599 0.0
184000.0 185000.0 299158.0881995623 2300.0
185000.0 186000.0 329604.3006757713 0.0
186000.0 187000.0 396495.50500076346 2300.0
187000.0 188000.0 211529.95125213446 0.0
188000.0 189000.0 99447.08358094316 2300.0
189000.0 190000.0 325671.49510621233 0.0
190000.0 191000.0 387244.81476369814 2300.0
191000.0 192000.0 268707.23405674286 0.0
192000.0 193000.0 304213.4807929561 2300.0
193000.0 194000.0 361215.4555947166 0.0
194000.0 195000.0 337553.8383511234 2300.0
195000.0 196000.0 327721.04911812773 0.0
196000.0 197000.0 320108.1749229197 2300.0
197000.0 198000.0 290619.4272765693 2300.0
198000.0 199000.0 273092.6854888525 0.0
199000.0 200000.0 256809.6494528958 0.0
200000.0 201000.0 248453.16042419377 2300.0
201000.0 202000.0 334461.1939729605 2300.0
202000.0 203000.0 415062.6719501172 0.0
203000.0 204000.0 197293.7284638581 2300.0
204000.0 205000.0 378603.17288515746 0.0
205000.0 206000.0 100784.67907364838 2300.0
206000.0 207000.0 300033.45539021195 0.0
207000.0 208000.0 71662.99257318566 2300.0
208000.0 209000.0 318866.6103215889 0.0
209000.0 210000.0 384918.5197259264 2300.0
210000.0 211000.0 188759.33901606445 0.0
211000.0 212000.0 32918.66848316259 2300.0
212000.0 213000.0 359962.38248830335 0.0
213000.0 214000.0 212429.8080880359 2300.0
214000.0 215000.0 286106.46054702974 0.0
215000.0 216000.0 216453.50479291193 2300.0
216000.0 217000.0 219937.11236577336 0.0
217000.0 218000.0 151889.24238152738 2300.0
218000.0 219000.0 393881.1904210089 0.0
219000.0 220000.0 366466.11224202503 2300.0
220000.0 221000.0 317695.8788209636 0.0
221000.0 222000.0 242277.62281462154 2300.0
222000.0 223000.0 306461.4194060096 0.0
223000.0 224000.0 216283.73928915156 2300.0
224000.0 225000.0 428895.5305209548 2300.0
225000.0 226000.0 333076.38409616455 0.0
226000.0 227000.0 158966.41166983044 2300.0
227000.0 228000.0 238413.18374278434 0.0
228000.0 229000.0 362003.6233880413 2300.0
229000.0 230000.0 320120.1585055684 0.0
230000.0 231000.0 420200.8342027287 2300.0
231000.0 232000.0 304300.6997362993 0.0
232000.0 233000.0 251031.88808600925 2300.0
233000.0 234000.0 319010.45295393694 0.0
234000.0 235000.0 329343.5304823445 2300.0
235000.0 236000.0 213098.62881042273 0.0
236000.0 237000.0 236051.22147144162 2300.0
237000.0 238000.0 219681.52275916887 0.0
238000.0 239000.0 306317.8046908376 2300.0
239000.0 240000.0 181472.74887150235 0.0
240000.0 241000.0 257095.6926249576 2300.0
241000.0 242000.0 303999.98777375644 0.0
242000.0 243000.0 504625.66333138716 2300.0
243000.0 244000.0 106669.05163542279 0.0
244000.0 245000.0 223698.1028600294 2300.0
245000.0 246000.0 186145.05426650797 0.0
246000.0 247000.0 254716.01552430535 2300.0
247000.0 248000.0 224027.7317419222 2300.0
248000.0 249000.0 328654.0776165714 0.0
249000.0 250000.0 76459.5790021408 2300.0
250000.0 251000.0 325502.9443155413 0.0
251000.0 252000.0 372786.96615613165 2300.0
252000.0 253000.0 330843.2532258996 0.0
253000.0 254000.0 198260.01091231772 2300.0
254000.0 255000.0 268577.3759159156 0.0
255000.0 256000.0 226210.0465642468 2300.0
256000.0 257000.0 389014.69541619555 0.0
257000.0 258000.0 283747.79831763497 1500.0
258000.0 259000.0 161475.75289585895 0.0
259000.0 260000.0 176315.74254074792 2300.0
260000.0 261000.0 192271.44248245488 0.0
261000.0 262000.0 251059.1721462651 2300.0
262000.0 263000.0 340413.40724562213 0.0
263000.0 264000.0 296017.00422818254 2300.0
264000.0 265000.0 140721.66513142397 0.0
265000.0 266000.0 213888.81273415848 2300.0
266000.0 267000.0 176644.63017505818 0.0
267000.0 268000.0 214993.08756164956 2300.0
268000.0 269000.0 242802.18222675176 2300.0
269000.0 270000.0 323108.6344653576 0.0
270000.0 271000.0 73794.65283702448 0.0
271000.0 272000.0 237617.81948804812 2300.0
272000.0 273000.0 362817.14734222344 2300.0
273000.0 274000.0 358859.60858384485 0.0
274000.0 275000.0 316223.09652138746 2300.0
275000.0 276000.0 327919.8001447285 0.0
276000.0 277000.0 320084.88725481415 2300.0
277000.0 278000.0 317979.28696542024 0.0
278000.0 279000.0 353123.9141489867 2300.0
279000.0 280000.0 275110.70612952247 0.0
280000.0 281000.0 149579.7985026167 2300.0
281000.0 282000.0 363098.4033308726 0.0
282000.0 283000.0 422523.28342077305 2300.0
283000.0 284000.0 253702.67372523923 0.0
284000.0 285000.0 266402.52597644646 2300.0
285000.0 286000.0 292012.7330221124 0.0
286000.0 287000.0 347208.72160726483 2300.0
287000.0 288000.0 214937.7130539175 0.0
288000.0 289000.0 254715.0525541603 2300.0
289000.0 290000.0 319839.6584173193 0.0
290000.0 291000.0 387851.0114654408 2300.0
291000.0 292000.0 308998.158344861 0.0
292000.0 293000.0 222745.7831985944 2300.0
293000.0 294000.0 188449.44845252758 0.0
294000.0 295000.0 209488.14964456906 2300.0
295000.0 296000.0 316281.5220123717 0.0
296000.0 297000.0 384959.6714500736 2300.0
297000.0 298000.0 278715.9718997895 2300.0
298000.0 299000.0 437795.9263385731 0.0
299000.0 300000.0 386926.0483361883 2300.0
300000.0 301000.0 220865.47866731268 0.0
