ts te s_bytes_all avg_video_rate
0.0 1000.0 0.0 0.0
1000.0 2000.0 0.0 0.0
2000.0 3000.0 0.0 0.0
3000.0 4000.0 0.0 0.0
4000.0 5000.0 0.0 0.0
5000.0 6000.0 0.0 0.0
6000.0 7000.0 0.0 0.0
7000.0 8000.0 0.0 0.0
8000.0 9000.0 0.0 0.0
9000.0 10000.0 660.7784660101319 0.0
10000.0 11000.0 59714.402003599724 480.0
11000.0 12000.0 87742.36335065351 0.0
12000.0 13000.0 71846.11341372316 480.0
13000.0 14000.0 127797.88775222402 0.0
14000.0 15000.0 87133.94398665626 288.0
15000.0 16000.0 53847.33939400416 288.0
16000.0 17000.0 175847.1319215769 0.0
17000.0 18000.0 71679.64178850141 288.0
18000.0 19000.0 100894.0403356079 288.0
19000.0 20000.0 100063.50426969954 288.0
20000.0 21000.0 86148.39969299412 0.0
21000.0 22000.0 107014.60632835311 288.0
22000.0 23000.0 133106.81658735138 288.0
23000.0 24000.0 97405.85210838939 288.0
24000.0 25000.0 104298.4543285869 288.0
25000.0 26000.0 105994.2227347757 288.0
26000.0 27000.0 131557.26479869423 288.0
27000.0 28000.0 115530.94327218902 288.0
28000.0 29000.0 160440.5308641014 288.0
29000.0 30000.0 93600.15635704793 288.0
30000.0 31000.0 119564.7224417867 0.0
31000.0 32000.0 115390.7857591304 288.0
32000.0 33000.0 119350.3236757556 288.0
33000.0 34000.0 65015.4081484968 0.0
34000.0 35000.0 80426.30203683129 288.0
35000.0 36000.0 89037.91968725612 288.0
36000.0 37000.0 75127.23741093076 0.0
37000.0 38000.0 51516.504147210384 288.0
38000.0 39000.0 122688.80812271184 0.0
39000.0 40000.0 120333.75511031537 2300.0
40000.0 41000.0 239618.5915669462 0.0
41000.0 42000.0 164356.52938820806 0.0
42000.0 43000.0 146898.74759575675 288.0
43000.0 44000.0 86238.94906303726 288.0
44000.0 45000.0 157015.188335762 288.0
45000.0 46000.0 41190.79197223788 0.0
46000.0 47000.0 36626.15007534299 0.0
47000.0 48000.0 113313.84148170848 288.0
48000.0 49000.0 61083.47005269892 0.0
49000.0 50000.0 16283.261059629103 0.0
50000.0 51000.0 7061.319113507194 0.0
51000.0 52000.0 4200.0 0.0
52000.0 53000.0 13877.895205512083 288.0
53000.0 54000.0 71900.22168464781 288.0
54000.0 55000.0 135113.40522319343 288.0
55000.0 56000.0 100076.24616834725 288.0
56000.0 57000.0 150039.85382813748 0.0
57000.0 58000.0 123791.48137619882 288.0
58000.0 59000.0 128497.72280293162 288.0
59000.0 60000.0 82328.02524268837 0.0
60000.0 61000.0 108722.49022514046 288.0
61000.0 62000.0 93896.09168199816 288.0
62000.0 63000.0 71515.4305952942 288.0
63000.0 64000.0 57092.35028580082 0.0
64000.0 65000.0 125631.17507161325 288.0
65000.0 66000.0 122489.57294798206 288.0
66000.0 67000.0 100532.28919376002 0.0
67000.0 68000.0 90324.93868301323 288.0
68000.0 69000.0 27686.631573606563 0.0
69000.0 70000.0 115232.06620674905 480.0
70000.0 71000.0 104985.50618060122 0.0
71000.0 72000.0 115343.64377486675 480.0
72000.0 73000.0 103760.91660027817 0.0
73000.0 74000.0 85563.77766901057 480.0
74000.0 75000.0 113163.07933426365 480.0
75000.0 76000.0 101538.33033081707 0.0
76000.0 77000.0 74579.6949444592 480.0
77000.0 78000.0 68154.44414913635 0.0
78000.0 79000.0 43174.43659599818 480.0
79000.0 80000.0 142175.6859564667 0.0
80000.0 81000.0 89410.04228126766 480.0
81000.0 82000.0 33935.31874982592 0.0
82000.0 83000.0 34411.25066927222 0.0
83000.0 84000.0 56242.34770264843 0.0
84000.0 85000.0 54330.02422523857 0.0
85000.0 86000.0 15320.61283923463 0.0
86000.0 87000.0 42445.144665197724 288.0
87000.0 88000.0 119899.93647872293 288.0
88000.0 89000.0 141459.24113457542 288.0
89000.0 90000.0 66096.44238634165 0.0
90000.0 91000.0 109216.67424670207 288.0
91000.0 92000.0 81137.73061965438 288.0
92000.0 93000.0 91229.62172479003 288.0
93000.0 94000.0 106209.03157714481 288.0
94000.0 95000.0 59324.177166870984 0.0
95000.0 96000.0 0.0 0.0
96000.0 97000.0 100460.0 288.0
97000.0 98000.0 50855.383652701625 288.0
98000.0 99000.0 47579.61634729837 0.0
99000.0 100000.0 67413.21683491461 480.0
100000.0 101000.0 89393.7831650854 0.0
101000.0 102000.0 56200.25918888402 480.0
102000.0 103000.0 153796.740811116 0.0
103000.0 104000.0 57681.41742504445 840.0
104000.0 105000.0 182871.58257495557 0.0
105000.0 106000.0 57875.86786343412 840.0
106000.0 107000.0 183681.1321365659 0.0
107000.0 108000.0 61130.32967884038 840.0
108000.0 109000.0 161586.67032115965 0.0
109000.0 110000.0 191852.21158503334 840.0
110000.0 111000.0 77305.75365268819 0.0
111000.0 112000.0 204627.73554463784 840.0
112000.0 113000.0 27507.151672357486 0.0
113000.0 114000.0 284831.1842641423 1500.0
114000.0 115000.0 111655.93324141411 0.0
115000.0 116000.0 290723.2778490867 1500.0
116000.0 117000.0 114968.75219064015 0.0
117000.0 118000.0 295128.55756613705 1500.0
118000.0 119000.0 101369.60197512181 0.0
119000.0 120000.0 282276.71403760475 1500.0
120000.0 121000.0 229071.51887863438 1500.0
121000.0 122000.0 293890.18610293 0.0
122000.0 123000.0 19099.421439572056 0.0
123000.0 124000.0 392713.85884210194 1500.0
124000.0 125000.0 251097.91590188374 1500.0
125000.0 126000.0 270009.089907086 0.0
126000.0 127000.0 146632.18047486874 2300.0
127000.0 128000.0 280800.58237503737 0.0
128000.0 129000.0 427061.46034238493 2300.0
129000.0 130000.0 339898.8152851325 0.0
130000.0 131000.0 161017.70561924553 2300.0
131000.0 132000.0 382171.08288577176 0.0
132000.0 133000.0 410492.52750519896 2300.0
133000.0 134000.0 314970.2034462361 0.0
134000.0 135000.0 325327.3660660996 2300.0
135000.0 136000.0 306825.07381344057 0.0
136000.0 137000.0 356513.56715486466 2300.0
137000.0 138000.0 319015.52149415255 2300.0
138000.0 139000.0 352052.62964231 0.0
139000.0 140000.0 233841.5148943825 0.0
140000.0 141000.0 301448.7610064596 2300.0
141000.0 142000.0 329226.8601377588 2300.0
142000.0 143000.0 389261.3895740993 0.0
143000.0 144000.0 346506.83399394475 2300.0
144000.0 145000.0 323757.674482089 0.0
145000.0 146000.0 266384.8667464404 2300.0
146000.0 147000.0 343039.1383825169 0.0
147000.0 148000.0 224138.17891814336 2300.0
148000.0 149000.0 321956.03784107487 0.0
149000.0 150000.0 370865.90596587345 2300.0
150000.0 151000.0 307941.4441168773 0.0
151000.0 152000.0 369037.4968383244 2300.0
152000.0 153000.0 349691.836720684 0.0
153000.0 154000.0 291585.8186650204 2300.0
154000.0 155000.0 335779.4423922818 0.0
155000.0 156000.0 288096.06329217006 2300.0
156000.0 157000.0 326979.3634441914 0.0
157000.0 158000.0 346501.84578239266 2300.0
158000.0 159000.0 315868.6196788605 0.0
159000.0 160000.0 283893.7828492491 2300.0
160000.0 161000.0 277916.9662910728 0.0
161000.0 162000.0 326770.38843710383 2300.0
162000.0 163000.0 381516.09046405595 2300.0
163000.0 164000.0 341298.8669470644 0.0
164000.0 165000.0 221119.2085987249 0.0
165000.0 166000.0 241807.28888239455 2300.0
166000.0 167000.0 351366.1680125862 2300.0
167000.0 168000.0 71121.56588834795 0.0
168000.0 169000.0 381884.7931097744 0.0
169000.0 170000.0 341439.7016426896 2300.0
170000.0 171000.0 339141.26455950516 0.0
171000.0 172000.0 391745.01956124406 2300.0
172000.0 173000.0 404409.0797732128 2300.0
173000.0 174000.0 439466.4395946561 0.0
174000.0 175000.0 373162.17779781244 0.0
175000.0 176000.0 215998.0949213196 2300.0
176000.0 177000.0 373082.74860537075 0.0
177000.0 178000.0 193707.60893424437 2300.0
178000.0 179000.0 343612.11611902737 0.0
179000.0 180000.0 338261.83477239066 2300.0
180000.0 181000.0 371503.0911433091 0.0
181000.0 182000.0 406777.5367876779 2300.0
182000.0 183000.0 490164.8460291664 2300.0
183000.0 184000.0 294924.97646523867 0.0
184000.0 185000.0 428327.8914875873 2300.0
185000.0 186000.0 286015.7084320683 2300.0
186000.0 187000.0 406532.99115498224 0.0
187000.0 188000.0 316082.6365934214 2300.0
188000.0 189000.0 336823.0080925935 0.0
189000.0 190000.0 271335.4344227077 0.0
190000.0 191000.0 257292.16625858194 2300.0
191000.0 192000.0 301863.30974499445 2300.0
192000.0 193000.0 466139.1427958046 0.0
193000.0 194000.0 400192.38768375735 2300.0
194000.0 195000.0 319676.1560656685 0.0
195000.0 196000.0 308517.1339180664 2300.0
196000.0 197000.0 366818.60160806496 0.0
197000.0 198000.0 199247.83468952993 2300.0
198000.0 199000.0 384654.0619151803 0.0
199000.0 200000.0 301936.00442846987 2300.0
200000.0 201000.0 365142.1112718888 0.0
201000.0 202000.0 198546.7074551679 2300.0
202000.0 203000.0 371410.99743392464 0.0
203000.0 204000.0 404788.10988271737 2300.0
204000.0 205000.0 355124.97237573273 0.0
205000.0 206000.0 383902.2770891939 2300.0
206000.0 207000.0 247838.97197890937 0.0
207000.0 208000.0 243318.1043546629 2300.0
208000.0 209000.0 333255.9625960473 0.0
209000.0 210000.0 328438.24612343835 2300.0
210000.0 211000.0 379453.6155016346 0.0
211000.0 212000.0 345142.0150039154 2300.0
212000.0 213000.0 217865.30038535676 0.0
213000.0 214000.0 226498.00133964873 2300.0
214000.0 215000.0 356557.4064403525 0.0
215000.0 216000.0 344897.34206500225 2300.0
216000.0 217000.0 407119.8916854175 2300.0
217000.0 218000.0 293684.68188593746 0.0
218000.0 219000.0 361604.87854268635 2300.0
219000.0 220000.0 304222.81841236324 0.0
220000.0 221000.0 360116.5362857081 2300.0
221000.0 222000.0 285731.9255011719 0.0
222000.0 223000.0 309813.4730569486 2300.0
223000.0 224000.0 306579.1221682159 0.0
224000.0 225000.0 320881.52914546116 2300.0
225000.0 226000.0 297364.3729316636 0.0
226000.0 227000.0 385073.3366377038 2300.0
227000.0 228000.0 394875.50816012826 0.0
228000.0 229000.0 363558.4898581529 2300.0
229000.0 230000.0 238522.33365559776 0.0
230000.0 231000.0 291547.3275950618 2300.0
231000.0 232000.0 330919.6569618071 0.0
232000.0 233000.0 392772.9122244808 2300.0
233000.0 234000.0 318295.1747560728 0.0
234000.0 235000.0 216537.3072057245 2300.0
235000.0 236000.0 284157.6924510115 0.0
236000.0 237000.0 313623.5331627014 2300.0
237000.0 238000.0 317924.83069603925 0.0
238000.0 239000.0 392797.37189506803 2300.0
239000.0 240000.0 364753.97656823066 2300.0
240000.0 241000.0 314762.2308283794 0.0
241000.0 242000.0 166448.14732255397 0.0
242000.0 243000.0 176055.1849879716 2300.0
243000.0 244000.0 319270.29303177056 0.0
244000.0 245000.0 363544.37221788114 2300.0
245000.0 246000.0 349391.2068175998 0.0
246000.0 247000.0 305199.98738119216 2300.0
247000.0 248000.0 344330.64305853855 2300.0
248000.0 249000.0 402611.2211828751 0.0
249000.0 250000.0 431987.97368508944 2300.0
250000.0 251000.0 379323.1589055424 0.0
251000.0 252000.0 372485.475538449 2300.0
252000.0 253000.0 289040.4330798439 0.0
253000.0 254000.0 460003.2907190273 2300.0
254000.0 255000.0 317276.9146265554 0.0
255000.0 256000.0 349399.2031144473 2300.0
256000.0 257000.0 388695.4231299147 0.0
257000.0 258000.0 354702.2215311511 2300.0
258000.0 259000.0 281992.346701448 0.0
259000.0 260000.0 235595.52878315514 2300.0
260000.0 261000.0 363786.768961982 0.0
261000.0 262000.0 338330.7196039077 2300.0
262000.0 263000.0 394027.2636448192 2300.0
263000.0 264000.0 367505.93995763676 0.0
264000.0 265000.0 282558.3245039116 2300.0
265000.0 266000.0 348403.5372456446 0.0
266000.0 267000.0 315736.1991019074 2300.0
267000.0 268000.0 308797.1526702034 0.0
268000.0 269000.0 370411.08464315097 2300.0
269000.0 270000.0 338931.8753660734 0.0
270000.0 271000.0 414596.0834450454 2300.0
271000.0 272000.0 298227.0929525715 0.0
272000.0 273000.0 246497.26685081076 2300.0
273000.0 274000.0 316674.920376064 0.0
274000.0 275000.0 386135.6443651609 2300.0
275000.0 276000.0 340337.6540022925 0.0
276000.0 277000.0 322511.9537339388 2300.0
277000.0 278000.0 326053.06254731223 0.0
278000.0 279000.0 356845.2021621536 2300.0
279000.0 280000.0 264557.7088425985 0.0
280000.0 281000.0 397773.90664126753 2300.0
281000.0 282000.0 225384.1940408512 0.0
282000.0 283000.0 319118.84627737466 2300.0
283000.0 284000.0 299560.1788688522 0.0
284000.0 285000.0 383467.12514723116 2300.0
285000.0 286000.0 347563.8491656735 2300.0
286000.0 287000.0 360665.51051398617 0.0
287000.0 288000.0 268027.8965560469 2300.0
288000.0 289000.0 389841.04586481873 0.0
289000.0 290000.0 347123.6080642941 2300.0
290000.0 291000.0 296582.81097462634 0.0
291000.0 292000.0 238472.53632603795 2300.0
292000.0 293000.0 337160.12810969626 0.0
293000.0 294000.0 260180.20876871777 2300.0
294000.0 295000.0 327950.1152490128 0.0
295000.0 296000.0 225469.27172995775 2300.0
296000.0 297000.0 384662.92651848664 0.0
297000.0 298000.0 393192.3430613071 2300.0
298000.0 299000.0 320353.2908003539 0.0
299000.0 300000.0 290462.41456628277 2300.0
300000.0 301000.0 217524.45928548637 0.0
