ts te s_bytes_all avg_video_rate
0.0 1000.0 0.0 0.0
1000.0 2000.0 0.0 0.0
2000.0 3000.0 0.0 0.0
3000.0 4000.0 0.0 0.0
4000.0 5000.0 0.0 0.0
5000.0 6000.0 132200.7330063265 480.0
6000.0 7000.0 256447.1051887886 480.0
7000.0 8000.0 335748.9474402105 480.0
8000.0 9000.0 357098.21642863424 480.0
9000.0 10000.0 175686.78617784134 0.0
10000.0 11000.0 23237.085529087606 0.0
11000.0 12000.0 14116.638575220106 480.0
12000.0 13000.0 282318.48765389115 480.0
13000.0 14000.0 115042.08138565942 840.0
14000.0 15000.0 139776.9186143406 0.0
15000.0 16000.0 124481.49728862174 2300.0
16000.0 17000.0 336277.73592913506 0.0
17000.0 18000.0 303571.83374013286 1500.0
18000.0 19000.0 307077.9522018554 0.0
19000.0 20000.0 155699.91092163912 1500.0
20000.0 21000.0 281050.0719785675 1500.0
21000.0 22000.0 382186.36804065766 0.0
22000.0 23000.0 293284.95343931916 1500.0
23000.0 24000.0 219289.2657761405 1500.0
24000.0 25000.0 313982.64715428464 0.0
25000.0 26000.0 151750.49059722995 1500.0
26000.0 27000.0 251613.0736162877 0.0
27000.0 28000.0 110389.38695861625 1500.0
28000.0 29000.0 233799.03626718154 0.0
29000.0 30000.0 193238.6181985121 1500.0
30000.0 31000.0 194912.05046013973 0.0
31000.0 32000.0 241159.80771684126 1500.0
32000.0 33000.0 237525.77014547875 0.0
33000.0 34000.0 176360.7010376268 1500.0
34000.0 35000.0 264267.1666068382 0.0
35000.0 36000.0 167200.96560846272 1500.0
36000.0 37000.0 252339.11904567946 0.0
37000.0 38000.0 66703.61927935558 1500.0
38000.0 39000.0 319535.88753001567 0.0
39000.0 40000.0 95357.96541080484 2300.0
40000.0 41000.0 325233.7889496138 0.0
41000.0 42000.0 270355.519151399 2300.0
42000.0 43000.0 393254.4908673158 0.0
43000.0 44000.0 269931.49156777846 2300.0
44000.0 45000.0 298122.38293506764 0.0
45000.0 46000.0 313590.78145708865 2300.0
46000.0 47000.0 327544.05510815675 0.0
47000.0 48000.0 325931.79744991485 2300.0
48000.0 49000.0 297959.22562055703 0.0
49000.0 50000.0 239474.24092523986 2300.0
50000.0 51000.0 333737.635583327 0.0
51000.0 52000.0 343823.7674107345 2300.0
52000.0 53000.0 307972.00411767024 0.0
53000.0 54000.0 268838.37857255695 2300.0
54000.0 55000.0 300263.7884683492 0.0
55000.0 56000.0 285919.6449079262 2300.0
56000.0 57000.0 320277.3112717049 0.0
57000.0 58000.0 138673.8006861748 0.0
58000.0 59000.0 0.0 0.0
59000.0 60000.0 145558.8998387517 2300.0
60000.0 61000.0 367845.5204227193 0.0
61000.0 62000.0 403809.41671153565 1500.0
62000.0 63000.0 378509.8022635813 1500.0
63000.0 64000.0 397171.78645460715 1500.0
64000.0 65000.0 241214.2839396734 0.0
65000.0 66000.0 67928.29036913154 0.0
66000.0 67000.0 0.0 0.0
67000.0 68000.0 120193.00241892759 1500.0
68000.0 69000.0 297895.8393648856 1500.0
69000.0 70000.0 436929.6254001808 1500.0
70000.0 71000.0 232147.13061588717 0.0
71000.0 72000.0 179475.1402022849 1500.0
72000.0 73000.0 250661.4130739175 0.0
73000.0 74000.0 124957.9050371493 1500.0
74000.0 75000.0 278466.61921468604 0.0
75000.0 76000.0 145253.9545462719 1500.0
76000.0 77000.0 239429.36592035447 0.0
77000.0 78000.0 175912.1047999073 1500.0
78000.0 79000.0 347167.487762878 0.0
79000.0 80000.0 115597.1771014932 1500.0
80000.0 81000.0 329978.8686242144 0.0
81000.0 82000.0 97041.60465338465 1500.0
82000.0 83000.0 285181.318186986 0.0
83000.0 84000.0 111352.00234507257 1500.0
84000.0 85000.0 327829.83392135974 0.0
85000.0 86000.0 77404.19581100742 1500.0
86000.0 87000.0 317560.41099915165 0.0
87000.0 88000.0 119982.83130042918 1500.0
88000.0 89000.0 228258.23059314254 0.0
89000.0 90000.0 177766.72260791314 1500.0
90000.0 91000.0 322372.2154985151 0.0
91000.0 92000.0 102470.47192487968 1500.0
92000.0 93000.0 251106.4476505293 0.0
93000.0 94000.0 416689.7589937615 1500.0
94000.0 95000.0 166540.4120952568 1500.0
95000.0 96000.0 412914.84358015965 1500.0
96000.0 97000.0 235552.58501239162 0.0
97000.0 98000.0 201266.709293594 1500.0
98000.0 99000.0 265048.2852875214 0.0
99000.0 100000.0 60768.63283640803 1500.0
100000.0 101000.0 378134.2485339632 0.0
101000.0 102000.0 83821.76421668693 1500.0
102000.0 103000.0 313229.840574848 0.0
103000.0 104000.0 106811.78999842053 1500.0
104000.0 105000.0 267314.44387193414 0.0
105000.0 106000.0 107422.99029176532 1500.0
106000.0 107000.0 228350.77127138528 0.0
107000.0 108000.0 174944.8871122736 1500.0
108000.0 109000.0 247501.8482104735 0.0
109000.0 110000.0 156012.69700845683 1500.0
110000.0 111000.0 237795.52831962073 0.0
111000.0 112000.0 156693.80948097137 1500.0
112000.0 113000.0 254692.23510614265 0.0
113000.0 114000.0 165357.9430643269 1500.0
114000.0 115000.0 254146.63674648842 0.0
115000.0 116000.0 139251.50569017814 1500.0
116000.0 117000.0 253719.91734689576 0.0
117000.0 118000.0 127893.29543525116 1500.0
118000.0 119000.0 273578.6552827619 0.0
119000.0 120000.0 144628.73712745548 1500.0
120000.0 121000.0 268810.64296531444 0.0
121000.0 122000.0 107882.83116640348 1500.0
122000.0 123000.0 235257.66303672 0.0
123000.0 124000.0 226138.22782368053 1500.0
124000.0 125000.0 303872.3638358486 0.0
125000.0 126000.0 169126.22814039272 1500.0
126000.0 127000.0 332008.1314949993 0.0
127000.0 128000.0 21640.602903325263 1500.0
128000.0 129000.0 350381.03141499055 0.0
129000.0 130000.0 131096.80280789413 1500.0
130000.0 131000.0 383070.8689915905 0.0
131000.0 132000.0 34460.50902776381 1500.0
132000.0 133000.0 322693.40502627485 0.0
133000.0 134000.0 105945.20113109474 1500.0
134000.0 135000.0 248899.4979041154 0.0
135000.0 136000.0 182172.2517998219 1500.0
136000.0 137000.0 232323.75235196028 0.0
137000.0 138000.0 148222.80020696914 1500.0
138000.0 139000.0 270908.5511203586 0.0
139000.0 140000.0 170000.54054173417 1500.0
140000.0 141000.0 272795.7795574354 1500.0
141000.0 142000.0 448807.24816722126 0.0
142000.0 143000.0 324057.55864949326 1500.0
143000.0 144000.0 62110.51713685152 1500.0
144000.0 145000.0 365106.64292584074 0.0
145000.0 146000.0 14444.221313144091 1500.0
146000.0 147000.0 368891.59452995437 0.0
147000.0 148000.0 61726.55454270373 1500.0
148000.0 149000.0 335178.28812130145 0.0
149000.0 150000.0 96608.95220682786 1500.0
150000.0 151000.0 219769.13627203627 0.0
151000.0 152000.0 164269.6449094956 1500.0
152000.0 153000.0 241240.86739033303 0.0
153000.0 154000.0 168476.1277093292 1500.0
154000.0 155000.0 254012.50708224115 0.0
155000.0 156000.0 166674.8335173642 1500.0
156000.0 157000.0 265686.7849398536 0.0
157000.0 158000.0 131934.32226060785 1500.0
158000.0 159000.0 212761.95686482431 0.0
159000.0 160000.0 157308.01466699512 1500.0
160000.0 161000.0 298285.0743777694 0.0
161000.0 162000.0 93226.00955739927 1500.0
162000.0 163000.0 289817.4868656251 0.0
163000.0 164000.0 101383.47891472967 1500.0
164000.0 165000.0 360366.8412540649 0.0
165000.0 166000.0 89137.08434416498 1500.0
166000.0 167000.0 318051.77538344887 1500.0
167000.0 168000.0 270191.77151175257 0.0
168000.0 169000.0 367188.41022444086 1500.0
169000.0 170000.0 231038.8318519041 1500.0
170000.0 171000.0 227450.8289261884 0.0
171000.0 172000.0 151142.75754953764 2300.0
172000.0 173000.0 324264.90631020314 0.0
173000.0 174000.0 322137.7989453501 2300.0
174000.0 175000.0 309468.58749891096 0.0
175000.0 176000.0 270860.71714648395 2300.0
176000.0 177000.0 332531.1281285027 0.0
177000.0 178000.0 316331.64394683647 2300.0
178000.0 179000.0 323436.4108944655 0.0
179000.0 180000.0 259297.23328514775 2300.0
180000.0 181000.0 281044.06109479856 0.0
181000.0 182000.0 267753.6954427681 2300.0
182000.0 183000.0 312808.9838452385 0.0
183000.0 184000.0 298703.11038928805 2300.0
184000.0 185000.0 266567.35723538516 0.0
185000.0 186000.0 306208.9964164181 2300.0
186000.0 187000.0 346111.1215304596 0.0
187000.0 188000.0 291121.65695945127 2300.0
188000.0 189000.0 306089.7053048384 0.0
189000.0 190000.0 151567.3870445198 0.0
190000.0 191000.0 0.0 0.0
191000.0 192000.0 110715.9164663816 2300.0
192000.0 193000.0 344498.3981310815 0.0
193000.0 194000.0 389780.1712336664 1500.0
194000.0 195000.0 333213.0762211997 1500.0
195000.0 196000.0 319043.317304936 0.0
196000.0 197000.0 187100.6316043558 1500.0
197000.0 198000.0 151000.48903837908 0.0
198000.0 199000.0 7.518478791056319 0.0
199000.0 200000.0 116295.41759928157 1500.0
200000.0 201000.0 236024.84160425456 0.0
201000.0 202000.0 168115.87006978394 1500.0
202000.0 203000.0 268621.3614599376 0.0
203000.0 204000.0 395439.1061233329 1500.0
204000.0 205000.0 315072.5619199445 1500.0
205000.0 206000.0 413557.25478627917 1500.0
206000.0 207000.0 206707.4838889207 0.0
207000.0 208000.0 153459.0372373066 1500.0
208000.0 209000.0 232344.36567326117 0.0
209000.0 210000.0 86421.30967782595 1500.0
210000.0 211000.0 270798.34395743103 0.0
211000.0 212000.0 457171.93936232483 1500.0
212000.0 213000.0 274722.93431066093 1500.0
213000.0 214000.0 294698.7417915078 1500.0
214000.0 215000.0 232881.67748425304 0.0
215000.0 216000.0 148978.94015546548 2300.0
216000.0 217000.0 332723.6669678821 0.0
217000.0 218000.0 271772.8815563414 2300.0
218000.0 219000.0 284817.4924269546 0.0
219000.0 220000.0 213458.25346825924 0.0
220000.0 221000.0 0.0 0.0
221000.0 222000.0 121000.24682293858 2300.0
222000.0 223000.0 297687.0283310116 0.0
223000.0 224000.0 268357.67639702884 1500.0
224000.0 225000.0 297968.87972920865 0.0
225000.0 226000.0 118634.58184761099 1500.0
226000.0 227000.0 367675.58687220135 0.0
227000.0 228000.0 107032.49793198978 1500.0
228000.0 229000.0 279051.1467148991 0.0
229000.0 230000.0 131480.19224662308 1500.0
230000.0 231000.0 256781.5066494509 0.0
231000.0 232000.0 183819.42733458988 1500.0
232000.0 233000.0 263641.5334860703 0.0
233000.0 234000.0 159929.00712788585 1500.0
234000.0 235000.0 236807.29935731037 0.0
235000.0 236000.0 172764.0408246248 1500.0
236000.0 237000.0 318981.4222863393 1500.0
237000.0 238000.0 430761.87039510685 1500.0
238000.0 239000.0 247416.70981864457 0.0
239000.0 240000.0 173334.0671714624 1500.0
240000.0 241000.0 290960.29433342395 0.0
241000.0 242000.0 97184.37541654299 1500.0
242000.0 243000.0 324408.9983725931 0.0
243000.0 244000.0 162875.02036927573 1500.0
244000.0 245000.0 302276.5901631671 0.0
245000.0 246000.0 136153.87260223844 1500.0
246000.0 247000.0 258032.93603379745 0.0
247000.0 248000.0 137533.4997935588 2300.0
248000.0 249000.0 332761.4347385795 0.0
249000.0 250000.0 238533.15232366885 2300.0
250000.0 251000.0 318585.96632578096 0.0
251000.0 252000.0 294633.57318163535 2300.0
252000.0 253000.0 308475.99895066454 0.0
253000.0 254000.0 150159.84009586403 2300.0
254000.0 255000.0 289814.2028398872 0.0
255000.0 256000.0 239644.52311432498 0.0
256000.0 257000.0 0.0 0.0
257000.0 258000.0 103200.11487707199 1500.0
258000.0 259000.0 248030.68527266794 1500.0
259000.0 260000.0 511538.77013770776 0.0
260000.0 261000.0 220612.31070907932 1500.0
261000.0 262000.0 100823.06001618163 1500.0
262000.0 263000.0 272666.6177546162 0.0
263000.0 264000.0 99746.92815682403 1500.0
264000.0 265000.0 307182.7826747979 0.0
265000.0 266000.0 216118.82979123265 1500.0
266000.0 267000.0 267203.90060982056 0.0
267000.0 268000.0 125872.29166454812 1500.0
268000.0 269000.0 295312.756456846 1500.0
269000.0 270000.0 433585.30047781 0.0
270000.0 271000.0 229883.87151483932 1500.0
271000.0 272000.0 239801.28427412742 1500.0
272000.0 273000.0 262058.7046561638 0.0
273000.0 274000.0 150249.52593056596 2300.0
274000.0 275000.0 290007.23664063046 0.0
275000.0 276000.0 184101.0283844689 0.0
276000.0 277000.0 166229.86542171572 2300.0
277000.0 278000.0 304288.1225256281 0.0
278000.0 279000.0 338743.01323593466 2300.0
279000.0 280000.0 379139.35545510915 0.0
280000.0 281000.0 327981.97849576315 1500.0
281000.0 282000.0 235766.5632411909 1500.0
282000.0 283000.0 226625.6441459573 0.0
283000.0 284000.0 157668.84008287766 1500.0
284000.0 285000.0 214850.20192236657 0.0
285000.0 286000.0 137289.56935121363 1500.0
286000.0 287000.0 251832.91059671255 0.0
287000.0 288000.0 138615.910614767 1500.0
288000.0 289000.0 239070.70184646183 0.0
289000.0 290000.0 192719.42772724558 1500.0
290000.0 291000.0 248899.7853012937 0.0
291000.0 292000.0 134210.12990597507 1500.0
292000.0 293000.0 230971.17407147304 0.0
293000.0 294000.0 200651.76167638192 1500.0
294000.0 295000.0 233456.35356720048 0.0
295000.0 296000.0 140062.47138166724 2300.0
296000.0 297000.0 304456.9075278849 0.0
297000.0 298000.0 285865.907156605 2300.0
298000.0 299000.0 297586.6508322894 0.0
299000.0 300000.0 263406.5756970778 2300.0
300000.0 301000.0 108223.17821920777 0.0
