ts te s_bytes_all avg_video_rate
0.0 1000.0 0.0 0.0
1000.0 2000.0 0.0 0.0
2000.0 3000.0 0.0 0.0
3000.0 4000.0 0.0 0.0
4000.0 5000.0 0.0 0.0
5000.0 6000.0 0.0 0.0
6000.0 7000.0 4732.005721837103 0.0
7000.0 8000.0 3796.367476889383 0.0
8000.0 9000.0 24689.91771342507 840.0
9000.0 10000.0 24484.67848907666 0.0
10000.0 11000.0 135931.26065820988 0.0
11000.0 12000.0 120709.83663656858 0.0
12000.0 13000.0 196034.5423454328 0.0
13000.0 14000.0 95074.06966374084 288.0
14000.0 15000.0 151964.89617809802 288.0
15000.0 16000.0 189211.6712840146 0.0
16000.0 17000.0 117487.23706690523 288.0
17000.0 18000.0 185736.68201200434 288.0
18000.0 19000.0 177563.3883423344 288.0
19000.0 20000.0 156063.98796280706 288.0
20000.0 21000.0 33434.849193063164 0.0
21000.0 22000.0 147526.617090403 480.0
22000.0 23000.0 94316.3914128831 480.0
23000.0 24000.0 113282.60075230688 0.0
24000.0 25000.0 33161.09381103079 480.0
25000.0 26000.0 144755.19013970345 0.0
26000.0 27000.0 114086.44305233867 840.0
27000.0 28000.0 134936.17189837477 0.0
28000.0 29000.0 136070.9930211632 840.0
29000.0 30000.0 163244.08391770432 840.0
30000.0 31000.0 217700.7454482616 0.0
31000.0 32000.0 189121.30580487227 840.0
32000.0 33000.0 202742.37498129508 0.0
33000.0 34000.0 152978.57235406217 840.0
34000.0 35000.0 128422.2477398728 0.0
35000.0 36000.0 167922.56248542512 840.0
36000.0 37000.0 170988.6035083857 840.0
37000.0 38000.0 150318.2032964257 0.0
38000.0 39000.0 47893.29834699436 840.0
39000.0 40000.0 175750.1425634219 0.0
40000.0 41000.0 209665.6876451374 840.0
41000.0 42000.0 124866.2429735979 0.0
42000.0 43000.0 126392.77551593189 840.0
43000.0 44000.0 182713.5584045055 840.0
44000.0 45000.0 211636.84045516123 0.0
45000.0 46000.0 193160.76332122917 840.0
46000.0 47000.0 147403.0993151051 0.0
47000.0 48000.0 181208.79741756243 840.0
48000.0 49000.0 41964.202582437574 0.0
49000.0 50000.0 372685.35241138557 8000.0
50000.0 51000.0 399008.86319550755 8000.0
51000.0 52000.0 481883.8118819456 0.0
52000.0 53000.0 343141.0796864027 840.0
53000.0 54000.0 299086.6493731854 840.0
54000.0 55000.0 247901.89667280347 840.0
55000.0 56000.0 261353.34677876963 0.0
56000.0 57000.0 219695.910093411 1500.0
57000.0 58000.0 283969.05658996484 1500.0
58000.0 59000.0 218876.11927591398 0.0
59000.0 60000.0 307127.29519361915 1500.0
60000.0 61000.0 101365.83938890806 0.0
61000.0 62000.0 199439.16668444427 1500.0
62000.0 63000.0 275372.95276335714 1500.0
63000.0 64000.0 311315.9075933755 0.0
64000.0 65000.0 114808.1020605882 1500.0
65000.0 66000.0 259272.7562162276 0.0
66000.0 67000.0 217749.00365417145 1500.0
67000.0 68000.0 290303.761724036 0.0
68000.0 69000.0 227535.68963055155 1500.0
69000.0 70000.0 151186.29236729082 0.0
70000.0 71000.0 262207.3640033464 1500.0
71000.0 72000.0 300924.4540207748 1500.0
72000.0 73000.0 200111.28078049462 0.0
73000.0 74000.0 110646.53689401032 1500.0
74000.0 75000.0 234186.8765610533 0.0
75000.0 76000.0 360073.35621308547 1500.0
76000.0 77000.0 132966.1420640652 0.0
77000.0 78000.0 316459.7319865867 1500.0
78000.0 79000.0 227348.58332288012 1500.0
79000.0 80000.0 257967.8209178435 0.0
80000.0 81000.0 2824.628396066962 0.0
81000.0 82000.0 315677.4436332911 1500.0
82000.0 83000.0 330827.4775304982 1500.0
83000.0 84000.0 199606.87367898654 1500.0
84000.0 85000.0 284594.4513306485 0.0
85000.0 86000.0 39261.12543050877 0.0
86000.0 87000.0 2715.5395650251508 0.0
87000.0 88000.0 212368.65420106484 1500.0
88000.0 89000.0 178051.84602428708 0.0
89000.0 90000.0 350213.9813063791 1500.0
90000.0 91000.0 303201.20488265937 1500.0
91000.0 92000.0 360969.8315574337 1500.0
92000.0 93000.0 256855.2109159939 0.0
93000.0 94000.0 321315.5171425065 1500.0
94000.0 95000.0 98918.45092224021 0.0
95000.0 96000.0 272133.3429473753 1500.0
96000.0 97000.0 102791.36978037772 0.0
97000.0 98000.0 294319.74128332804 1500.0
98000.0 99000.0 105469.00765766916 0.0
99000.0 100000.0 305954.247889932 1500.0
100000.0 101000.0 94032.50047726225 0.0
101000.0 102000.0 282061.34106040036 2300.0
102000.0 103000.0 303216.4925280287 0.0
103000.0 104000.0 336719.13559584925 2300.0
104000.0 105000.0 260427.3455777068 0.0
105000.0 106000.0 318390.466789791 2300.0
106000.0 107000.0 304913.63814842113 0.0
107000.0 108000.0 317877.7149721515 2300.0
108000.0 109000.0 266529.7120147289 0.0
109000.0 110000.0 307240.6454264115 2300.0
110000.0 111000.0 310057.3553234722 0.0
111000.0 112000.0 285812.6547754293 2300.0
112000.0 113000.0 159423.3846440518 0.0
113000.0 114000.0 272133.8490460998 2300.0
114000.0 115000.0 318580.7737599631 0.0
115000.0 116000.0 304419.1588859893 1500.0
116000.0 117000.0 133036.4092491495 0.0
117000.0 118000.0 303740.47564882156 1500.0
118000.0 119000.0 117320.0 0.0
119000.0 120000.0 295610.2531442778 1500.0
120000.0 121000.0 113443.03288673316 0.0
121000.0 122000.0 294657.67168179556 1500.0
122000.0 123000.0 126787.04228719349 0.0
123000.0 124000.0 102255.23325360788 1500.0
124000.0 125000.0 294420.30102322757 1500.0
125000.0 126000.0 227542.0307293186 0.0
126000.0 127000.0 184291.12085568046 0.0
127000.0 128000.0 308700.5781676299 1500.0
128000.0 129000.0 367829.46116127376 1500.0
129000.0 130000.0 204356.2748092618 0.0
130000.0 131000.0 5022.745021075675 0.0
131000.0 132000.0 201065.42953709915 1500.0
132000.0 133000.0 205553.51098017275 0.0
133000.0 134000.0 298810.35047808586 1500.0
134000.0 135000.0 328805.673001171 1500.0
135000.0 136000.0 373428.9265610723 1500.0
136000.0 137000.0 173982.4692031694 0.0
137000.0 138000.0 325483.8547078169 1500.0
138000.0 139000.0 98151.08646589293 0.0
139000.0 140000.0 268599.07813794015 2300.0
140000.0 141000.0 300207.9639869747 0.0
141000.0 142000.0 345111.50868207857 2300.0
142000.0 143000.0 288742.4945540789 0.0
143000.0 144000.0 214707.22930472295 2300.0
144000.0 145000.0 364553.46164580423 0.0
145000.0 146000.0 295698.69770402607 2300.0
146000.0 147000.0 300467.39413868706 0.0
147000.0 148000.0 298953.04447723203 2300.0
148000.0 149000.0 304951.8758744247 0.0
149000.0 150000.0 402051.0037221271 2300.0
150000.0 151000.0 217373.08962833718 0.0
151000.0 152000.0 328649.06516093767 2300.0
152000.0 153000.0 305183.42742377677 0.0
153000.0 154000.0 87447.50977981748 2300.0
154000.0 155000.0 368442.72956568736 0.0
155000.0 156000.0 274867.26007873984 1500.0
156000.0 157000.0 323124.7312959038 0.0
157000.0 158000.0 221474.0247579465 1500.0
158000.0 159000.0 216556.60027721914 0.0
159000.0 160000.0 222848.87076868472 1500.0
160000.0 161000.0 160485.11459271252 0.0
161000.0 162000.0 281328.2722552558 1500.0
162000.0 163000.0 142370.50623132865 0.0
163000.0 164000.0 287595.43638834136 1500.0
164000.0 165000.0 113463.16891979707 0.0
165000.0 166000.0 302790.68838374084 1500.0
166000.0 167000.0 105950.37064488628 0.0
167000.0 168000.0 348982.41015038796 1500.0
168000.0 169000.0 97582.80047409877 0.0
169000.0 170000.0 272576.3575910502 1500.0
170000.0 171000.0 146573.5723569176 0.0
171000.0 172000.0 258338.4139781539 1500.0
172000.0 173000.0 125523.458711089 0.0
173000.0 174000.0 268448.3350045722 1500.0
174000.0 175000.0 141608.68547678113 0.0
175000.0 176000.0 241133.66787108142 1500.0
176000.0 177000.0 140202.35734094353 0.0
177000.0 178000.0 265155.4424237652 1500.0
178000.0 179000.0 175189.83428439373 0.0
179000.0 180000.0 275982.58352625754 1500.0
180000.0 181000.0 114702.4164737425 0.0
181000.0 182000.0 217222.59257716697 1500.0
182000.0 183000.0 348827.55580291187 1500.0
183000.0 184000.0 313713.1106912263 1500.0
184000.0 185000.0 339770.48940563115 0.0
185000.0 186000.0 257316.03121418314 1500.0
186000.0 187000.0 185135.0710343656 0.0
187000.0 188000.0 294193.3054211343 1500.0
188000.0 189000.0 99582.49165242322 0.0
189000.0 190000.0 311552.67566436395 2300.0
190000.0 191000.0 235248.93539861302 0.0
191000.0 192000.0 301445.8525072033 2300.0
192000.0 193000.0 308982.8521860286 0.0
193000.0 194000.0 281191.7696783312 2300.0
194000.0 195000.0 325147.003003433 0.0
195000.0 196000.0 315149.4144464272 2300.0
196000.0 197000.0 273400.3875746814 0.0
197000.0 198000.0 312868.53522137593 2300.0
198000.0 199000.0 260197.86771447258 0.0
199000.0 200000.0 335896.53312972886 2300.0
200000.0 201000.0 246854.38700058672 0.0
201000.0 202000.0 331453.8461082951 2300.0
202000.0 203000.0 317356.09917444945 0.0
203000.0 204000.0 288342.6624143536 2300.0
204000.0 205000.0 265969.1236656336 0.0
205000.0 206000.0 305862.4512171692 2300.0
206000.0 207000.0 320607.7571840926 0.0
207000.0 208000.0 265994.5627051804 1500.0
208000.0 209000.0 222223.17103124224 0.0
209000.0 210000.0 245228.23736062163 1500.0
210000.0 211000.0 123131.29350258785 0.0
211000.0 212000.0 286893.19491171744 1500.0
212000.0 213000.0 135001.9144799747 0.0
213000.0 214000.0 295571.74055247376 1500.0
214000.0 215000.0 101535.08436792032 0.0
215000.0 216000.0 309762.70908247994 1500.0
216000.0 217000.0 68327.33121976309 0.0
217000.0 218000.0 273420.42037982953 1500.0
218000.0 219000.0 176214.33369021138 0.0
219000.0 220000.0 271078.99632870953 1500.0
220000.0 221000.0 102899.75132670876 0.0
221000.0 222000.0 280055.5731097035 1500.0
222000.0 223000.0 118545.39081053388 0.0
223000.0 224000.0 291118.16424338525 1500.0
224000.0 225000.0 205743.7745291209 0.0
225000.0 226000.0 254477.50975084075 1500.0
226000.0 227000.0 79124.2979355616 0.0
227000.0 228000.0 258511.06110094773 1500.0
228000.0 229000.0 349622.33721422724 1500.0
229000.0 230000.0 327873.0506278435 1500.0
230000.0 231000.0 282492.29865013337 0.0
231000.0 232000.0 225731.76150886112 1500.0
232000.0 233000.0 163322.23849113888 0.0
233000.0 234000.0 252790.4834247342 2300.0
234000.0 235000.0 336956.9639616056 2300.0
235000.0 236000.0 318162.97583972156 0.0
236000.0 237000.0 342742.6079396389 0.0
237000.0 238000.0 335397.5130577558 2300.0
238000.0 239000.0 536876.6751318348 0.0
239000.0 240000.0 373031.5695788903 2300.0
240000.0 241000.0 289500.21106581896 0.0
241000.0 242000.0 110676.76115559341 2300.0
242000.0 243000.0 257485.38895659696 0.0
243000.0 244000.0 384965.0097366491 1500.0
244000.0 245000.0 315520.9737275765 1500.0
245000.0 246000.0 396148.67354884924 1500.0
246000.0 247000.0 378536.56307212077 0.0
247000.0 248000.0 132601.62980261396 0.0
248000.0 249000.0 2697.0882674395175 0.0
249000.0 250000.0 349276.3399726003 3000.0
250000.0 251000.0 350377.50312328234 0.0
251000.0 252000.0 109399.10653606833 1500.0
252000.0 253000.0 361889.64613018616 0.0
253000.0 254000.0 243239.30194426922 1500.0
254000.0 255000.0 157592.01402615418 0.0
255000.0 256000.0 283043.28889718535 1500.0
256000.0 257000.0 129444.57452899757 0.0
257000.0 258000.0 226471.72861183516 1500.0
258000.0 259000.0 142312.14344714303 0.0
259000.0 260000.0 267911.1803897872 1500.0
260000.0 261000.0 136245.49878580097 0.0
261000.0 262000.0 264740.6283070287 1500.0
262000.0 263000.0 134892.05127975452 0.0
263000.0 264000.0 300789.0338757802 1500.0
264000.0 265000.0 89227.77472122171 0.0
265000.0 266000.0 266946.8419719448 1500.0
266000.0 267000.0 137788.86976334816 0.0
267000.0 268000.0 282149.5467756967 1500.0
268000.0 269000.0 159192.6022778807 0.0
269000.0 270000.0 253268.5256233143 1500.0
270000.0 271000.0 158020.09242382232 0.0
271000.0 272000.0 125692.25380297791 1500.0
272000.0 273000.0 254616.61731330503 0.0
273000.0 274000.0 239018.55956352066 1500.0
274000.0 275000.0 251607.70770274213 0.0
275000.0 276000.0 215746.572915532 1500.0
276000.0 277000.0 347299.5412273742 1500.0
277000.0 278000.0 329754.40221501514 1500.0
278000.0 279000.0 210625.36102822877 0.0
279000.0 280000.0 45918.602550762975 0.0
280000.0 281000.0 1583.059781331271 0.0
281000.0 282000.0 349486.182055085 1500.0
282000.0 283000.0 371118.737662533 1500.0
283000.0 284000.0 322840.059961469 1500.0
284000.0 285000.0 167820.302657873 0.0
285000.0 286000.0 252247.59718980445 840.0
286000.0 287000.0 21871.691419643652 0.0
287000.0 288000.0 198530.13917208003 840.0
288000.0 289000.0 35706.710447090794 0.0
289000.0 290000.0 279516.318185772 2300.0
290000.0 291000.0 304406.74088949565 0.0
291000.0 292000.0 290826.9463811538 2300.0
292000.0 293000.0 296259.76379179006 0.0
293000.0 294000.0 335045.62453837687 2300.0
294000.0 295000.0 253552.5568879602 0.0
295000.0 296000.0 308122.97229306045 2300.0
296000.0 297000.0 289896.6538510469 0.0
297000.0 298000.0 34329.94283443379 0.0
298000.0 299000.0 6043.882983592484 0.0
299000.0 300000.0 220153.43174873528 840.0
300000.0 301000.0 64785.68526767224 0.0
