ts te s_bytes_all avg_video_rate
0.0 1000.0 0.0 0.0
1000.0 2000.0 0.0 0.0
2000.0 3000.0 0.0 0.0
3000.0 4000.0 0.0 0.0
4000.0 5000.0 0.0 0.0
5000.0 6000.0 0.0 0.0
6000.0 7000.0 70.8111421826255 0.0
7000.0 8000.0 3929.1888578173744 0.0
8000.0 9000.0 1648.5539017741087 0.0
9000.0 10000.0 41633.498456217356 288.0
10000.0 11000.0 109325.62186566649 0.0
11000.0 12000.0 218257.86516028186 288.0
12000.0 13000.0 195318.26557823195 288.0
13000.0 14000.0 202795.9950888448 288.0
14000.0 15000.0 167709.5370695759 288.0
15000.0 16000.0 213376.88543334347 288.0
16000.0 17000.0 218991.33017254353 288.0
17000.0 18000.0 211542.53833336537 288.0
18000.0 19000.0 102892.65576623683 0.0
19000.0 20000.0 107914.93020853814 480.0
20000.0 21000.0 102777.32296538027 0.0
21000.0 22000.0 91681.59947018158 840.0
22000.0 23000.0 144535.2022243244 0.0
23000.0 24000.0 193134.45470344968 840.0
24000.0 25000.0 89251.74360204433 0.0
25000.0 26000.0 201888.0 840.0
26000.0 27000.0 73608.21139116169 840.0
27000.0 28000.0 164694.78860883834 0.0
28000.0 29000.0 103868.0270284552 840.0
29000.0 30000.0 157428.1654343564 0.0
30000.0 31000.0 188655.8075371884 840.0
31000.0 32000.0 21649.449676499993 0.0
32000.0 33000.0 224009.5503235 840.0
33000.0 34000.0 157691.1675455349 1500.0
34000.0 35000.0 224992.12217712065 0.0
35000.0 36000.0 180351.10249552713 1500.0
36000.0 37000.0 211907.95798893122 0.0
37000.0 38000.0 319581.740163172 1500.0
38000.0 39000.0 171589.04709068022 1500.0
39000.0 40000.0 244612.3877459211 0.0
40000.0 41000.0 127934.11425575125 1500.0
41000.0 42000.0 232005.66273476603 0.0
42000.0 43000.0 186411.93283510735 1500.0
43000.0 44000.0 276467.65567503724 0.0
44000.0 45000.0 188622.50563896244 1500.0
45000.0 46000.0 241157.72882402682 0.0
46000.0 47000.0 292608.57565573655 1500.0
47000.0 48000.0 101031.29917372507 0.0
48000.0 49000.0 312136.5605460341 1500.0
49000.0 50000.0 68149.12373961884 0.0
50000.0 51000.0 297592.36313167145 1500.0
51000.0 52000.0 128312.03969777575 0.0
52000.0 53000.0 277224.13129352225 1500.0
53000.0 54000.0 103223.11889955623 0.0
54000.0 55000.0 340049.0212588499 1500.0
55000.0 56000.0 221538.30029335577 1500.0
56000.0 57000.0 207546.80806657445 0.0
57000.0 58000.0 165593.1330257879 1500.0
58000.0 59000.0 193473.30870765538 0.0
59000.0 60000.0 207807.17377134983 1500.0
60000.0 61000.0 229034.9728524454 0.0
61000.0 62000.0 262916.02499977296 1500.0
62000.0 63000.0 175485.70440334035 0.0
63000.0 64000.0 192511.73643657734 1500.0
64000.0 65000.0 192652.01263623472 0.0
65000.0 66000.0 207141.63417323428 2300.0
66000.0 67000.0 303920.1872820815 0.0
67000.0 68000.0 377448.3435241712 2300.0
68000.0 69000.0 315797.30126039055 0.0
69000.0 70000.0 193428.9234058365 2300.0
70000.0 71000.0 301237.13231004425 0.0
71000.0 72000.0 401957.1019016603 2300.0
72000.0 73000.0 294875.4017926657 2300.0
73000.0 74000.0 346184.1436696963 0.0
74000.0 75000.0 361106.7714919352 2300.0
75000.0 76000.0 327242.9592882707 0.0
76000.0 77000.0 210973.5661398911 0.0
77000.0 78000.0 232493.66723481487 2300.0
78000.0 79000.0 308527.5417655996 0.0
79000.0 80000.0 374546.79099958553 2300.0
80000.0 81000.0 376078.7906048592 2300.0
81000.0 82000.0 358893.1388242589 0.0
82000.0 83000.0 339038.6289446452 2300.0
83000.0 84000.0 329809.8189554099 0.0
84000.0 85000.0 342126.4537266501 2300.0
85000.0 86000.0 310439.72479423013 0.0
86000.0 87000.0 258243.1377686837 2300.0
87000.0 88000.0 318736.64351046516 0.0
88000.0 89000.0 300032.43535353243 2300.0
89000.0 90000.0 322994.20140998124 0.0
90000.0 91000.0 205309.22517526298 2300.0
91000.0 92000.0 331908.75639424555 0.0
92000.0 93000.0 355792.76029841864 2300.0
93000.0 94000.0 324846.4781870559 0.0
94000.0 95000.0 366018.2698473743 2300.0
95000.0 96000.0 323426.319711001 0.0
96000.0 97000.0 287409.690243342 2300.0
97000.0 98000.0 364028.9517461318 2300.0
98000.0 99000.0 321100.2236851158 0.0
99000.0 100000.0 278338.8993788152 0.0
100000.0 101000.0 272217.6498965418 2300.0
101000.0 102000.0 415740.267875071 2300.0
102000.0 103000.0 352984.06865708996 0.0
103000.0 104000.0 353937.56216863904 2300.0
104000.0 105000.0 325772.3674428656 0.0
105000.0 106000.0 296069.30901448184 2300.0
106000.0 107000.0 273145.6226753661 0.0
107000.0 108000.0 329647.3357654691 2300.0
108000.0 109000.0 283220.33684420295 0.0
109000.0 110000.0 305176.67435482616 2300.0
110000.0 111000.0 327873.53272416117 0.0
111000.0 112000.0 367165.92924871226 2300.0
112000.0 113000.0 316396.90639751044 0.0
113000.0 114000.0 197676.61840056677 2300.0
114000.0 115000.0 326368.8481775974 0.0
115000.0 116000.0 373996.9740324162 2300.0
116000.0 117000.0 261055.54980710166 0.0
117000.0 118000.0 346746.65620226384 2300.0
118000.0 119000.0 323022.05240079074 2300.0
119000.0 120000.0 336754.47273345484 0.0
120000.0 121000.0 195457.71662139194 0.0
121000.0 122000.0 342124.52645527426 2300.0
122000.0 123000.0 271150.914741501 0.0
123000.0 124000.0 368112.6848804353 2300.0
124000.0 125000.0 221716.87392278944 0.0
125000.0 126000.0 239245.2452878388 2300.0
126000.0 127000.0 331980.59514255385 0.0
127000.0 128000.0 287829.4554031373 2300.0
128000.0 129000.0 318038.6601683032 0.0
129000.0 130000.0 355722.56066360715 2300.0
130000.0 131000.0 396742.6094743809 2300.0
131000.0 132000.0 342655.21280391293 0.0
132000.0 133000.0 338255.61450719123 2300.0
133000.0 134000.0 296284.2049243468 0.0
134000.0 135000.0 321760.6121087804 2300.0
135000.0 136000.0 366092.85141267633 0.0
136000.0 137000.0 304039.7404194396 2300.0
137000.0 138000.0 322380.82589416404 0.0
138000.0 139000.0 145406.2574624189 2300.0
139000.0 140000.0 356211.8964344417 0.0
140000.0 141000.0 389127.25260552554 2300.0
141000.0 142000.0 270121.6211330154 0.0
142000.0 143000.0 342552.7646514042 2300.0
143000.0 144000.0 316462.6178929224 2300.0
144000.0 145000.0 247424.362886407 0.0
145000.0 146000.0 253327.9155223313 0.0
146000.0 147000.0 285956.8385233142 2300.0
147000.0 148000.0 347050.3186166523 2300.0
148000.0 149000.0 348987.714488936 0.0
149000.0 150000.0 348555.11243381375 2300.0
150000.0 151000.0 323540.5843352989 0.0
151000.0 152000.0 362635.7078461935 2300.0
152000.0 153000.0 287444.7480945906 0.0
153000.0 154000.0 129728.2855093544 0.0
154000.0 155000.0 287736.5279964236 2300.0
155000.0 156000.0 406219.9065847454 2300.0
156000.0 157000.0 286011.8933403634 0.0
157000.0 158000.0 361374.9715156518 2300.0
158000.0 159000.0 274262.38105038845 0.0
159000.0 160000.0 349546.90212201176 2300.0
160000.0 161000.0 325801.6235500429 0.0
161000.0 162000.0 328231.06941443624 2300.0
162000.0 163000.0 257186.66556374953 0.0
163000.0 164000.0 278135.48586460797 2300.0
164000.0 165000.0 327751.8807632867 0.0
165000.0 166000.0 395398.95708714495 2300.0
166000.0 167000.0 289442.5485001947 0.0
167000.0 168000.0 289848.6496077747 2300.0
168000.0 169000.0 305707.75677406363 2300.0
169000.0 170000.0 387779.928868304 0.0
170000.0 171000.0 177655.50999102255 0.0
171000.0 172000.0 338438.50999218033 2300.0
172000.0 173000.0 318027.98935359804 2300.0
173000.0 174000.0 268804.39023661223 0.0
174000.0 175000.0 240658.98811012125 2300.0
175000.0 176000.0 398046.006119519 0.0
176000.0 177000.0 366343.1827327564 2300.0
177000.0 178000.0 340687.1036575519 0.0
178000.0 179000.0 364848.1147628794 2300.0
179000.0 180000.0 338692.89028354414 0.0
180000.0 181000.0 197579.5859861169 2300.0
181000.0 182000.0 348915.72643008176 0.0
182000.0 183000.0 184878.81289499748 2300.0
183000.0 184000.0 356920.36535760097 0.0
184000.0 185000.0 339793.0781568376 2300.0
185000.0 186000.0 359795.9572270356 0.0
186000.0 187000.0 346336.2004887747 2300.0
187000.0 188000.0 353042.9118614901 0.0
188000.0 189000.0 322061.652249031 2300.0
189000.0 190000.0 256493.44880888882 0.0
190000.0 191000.0 252931.37324264672 2300.0
191000.0 192000.0 309342.01628370665 0.0
192000.0 193000.0 331493.3392177435 2300.0
193000.0 194000.0 361456.4275638031 2300.0
194000.0 195000.0 339981.2649615251 0.0
195000.0 196000.0 357892.196114283 2300.0
196000.0 197000.0 323203.83541868406 0.0
197000.0 198000.0 348218.2553962888 2300.0
198000.0 199000.0 300541.20125404175 0.0
199000.0 200000.0 210774.02479868717 0.0
200000.0 201000.0 257974.2497681366 2300.0
201000.0 202000.0 363060.8675576567 2300.0
202000.0 203000.0 380402.6169713919 0.0
203000.0 204000.0 319629.5438865541 2300.0
204000.0 205000.0 303354.9960260429 0.0
205000.0 206000.0 299523.3256521276 2300.0
206000.0 207000.0 333876.5146602695 0.0
207000.0 208000.0 383712.0293176407 2300.0
208000.0 209000.0 294985.71805249806 0.0
209000.0 210000.0 197767.13953941787 2300.0
210000.0 211000.0 297268.82174553524 0.0
211000.0 212000.0 337518.1619193994 2300.0
212000.0 213000.0 280435.18741739454 0.0
213000.0 214000.0 245457.00045453408 2300.0
214000.0 215000.0 344617.8833253704 0.0
215000.0 216000.0 374411.5014853335 2300.0
216000.0 217000.0 297405.87773348886 0.0
217000.0 218000.0 387730.9024946705 2300.0
218000.0 219000.0 253373.96779034514 0.0
219000.0 220000.0 352483.4378574077 2300.0
220000.0 221000.0 310908.36434835644 2300.0
221000.0 222000.0 382414.66554451094 0.0
222000.0 223000.0 343068.39128013956 2300.0
223000.0 224000.0 286147.266488886 0.0
224000.0 225000.0 181905.92375515687 2300.0
225000.0 226000.0 358492.69841984386 0.0
226000.0 227000.0 308070.40606501873 2300.0
227000.0 228000.0 299372.4764888266 0.0
228000.0 229000.0 290612.8703795109 2300.0
229000.0 230000.0 341468.5733704068 0.0
230000.0 231000.0 322663.2267989663 2300.0
231000.0 232000.0 257889.96222785095 0.0
232000.0 233000.0 189848.38524447882 2300.0
233000.0 234000.0 344353.827912732 0.0
234000.0 235000.0 208161.58550932913 2300.0
235000.0 236000.0 397205.34557765105 0.0
236000.0 237000.0 326766.5690490225 2300.0
237000.0 238000.0 335815.7496029767 0.0
238000.0 239000.0 312611.99021668965 2300.0
239000.0 240000.0 289754.3412204398 2300.0
240000.0 241000.0 305115.9283422844 0.0
241000.0 242000.0 358739.1808660922 2300.0
242000.0 243000.0 372111.56323590747 0.0
243000.0 244000.0 227823.91842837146 0.0
244000.0 245000.0 207730.77271291544 2300.0
245000.0 246000.0 289300.06782253564 0.0
246000.0 247000.0 353067.34023898205 2300.0
247000.0 248000.0 399113.3974698021 2300.0
248000.0 249000.0 369795.0129939442 0.0
249000.0 250000.0 335205.92665807554 2300.0
250000.0 251000.0 314190.46759574616 0.0
251000.0 252000.0 357744.94987916376 2300.0
252000.0 253000.0 243939.5825827266 0.0
253000.0 254000.0 278994.6941471495 2300.0
254000.0 255000.0 308154.2620073728 0.0
255000.0 256000.0 291305.48692609055 2300.0
256000.0 257000.0 349544.10275838326 0.0
257000.0 258000.0 320625.7233976455 2300.0
258000.0 259000.0 251911.79479049274 0.0
259000.0 260000.0 302430.26368960564 2300.0
260000.0 261000.0 321953.12553446804 0.0
261000.0 262000.0 376564.27937918244 2300.0
262000.0 263000.0 343204.7636051093 0.0
263000.0 264000.0 322692.7295637449 2300.0
264000.0 265000.0 281592.6080160068 0.0
265000.0 266000.0 362164.4460201248 2300.0
266000.0 267000.0 190201.13689193453 0.0
267000.0 268000.0 290714.67265974166 2300.0
268000.0 269000.0 285191.41566422046 2300.0
269000.0 270000.0 347178.0293866532 0.0
270000.0 271000.0 355071.2721590169 2300.0
271000.0 272000.0 403995.4108052548 0.0
272000.0 273000.0 229554.7708269078 2300.0
273000.0 274000.0 363948.2367783076 0.0
274000.0 275000.0 292308.9965648272 2300.0
275000.0 276000.0 312204.9183154874 0.0
276000.0 277000.0 223986.31120234844 2300.0
277000.0 278000.0 330362.3638025886 0.0
278000.0 279000.0 332243.31037922984 2300.0
279000.0 280000.0 393986.88698503084 0.0
280000.0 281000.0 309690.3784933128 2300.0
281000.0 282000.0 254215.93272874845 0.0
282000.0 283000.0 222322.20264489012 2300.0
283000.0 284000.0 322897.89912361687 0.0
284000.0 285000.0 157984.36470671603 2300.0
285000.0 286000.0 373800.958099784 0.0
286000.0 287000.0 329841.1153613868 2300.0
287000.0 288000.0 376087.13453321543 2300.0
288000.0 289000.0 308714.8098559838 0.0
289000.0 290000.0 344156.754509146 2300.0
290000.0 291000.0 337325.4549147163 0.0
291000.0 292000.0 333139.89654383366 2300.0
292000.0 293000.0 343011.3995617675 0.0
293000.0 294000.0 248864.10209189076 0.0
294000.0 295000.0 258777.67073743048 2300.0
295000.0 296000.0 371136.27514156094 2300.0
296000.0 297000.0 316406.35202896426 0.0
297000.0 298000.0 369204.2981788178 2300.0
298000.0 299000.0 268660.0402359111 0.0
299000.0 300000.0 293721.8737663714 2300.0
300000.0 301000.0 160848.9083002614 0.0
