ts te s_bytes_all avg_video_rate
0.0 1000.0 0.0 0.0
1000.0 2000.0 0.0 0.0
2000.0 3000.0 0.0 0.0
3000.0 4000.0 0.0 0.0
4000.0 5000.0 0.0 0.0
5000.0 6000.0 0.0 0.0
6000.0 7000.0 9464.250865111066 0.0
7000.0 8000.0 269764.7070678092 840.0
8000.0 9000.0 326674.0322250965 840.0
9000.0 10000.0 239878.2671689692 480.0
10000.0 11000.0 228115.11867964762 480.0
11000.0 12000.0 327906.69715004787 480.0
12000.0 13000.0 290751.20062670397 480.0
13000.0 14000.0 292098.7262166145 480.0
14000.0 15000.0 0.0 0.0
15000.0 16000.0 339980.58096469124 1500.0
16000.0 17000.0 42483.14487000505 0.0
17000.0 18000.0 337278.40396666137 1500.0
18000.0 19000.0 179919.27449121923 1500.0
19000.0 20000.0 185509.03754546342 0.0
20000.0 21000.0 180537.40440366865 1500.0
21000.0 22000.0 257548.94467488717 0.0
22000.0 23000.0 389479.36457946146 1500.0
23000.0 24000.0 52791.16367858152 0.0
24000.0 25000.0 273016.32829810755 1500.0
25000.0 26000.0 173064.44586202872 1500.0
26000.0 27000.0 285609.90666522464 0.0
27000.0 28000.0 191046.32422500307 1500.0
28000.0 29000.0 226374.03074158853 0.0
29000.0 30000.0 382585.72293236805 1500.0
30000.0 31000.0 16709.80519753683 0.0
31000.0 32000.0 313992.764895606 1500.0
32000.0 33000.0 205346.59142876056 1500.0
33000.0 34000.0 188639.76057913702 0.0
34000.0 35000.0 171626.62147710274 1500.0
35000.0 36000.0 216353.22891580546 0.0
36000.0 37000.0 201180.4059534375 1500.0
37000.0 38000.0 226765.74365365432 0.0
38000.0 39000.0 0.0 0.0
39000.0 40000.0 219658.35042671434 2300.0
40000.0 41000.0 315744.61883260857 0.0
41000.0 42000.0 340528.5118608363 2300.0
42000.0 43000.0 246981.39253927182 0.0
43000.0 44000.0 355128.6345523563 2300.0
44000.0 45000.0 246761.19771206196 0.0
45000.0 46000.0 362208.63061949064 2300.0
46000.0 47000.0 252737.85645434316 0.0
47000.0 48000.0 384366.04657228704 2300.0
48000.0 49000.0 377760.58092593 2300.0
49000.0 50000.0 337973.9311577445 0.0
50000.0 51000.0 339272.3039636927 2300.0
51000.0 52000.0 332322.23853931745 0.0
52000.0 53000.0 135209.16962417107 0.0
53000.0 54000.0 291405.38977647235 2300.0
54000.0 55000.0 381748.3639335267 0.0
55000.0 56000.0 337060.3564584347 2300.0
56000.0 57000.0 288179.1143115525 2300.0
57000.0 58000.0 345234.65311057045 0.0
58000.0 59000.0 359528.83351292805 2300.0
59000.0 60000.0 358000.7541285511 0.0
60000.0 61000.0 358429.4529557598 2300.0
61000.0 62000.0 360716.63031444984 2300.0
62000.0 63000.0 353699.8478245583 0.0
63000.0 64000.0 395977.24097106425 2300.0
64000.0 65000.0 294087.35521507496 0.0
65000.0 66000.0 362795.52888565336 2300.0
66000.0 67000.0 327160.3063245615 0.0
67000.0 68000.0 47675.70849601646 0.0
68000.0 69000.0 0.0 0.0
69000.0 70000.0 237351.4992527552 2300.0
70000.0 71000.0 321213.3947976281 0.0
71000.0 72000.0 383249.88953908836 1500.0
72000.0 73000.0 365033.65240237734 1500.0
73000.0 74000.0 321165.57174984436 1500.0
74000.0 75000.0 193746.63769549856 0.0
75000.0 76000.0 243192.2780316547 2300.0
76000.0 77000.0 300132.6021066614 0.0
77000.0 78000.0 355032.5862103966 2300.0
78000.0 79000.0 255645.23429062212 0.0
79000.0 80000.0 299462.1041514287 2300.0
80000.0 81000.0 306677.12998546683 0.0
81000.0 82000.0 344585.2533328044 2300.0
82000.0 83000.0 239648.29475432442 0.0
83000.0 84000.0 372428.86891064735 2300.0
84000.0 85000.0 208087.60469320766 0.0
85000.0 86000.0 313364.5443219344 2300.0
86000.0 87000.0 296088.3858207798 0.0
87000.0 88000.0 331637.49034939165 2300.0
88000.0 89000.0 272203.8956544283 0.0
89000.0 90000.0 359780.5279258229 2300.0
90000.0 91000.0 262304.3361141973 0.0
91000.0 92000.0 347956.62408149545 2300.0
92000.0 93000.0 265208.1769787944 0.0
93000.0 94000.0 293439.0767465774 2300.0
94000.0 95000.0 295574.7061954183 0.0
95000.0 96000.0 366080.61173307145 2300.0
96000.0 97000.0 325152.8561435407 2300.0
97000.0 98000.0 332710.49937968823 0.0
98000.0 99000.0 361966.4364497162 2300.0
99000.0 100000.0 338353.3749907116 0.0
100000.0 101000.0 369615.46340584103 2300.0
101000.0 102000.0 339783.10118605744 0.0
102000.0 103000.0 320166.6448070729 2300.0
103000.0 104000.0 365757.38023869373 2300.0
104000.0 105000.0 252406.87944155588 0.0
105000.0 106000.0 366468.95241106 2300.0
106000.0 107000.0 356074.7017161603 0.0
107000.0 108000.0 290878.6367057479 2300.0
108000.0 109000.0 354218.6931842476 0.0
109000.0 110000.0 318565.68856536236 2300.0
110000.0 111000.0 330660.91672562767 0.0
111000.0 112000.0 283994.8649818484 2300.0
112000.0 113000.0 317514.0264511409 0.0
113000.0 114000.0 347854.48324112495 2300.0
114000.0 115000.0 231917.88396117967 0.0
115000.0 116000.0 342522.9058829415 2300.0
116000.0 117000.0 257013.963125843 0.0
117000.0 118000.0 329845.30523586896 2300.0
118000.0 119000.0 274801.0132849231 0.0
119000.0 120000.0 324509.243462632 2300.0
120000.0 121000.0 251401.43347344454 0.0
121000.0 122000.0 354490.52740249725 2300.0
122000.0 123000.0 267949.5452376725 0.0
123000.0 124000.0 237666.70510829863 2300.0
124000.0 125000.0 327329.64816189103 0.0
125000.0 126000.0 244554.26028872695 2300.0
126000.0 127000.0 289639.00781316706 0.0
127000.0 128000.0 347831.824319842 2300.0
128000.0 129000.0 329675.1673300752 0.0
129000.0 130000.0 349651.3715222145 2300.0
130000.0 131000.0 326693.3274400001 0.0
131000.0 132000.0 326887.209847152 2300.0
132000.0 133000.0 297573.22730339854 0.0
133000.0 134000.0 337342.8132865993 2300.0
134000.0 135000.0 246046.02806248475 0.0
135000.0 136000.0 272888.8393735906 2300.0
136000.0 137000.0 310266.208048903 0.0
137000.0 138000.0 339723.1134264328 2300.0
138000.0 139000.0 271655.5677666073 0.0
139000.0 140000.0 355188.43500262866 2300.0
140000.0 141000.0 236513.0912608026 0.0
141000.0 142000.0 233293.37959704327 2300.0
142000.0 143000.0 312687.4750359919 0.0
143000.0 144000.0 371900.74581987207 2300.0
144000.0 145000.0 348052.4164782911 0.0
145000.0 146000.0 362054.51901522645 2300.0
146000.0 147000.0 305546.7004152173 2300.0
147000.0 148000.0 355737.5993116461 0.0
148000.0 149000.0 348651.51061503135 2300.0
149000.0 150000.0 367375.3594177573 0.0
150000.0 151000.0 366047.4798000996 2300.0
151000.0 152000.0 333174.17659206904 0.0
152000.0 153000.0 333952.19720780686 2300.0
153000.0 154000.0 393092.905752694 2300.0
154000.0 155000.0 343309.7034824342 0.0
155000.0 156000.0 393562.123086243 2300.0
156000.0 157000.0 298118.4995590755 0.0
157000.0 158000.0 313748.4964013193 2300.0
158000.0 159000.0 278582.1599778922 0.0
159000.0 160000.0 314421.0931505629 2300.0
160000.0 161000.0 229549.61760439564 0.0
161000.0 162000.0 313539.254819903 2300.0
162000.0 163000.0 313381.2315557251 0.0
163000.0 164000.0 365071.16028594156 2300.0
164000.0 165000.0 268193.95530522364 0.0
165000.0 166000.0 241554.5689444094 2300.0
166000.0 167000.0 261849.3094838122 0.0
167000.0 168000.0 303579.4401380726 2300.0
168000.0 169000.0 311337.30309702427 0.0
169000.0 170000.0 314496.87686161016 2300.0
170000.0 171000.0 295957.99401744665 0.0
171000.0 172000.0 315326.3731197421 2300.0
172000.0 173000.0 306911.39889282786 0.0
173000.0 174000.0 327859.1009729768 2300.0
174000.0 175000.0 322652.6067976459 0.0
175000.0 176000.0 358046.0849441199 2300.0
176000.0 177000.0 264399.5412888169 0.0
177000.0 178000.0 323060.7736896541 2300.0
178000.0 179000.0 241139.9926907226 0.0
179000.0 180000.0 356764.80674659665 2300.0
180000.0 181000.0 280160.1263528328 0.0
181000.0 182000.0 380252.7219271261 2300.0
182000.0 183000.0 175873.66190474958 0.0
183000.0 184000.0 305919.3699992851 2300.0
184000.0 185000.0 277815.25501716754 0.0
185000.0 186000.0 319657.1701062183 2300.0
186000.0 187000.0 310009.5441516998 0.0
187000.0 188000.0 369633.13937126426 2300.0
188000.0 189000.0 245263.89369799686 0.0
189000.0 190000.0 308156.2959542195 2300.0
190000.0 191000.0 282194.0474652022 0.0
191000.0 192000.0 384539.36153508985 2300.0
192000.0 193000.0 349904.44693241594 2300.0
193000.0 194000.0 363163.0785927069 0.0
194000.0 195000.0 307577.5544459805 2300.0
195000.0 196000.0 385708.4944003917 0.0
196000.0 197000.0 352541.4559071291 2300.0
197000.0 198000.0 341085.6868220259 0.0
198000.0 199000.0 365800.21824283455 2300.0
199000.0 200000.0 337024.17929200875 2300.0
200000.0 201000.0 354037.44607659895 0.0
201000.0 202000.0 380280.95033112017 2300.0
202000.0 203000.0 312480.5353117953 0.0
203000.0 204000.0 410011.65672367637 2300.0
204000.0 205000.0 267307.12772681774 0.0
205000.0 206000.0 285916.564603687 2300.0
206000.0 207000.0 284001.25588186836 0.0
207000.0 208000.0 343495.72968168417 2300.0
208000.0 209000.0 284449.87911140075 0.0
209000.0 210000.0 288610.0839410818 2300.0
210000.0 211000.0 301346.95349807426 0.0
211000.0 212000.0 362442.5367806118 2300.0
212000.0 213000.0 230263.87005817713 0.0
213000.0 214000.0 337795.3500684846 2300.0
214000.0 215000.0 263113.2872093814 0.0
215000.0 216000.0 346262.40352108417 2300.0
216000.0 217000.0 260236.5137099431 0.0
217000.0 218000.0 342869.87328602525 2300.0
218000.0 219000.0 252157.72805972752 0.0
219000.0 220000.0 278689.52299561654 2300.0
220000.0 221000.0 389555.22315476375 0.0
221000.0 222000.0 339940.5085958401 2300.0
222000.0 223000.0 344688.1426724903 2300.0
223000.0 224000.0 325328.457331917 0.0
224000.0 225000.0 204068.52129551425 0.0
225000.0 226000.0 297694.2554992714 2300.0
226000.0 227000.0 380761.235229114 2300.0
227000.0 228000.0 367475.58167388325 0.0
228000.0 229000.0 373758.21036678174 2300.0
229000.0 230000.0 316513.7578070726 0.0
230000.0 231000.0 351672.8759625829 2300.0
231000.0 232000.0 300407.3018716888 0.0
232000.0 233000.0 380209.1341195084 2300.0
233000.0 234000.0 254414.9495578121 0.0
234000.0 235000.0 323902.0834157183 2300.0
235000.0 236000.0 244319.95608657677 0.0
236000.0 237000.0 332466.28055626294 2300.0
237000.0 238000.0 343441.8901818328 2300.0
238000.0 239000.0 340353.9739884472 0.0
239000.0 240000.0 279483.57329463225 2300.0
240000.0 241000.0 354109.6895783051 0.0
241000.0 242000.0 288258.9016317801 2300.0
242000.0 243000.0 323702.4885112238 0.0
243000.0 244000.0 278279.04013428104 2300.0
244000.0 245000.0 312229.73593752354 0.0
245000.0 246000.0 333056.57883184054 2300.0
246000.0 247000.0 354906.37125389406 0.0
247000.0 248000.0 99829.13450996649 0.0
248000.0 249000.0 0.0 0.0
249000.0 250000.0 311436.5672448347 2300.0
250000.0 251000.0 327305.9700461086 2300.0
251000.0 252000.0 364434.45053798566 0.0
252000.0 253000.0 358514.75949536794 2300.0
253000.0 254000.0 364407.2825062606 0.0
254000.0 255000.0 373729.2216192137 2300.0
255000.0 256000.0 366630.8860958273 2300.0
256000.0 257000.0 397954.6258609373 0.0
257000.0 258000.0 428700.71385142277 2300.0
258000.0 259000.0 302062.43618036644 0.0
259000.0 260000.0 308824.16472294996 2300.0
260000.0 261000.0 357539.9921815659 2300.0
261000.0 262000.0 390605.015912981 0.0
262000.0 263000.0 402989.3355146991 2300.0
263000.0 264000.0 303857.25579349085 0.0
264000.0 265000.0 181477.32243598797 0.0
265000.0 266000.0 331745.67994763487 2300.0
266000.0 267000.0 415320.80107972113 2300.0
267000.0 268000.0 324389.7884197227 0.0
268000.0 269000.0 316920.95654555573 2300.0
269000.0 270000.0 346134.7648301297 0.0
270000.0 271000.0 259521.4527607445 2300.0
271000.0 272000.0 317161.7948049477 0.0
272000.0 273000.0 372277.952779477 2300.0
273000.0 274000.0 303028.8691333182 0.0
274000.0 275000.0 210528.9895638415 2300.0
275000.0 276000.0 337831.9639907367 0.0
276000.0 277000.0 91874.05375516322 0.0
277000.0 278000.0 2556.2427582052565 0.0
278000.0 279000.0 784.6896308018903 0.0
279000.0 280000.0 108524.99346659136 2300.0
280000.0 281000.0 328898.440308193 0.0
281000.0 282000.0 356043.37244398054 840.0
282000.0 283000.0 289784.29942625936 840.0
283000.0 284000.0 309921.51171596156 840.0
284000.0 285000.0 3556.3826390142262 0.0
285000.0 286000.0 229108.56760429978 840.0
286000.0 287000.0 243940.18593912234 0.0
287000.0 288000.0 186259.99278506322 2300.0
288000.0 289000.0 270350.535748034 0.0
289000.0 290000.0 279868.9871425022 2300.0
290000.0 291000.0 349108.4784386144 0.0
291000.0 292000.0 284877.58303927 2300.0
292000.0 293000.0 342749.8352097702 0.0
293000.0 294000.0 291988.0492167206 2300.0
294000.0 295000.0 333560.554271353 0.0
295000.0 296000.0 293880.13265020144 2300.0
296000.0 297000.0 326683.17358391243 0.0
297000.0 298000.0 348689.5978921569 2300.0
298000.0 299000.0 308873.3069115295 0.0
299000.0 300000.0 303728.1774748958 2300.0
300000.0 301000.0 62259.842092554114 0.0
