ts te s_bytes_all avg_video_rate
0.0 1000.0 0.0 0.0
1000.0 2000.0 0.0 0.0
2000.0 3000.0 0.0 0.0
3000.0 4000.0 0.0 0.0
4000.0 5000.0 0.0 0.0
5000.0 6000.0 0.0 0.0
6000.0 7000.0 0.0 0.0
7000.0 8000.0 0.0 0.0
8000.0 9000.0 0.0 0.0
9000.0 10000.0 0.0 0.0
10000.0 11000.0 0.0 0.0
11000.0 12000.0 0.0 0.0
12000.0 13000.0 0.0 0.0
13000.0 14000.0 0.0 0.0
14000.0 15000.0 0.0 0.0
15000.0 16000.0 0.0 0.0
16000.0 17000.0 0.0 0.0
17000.0 18000.0 0.0 0.0
18000.0 19000.0 8308.0 0.0
19000.0 20000.0 109899.45664826702 480.0
20000.0 21000.0 105160.63129167625 0.0
21000.0 22000.0 64624.13310337562 0.0
22000.0 23000.0 107064.1212791778 288.0
23000.0 24000.0 110196.54075993373 288.0
24000.0 25000.0 46884.33387545053 0.0
25000.0 26000.0 61798.19887561507 288.0
26000.0 27000.0 103421.95671735243 288.0
27000.0 28000.0 66486.76101841316 0.0
28000.0 29000.0 45854.447004558504 288.0
29000.0 30000.0 101994.7319888107 288.0
30000.0 31000.0 97852.58200388706 288.0
31000.0 32000.0 40400.1024957848 0.0
32000.0 33000.0 42220.244166841774 288.0
33000.0 34000.0 61920.00545873354 0.0
34000.0 35000.0 24779.620358699503 0.0
35000.0 36000.0 88592.41876394788 0.0
36000.0 37000.0 50986.30364602075 0.0
37000.0 38000.0 126649.22061530687 288.0
38000.0 39000.0 119513.40096567688 0.0
39000.0 40000.0 138730.97753908177 288.0
40000.0 41000.0 11975.811423388352 0.0
41000.0 42000.0 50936.175954121165 288.0
42000.0 43000.0 43893.658814000424 0.0
43000.0 44000.0 59805.63761996622 0.0
44000.0 45000.0 51090.65225257444 288.0
45000.0 46000.0 75699.26755159034 0.0
46000.0 47000.0 48307.841452072294 288.0
47000.0 48000.0 112988.49052950178 0.0
48000.0 49000.0 66147.44087731706 288.0
49000.0 50000.0 123243.2243804485 0.0
50000.0 51000.0 56252.08476145874 0.0
51000.0 52000.0 67890.73177308185 288.0
52000.0 53000.0 20619.503997160904 0.0
53000.0 54000.0 98818.64906753483 288.0
54000.0 55000.0 52495.4368296825 288.0
55000.0 56000.0 158237.95049760464 0.0
56000.0 57000.0 69513.20924156829 288.0
57000.0 58000.0 56200.58430609482 0.0
58000.0 59000.0 77348.93020501325 288.0
59000.0 60000.0 30606.498625359665 0.0
60000.0 61000.0 63345.69944494321 288.0
61000.0 62000.0 65795.55433392909 0.0
62000.0 63000.0 30441.396662512663 288.0
63000.0 64000.0 89903.52507628931 0.0
64000.0 65000.0 73989.08101952495 288.0
65000.0 66000.0 84387.68954997013 288.0
66000.0 67000.0 119548.8245175225 0.0
67000.0 68000.0 37192.7584701382 0.0
68000.0 69000.0 67903.01845407345 288.0
69000.0 70000.0 76830.37073713075 0.0
70000.0 71000.0 77722.78049246364 288.0
71000.0 72000.0 73288.45393641754 288.0
72000.0 73000.0 68330.87856893285 0.0
73000.0 74000.0 39498.38763966999 288.0
74000.0 75000.0 89069.40998056058 0.0
75000.0 76000.0 38209.15356873362 288.0
76000.0 77000.0 100291.05714541762 0.0
77000.0 78000.0 62564.7162198508 288.0
78000.0 79000.0 60579.27544576739 0.0
79000.0 80000.0 91429.11924427081 288.0
80000.0 81000.0 50301.97750243782 0.0
81000.0 82000.0 97363.90325329137 288.0
82000.0 83000.0 9418.957393133123 0.0
83000.0 84000.0 101934.87635899021 8000.0
84000.0 85000.0 294055.76459912653 0.0
85000.0 86000.0 412252.82865513244 0.0
86000.0 87000.0 366873.0690094725 0.0
87000.0 88000.0 204274.7590369001 840.0
88000.0 89000.0 354471.7902676348 840.0
89000.0 90000.0 449374.0331462798 840.0
90000.0 91000.0 165265.93341305744 1500.0
91000.0 92000.0 333876.7519781232 0.0
92000.0 93000.0 92897.6561813479 2300.0
93000.0 94000.0 355407.57121383515 0.0
94000.0 95000.0 261414.11548761287 2300.0
95000.0 96000.0 316544.6958081833 0.0
96000.0 97000.0 290273.6138289111 2300.0
97000.0 98000.0 395707.0751672261 0.0
98000.0 99000.0 203469.6485091988 2300.0
99000.0 100000.0 412131.877397862 0.0
100000.0 101000.0 284945.53351393575 2300.0
101000.0 102000.0 392769.7582219311 0.0
102000.0 103000.0 201759.61065005127 2300.0
103000.0 104000.0 389322.1460859351 0.0
104000.0 105000.0 319033.3740332196 2300.0
105000.0 106000.0 388201.2909348128 0.0
106000.0 107000.0 238299.65276226218 2300.0
107000.0 108000.0 406897.5816327678 0.0
108000.0 109000.0 306350.6673580639 2300.0
109000.0 110000.0 329450.20073416294 0.0
110000.0 111000.0 241402.69022767394 2300.0
111000.0 112000.0 310901.65999469016 0.0
112000.0 113000.0 295951.14062523865 2300.0
113000.0 114000.0 347437.8941305328 0.0
114000.0 115000.0 328016.46081083734 2300.0
115000.0 116000.0 464215.8981560192 2300.0
116000.0 117000.0 355065.3201784175 0.0
117000.0 118000.0 310368.87528276496 2300.0
118000.0 119000.0 273855.66666826064 0.0
119000.0 120000.0 352215.62298553326 2300.0
120000.0 121000.0 324259.0455850417 0.0
121000.0 122000.0 261534.15170577532 2300.0
122000.0 123000.0 331173.3442133703 0.0
123000.0 124000.0 307009.01541518554 2300.0
124000.0 125000.0 387778.9641325736 0.0
125000.0 126000.0 215080.9098219536 2300.0
126000.0 127000.0 405114.9806265247 0.0
127000.0 128000.0 311395.18886832683 2300.0
128000.0 129000.0 315814.242216081 0.0
129000.0 130000.0 298789.8085768528 2300.0
130000.0 131000.0 313456.2548714166 0.0
131000.0 132000.0 316948.39102100336 2300.0
132000.0 133000.0 305710.2150612199 0.0
133000.0 134000.0 304368.18891420966 2300.0
134000.0 135000.0 300109.2971865593 0.0
135000.0 136000.0 416935.3676614429 2300.0
136000.0 137000.0 368315.11996240437 0.0
137000.0 138000.0 306592.399883581 1500.0
138000.0 139000.0 303547.6867117656 2300.0
139000.0 140000.0 362816.46909639996 0.0
140000.0 141000.0 234431.9720399271 0.0
141000.0 142000.0 137733.06190508176 2300.0
142000.0 143000.0 377001.01967676735 0.0
143000.0 144000.0 344318.90600667126 2300.0
144000.0 145000.0 292825.1823815153 0.0
145000.0 146000.0 334808.3033228716 2300.0
146000.0 147000.0 336575.6965968125 0.0
147000.0 148000.0 403199.1835499284 2300.0
148000.0 149000.0 368670.62054040853 2300.0
149000.0 150000.0 371147.88035477704 0.0
150000.0 151000.0 388953.1378703898 2300.0
151000.0 152000.0 332109.4321693969 0.0
152000.0 153000.0 366017.27557902073 2300.0
153000.0 154000.0 320453.06460927444 0.0
154000.0 155000.0 305822.8837464115 2300.0
155000.0 156000.0 386738.1908221323 0.0
156000.0 157000.0 343845.8141415705 2300.0
157000.0 158000.0 289418.17043504125 0.0
158000.0 159000.0 226718.83332428813 2300.0
159000.0 160000.0 425510.0413143408 0.0
160000.0 161000.0 336241.24918895704 2300.0
161000.0 162000.0 354973.301220166 0.0
162000.0 163000.0 286852.15311670245 2300.0
163000.0 164000.0 407130.6066169117 2300.0
164000.0 165000.0 274329.6996140173 0.0
165000.0 166000.0 284537.4914648427 0.0
166000.0 167000.0 229576.62411676178 2300.0
167000.0 168000.0 376829.97673020355 0.0
168000.0 169000.0 344768.92342852225 2300.0
169000.0 170000.0 394674.58430740336 0.0
170000.0 171000.0 314814.0834633489 2300.0
171000.0 172000.0 410088.38635976333 2300.0
172000.0 173000.0 297023.89948259643 0.0
173000.0 174000.0 329735.0727190029 2300.0
174000.0 175000.0 366015.2970204612 0.0
175000.0 176000.0 181633.17668929347 2300.0
176000.0 177000.0 365062.65630587883 0.0
177000.0 178000.0 420282.83158003405 2300.0
178000.0 179000.0 342818.17782875214 0.0
179000.0 180000.0 398445.66793253424 2300.0
180000.0 181000.0 306171.6040838957 0.0
181000.0 182000.0 295259.86885325063 2300.0
182000.0 183000.0 238733.59773157697 0.0
183000.0 184000.0 286377.11950490985 2300.0
184000.0 185000.0 298990.99586816854 0.0
185000.0 186000.0 376513.19786627847 2300.0
186000.0 187000.0 358637.6399686149 2300.0
187000.0 188000.0 329051.5596725008 0.0
188000.0 189000.0 271610.06600011635 2300.0
189000.0 190000.0 376377.11662874295 0.0
190000.0 191000.0 254153.4669661185 2300.0
191000.0 192000.0 357582.4475329372 0.0
192000.0 193000.0 256451.19145446137 2300.0
193000.0 194000.0 382337.9130740745 0.0
194000.0 195000.0 371224.4670623023 2300.0
195000.0 196000.0 341310.75484203146 0.0
196000.0 197000.0 335309.52106665215 2300.0
197000.0 198000.0 376947.57835110684 0.0
198000.0 199000.0 292329.1661594704 2300.0
199000.0 200000.0 407014.73943612084 0.0
200000.0 201000.0 109212.94901976764 2300.0
201000.0 202000.0 367051.9630630744 0.0
202000.0 203000.0 389371.3237532482 2300.0
203000.0 204000.0 374885.60589625 0.0
204000.0 205000.0 246868.0449518387 2300.0
205000.0 206000.0 315069.7668105731 0.0
206000.0 207000.0 360886.41284284013 2300.0
207000.0 208000.0 333428.6323503434 0.0
208000.0 209000.0 225140.19097954337 2300.0
209000.0 210000.0 387086.83319384925 0.0
210000.0 211000.0 371499.51588688587 2300.0
211000.0 212000.0 343298.43487977044 2300.0
212000.0 213000.0 368447.13810707146 0.0
213000.0 214000.0 317164.07366246195 2300.0
214000.0 215000.0 385408.0081330568 0.0
215000.0 216000.0 215294.1728150416 2300.0
216000.0 217000.0 453450.28798744606 0.0
217000.0 218000.0 208292.51822343603 2300.0
218000.0 219000.0 320174.3625886899 0.0
219000.0 220000.0 374094.05639592564 2300.0
220000.0 221000.0 295228.8895463338 0.0
221000.0 222000.0 372799.5581094421 2300.0
222000.0 223000.0 301986.79852765845 0.0
223000.0 224000.0 388909.1262910761 2300.0
224000.0 225000.0 372609.3842343867 0.0
225000.0 226000.0 207692.01778038527 2300.0
226000.0 227000.0 288874.5317130864 0.0
227000.0 228000.0 411577.0236547249 2300.0
228000.0 229000.0 281058.9223154081 0.0
229000.0 230000.0 348595.4662267418 2300.0
230000.0 231000.0 323666.5255354257 0.0
231000.0 232000.0 339398.5213546783 2300.0
232000.0 233000.0 265431.14740445506 2300.0
233000.0 234000.0 338864.57827827125 0.0
234000.0 235000.0 318893.0164021788 2300.0
235000.0 236000.0 395820.48670743126 0.0
236000.0 237000.0 294095.4325063162 2300.0
237000.0 238000.0 315493.8972838791 0.0
238000.0 239000.0 250433.01932395372 2300.0
239000.0 240000.0 421720.23893232946 0.0
240000.0 241000.0 277715.84036546724 2300.0
241000.0 242000.0 422872.6921527855 0.0
242000.0 243000.0 142039.62490321888 2300.0
243000.0 244000.0 347541.93837178475 0.0
244000.0 245000.0 372795.7687573555 2300.0
245000.0 246000.0 296344.534298787 0.0
246000.0 247000.0 323866.6836134676 2300.0
247000.0 248000.0 349878.0258567942 0.0
248000.0 249000.0 252648.3671248394 2300.0
249000.0 250000.0 384216.8245014919 0.0
250000.0 251000.0 113609.28468311433 2300.0
251000.0 252000.0 287816.2674678828 0.0
252000.0 253000.0 320904.391348345 0.0
253000.0 254000.0 398246.88427135634 2300.0
254000.0 255000.0 323422.61955720803 2300.0
255000.0 256000.0 362256.3558385765 0.0
256000.0 257000.0 407557.6777632831 2300.0
257000.0 258000.0 322000.39226624276 0.0
258000.0 259000.0 404937.99012565974 2300.0
259000.0 260000.0 315947.65592980955 0.0
260000.0 261000.0 429718.6919096012 2300.0
261000.0 262000.0 384881.6943198884 2300.0
262000.0 263000.0 384448.9905559378 0.0
263000.0 264000.0 257317.65814273155 2300.0
264000.0 265000.0 324989.77350191015 0.0
265000.0 266000.0 250503.85018890238 2300.0
266000.0 267000.0 341469.7084663562 0.0
267000.0 268000.0 297743.40233911475 2300.0
268000.0 269000.0 419057.2918007532 0.0
269000.0 270000.0 264264.19478451496 2300.0
270000.0 271000.0 373705.42302815407 0.0
271000.0 272000.0 286992.78613400564 2300.0
272000.0 273000.0 363455.29227083834 0.0
273000.0 274000.0 261572.9119305606 2300.0
274000.0 275000.0 392842.9671656024 0.0
275000.0 276000.0 334319.3387947802 2300.0
276000.0 277000.0 327553.5435315965 0.0
277000.0 278000.0 216262.0915123865 2300.0
278000.0 279000.0 401130.189621174 0.0
279000.0 280000.0 380442.01582561247 2300.0
280000.0 281000.0 299746.8456418945 0.0
281000.0 282000.0 236068.76028764292 2300.0
282000.0 283000.0 284178.8780184373 0.0
283000.0 284000.0 389226.3401934548 2300.0
284000.0 285000.0 410469.38180701906 0.0
285000.0 286000.0 274126.52419549064 2300.0
286000.0 287000.0 395396.162564657 2300.0
287000.0 288000.0 332407.76703728107 0.0
288000.0 289000.0 280264.160609611 2300.0
289000.0 290000.0 400162.03811350523 0.0
290000.0 291000.0 140807.72011721745 2300.0
291000.0 292000.0 380596.18868484185 0.0
292000.0 293000.0 286183.32902989956 2300.0
293000.0 294000.0 409555.6554081557 0.0
294000.0 295000.0 289080.11607048614 2300.0
295000.0 296000.0 388711.26813510654 0.0
296000.0 297000.0 190667.17411095765 2300.0
297000.0 298000.0 385600.8093116397 0.0
298000.0 299000.0 341263.5767006075 2300.0
299000.0 300000.0 376793.2448266297 0.0
300000.0 301000.0 105359.90477735922 0.0
