ts te s_bytes_all avg_video_rate
0.0 1000.0 0.0 0.0
1000.0 2000.0 0.0 0.0
2000.0 3000.0 0.0 0.0
3000.0 4000.0 0.0 0.0
4000.0 5000.0 0.0 0.0
5000.0 6000.0 140857.5661841709 480.0
6000.0 7000.0 179481.42757334633 480.0
7000.0 8000.0 402677.6474217194 480.0
8000.0 9000.0 377296.23394833825 480.0
9000.0 10000.0 341059.8811719432 480.0
10000.0 11000.0 64248.24370048191 0.0
11000.0 12000.0 2916.0 0.0
12000.0 13000.0 0.0 0.0
13000.0 14000.0 200766.29008817213 1500.0
14000.0 15000.0 323660.61169759854 1500.0
15000.0 16000.0 296103.110440685 1500.0
16000.0 17000.0 274235.32685805723 0.0
17000.0 18000.0 302047.05415288673 1500.0
18000.0 19000.0 190193.9739021455 0.0
19000.0 20000.0 196969.3192944105 1500.0
20000.0 21000.0 203007.7416626251 0.0
21000.0 22000.0 180452.22980279897 1500.0
22000.0 23000.0 204568.95548987106 0.0
23000.0 24000.0 200631.16058557294 1500.0
24000.0 25000.0 264464.3566318501 0.0
25000.0 26000.0 113716.03843704499 1500.0
26000.0 27000.0 264479.83095628116 0.0
27000.0 28000.0 104287.67305294255 1500.0
28000.0 29000.0 203254.6987599516 0.0
29000.0 30000.0 260812.96940633588 1500.0
30000.0 31000.0 219147.46833176617 0.0
31000.0 32000.0 231425.43758147588 1500.0
32000.0 33000.0 188121.87567611312 0.0
33000.0 34000.0 205334.10246683398 1500.0
34000.0 35000.0 228106.02591436086 0.0
35000.0 36000.0 184770.9465163807 1500.0
36000.0 37000.0 335983.41189643444 1500.0
37000.0 38000.0 370598.47359855537 0.0
38000.0 39000.0 331393.4078547016 1500.0
39000.0 40000.0 289151.16961663053 1500.0
40000.0 41000.0 264302.3393275174 0.0
41000.0 42000.0 224762.93297045122 1500.0
42000.0 43000.0 187092.52840006896 0.0
43000.0 44000.0 176093.4007500516 2300.0
44000.0 45000.0 284169.49864701077 0.0
45000.0 46000.0 338235.09026113944 2300.0
46000.0 47000.0 309703.0832523233 0.0
47000.0 48000.0 323369.009397897 2300.0
48000.0 49000.0 311156.46219335555 0.0
49000.0 50000.0 329335.80401489284 2300.0
50000.0 51000.0 261225.878552677 0.0
51000.0 52000.0 314567.31230091554 2300.0
52000.0 53000.0 290780.85501321557 0.0
53000.0 54000.0 301779.2029991995 2300.0
54000.0 55000.0 229913.58144720615 0.0
55000.0 56000.0 300113.1183983052 2300.0
56000.0 57000.0 292529.0117231361 0.0
57000.0 58000.0 339518.42210736376 2300.0
58000.0 59000.0 309615.45001685154 0.0
59000.0 60000.0 398158.9822693582 2300.0
60000.0 61000.0 327397.19741197996 0.0
61000.0 62000.0 337988.9366812815 2300.0
62000.0 63000.0 434766.3429667456 2300.0
63000.0 64000.0 332918.38136998593 0.0
64000.0 65000.0 306082.8749823411 2300.0
65000.0 66000.0 317734.3648455829 0.0
66000.0 67000.0 128991.27702666368 0.0
67000.0 68000.0 96139.71455684424 2300.0
68000.0 69000.0 275402.5819352122 0.0
69000.0 70000.0 441846.296351836 1500.0
70000.0 71000.0 200832.52412820663 0.0
71000.0 72000.0 243086.29716749344 840.0
72000.0 73000.0 72863.5858604075 0.0
73000.0 74000.0 178037.9239848249 840.0
74000.0 75000.0 40924.07601517511 0.0
75000.0 76000.0 138859.36825132417 840.0
76000.0 77000.0 86447.63174867582 0.0
77000.0 78000.0 171691.08766253642 840.0
78000.0 79000.0 86865.91233746361 0.0
79000.0 80000.0 190299.47131438536 840.0
80000.0 81000.0 102586.52868561464 0.0
81000.0 82000.0 171599.13084782517 840.0
82000.0 83000.0 38251.869152174826 0.0
83000.0 84000.0 148782.8129967509 840.0
84000.0 85000.0 355525.18700324907 0.0
85000.0 86000.0 162554.4775541986 840.0
86000.0 87000.0 85467.52244580141 0.0
87000.0 88000.0 223729.0480478169 2300.0
88000.0 89000.0 284144.7052744477 0.0
89000.0 90000.0 306597.24720936717 2300.0
90000.0 91000.0 265032.0814953317 0.0
91000.0 92000.0 303111.59713529865 2300.0
92000.0 93000.0 285580.6670834327 0.0
93000.0 94000.0 323980.2346980804 2300.0
94000.0 95000.0 265266.0503203913 0.0
95000.0 96000.0 304099.2162826606 2300.0
96000.0 97000.0 298757.73290396645 0.0
97000.0 98000.0 280737.367190112 2300.0
98000.0 99000.0 266626.4450325552 0.0
99000.0 100000.0 338778.6326048441 2300.0
100000.0 101000.0 280193.51512761036 0.0
101000.0 102000.0 352365.38584347814 2300.0
102000.0 103000.0 255749.70734284748 0.0
103000.0 104000.0 285901.6536673247 2300.0
104000.0 105000.0 318309.2418909823 0.0
105000.0 106000.0 346351.31526857277 2300.0
106000.0 107000.0 293033.10881679354 0.0
107000.0 108000.0 321627.0729464138 2300.0
108000.0 109000.0 278131.130428961 0.0
109000.0 110000.0 332165.2126735187 2300.0
110000.0 111000.0 293660.8642437021 0.0
111000.0 112000.0 269468.12224087544 1500.0
112000.0 113000.0 186792.44239211502 0.0
113000.0 114000.0 196604.03854436785 1500.0
114000.0 115000.0 203884.3911734083 0.0
115000.0 116000.0 143893.85327614407 1500.0
116000.0 117000.0 293970.2938668396 0.0
117000.0 118000.0 164552.55258957655 1500.0
118000.0 119000.0 245450.07238816327 0.0
119000.0 120000.0 151700.1773826754 1500.0
120000.0 121000.0 193869.0132788564 0.0
121000.0 122000.0 160203.156768302 1500.0
122000.0 123000.0 248404.13510929554 0.0
123000.0 124000.0 218708.28845980717 1500.0
124000.0 125000.0 235241.55917267274 0.0
125000.0 126000.0 300543.35379837133 1500.0
126000.0 127000.0 290407.3160300194 0.0
127000.0 128000.0 240335.49306388746 1500.0
128000.0 129000.0 261149.71530610934 0.0
129000.0 130000.0 98428.30721600745 1500.0
130000.0 131000.0 198744.76248609152 0.0
131000.0 132000.0 242188.37589950435 1500.0
132000.0 133000.0 235486.62688690863 1500.0
133000.0 134000.0 494857.8265126028 1500.0
134000.0 135000.0 232642.8976241186 0.0
135000.0 136000.0 260139.1805753677 1500.0
136000.0 137000.0 163476.91681976969 0.0
137000.0 138000.0 263080.36331113544 2300.0
138000.0 139000.0 283664.17889829306 0.0
139000.0 140000.0 316600.35788581043 2300.0
140000.0 141000.0 299296.8700102533 0.0
141000.0 142000.0 322477.3817778623 2300.0
142000.0 143000.0 287831.65932238684 0.0
143000.0 144000.0 337197.09013840096 2300.0
144000.0 145000.0 308447.0701706767 0.0
145000.0 146000.0 320787.86337793444 2300.0
146000.0 147000.0 292454.41163566674 0.0
147000.0 148000.0 367542.00089858624 2300.0
148000.0 149000.0 272781.67336214805 0.0
149000.0 150000.0 318334.3323513496 2300.0
150000.0 151000.0 270974.7271614215 0.0
151000.0 152000.0 276774.86580318835 2300.0
152000.0 153000.0 307668.1495239056 0.0
153000.0 154000.0 271539.4679283727 1500.0
154000.0 155000.0 182770.4237716198 0.0
155000.0 156000.0 202000.63444444482 1500.0
156000.0 157000.0 276703.8058488507 0.0
157000.0 158000.0 179919.8916407898 1500.0
158000.0 159000.0 279987.6783465353 0.0
159000.0 160000.0 199192.2844927617 1500.0
160000.0 161000.0 250384.7155072383 0.0
161000.0 162000.0 197884.02785230716 1500.0
162000.0 163000.0 178422.44219141494 0.0
163000.0 164000.0 192274.80877162848 1500.0
164000.0 165000.0 241538.7211846494 0.0
165000.0 166000.0 182681.37739936236 1500.0
166000.0 167000.0 267567.6226006376 0.0
167000.0 168000.0 237126.57557178297 1500.0
168000.0 169000.0 225623.4182981141 0.0
169000.0 170000.0 211485.24070134692 1500.0
170000.0 171000.0 198053.16102103656 0.0
171000.0 172000.0 240564.99659636934 1500.0
172000.0 173000.0 225235.6078113501 0.0
173000.0 174000.0 168445.48641611432 1500.0
174000.0 175000.0 253245.51358388568 0.0
175000.0 176000.0 192306.15074425034 1500.0
176000.0 177000.0 230769.84925574966 0.0
177000.0 178000.0 225248.25814174357 1500.0
178000.0 179000.0 210259.9695636304 0.0
179000.0 180000.0 161251.0959649623 1500.0
180000.0 181000.0 308499.7232853744 1500.0
181000.0 182000.0 358691.9435681883 1500.0
182000.0 183000.0 338642.8711141741 0.0
183000.0 184000.0 314728.5263943473 1500.0
184000.0 185000.0 227562.74021601144 0.0
185000.0 186000.0 237382.52355145302 2300.0
186000.0 187000.0 280120.27489502187 0.0
187000.0 188000.0 327870.10925325373 2300.0
188000.0 189000.0 268549.915328341 0.0
189000.0 190000.0 278955.11450413615 2300.0
190000.0 191000.0 299436.8933297254 0.0
191000.0 192000.0 363930.71553038113 2300.0
192000.0 193000.0 264861.2364097194 0.0
193000.0 194000.0 280658.0258545057 2300.0
194000.0 195000.0 263056.5078762678 0.0
195000.0 196000.0 294338.68457335175 2300.0
196000.0 197000.0 310109.55156689044 0.0
197000.0 198000.0 368252.2211116487 2300.0
198000.0 199000.0 272165.1629907797 0.0
199000.0 200000.0 276608.3646484197 2300.0
200000.0 201000.0 302642.20771114144 0.0
201000.0 202000.0 360318.260591328 2300.0
202000.0 203000.0 282036.53780473646 0.0
203000.0 204000.0 304229.62610531517 2300.0
204000.0 205000.0 270821.1957834526 0.0
205000.0 206000.0 301626.09102101054 2300.0
206000.0 207000.0 326989.54128226073 0.0
207000.0 208000.0 378759.59970675723 1500.0
208000.0 209000.0 185000.55281341288 0.0
209000.0 210000.0 187600.02675692787 1500.0
210000.0 211000.0 275288.8462449793 1500.0
211000.0 212000.0 449235.27161811705 1500.0
212000.0 213000.0 199040.77879828057 0.0
213000.0 214000.0 331964.63697361475 1500.0
214000.0 215000.0 187533.99760166497 0.0
215000.0 216000.0 248586.6761804509 2300.0
216000.0 217000.0 296244.393325135 0.0
217000.0 218000.0 345118.75719149946 2300.0
218000.0 219000.0 332294.2730110781 0.0
219000.0 220000.0 338144.45738827676 2300.0
220000.0 221000.0 288243.3758445496 0.0
221000.0 222000.0 107409.46657368304 0.0
222000.0 223000.0 0.0 0.0
223000.0 224000.0 218760.66884868857 2300.0
224000.0 225000.0 236893.79722586414 0.0
225000.0 226000.0 219208.698140026 1500.0
226000.0 227000.0 222218.14427141572 0.0
227000.0 228000.0 222768.77914451706 1500.0
228000.0 229000.0 369953.28875998245 1500.0
229000.0 230000.0 382736.65024731855 1500.0
230000.0 231000.0 234989.7059359782 0.0
231000.0 232000.0 246925.07646581132 1500.0
232000.0 233000.0 184718.45280555176 0.0
233000.0 234000.0 250051.87018968427 1500.0
234000.0 235000.0 169397.28080351977 0.0
235000.0 236000.0 221106.91541618807 2300.0
236000.0 237000.0 303867.58143483126 0.0
237000.0 238000.0 340736.1282433833 2300.0
238000.0 239000.0 276779.4205650573 0.0
239000.0 240000.0 325740.5700671385 2300.0
240000.0 241000.0 313147.1992423568 0.0
241000.0 242000.0 266775.3689298334 2300.0
242000.0 243000.0 281190.9137874483 0.0
243000.0 244000.0 331573.49205766956 2300.0
244000.0 245000.0 289896.64646549843 0.0
245000.0 246000.0 391552.5326113318 2300.0
246000.0 247000.0 354770.3152335956 0.0
247000.0 248000.0 319300.6853234763 2300.0
248000.0 249000.0 300004.44693595765 0.0
249000.0 250000.0 280082.0099773854 2300.0
250000.0 251000.0 300811.92027071386 0.0
251000.0 252000.0 337451.0373169518 1500.0
252000.0 253000.0 147394.20260871097 0.0
253000.0 254000.0 206509.0143034159 1500.0
254000.0 255000.0 196690.90382167074 0.0
255000.0 256000.0 230621.1276628503 1500.0
256000.0 257000.0 207092.90712919369 0.0
257000.0 258000.0 243336.842650637 1500.0
258000.0 259000.0 242693.71966723134 0.0
259000.0 260000.0 221585.35617378424 1500.0
260000.0 261000.0 216345.5530922362 0.0
261000.0 262000.0 210532.76864498868 1500.0
262000.0 263000.0 217413.71902001015 0.0
263000.0 264000.0 196350.45177613277 1500.0
264000.0 265000.0 201741.02280533873 0.0
265000.0 266000.0 167877.98430570937 1500.0
266000.0 267000.0 229308.60364071597 0.0
267000.0 268000.0 182862.01707409747 1500.0
268000.0 269000.0 264017.93581827555 0.0
269000.0 270000.0 159941.0099791405 1500.0
270000.0 271000.0 273443.8954260646 0.0
271000.0 272000.0 81538.31763162727 1500.0
272000.0 273000.0 288531.82549646165 0.0
273000.0 274000.0 220376.01316284636 1500.0
274000.0 275000.0 272899.8737878404 0.0
275000.0 276000.0 210285.9010185886 1500.0
276000.0 277000.0 312995.8878935069 1500.0
277000.0 278000.0 374188.2289198283 0.0
278000.0 279000.0 329510.65787538316 1500.0
279000.0 280000.0 228509.8291805506 1500.0
280000.0 281000.0 291118.8327159872 0.0
281000.0 282000.0 179825.87140436363 1500.0
282000.0 283000.0 272836.679251624 0.0
283000.0 284000.0 207865.4354913564 1500.0
284000.0 285000.0 166862.13460956974 0.0
285000.0 286000.0 144805.61741864012 3000.0
286000.0 287000.0 305357.4726463258 0.0
287000.0 288000.0 284562.1214698342 0.0
288000.0 289000.0 351799.2801815622 1500.0
289000.0 290000.0 360282.2320656858 1500.0
290000.0 291000.0 262940.1554610381 0.0
291000.0 292000.0 650.0 0.0
292000.0 293000.0 176463.36915662064 1500.0
293000.0 294000.0 322922.6308433793 1500.0
294000.0 295000.0 292127.10929503496 0.0
295000.0 296000.0 171068.09169890877 1500.0
296000.0 297000.0 251912.7990060563 0.0
297000.0 298000.0 203785.9829013432 1500.0
298000.0 299000.0 247177.69160229567 0.0
299000.0 300000.0 214416.76043562958 1500.0
300000.0 301000.0 137466.56506073155 0.0
