ts te s_bytes_all avg_video_rate
0.0 1000.0 0.0 0.0
1000.0 2000.0 0.0 0.0
2000.0 3000.0 0.0 0.0
3000.0 4000.0 0.0 0.0
4000.0 5000.0 0.0 0.0
5000.0 6000.0 0.0 0.0
6000.0 7000.0 0.0 0.0
7000.0 8000.0 0.0 0.0
8000.0 9000.0 0.0 0.0
9000.0 10000.0 0.0 0.0
10000.0 11000.0 0.0 0.0
11000.0 12000.0 0.0 0.0
12000.0 13000.0 0.0 0.0
13000.0 14000.0 0.0 0.0
14000.0 15000.0 0.0 0.0
15000.0 16000.0 6009.306775394529 840.0
16000.0 17000.0 143775.58764938216 0.0
17000.0 18000.0 23957.15077498745 0.0
18000.0 19000.0 16772.95480023585 0.0
19000.0 20000.0 80184.55350977422 0.0
20000.0 21000.0 86890.86790053795 288.0
21000.0 22000.0 168090.79389529626 0.0
22000.0 23000.0 69068.36299988873 288.0
23000.0 24000.0 77542.27616763045 288.0
24000.0 25000.0 58893.657120544114 288.0
25000.0 26000.0 66723.32686456949 0.0
26000.0 27000.0 123981.53046381281 288.0
27000.0 28000.0 80123.37632112687 288.0
28000.0 29000.0 57132.952954826025 0.0
29000.0 30000.0 76219.10819709023 288.0
30000.0 31000.0 41667.719076713176 0.0
31000.0 32000.0 53249.67072345481 0.0
32000.0 33000.0 48614.84836438902 0.0
33000.0 34000.0 62539.294215605514 288.0
34000.0 35000.0 80287.72329549713 0.0
35000.0 36000.0 84782.94184106155 288.0
36000.0 37000.0 93420.26490189499 0.0
37000.0 38000.0 84588.18658339906 288.0
38000.0 39000.0 93205.40518847169 0.0
39000.0 40000.0 82293.09993793702 288.0
40000.0 41000.0 96654.5742415863 0.0
41000.0 42000.0 56877.73217207828 288.0
42000.0 43000.0 103099.27237693075 288.0
43000.0 44000.0 103196.99104132976 0.0
44000.0 45000.0 110696.92100545493 288.0
45000.0 46000.0 48711.17123830034 288.0
46000.0 47000.0 84875.75403221764 0.0
47000.0 48000.0 85388.82989338008 288.0
48000.0 49000.0 63241.79347520085 0.0
49000.0 50000.0 98306.84991674038 288.0
50000.0 51000.0 25928.110060276733 0.0
51000.0 52000.0 117966.2310260825 3000.0
52000.0 53000.0 149624.0843842875 0.0
53000.0 54000.0 134718.0367304281 0.0
54000.0 55000.0 106949.05369372098 288.0
55000.0 56000.0 134937.67567057785 288.0
56000.0 57000.0 142463.83194315966 288.0
57000.0 58000.0 141424.80324233213 288.0
58000.0 59000.0 114124.7812315104 0.0
59000.0 60000.0 39389.36361986993 480.0
60000.0 61000.0 155702.63001745247 0.0
61000.0 62000.0 202932.76718114075 480.0
62000.0 63000.0 58166.70020042919 0.0
63000.0 64000.0 121119.363092662 480.0
64000.0 65000.0 116519.46079274293 480.0
65000.0 66000.0 140767.02504809556 0.0
66000.0 67000.0 12660.94215913768 288.0
67000.0 68000.0 135011.4414458205 0.0
68000.0 69000.0 83174.84854353272 288.0
69000.0 70000.0 70678.96407879482 0.0
70000.0 71000.0 114543.61568262117 288.0
71000.0 72000.0 14066.497049180784 0.0
72000.0 73000.0 91293.6569719716 288.0
73000.0 74000.0 69224.76566841235 0.0
74000.0 75000.0 71258.13897580093 288.0
75000.0 76000.0 66436.05031545238 288.0
76000.0 77000.0 82730.32514451788 0.0
77000.0 78000.0 90808.11500965923 288.0
78000.0 79000.0 42579.23621129547 288.0
79000.0 80000.0 63332.834106012946 0.0
80000.0 81000.0 45190.443514600935 0.0
81000.0 82000.0 83313.82302207962 288.0
82000.0 83000.0 84935.81849061142 288.0
83000.0 84000.0 56109.260281912 0.0
84000.0 85000.0 61022.44506244118 288.0
85000.0 86000.0 67694.71223569669 0.0
86000.0 87000.0 83835.05612290256 288.0
87000.0 88000.0 80505.35102130425 288.0
88000.0 89000.0 136283.51280430955 0.0
89000.0 90000.0 117419.76683074379 288.0
90000.0 91000.0 79716.11670951132 0.0
91000.0 92000.0 108511.4933010371 288.0
92000.0 93000.0 41364.00138913008 0.0
93000.0 94000.0 59024.59807102516 288.0
94000.0 95000.0 109822.74067939114 288.0
95000.0 96000.0 95797.03780560616 0.0
96000.0 97000.0 99140.1848944131 288.0
97000.0 98000.0 24239.864258445734 0.0
98000.0 99000.0 63408.78057581121 288.0
99000.0 100000.0 81228.93916529894 288.0
100000.0 101000.0 128226.98943362372 0.0
101000.0 102000.0 37343.133381799795 0.0
102000.0 103000.0 39272.43598958697 288.0
103000.0 104000.0 60832.183613686735 288.0
104000.0 105000.0 45286.76532849035 0.0
105000.0 106000.0 35205.00625099808 0.0
106000.0 107000.0 26046.441012664945 288.0
107000.0 108000.0 60662.65762939733 288.0
108000.0 109000.0 159777.97435443013 288.0
109000.0 110000.0 118308.84616615444 0.0
110000.0 111000.0 38028.421389176074 0.0
111000.0 112000.0 82918.66265735352 0.0
112000.0 113000.0 150503.3235611607 288.0
113000.0 114000.0 75875.03150985339 288.0
114000.0 115000.0 125284.98227163237 0.0
115000.0 116000.0 1824.5335707823947 0.0
116000.0 117000.0 105481.4664292176 288.0
117000.0 118000.0 38960.88381341161 288.0
118000.0 119000.0 69309.11618658839 0.0
119000.0 120000.0 63516.244270824376 480.0
120000.0 121000.0 96594.75572917564 0.0
121000.0 122000.0 79884.28443718582 480.0
122000.0 123000.0 67801.71556281418 0.0
123000.0 124000.0 80093.35309365354 480.0
124000.0 125000.0 70746.64690634648 0.0
125000.0 126000.0 0.0 0.0
126000.0 127000.0 235600.0 840.0
127000.0 128000.0 189322.92246990264 840.0
128000.0 129000.0 58546.077530097355 0.0
129000.0 130000.0 279433.7030865162 1500.0
130000.0 131000.0 144591.54763827717 0.0
131000.0 132000.0 302600.3051690997 1500.0
132000.0 133000.0 127975.43963972226 0.0
133000.0 134000.0 275239.0483104971 1500.0
134000.0 135000.0 126589.78614090987 0.0
135000.0 136000.0 286375.4845501977 1500.0
136000.0 137000.0 122787.26890230097 0.0
137000.0 138000.0 284241.1866079871 1500.0
138000.0 139000.0 125693.87481001834 0.0
139000.0 140000.0 253011.97910634967 1500.0
140000.0 141000.0 251106.41120876512 1500.0
141000.0 142000.0 225286.6048584335 0.0
142000.0 143000.0 116973.46275544605 1500.0
143000.0 144000.0 332408.6756674582 0.0
144000.0 145000.0 158747.04657792067 1500.0
145000.0 146000.0 291519.8197488573 0.0
146000.0 147000.0 118477.10177953746 1500.0
147000.0 148000.0 287559.03050086385 0.0
148000.0 149000.0 117058.48134730199 1500.0
149000.0 150000.0 309558.25028394687 0.0
150000.0 151000.0 108000.26639398074 2300.0
151000.0 152000.0 344772.6858879961 0.0
152000.0 153000.0 365375.1988558265 2300.0
153000.0 154000.0 346714.81551247963 0.0
154000.0 155000.0 338817.46693096834 2300.0
155000.0 156000.0 401029.67750396853 0.0
156000.0 157000.0 389481.31888712954 2300.0
157000.0 158000.0 237327.53164192702 0.0
158000.0 159000.0 372011.6338572765 2300.0
159000.0 160000.0 248786.5310713456 0.0
160000.0 161000.0 367937.44364796317 2300.0
161000.0 162000.0 354775.4449557755 2300.0
162000.0 163000.0 316751.2685781201 0.0
163000.0 164000.0 240239.98285717462 2300.0
164000.0 165000.0 408158.6014878311 0.0
165000.0 166000.0 228728.49224608875 2300.0
166000.0 167000.0 487894.1309937413 0.0
167000.0 168000.0 291120.77470426867 2300.0
168000.0 169000.0 296675.7729472875 0.0
169000.0 170000.0 259141.1810523956 2300.0
170000.0 171000.0 329800.59232004656 0.0
171000.0 172000.0 272155.60191409034 2300.0
172000.0 173000.0 358275.78384825186 0.0
173000.0 174000.0 161166.76082155277 2300.0
174000.0 175000.0 346087.51431157347 0.0
175000.0 176000.0 396262.1196957198 2300.0
176000.0 177000.0 317623.58105797105 0.0
177000.0 178000.0 292494.902722694 2300.0
178000.0 179000.0 363557.78275164554 0.0
179000.0 180000.0 361604.8968565136 2300.0
180000.0 181000.0 338698.1344783987 2300.0
181000.0 182000.0 347579.04460110556 0.0
182000.0 183000.0 260248.33316878864 0.0
183000.0 184000.0 312659.9307506243 2300.0
184000.0 185000.0 277026.87647099263 0.0
185000.0 186000.0 399481.2497157701 2300.0
186000.0 187000.0 296583.0827336172 2300.0
187000.0 188000.0 310148.3043130103 0.0
188000.0 189000.0 317713.97799310804 2300.0
189000.0 190000.0 407031.06194786396 0.0
190000.0 191000.0 224595.7203127041 0.0
191000.0 192000.0 329096.81998375576 1500.0
192000.0 193000.0 202219.99605929546 1500.0
193000.0 194000.0 321915.9832814491 0.0
194000.0 195000.0 56214.789206114416 2300.0
195000.0 196000.0 401124.8246119391 0.0
196000.0 197000.0 360400.48907779646 2300.0
197000.0 198000.0 311215.54040457023 0.0
198000.0 199000.0 396454.3622740782 2300.0
199000.0 200000.0 272760.20203497336 0.0
200000.0 201000.0 112883.26504815929 2300.0
201000.0 202000.0 338757.658672327 0.0
202000.0 203000.0 388827.03156541375 2300.0
203000.0 204000.0 392540.51927163725 0.0
204000.0 205000.0 280672.91092880064 2300.0
205000.0 206000.0 357146.69375848054 0.0
206000.0 207000.0 347968.84767528094 2300.0
207000.0 208000.0 261807.08465593422 0.0
208000.0 209000.0 351541.10233544 2300.0
209000.0 210000.0 244137.5314434804 0.0
210000.0 211000.0 301526.430664643 2300.0
211000.0 212000.0 393276.56313290657 2300.0
212000.0 213000.0 396199.62487625034 0.0
213000.0 214000.0 378657.5363806643 2300.0
214000.0 215000.0 325716.8326667773 0.0
215000.0 216000.0 317837.8174691001 2300.0
216000.0 217000.0 359598.5455515345 0.0
217000.0 218000.0 114686.48575980976 2300.0
218000.0 219000.0 276777.9764406607 0.0
219000.0 220000.0 342924.8913759184 2300.0
220000.0 221000.0 391721.23194810003 0.0
221000.0 222000.0 324272.1746427647 2300.0
222000.0 223000.0 363020.0130772751 0.0
223000.0 224000.0 234541.89318285455 2300.0
224000.0 225000.0 396543.7571877819 0.0
225000.0 226000.0 358321.27500939433 2300.0
226000.0 227000.0 255034.36104657338 0.0
227000.0 228000.0 282161.72347990406 2300.0
228000.0 229000.0 263466.6968962804 0.0
229000.0 230000.0 337023.21392053505 2300.0
230000.0 231000.0 297724.7880811256 2300.0
231000.0 232000.0 424365.32494809845 0.0
232000.0 233000.0 255579.34654342098 2300.0
233000.0 234000.0 316890.20910991554 0.0
234000.0 235000.0 189959.08529621494 0.0
235000.0 236000.0 286620.24243955855 2300.0
236000.0 237000.0 342901.8528105447 2300.0
237000.0 238000.0 342202.7762650633 0.0
238000.0 239000.0 248378.69601740895 2300.0
239000.0 240000.0 411853.7963131954 0.0
240000.0 241000.0 220193.68211516537 2300.0
241000.0 242000.0 403473.51788583124 0.0
242000.0 243000.0 320447.4407370732 2300.0
243000.0 244000.0 362885.01125609706 0.0
244000.0 245000.0 87779.55169263785 2300.0
245000.0 246000.0 317211.86078567005 0.0
246000.0 247000.0 353198.3468246801 0.0
247000.0 248000.0 392460.1802128471 2300.0
248000.0 249000.0 399970.59084203065 2300.0
249000.0 250000.0 365283.40902618656 0.0
250000.0 251000.0 390898.72863519844 2300.0
251000.0 252000.0 324721.5572948288 0.0
252000.0 253000.0 360233.38654275774 2300.0
253000.0 254000.0 286419.3184999498 2300.0
254000.0 255000.0 413001.20495432796 0.0
255000.0 256000.0 253185.36597825683 0.0
256000.0 257000.0 399922.7239694503 2300.0
257000.0 258000.0 97465.30962440677 0.0
258000.0 259000.0 334376.8665186845 2300.0
259000.0 260000.0 311881.53041976807 2300.0
260000.0 261000.0 342732.740699001 0.0
261000.0 262000.0 208451.86982996063 2300.0
262000.0 263000.0 348432.1905908537 0.0
263000.0 264000.0 292141.6976972294 2300.0
264000.0 265000.0 350728.1147391565 0.0
265000.0 266000.0 204095.59542260508 2300.0
266000.0 267000.0 386031.2753287288 0.0
267000.0 268000.0 193618.08296494532 2300.0
268000.0 269000.0 236506.3921175021 0.0
269000.0 270000.0 418058.6171468353 2300.0
270000.0 271000.0 358643.06565562653 0.0
271000.0 272000.0 343140.78522425325 2300.0
272000.0 273000.0 185439.47645228598 0.0
273000.0 274000.0 380480.3044200504 2300.0
274000.0 275000.0 356256.6015498711 0.0
275000.0 276000.0 347432.3906155035 2300.0
276000.0 277000.0 263872.4194165479 0.0
277000.0 278000.0 312164.77038882195 2300.0
278000.0 279000.0 320833.27683201473 2300.0
279000.0 280000.0 385332.7461457314 0.0
280000.0 281000.0 187556.77502329377 0.0
281000.0 282000.0 299423.093786707 2300.0
282000.0 283000.0 299000.9448313502 2300.0
283000.0 284000.0 384468.12166813127 0.0
284000.0 285000.0 325319.60463296674 2300.0
285000.0 286000.0 351242.2172647824 0.0
286000.0 287000.0 348075.4781237549 2300.0
287000.0 288000.0 301615.9713024456 0.0
288000.0 289000.0 97646.4882624904 2300.0
289000.0 290000.0 298442.9756951737 0.0
290000.0 291000.0 101159.53604233592 2300.0
291000.0 292000.0 407008.65772746364 0.0
292000.0 293000.0 325479.1106802828 2300.0
293000.0 294000.0 379014.00769699377 0.0
294000.0 295000.0 325896.0364832488 2300.0
295000.0 296000.0 337302.60916794074 0.0
296000.0 297000.0 268536.51333816827 2300.0
297000.0 298000.0 370804.82313955337 0.0
298000.0 299000.0 349568.1837119911 2300.0
299000.0 300000.0 210912.0580543575 0.0
300000.0 301000.0 0.0 0.0
