ts te s_bytes_all avg_video_rate
0.0 1000.0 0.0 0.0
1000.0 2000.0 0.0 0.0
2000.0 3000.0 0.0 0.0
3000.0 4000.0 0.0 0.0
4000.0 5000.0 0.0 0.0
5000.0 6000.0 0.0 0.0
6000.0 7000.0 6917.0 0.0
7000.0 8000.0 174399.54832483426 480.0
8000.0 9000.0 148008.5759049087 480.0
9000.0 10000.0 217153.35936736158 480.0
10000.0 11000.0 233938.6421213651 480.0
11000.0 12000.0 333364.70120957715 480.0
12000.0 13000.0 369220.18829274666 480.0
13000.0 14000.0 207905.98477920657 480.0
14000.0 15000.0 0.0 0.0
15000.0 16000.0 219418.29825168106 1500.0
16000.0 17000.0 130114.16551171 0.0
17000.0 18000.0 229930.83930589058 1500.0
18000.0 19000.0 158293.88444614407 0.0
19000.0 20000.0 228060.27952868643 1500.0
20000.0 21000.0 170690.77395781575 0.0
21000.0 22000.0 256723.06052995683 1500.0
22000.0 23000.0 165743.48679866322 0.0
23000.0 24000.0 243749.834876504 1500.0
24000.0 25000.0 153037.36828507044 0.0
25000.0 26000.0 257231.2651251799 1500.0
26000.0 27000.0 148295.415913771 0.0
27000.0 28000.0 233372.43789970767 1500.0
28000.0 29000.0 151608.939335972 0.0
29000.0 30000.0 304017.5861289119 1500.0
30000.0 31000.0 139980.76118183913 0.0
31000.0 32000.0 247184.35081018833 1500.0
32000.0 33000.0 145649.31230040352 0.0
33000.0 34000.0 230685.77418989822 1500.0
34000.0 35000.0 153807.96136121644 0.0
35000.0 36000.0 230390.7886489723 1500.0
36000.0 37000.0 168769.88057898963 0.0
37000.0 38000.0 197851.48724310746 1500.0
38000.0 39000.0 252425.37724412448 0.0
39000.0 40000.0 194305.06363221246 1500.0
40000.0 41000.0 258655.382721575 0.0
41000.0 42000.0 177136.73922387697 1500.0
42000.0 43000.0 382421.9883421294 1500.0
43000.0 44000.0 361657.8598608164 1500.0
44000.0 45000.0 191584.624931555 0.0
45000.0 46000.0 288006.8482016836 1500.0
46000.0 47000.0 132305.10185903753 0.0
47000.0 48000.0 262476.6075671754 2300.0
48000.0 49000.0 279877.1297301577 0.0
49000.0 50000.0 332537.2313111987 2300.0
50000.0 51000.0 291692.8787998115 0.0
51000.0 52000.0 337876.7415064631 2300.0
52000.0 53000.0 266970.10892026493 0.0
53000.0 54000.0 300692.8866981183 2300.0
54000.0 55000.0 266252.22625047236 0.0
55000.0 56000.0 323784.1312979717 2300.0
56000.0 57000.0 259182.9679931181 0.0
57000.0 58000.0 295581.9327344267 2300.0
58000.0 59000.0 280486.3466951485 0.0
59000.0 60000.0 315771.258203059 2300.0
60000.0 61000.0 296085.72110090475 0.0
61000.0 62000.0 330117.0773256604 1500.0
62000.0 63000.0 152490.7145581643 0.0
63000.0 64000.0 205293.3624934289 1500.0
64000.0 65000.0 147097.11769366998 0.0
65000.0 66000.0 250791.30142486547 1500.0
66000.0 67000.0 168690.27022184138 0.0
67000.0 68000.0 280714.29374191933 1500.0
68000.0 69000.0 157971.49623745747 0.0
69000.0 70000.0 175649.8877527893 1500.0
70000.0 71000.0 264830.93804587866 0.0
71000.0 72000.0 184685.47674022653 1500.0
72000.0 73000.0 173342.9567285171 0.0
73000.0 74000.0 243719.48183104044 1500.0
74000.0 75000.0 135310.97468431585 0.0
75000.0 76000.0 243274.89597168882 1500.0
76000.0 77000.0 176776.298801673 0.0
77000.0 78000.0 272118.25356189685 1500.0
78000.0 79000.0 140714.38064039734 0.0
79000.0 80000.0 267857.56807293626 1500.0
80000.0 81000.0 156743.6908048626 0.0
81000.0 82000.0 241311.87451905207 1500.0
82000.0 83000.0 143460.3857635225 0.0
83000.0 84000.0 274460.20843861246 1500.0
84000.0 85000.0 155639.08860442456 0.0
85000.0 86000.0 201350.81673839904 1500.0
86000.0 87000.0 218414.11257546506 0.0
87000.0 88000.0 184346.32870785 1500.0
88000.0 89000.0 238800.18471951465 0.0
89000.0 90000.0 156815.20567317226 1500.0
90000.0 91000.0 302999.2554264205 1500.0
91000.0 92000.0 425434.1247796189 1500.0
92000.0 93000.0 279444.8050595202 0.0
93000.0 94000.0 238088.82204764837 1500.0
94000.0 95000.0 225021.24257796837 0.0
95000.0 96000.0 231596.28853324198 1500.0
96000.0 97000.0 130443.5538214559 0.0
97000.0 98000.0 235481.0135258553 2300.0
98000.0 99000.0 322813.21420146676 0.0
99000.0 100000.0 349606.176256381 2300.0
100000.0 101000.0 287497.34648247564 0.0
101000.0 102000.0 344005.8015102454 2300.0
102000.0 103000.0 257805.97518335213 0.0
103000.0 104000.0 298157.48364332726 2300.0
104000.0 105000.0 259868.13799918673 0.0
105000.0 106000.0 350884.35008749296 2300.0
106000.0 107000.0 264096.33449362067 0.0
107000.0 108000.0 315686.4083316586 2300.0
108000.0 109000.0 311094.99073973653 0.0
109000.0 110000.0 376555.71267206874 1500.0
110000.0 111000.0 147147.82014262583 0.0
111000.0 112000.0 234253.35517323378 1500.0
112000.0 113000.0 134673.0922055401 0.0
113000.0 114000.0 265747.6796766183 1500.0
114000.0 115000.0 122216.02152855136 0.0
115000.0 116000.0 244993.18124107382 1500.0
116000.0 117000.0 153316.36094473014 0.0
117000.0 118000.0 229271.84246078556 1500.0
118000.0 119000.0 235525.5762631896 0.0
119000.0 120000.0 177290.56413542782 1500.0
120000.0 121000.0 242210.06045556 0.0
121000.0 122000.0 160958.9528514344 1500.0
122000.0 123000.0 200944.7054396636 0.0
123000.0 124000.0 25919.2655521345 1500.0
124000.0 125000.0 259826.49876742883 0.0
125000.0 126000.0 193371.61059640406 1500.0
126000.0 127000.0 222638.62508403254 0.0
127000.0 128000.0 0.0 0.0
128000.0 129000.0 0.0 0.0
129000.0 130000.0 115984.49132517204 1500.0
130000.0 131000.0 251590.90780329236 1500.0
131000.0 132000.0 376176.47888635716 0.0
132000.0 133000.0 330026.9241897133 1500.0
133000.0 134000.0 424940.3261247894 1500.0
134000.0 135000.0 309608.69386421365 1500.0
135000.0 136000.0 421072.8735138404 1500.0
136000.0 137000.0 276457.35342871037 0.0
137000.0 138000.0 308439.088553019 1500.0
138000.0 139000.0 144758.1145986357 0.0
139000.0 140000.0 256053.26869831857 1500.0
140000.0 141000.0 126830.68296040445 0.0
141000.0 142000.0 10393.79605353367 0.0
142000.0 143000.0 0.0 0.0
143000.0 144000.0 226911.8370562729 2300.0
144000.0 145000.0 294647.91381635494 0.0
145000.0 146000.0 287201.1703478734 840.0
146000.0 147000.0 218363.2514503168 840.0
147000.0 148000.0 70356.82732918201 0.0
148000.0 149000.0 0.0 0.0
149000.0 150000.0 204098.94733482227 840.0
150000.0 151000.0 56002.052665177725 0.0
151000.0 152000.0 221394.09129405196 840.0
152000.0 153000.0 42479.90870594804 0.0
153000.0 154000.0 196842.27628504153 840.0
154000.0 155000.0 215595.8947009389 840.0
155000.0 156000.0 235623.8314899833 840.0
156000.0 157000.0 67050.99752403627 0.0
157000.0 158000.0 170060.85200250207 840.0
158000.0 159000.0 65678.14799749792 0.0
159000.0 160000.0 197203.95569484058 1500.0
160000.0 161000.0 155917.16383773801 0.0
161000.0 162000.0 274921.63312429696 1500.0
162000.0 163000.0 152331.16105754324 0.0
163000.0 164000.0 256477.85827551168 1500.0
164000.0 165000.0 158282.07258519097 0.0
165000.0 166000.0 267737.1995694606 1500.0
166000.0 167000.0 139531.9290834044 0.0
167000.0 168000.0 281220.1098847706 1500.0
168000.0 169000.0 183154.23578069918 0.0
169000.0 170000.0 269066.5977077534 1500.0
170000.0 171000.0 135366.27787502075 0.0
171000.0 172000.0 5663.805523769741 0.0
172000.0 173000.0 0.0 0.0
173000.0 174000.0 0.0 0.0
174000.0 175000.0 2913.0 0.0
175000.0 176000.0 0.0 0.0
176000.0 177000.0 65712.96202924127 1500.0
177000.0 178000.0 274200.3771730236 0.0
178000.0 179000.0 364527.67301776493 1500.0
179000.0 180000.0 336359.223655179 1500.0
180000.0 181000.0 306366.19710848155 1500.0
181000.0 182000.0 406398.1516566217 1500.0
182000.0 183000.0 299390.5315010818 1500.0
183000.0 184000.0 368481.0973070527 1500.0
184000.0 185000.0 285468.85767225747 0.0
185000.0 186000.0 361645.80959336844 1500.0
186000.0 187000.0 148468.11928592745 0.0
187000.0 188000.0 238500.42506771095 1500.0
188000.0 189000.0 119192.38458158702 0.0
189000.0 190000.0 244313.69103342458 1500.0
190000.0 191000.0 320988.83904623217 1500.0
191000.0 192000.0 334477.1876758422 1500.0
192000.0 193000.0 248282.7422568203 0.0
193000.0 194000.0 290769.55136162904 1500.0
194000.0 195000.0 223718.48528006283 0.0
195000.0 196000.0 180915.34120598086 1500.0
196000.0 197000.0 226617.77490489447 0.0
197000.0 198000.0 232907.41013758356 1500.0
198000.0 199000.0 195556.50373417497 0.0
199000.0 200000.0 210071.73182874575 2300.0
200000.0 201000.0 306886.0467929431 0.0
201000.0 202000.0 346969.85720457556 2300.0
202000.0 203000.0 279453.94761974784 0.0
203000.0 204000.0 330739.5741744288 2300.0
204000.0 205000.0 236686.89364224515 0.0
205000.0 206000.0 286270.9857918138 2300.0
206000.0 207000.0 305622.74216063914 0.0
207000.0 208000.0 331811.2438774802 1500.0
208000.0 209000.0 160300.58472243225 0.0
209000.0 210000.0 265583.9800012878 1500.0
210000.0 211000.0 164846.387034085 0.0
211000.0 212000.0 190297.2546793944 1500.0
212000.0 213000.0 218013.98292950902 0.0
213000.0 214000.0 155800.5328392672 1500.0
214000.0 215000.0 278149.66835318843 0.0
215000.0 216000.0 180778.32161262844 1500.0
216000.0 217000.0 274057.4919046729 0.0
217000.0 218000.0 229914.02401029016 1500.0
218000.0 219000.0 193067.0385826248 0.0
219000.0 220000.0 227064.13350519165 1500.0
220000.0 221000.0 193232.13073378205 0.0
221000.0 222000.0 225196.43121577895 1500.0
222000.0 223000.0 155743.93233416145 0.0
223000.0 224000.0 170430.95542836795 1500.0
224000.0 225000.0 204686.7907347754 0.0
225000.0 226000.0 200037.90865248715 1500.0
226000.0 227000.0 195927.88902557816 0.0
227000.0 228000.0 301321.9007277181 1500.0
228000.0 229000.0 304859.9053965695 1500.0
229000.0 230000.0 406555.19828825287 1500.0
230000.0 231000.0 213222.9503980157 0.0
231000.0 232000.0 61112.24751137839 0.0
232000.0 233000.0 0.0 0.0
233000.0 234000.0 259736.41423165606 1500.0
234000.0 235000.0 343946.3272177151 1500.0
235000.0 236000.0 342340.97511026985 1500.0
236000.0 237000.0 210796.25881431488 0.0
237000.0 238000.0 298454.0156894068 1500.0
238000.0 239000.0 141597.82513085508 0.0
239000.0 240000.0 239114.23941631618 1500.0
240000.0 241000.0 159293.96687024925 0.0
241000.0 242000.0 256906.96613923297 1500.0
242000.0 243000.0 182309.01137998392 0.0
243000.0 244000.0 82004.16428707379 1500.0
244000.0 245000.0 255821.42184312205 0.0
245000.0 246000.0 269458.9409905629 1500.0
246000.0 247000.0 175305.68487384525 0.0
247000.0 248000.0 273630.16482641717 2300.0
248000.0 249000.0 253969.43943301874 0.0
249000.0 250000.0 302593.6552535188 2300.0
250000.0 251000.0 254937.4947759415 0.0
251000.0 252000.0 301702.02532862715 2300.0
252000.0 253000.0 319592.5080591634 0.0
253000.0 254000.0 337653.74881111336 1500.0
254000.0 255000.0 135565.21147498762 0.0
255000.0 256000.0 270124.70026469044 1500.0
256000.0 257000.0 118502.32042586825 0.0
257000.0 258000.0 220468.9243293959 1500.0
258000.0 259000.0 119059.0044869753 0.0
259000.0 260000.0 250764.80913016724 1500.0
260000.0 261000.0 157355.57987593315 0.0
261000.0 262000.0 219355.95585036007 1500.0
262000.0 263000.0 289322.72005811776 1500.0
263000.0 264000.0 332146.66199181136 0.0
264000.0 265000.0 274278.9184337447 1500.0
265000.0 266000.0 343880.4716808335 1500.0
266000.0 267000.0 173300.24436810362 0.0
267000.0 268000.0 221554.56568615456 2300.0
268000.0 269000.0 290358.98887602706 0.0
269000.0 270000.0 287245.46385858 2300.0
270000.0 271000.0 362369.0022469948 0.0
271000.0 272000.0 364620.0891703047 2300.0
272000.0 273000.0 245351.11922638048 0.0
273000.0 274000.0 269105.7774843088 2300.0
274000.0 275000.0 316406.02188002586 0.0
275000.0 276000.0 320959.5509311132 2300.0
276000.0 277000.0 281349.1490119047 0.0
277000.0 278000.0 272167.19184596196 2300.0
278000.0 279000.0 294620.92170048686 0.0
279000.0 280000.0 264015.26627004676 2300.0
280000.0 281000.0 339355.2829837876 0.0
281000.0 282000.0 300398.02802296716 2300.0
282000.0 283000.0 334809.3955542076 0.0
283000.0 284000.0 306300.00730480504 2300.0
284000.0 285000.0 318633.92058142176 0.0
285000.0 286000.0 332845.7549076575 2300.0
286000.0 287000.0 289814.6991194969 0.0
287000.0 288000.0 304754.8433901752 2300.0
288000.0 289000.0 300367.6428781 0.0
289000.0 290000.0 323944.49544006604 2300.0
290000.0 291000.0 252931.85118939384 0.0
291000.0 292000.0 300932.1732008384 2300.0
292000.0 293000.0 296061.85038978583 0.0
293000.0 294000.0 245322.73936167904 2300.0
294000.0 295000.0 283497.0076127042 0.0
295000.0 296000.0 337278.0659333235 1500.0
296000.0 297000.0 201726.40161612307 0.0
297000.0 298000.0 217576.24694333476 1500.0
298000.0 299000.0 267817.9105736665 0.0
299000.0 300000.0 118289.19402039507 1500.0
300000.0 301000.0 323136.6099343886 0.0
