ts te s_bytes_all avg_video_rate
0.0 1000.0 0.0 0.0
1000.0 2000.0 0.0 0.0
2000.0 3000.0 0.0 0.0
3000.0 4000.0 0.0 0.0
4000.0 5000.0 0.0 0.0
5000.0 6000.0 1823.0685587432408 0.0
6000.0 7000.0 4613.931441256759 0.0
7000.0 8000.0 229464.4435801339 840.0
8000.0 9000.0 328692.38907508436 840.0
9000.0 10000.0 355532.87984065094 480.0
10000.0 11000.0 232830.64999722017 480.0
11000.0 12000.0 321225.39717203396 480.0
12000.0 13000.0 312688.69038040144 480.0
13000.0 14000.0 159586.54995447534 480.0
14000.0 15000.0 0.0 0.0
15000.0 16000.0 277994.5083032307 2300.0
16000.0 17000.0 233958.21172793314 0.0
17000.0 18000.0 328466.3726737815 2300.0
18000.0 19000.0 259590.65437723527 0.0
19000.0 20000.0 348356.56707151723 2300.0
20000.0 21000.0 269488.62654924445 0.0
21000.0 22000.0 309802.3586150015 2300.0
22000.0 23000.0 272599.77969142905 0.0
23000.0 24000.0 325542.92578091635 2300.0
24000.0 25000.0 269342.81978245865 0.0
25000.0 26000.0 342202.4049736657 2300.0
26000.0 27000.0 255138.92687663017 0.0
27000.0 28000.0 273726.07574448443 1500.0
28000.0 29000.0 147059.09627592252 0.0
29000.0 30000.0 251890.6061474308 1500.0
30000.0 31000.0 178405.2394305999 0.0
31000.0 32000.0 210455.36175022676 1500.0
32000.0 33000.0 237512.19541458445 0.0
33000.0 34000.0 182330.24396326934 1500.0
34000.0 35000.0 214506.63981340925 0.0
35000.0 36000.0 168924.354499655 1500.0
36000.0 37000.0 418134.7894607149 1500.0
37000.0 38000.0 379669.26145079656 1500.0
38000.0 39000.0 266893.8035043811 0.0
39000.0 40000.0 297038.6343467566 1500.0
40000.0 41000.0 124898.00856474377 0.0
41000.0 42000.0 239231.1960306839 2300.0
42000.0 43000.0 277556.8359709054 0.0
43000.0 44000.0 370097.94958458294 2300.0
44000.0 45000.0 254600.81409001257 0.0
45000.0 46000.0 312249.50172279193 2300.0
46000.0 47000.0 248386.63605211696 0.0
47000.0 48000.0 312381.3939728791 2300.0
48000.0 49000.0 293797.26131592103 0.0
49000.0 50000.0 335538.5237691314 2300.0
50000.0 51000.0 285274.12421119993 0.0
51000.0 52000.0 289746.49171668565 2300.0
52000.0 53000.0 295221.8580710542 0.0
53000.0 54000.0 365713.691824525 2300.0
54000.0 55000.0 285688.4020028784 0.0
55000.0 56000.0 323424.2557025519 2300.0
56000.0 57000.0 238162.19533562125 0.0
57000.0 58000.0 300332.8833050134 2300.0
58000.0 59000.0 273280.451672759 0.0
59000.0 60000.0 319793.1912172225 2300.0
60000.0 61000.0 306286.2010722312 0.0
61000.0 62000.0 314672.2037397576 1500.0
62000.0 63000.0 176533.41971201 0.0
63000.0 64000.0 203213.24622427317 1500.0
64000.0 65000.0 329075.0804811608 1500.0
65000.0 66000.0 409102.4252576919 1500.0
66000.0 67000.0 244538.9712121477 0.0
67000.0 68000.0 306419.89193668973 2300.0
68000.0 69000.0 295180.18271852564 0.0
69000.0 70000.0 81055.25328695637 0.0
70000.0 71000.0 0.0 0.0
71000.0 72000.0 181602.29849015284 2300.0
72000.0 73000.0 302673.21894229506 0.0
73000.0 74000.0 309330.25580684864 1500.0
74000.0 75000.0 158930.41894042905 0.0
75000.0 76000.0 252794.20828097942 1500.0
76000.0 77000.0 139973.2884656519 0.0
77000.0 78000.0 268441.4364289797 1500.0
78000.0 79000.0 197397.89176744793 0.0
79000.0 80000.0 257873.2616799301 1500.0
80000.0 81000.0 197700.86132789002 0.0
81000.0 82000.0 277186.7636156898 1500.0
82000.0 83000.0 138233.6758388926 0.0
83000.0 84000.0 204992.29911542067 1500.0
84000.0 85000.0 273740.4226970125 1500.0
85000.0 86000.0 392714.7208040487 1500.0
86000.0 87000.0 270237.2984044506 0.0
87000.0 88000.0 262119.13342745512 1500.0
88000.0 89000.0 229849.56825558987 0.0
89000.0 90000.0 216300.9206264434 1500.0
90000.0 91000.0 157765.6185835402 0.0
91000.0 92000.0 281595.3551899623 2300.0
92000.0 93000.0 288549.2373745942 0.0
93000.0 94000.0 326442.0410341585 2300.0
94000.0 95000.0 241748.21401371507 0.0
95000.0 96000.0 246785.99379070807 2300.0
96000.0 97000.0 312769.7571108491 0.0
97000.0 98000.0 348552.95835975657 2300.0
98000.0 99000.0 275322.1640194318 0.0
99000.0 100000.0 313104.6457293356 2300.0
100000.0 101000.0 270332.83468240296 0.0
101000.0 102000.0 290880.7083060144 2300.0
102000.0 103000.0 299844.30878963426 0.0
103000.0 104000.0 324811.4212005689 2300.0
104000.0 105000.0 289282.42072451295 0.0
105000.0 106000.0 276791.19819644414 1500.0
106000.0 107000.0 328233.9267026127 0.0
107000.0 108000.0 180117.05690073315 1500.0
108000.0 109000.0 225061.19637541706 0.0
109000.0 110000.0 232633.4355012853 1500.0
110000.0 111000.0 173935.53395989756 0.0
111000.0 112000.0 235007.80020861517 1500.0
112000.0 113000.0 136254.89860232922 0.0
113000.0 114000.0 201725.12976761407 1500.0
114000.0 115000.0 188004.83196809347 0.0
115000.0 116000.0 300165.69163130823 1500.0
116000.0 117000.0 164411.67836085692 0.0
117000.0 118000.0 218774.07552864743 1500.0
118000.0 119000.0 135210.98082301626 0.0
119000.0 120000.0 197037.19827411682 1500.0
120000.0 121000.0 310624.47724599385 1500.0
121000.0 122000.0 351681.8771813153 0.0
122000.0 123000.0 45029.39094691032 0.0
123000.0 124000.0 78830.87502462008 1500.0
124000.0 125000.0 269979.7791287593 1500.0
125000.0 126000.0 390707.8422476882 0.0
126000.0 127000.0 375806.5523851112 1500.0
127000.0 128000.0 108301.95121382122 0.0
128000.0 129000.0 0.0 0.0
129000.0 130000.0 232920.555314165 1500.0
130000.0 131000.0 306623.014897935 1500.0
131000.0 132000.0 369910.0154590681 1500.0
132000.0 133000.0 336057.5340941513 0.0
133000.0 134000.0 207887.0679106566 1500.0
134000.0 135000.0 169748.05698649975 0.0
135000.0 136000.0 275294.94891166204 2300.0
136000.0 137000.0 255410.79114425922 0.0
137000.0 138000.0 250248.0370281738 2300.0
138000.0 139000.0 294703.5442985806 0.0
139000.0 140000.0 352814.6405565793 2300.0
140000.0 141000.0 295204.86467375205 0.0
141000.0 142000.0 354052.7223325143 2300.0
142000.0 143000.0 105140.99935475994 0.0
143000.0 144000.0 294408.78269306314 2300.0
144000.0 145000.0 291933.7822449663 0.0
145000.0 146000.0 306918.09464481333 2300.0
146000.0 147000.0 280836.11604153307 0.0
147000.0 148000.0 283595.92478312587 2300.0
148000.0 149000.0 297800.6366673503 0.0
149000.0 150000.0 336899.9341915567 2300.0
150000.0 151000.0 272325.13560795615 0.0
151000.0 152000.0 276687.16718464205 2300.0
152000.0 153000.0 316932.53287054837 0.0
153000.0 154000.0 116684.10010768792 0.0
154000.0 155000.0 0.0 0.0
155000.0 156000.0 234302.17214931277 2300.0
156000.0 157000.0 292064.79803074436 0.0
157000.0 158000.0 428519.4831051211 1500.0
158000.0 159000.0 301840.45421627216 1500.0
159000.0 160000.0 398795.35845714307 1500.0
160000.0 161000.0 257604.8151648402 1500.0
161000.0 162000.0 317951.81915528025 0.0
162000.0 163000.0 13446.153363489684 0.0
163000.0 164000.0 242605.09934476035 1500.0
164000.0 165000.0 292619.93772998994 1500.0
165000.0 166000.0 446109.6473360249 1500.0
166000.0 167000.0 189158.6295371913 0.0
167000.0 168000.0 269782.4720517685 2300.0
168000.0 169000.0 268825.2339976817 0.0
169000.0 170000.0 331275.6527823508 2300.0
170000.0 171000.0 279551.9774151985 0.0
171000.0 172000.0 337907.5782389076 2300.0
172000.0 173000.0 298181.9894682321 0.0
173000.0 174000.0 327564.7386598557 2300.0
174000.0 175000.0 244891.5649275371 0.0
175000.0 176000.0 282881.7724871983 2300.0
176000.0 177000.0 291366.09612046345 0.0
177000.0 178000.0 314833.94417227316 2300.0
178000.0 179000.0 307555.30176730076 0.0
179000.0 180000.0 310230.61793208885 2300.0
180000.0 181000.0 256721.5097043389 0.0
181000.0 182000.0 349593.91073479084 2300.0
182000.0 183000.0 277261.40793857665 0.0
183000.0 184000.0 319470.93173102953 2300.0
184000.0 185000.0 285671.172322682 0.0
185000.0 186000.0 334431.8405718396 2300.0
186000.0 187000.0 275608.5060843188 0.0
187000.0 188000.0 316159.6442247692 2300.0
188000.0 189000.0 254268.7944922211 0.0
189000.0 190000.0 322840.73516306555 2300.0
190000.0 191000.0 272703.73723341175 0.0
191000.0 192000.0 309813.45864175376 2300.0
192000.0 193000.0 278130.20561324275 0.0
193000.0 194000.0 328594.46060132905 2300.0
194000.0 195000.0 299956.39518533443 0.0
195000.0 196000.0 331950.3764326972 2300.0
196000.0 197000.0 242244.0954077519 0.0
197000.0 198000.0 299178.62288750533 2300.0
198000.0 199000.0 310759.1279694786 0.0
199000.0 200000.0 339656.64243960084 2300.0
200000.0 201000.0 294358.53182082804 0.0
201000.0 202000.0 349067.2233419676 2300.0
202000.0 203000.0 232694.07308050565 0.0
203000.0 204000.0 241451.6726347741 2300.0
204000.0 205000.0 319754.3848848631 0.0
205000.0 206000.0 302843.19478211564 1500.0
206000.0 207000.0 264947.21370933554 1500.0
207000.0 208000.0 348324.3216846796 0.0
208000.0 209000.0 274655.8178036786 1500.0
209000.0 210000.0 406448.6952039716 1500.0
210000.0 211000.0 131406.60367231435 0.0
211000.0 212000.0 280855.8285815074 2300.0
212000.0 213000.0 294595.77581013023 0.0
213000.0 214000.0 248636.3715770273 2300.0
214000.0 215000.0 297402.7028183725 0.0
215000.0 216000.0 356000.6769459852 2300.0
216000.0 217000.0 310456.12262740784 0.0
217000.0 218000.0 306800.841531917 2300.0
218000.0 219000.0 264521.8738614101 0.0
219000.0 220000.0 323906.925350055 2300.0
220000.0 221000.0 277909.2968788935 0.0
221000.0 222000.0 301396.9512339184 2300.0
222000.0 223000.0 283675.1763485701 0.0
223000.0 224000.0 339776.8633317683 2300.0
224000.0 225000.0 309900.70259280095 0.0
225000.0 226000.0 324598.73045716307 2300.0
226000.0 227000.0 256480.30559228951 0.0
227000.0 228000.0 312506.50713809335 2300.0
228000.0 229000.0 295572.5650168853 0.0
229000.0 230000.0 358343.27554502885 2300.0
230000.0 231000.0 263726.65157163446 0.0
231000.0 232000.0 326796.09942499764 2300.0
232000.0 233000.0 241187.62381360884 0.0
233000.0 234000.0 328819.8022924461 2300.0
234000.0 235000.0 301859.49951520644 0.0
235000.0 236000.0 302887.02826757974 2300.0
236000.0 237000.0 282130.0687666821 0.0
237000.0 238000.0 333147.41587087745 2300.0
238000.0 239000.0 254171.28461374133 0.0
239000.0 240000.0 305175.4573755687 2300.0
240000.0 241000.0 307609.36563543393 0.0
241000.0 242000.0 382427.4296017036 2300.0
242000.0 243000.0 262648.1644014978 0.0
243000.0 244000.0 104285.56878368894 2300.0
244000.0 245000.0 304317.30474636966 0.0
245000.0 246000.0 212227.1264699414 0.0
246000.0 247000.0 0.0 0.0
247000.0 248000.0 247773.38638062522 1500.0
248000.0 249000.0 184905.50250361257 0.0
249000.0 250000.0 240865.6053712202 1500.0
250000.0 251000.0 267435.05549260793 0.0
251000.0 252000.0 173078.6315027931 1500.0
252000.0 253000.0 230795.6724771356 0.0
253000.0 254000.0 128831.84072161469 1500.0
254000.0 255000.0 358256.36331796425 1500.0
255000.0 256000.0 351543.6224838427 1500.0
256000.0 257000.0 387265.9082638824 0.0
257000.0 258000.0 200296.218575605 1500.0
258000.0 259000.0 196255.19290909637 0.0
259000.0 260000.0 252913.86480602442 1500.0
260000.0 261000.0 292426.2229908999 1500.0
261000.0 262000.0 373378.30938732054 1500.0
262000.0 263000.0 250464.4115970062 0.0
263000.0 264000.0 337656.28617615614 1500.0
264000.0 265000.0 123754.64842320603 0.0
265000.0 266000.0 242503.4825359142 2300.0
266000.0 267000.0 265432.15638933016 0.0
267000.0 268000.0 305310.90327108814 2300.0
268000.0 269000.0 323796.47361822857 0.0
269000.0 270000.0 357204.6671259565 2300.0
270000.0 271000.0 251896.3548003891 0.0
271000.0 272000.0 315478.1114621299 2300.0
272000.0 273000.0 305271.90628060926 0.0
273000.0 274000.0 371622.7237445036 2300.0
274000.0 275000.0 237264.78205174668 0.0
275000.0 276000.0 246577.28763436328 2300.0
276000.0 277000.0 303867.4521216439 0.0
277000.0 278000.0 343778.6435529494 2300.0
278000.0 279000.0 308545.9490279483 0.0
279000.0 280000.0 317249.6475403569 2300.0
280000.0 281000.0 297102.3864222317 0.0
281000.0 282000.0 333419.7330535994 2300.0
282000.0 283000.0 277205.8292400906 0.0
283000.0 284000.0 292227.5729946998 2300.0
284000.0 285000.0 250074.1079254113 0.0
285000.0 286000.0 337427.29269223777 2300.0
286000.0 287000.0 268016.43972136185 0.0
287000.0 288000.0 323308.1291356048 2300.0
288000.0 289000.0 299699.8351405895 0.0
289000.0 290000.0 304681.9062550444 2300.0
290000.0 291000.0 318614.6322086917 0.0
291000.0 292000.0 311766.7228795119 2300.0
292000.0 293000.0 295713.4550762836 0.0
293000.0 294000.0 321558.7514463604 2300.0
294000.0 295000.0 267874.57576635754 0.0
295000.0 296000.0 316877.82747451856 2300.0
296000.0 297000.0 274103.5191925355 0.0
297000.0 298000.0 295542.6847760905 2300.0
298000.0 299000.0 288077.7414720736 0.0
299000.0 300000.0 311195.052493062 2300.0
300000.0 301000.0 99015.52009587242 0.0
