ts te s_bytes_all avg_video_rate
0.0 1000.0 0.0 0.0
1000.0 2000.0 0.0 0.0
2000.0 3000.0 0.0 0.0
3000.0 4000.0 0.0 0.0
4000.0 5000.0 7761.568912066743 0.0
5000.0 6000.0 124657.52929897646 840.0
6000.0 7000.0 204940.09045436056 480.0
7000.0 8000.0 331359.24907243217 480.0
8000.0 9000.0 154514.95030924026 480.0
9000.0 10000.0 154273.42791835885 0.0
10000.0 11000.0 8399.184034564949 0.0
11000.0 12000.0 7114.0 0.0
12000.0 13000.0 3939.1112932086407 0.0
13000.0 14000.0 6068.899464467357 0.0
14000.0 15000.0 77579.38622702031 288.0
15000.0 16000.0 219409.64941866865 288.0
16000.0 17000.0 238567.17398908935 288.0
17000.0 18000.0 44116.99164977394 0.0
18000.0 19000.0 147462.5488118271 840.0
19000.0 20000.0 109287.22855417298 0.0
20000.0 21000.0 145587.510701833 840.0
21000.0 22000.0 76600.71132271523 0.0
22000.0 23000.0 138682.1363992468 840.0
23000.0 24000.0 75851.44459799535 0.0
24000.0 25000.0 356983.353201406 1500.0
25000.0 26000.0 107468.17415725373 0.0
26000.0 27000.0 345793.166426082 1500.0
27000.0 28000.0 63324.79954137298 0.0
28000.0 29000.0 233312.91561362968 1500.0
29000.0 30000.0 155855.7215283372 0.0
30000.0 31000.0 258252.56078787884 1500.0
31000.0 32000.0 249625.2705154242 1500.0
32000.0 33000.0 202460.24522830706 0.0
33000.0 34000.0 138961.2831886068 0.0
34000.0 35000.0 105271.04693088072 1500.0
35000.0 36000.0 391507.82703705056 1500.0
36000.0 37000.0 247916.72326225188 0.0
37000.0 38000.0 217706.73821145605 1500.0
38000.0 39000.0 198291.6451000562 0.0
39000.0 40000.0 175479.33507186986 1500.0
40000.0 41000.0 179457.36767065368 0.0
41000.0 42000.0 167990.6143555867 1500.0
42000.0 43000.0 266735.4197418771 0.0
43000.0 44000.0 151812.86327866797 1500.0
44000.0 45000.0 217297.9104521884 0.0
45000.0 46000.0 222113.91953644526 1500.0
46000.0 47000.0 222450.4979152997 0.0
47000.0 48000.0 319988.7227833825 1500.0
48000.0 49000.0 39265.95111657755 0.0
49000.0 50000.0 301482.91273073165 1500.0
50000.0 51000.0 84766.41315547562 0.0
51000.0 52000.0 309487.7643609647 1500.0
52000.0 53000.0 85385.4015510065 0.0
53000.0 54000.0 331786.65291181795 1500.0
54000.0 55000.0 103075.31872627097 0.0
55000.0 56000.0 315352.71271150536 1500.0
56000.0 57000.0 84345.95876966581 0.0
57000.0 58000.0 2915.0 0.0
58000.0 59000.0 0.0 0.0
59000.0 60000.0 11973.454738656998 1500.0
60000.0 61000.0 360507.6924513871 0.0
61000.0 62000.0 222234.4431973686 840.0
62000.0 63000.0 392507.5739885713 840.0
63000.0 64000.0 98875.8356240161 0.0
64000.0 65000.0 129623.25393223893 1500.0
65000.0 66000.0 201127.61203851752 0.0
66000.0 67000.0 174262.82970569853 1500.0
67000.0 68000.0 338348.84354758024 0.0
68000.0 69000.0 202070.99627751645 1500.0
69000.0 70000.0 187122.90456142637 0.0
70000.0 71000.0 122763.97868291248 1500.0
71000.0 72000.0 264017.35163579317 0.0
72000.0 73000.0 336354.1663666269 1500.0
73000.0 74000.0 84750.38303321761 0.0
74000.0 75000.0 309272.4060931897 1500.0
75000.0 76000.0 82011.61456849282 0.0
76000.0 77000.0 291777.62369056745 1500.0
77000.0 78000.0 109892.03642217742 0.0
78000.0 79000.0 320398.5836910824 1500.0
79000.0 80000.0 114386.00202833065 0.0
80000.0 81000.0 317136.24834190786 1500.0
81000.0 82000.0 68010.16538272357 0.0
82000.0 83000.0 261752.4988284772 1500.0
83000.0 84000.0 130646.50117152279 0.0
84000.0 85000.0 94440.09786337806 2300.0
85000.0 86000.0 371147.2503721371 0.0
86000.0 87000.0 312699.51032139704 2300.0
87000.0 88000.0 416854.90262119955 0.0
88000.0 89000.0 247805.48110875516 2300.0
89000.0 90000.0 393677.3968795812 0.0
90000.0 91000.0 292499.9151352442 2300.0
91000.0 92000.0 421738.0419246371 0.0
92000.0 93000.0 293652.36925194913 2300.0
93000.0 94000.0 377234.47918264696 2300.0
94000.0 95000.0 324364.10250847816 0.0
95000.0 96000.0 390876.0469855947 2300.0
96000.0 97000.0 293637.31827180705 0.0
97000.0 98000.0 323968.44031969854 2300.0
98000.0 99000.0 325666.06173973094 0.0
99000.0 100000.0 349857.26939717226 2300.0
100000.0 101000.0 317663.5636912288 2300.0
101000.0 102000.0 336145.7049911878 0.0
102000.0 103000.0 273164.034836749 2300.0
103000.0 104000.0 299051.4630350671 0.0
104000.0 105000.0 307443.54956236004 0.0
105000.0 106000.0 84382.27716076409 2300.0
106000.0 107000.0 306676.0404640166 0.0
107000.0 108000.0 381431.8969805416 2300.0
108000.0 109000.0 300294.4414332289 0.0
109000.0 110000.0 344634.98495281214 2300.0
110000.0 111000.0 321256.64397602447 0.0
111000.0 112000.0 294538.3508326007 2300.0
112000.0 113000.0 414241.5189834138 0.0
113000.0 114000.0 380212.04491005064 2300.0
114000.0 115000.0 378437.44934936194 2300.0
115000.0 116000.0 253724.66491411108 0.0
116000.0 117000.0 428013.0768092022 2300.0
117000.0 118000.0 322053.04680142854 0.0
118000.0 119000.0 391476.98610036215 2300.0
119000.0 120000.0 329890.5393653718 0.0
120000.0 121000.0 308466.80078102986 2300.0
121000.0 122000.0 308561.74603114964 0.0
122000.0 123000.0 235554.3359982595 2300.0
123000.0 124000.0 378994.66490649024 0.0
124000.0 125000.0 366068.6694110646 2300.0
125000.0 126000.0 325811.62629321055 2300.0
126000.0 127000.0 273130.4300163721 0.0
127000.0 128000.0 301435.2268953325 2300.0
128000.0 129000.0 343196.8523856364 0.0
129000.0 130000.0 328054.6936662296 2300.0
130000.0 131000.0 212112.26424971732 0.0
131000.0 132000.0 347714.3828242593 2300.0
132000.0 133000.0 261938.68011225114 0.0
133000.0 134000.0 347336.78542122524 0.0
134000.0 135000.0 313173.7681016765 2300.0
135000.0 136000.0 386516.0874189271 0.0
136000.0 137000.0 235960.182865249 2300.0
137000.0 138000.0 403178.97846755973 2300.0
138000.0 139000.0 354622.585556485 0.0
139000.0 140000.0 441605.4525635815 2300.0
140000.0 141000.0 291194.6072482999 0.0
141000.0 142000.0 233769.28940056416 2300.0
142000.0 143000.0 358061.46064728743 0.0
143000.0 144000.0 162722.4657048511 2300.0
144000.0 145000.0 0.0 0.0
145000.0 146000.0 299952.56434277317 2300.0
146000.0 147000.0 119180.43565722684 0.0
147000.0 148000.0 2910.0 0.0
148000.0 149000.0 0.0 0.0
149000.0 150000.0 17693.438532917648 0.0
150000.0 151000.0 231737.6299611696 2300.0
151000.0 152000.0 326552.2573736848 0.0
152000.0 153000.0 389163.0035806182 840.0
153000.0 154000.0 292991.34146158246 840.0
154000.0 155000.0 87065.63187675863 1500.0
155000.0 156000.0 360358.69721326866 0.0
156000.0 157000.0 0.0 0.0
157000.0 158000.0 272920.11730377027 1500.0
158000.0 159000.0 251136.30543683504 1500.0
159000.0 160000.0 241820.82825612533 0.0
160000.0 161000.0 182218.93849314598 1500.0
161000.0 162000.0 245631.3196538138 0.0
162000.0 163000.0 118362.11933090704 1500.0
163000.0 164000.0 273050.3209348173 0.0
164000.0 165000.0 299757.5769895771 1500.0
165000.0 166000.0 183716.0777214883 0.0
166000.0 167000.0 72780.25266532785 2300.0
167000.0 168000.0 282433.4979374696 0.0
168000.0 169000.0 407660.0606719764 2300.0
169000.0 170000.0 305567.9671828826 0.0
170000.0 171000.0 361611.2201530944 2300.0
171000.0 172000.0 326265.21029233915 0.0
172000.0 173000.0 362445.27131589025 2300.0
173000.0 174000.0 323965.62854393764 2300.0
174000.0 175000.0 331346.309789228 0.0
175000.0 176000.0 374403.74111727264 2300.0
176000.0 177000.0 289000.9736969893 0.0
177000.0 178000.0 373876.67299495696 2300.0
178000.0 179000.0 293924.8532123086 0.0
179000.0 180000.0 268926.2914937611 2300.0
180000.0 181000.0 388715.49040728365 0.0
181000.0 182000.0 245938.6334544993 2300.0
182000.0 183000.0 285852.7845950173 0.0
183000.0 184000.0 282398.90919654485 2300.0
184000.0 185000.0 309494.45800676546 0.0
185000.0 186000.0 406026.4683758352 2300.0
186000.0 187000.0 299613.3463464774 0.0
187000.0 188000.0 249816.85184144948 2300.0
188000.0 189000.0 332627.89753938507 0.0
189000.0 190000.0 435393.9432614575 2300.0
190000.0 191000.0 313369.950111001 0.0
191000.0 192000.0 125369.65090474438 2300.0
192000.0 193000.0 252564.8564966431 0.0
193000.0 194000.0 321106.6952407524 2300.0
194000.0 195000.0 316496.6462293478 0.0
195000.0 196000.0 422508.7774161546 2300.0
196000.0 197000.0 341418.8268239096 0.0
197000.0 198000.0 417601.89906507236 2300.0
198000.0 199000.0 261820.3594997448 2300.0
199000.0 200000.0 341260.6333974634 0.0
200000.0 201000.0 360982.87327395426 2300.0
201000.0 202000.0 275789.19507454115 0.0
202000.0 203000.0 244341.8576498632 2300.0
203000.0 204000.0 412170.7736939342 0.0
204000.0 205000.0 206986.66691024377 2300.0
205000.0 206000.0 380938.7510649957 0.0
206000.0 207000.0 271277.4014045487 2300.0
207000.0 208000.0 387049.488348405 0.0
208000.0 209000.0 288280.885625533 2300.0
209000.0 210000.0 373207.69012414623 0.0
210000.0 211000.0 215064.7294275993 2300.0
211000.0 212000.0 380772.05184644164 0.0
212000.0 213000.0 173043.21312048857 2300.0
213000.0 214000.0 394811.7588290524 0.0
214000.0 215000.0 339898.0409740226 2300.0
215000.0 216000.0 313815.98687154974 0.0
216000.0 217000.0 328115.9057059846 2300.0
217000.0 218000.0 349898.571528258 0.0
218000.0 219000.0 232349.9949120516 2300.0
219000.0 220000.0 383722.396315376 0.0
220000.0 221000.0 306326.3648665594 2300.0
221000.0 222000.0 363750.7781250834 2300.0
222000.0 223000.0 264461.5814305912 0.0
223000.0 224000.0 361247.09443707543 2300.0
224000.0 225000.0 290634.3599500129 0.0
225000.0 226000.0 277099.7779353774 2300.0
226000.0 227000.0 301982.047457158 0.0
227000.0 228000.0 269849.1296996893 2300.0
228000.0 229000.0 442223.13506798446 0.0
229000.0 230000.0 366085.54265209124 2300.0
230000.0 231000.0 314504.5051154636 0.0
231000.0 232000.0 370661.35141550924 2300.0
232000.0 233000.0 304473.19249194796 0.0
233000.0 234000.0 347773.64311042824 2300.0
234000.0 235000.0 306829.4423675033 0.0
235000.0 236000.0 87009.54199916577 2300.0
236000.0 237000.0 206400.23142013515 0.0
237000.0 238000.0 379520.78799688665 2300.0
238000.0 239000.0 324299.44730792136 0.0
239000.0 240000.0 409596.8197990154 0.0
240000.0 241000.0 235700.00145090022 2300.0
241000.0 242000.0 381734.2808819724 2300.0
242000.0 243000.0 362390.28614027106 0.0
243000.0 244000.0 420832.17609119514 2300.0
244000.0 245000.0 304297.0101643192 0.0
245000.0 246000.0 313216.8496147733 2300.0
246000.0 247000.0 390720.36057422677 2300.0
247000.0 248000.0 378659.87998999015 0.0
248000.0 249000.0 233613.36100873852 2300.0
249000.0 250000.0 489511.2744675157 0.0
250000.0 251000.0 151520.8788720452 0.0
251000.0 252000.0 329622.5328696045 2300.0
252000.0 253000.0 352945.7612302076 2300.0
253000.0 254000.0 124039.11405218286 0.0
254000.0 255000.0 278984.7613498468 0.0
255000.0 256000.0 380310.0430970177 2300.0
256000.0 257000.0 345279.1319375636 0.0
257000.0 258000.0 380729.3528755624 2300.0
258000.0 259000.0 398714.58381640795 2300.0
259000.0 260000.0 356895.45011290896 0.0
260000.0 261000.0 302367.33745910827 2300.0
261000.0 262000.0 216297.88834724788 0.0
262000.0 263000.0 381319.34013897274 2300.0
263000.0 264000.0 387730.83855363866 0.0
264000.0 265000.0 417406.7534424759 2300.0
265000.0 266000.0 336563.8032019899 0.0
266000.0 267000.0 404639.34438870737 2300.0
267000.0 268000.0 337509.7393491191 0.0
268000.0 269000.0 391215.7565545255 2300.0
269000.0 270000.0 243506.58535193355 0.0
270000.0 271000.0 272497.815046255 2300.0
271000.0 272000.0 284676.1910573765 0.0
272000.0 273000.0 347064.40209859953 2300.0
273000.0 274000.0 391776.1708737457 2300.0
274000.0 275000.0 296781.3617726067 0.0
275000.0 276000.0 303035.4296135681 2300.0
276000.0 277000.0 351524.33447848127 0.0
277000.0 278000.0 298522.6076696971 2300.0
278000.0 279000.0 307198.97523250646 0.0
279000.0 280000.0 262208.45099647087 2300.0
280000.0 281000.0 412565.01785232686 0.0
281000.0 282000.0 263166.38386940886 2300.0
282000.0 283000.0 364044.3625413913 0.0
283000.0 284000.0 285476.8762953692 2300.0
284000.0 285000.0 368676.6361157317 0.0
285000.0 286000.0 286609.2841201363 2300.0
286000.0 287000.0 365699.81821519916 0.0
287000.0 288000.0 249828.41750552002 2300.0
288000.0 289000.0 384460.7063603493 0.0
289000.0 290000.0 374875.97669725446 2300.0
290000.0 291000.0 217825.07476608417 0.0
291000.0 292000.0 347595.038632884 2300.0
292000.0 293000.0 373999.7080183478 2300.0
293000.0 294000.0 327837.9177480586 0.0
294000.0 295000.0 334321.88238244905 0.0
295000.0 296000.0 331332.6325632818 2300.0
296000.0 297000.0 124928.4093478793 0.0
297000.0 298000.0 301518.84129934333 2300.0
298000.0 299000.0 354901.4572579311 2300.0
299000.0 300000.0 297282.9759009143 0.0
300000.0 301000.0 174244.72554181126 0.0
