ts te s_bytes_all avg_video_rate
0.0 1000.0 0.0 0.0
1000.0 2000.0 0.0 0.0
2000.0 3000.0 0.0 0.0
3000.0 4000.0 0.0 0.0
4000.0 5000.0 0.0 0.0
5000.0 6000.0 0.0 0.0
6000.0 7000.0 0.0 0.0
7000.0 8000.0 0.0 0.0
8000.0 9000.0 8441.989494437963 0.0
9000.0 10000.0 124941.75717353885 480.0
10000.0 11000.0 92869.03682202639 0.0
11000.0 12000.0 11960.498602747917 0.0
12000.0 13000.0 11378.071692510786 0.0
13000.0 14000.0 55714.28353845083 288.0
14000.0 15000.0 84843.22138336129 0.0
15000.0 16000.0 82282.47934755842 288.0
16000.0 17000.0 81103.99588537203 288.0
17000.0 18000.0 110349.52236137884 288.0
18000.0 19000.0 101939.19544734278 288.0
19000.0 20000.0 156513.54580605667 840.0
20000.0 21000.0 135678.4679267929 0.0
21000.0 22000.0 96795.7812787203 840.0
22000.0 23000.0 233109.89882451552 0.0
23000.0 24000.0 139574.95332155033 0.0
24000.0 25000.0 97130.68492323832 840.0
25000.0 26000.0 184247.49353161565 840.0
26000.0 27000.0 184511.81185380998 0.0
27000.0 28000.0 136451.6762104979 840.0
28000.0 29000.0 109692.48647114095 0.0
29000.0 30000.0 247024.19405820195 840.0
30000.0 31000.0 209540.33046495734 0.0
31000.0 32000.0 136445.89133823162 840.0
32000.0 33000.0 165242.50350475893 840.0
33000.0 34000.0 201228.71711638823 0.0
34000.0 35000.0 143547.61910607 0.0
35000.0 36000.0 135954.24731934667 480.0
36000.0 37000.0 159469.32187448975 480.0
37000.0 38000.0 189130.96408917828 0.0
38000.0 39000.0 140459.88335935265 480.0
39000.0 40000.0 169749.691484338 0.0
40000.0 41000.0 109745.10052408317 480.0
41000.0 42000.0 196807.5967287396 480.0
42000.0 43000.0 88531.5175037389 480.0
43000.0 44000.0 107991.82585691981 480.0
44000.0 45000.0 135848.16035778009 0.0
45000.0 46000.0 101569.9995000897 480.0
46000.0 47000.0 79535.26580659833 0.0
47000.0 48000.0 95490.2477915254 480.0
48000.0 49000.0 102099.13490695984 480.0
49000.0 50000.0 129929.88660231317 0.0
50000.0 51000.0 93051.63700669468 840.0
51000.0 52000.0 115420.94731069868 0.0
52000.0 53000.0 184270.15913315417 840.0
53000.0 54000.0 166864.14375391183 840.0
54000.0 55000.0 147920.46134758423 0.0
55000.0 56000.0 172607.05048552013 840.0
56000.0 57000.0 100754.94889965671 0.0
57000.0 58000.0 180492.18935526436 840.0
58000.0 59000.0 125868.1951622641 0.0
59000.0 60000.0 136641.49014445455 480.0
60000.0 61000.0 57059.05204088474 0.0
61000.0 62000.0 153405.25873574056 480.0
62000.0 63000.0 122729.74781427554 0.0
63000.0 64000.0 164281.30089033657 480.0
64000.0 65000.0 155770.1877490864 480.0
65000.0 66000.0 54516.27897974654 0.0
66000.0 67000.0 73420.7773898608 480.0
67000.0 68000.0 109416.90989893535 0.0
68000.0 69000.0 75540.5167651331 480.0
69000.0 70000.0 85504.44104915725 0.0
70000.0 71000.0 70912.99141368172 0.0
71000.0 72000.0 42851.34872096052 480.0
72000.0 73000.0 65725.1784621629 0.0
73000.0 74000.0 141220.79774583055 288.0
74000.0 75000.0 99060.28690544349 288.0
75000.0 76000.0 89061.41009827869 288.0
76000.0 77000.0 135677.99168762495 288.0
77000.0 78000.0 105723.47425851121 0.0
78000.0 79000.0 88978.28831478805 288.0
79000.0 80000.0 31108.587289631425 0.0
80000.0 81000.0 112796.38391119477 288.0
81000.0 82000.0 39476.59302692472 0.0
82000.0 83000.0 84557.88424027749 288.0
83000.0 84000.0 68290.07704380891 288.0
84000.0 85000.0 86249.99653959731 0.0
85000.0 86000.0 80869.52412298975 288.0
86000.0 87000.0 61705.44508631022 0.0
87000.0 88000.0 17213.09602889685 0.0
88000.0 89000.0 0.0 0.0
89000.0 90000.0 40725.726228698695 288.0
90000.0 91000.0 59593.62092687197 0.0
91000.0 92000.0 53928.55560610434 288.0
92000.0 93000.0 85223.71503872948 0.0
93000.0 94000.0 42482.24745004539 0.0
94000.0 95000.0 90514.49461474721 288.0
95000.0 96000.0 98609.73538978933 288.0
96000.0 97000.0 63271.33245062055 288.0
97000.0 98000.0 109551.27494460551 0.0
98000.0 99000.0 83175.66907310343 288.0
99000.0 100000.0 123911.66048130726 288.0
100000.0 101000.0 78081.2053327942 0.0
101000.0 102000.0 18643.54690272468 0.0
102000.0 103000.0 50348.57789895763 288.0
103000.0 104000.0 79621.76009573278 0.0
104000.0 105000.0 98604.18746911455 288.0
105000.0 106000.0 105701.79954423392 288.0
106000.0 107000.0 71519.8580969668 0.0
107000.0 108000.0 54533.857661558475 288.0
108000.0 109000.0 66963.17479329382 0.0
109000.0 110000.0 85672.03299661833 288.0
110000.0 111000.0 10631.96700338166 0.0
111000.0 112000.0 2909.0 0.0
112000.0 113000.0 0.0 0.0
113000.0 114000.0 143742.19078779453 288.0
114000.0 115000.0 31735.809212205488 0.0
115000.0 116000.0 97185.0 288.0
116000.0 117000.0 0.0 0.0
117000.0 118000.0 99687.0 288.0
118000.0 119000.0 0.0 0.0
119000.0 120000.0 161559.05706102817 840.0
120000.0 121000.0 77997.94293897183 0.0
121000.0 122000.0 178316.43655718086 840.0
122000.0 123000.0 41197.56344281915 0.0
123000.0 124000.0 12088.571672447026 840.0
124000.0 125000.0 306259.16326229647 840.0
125000.0 126000.0 164417.2650652565 0.0
126000.0 127000.0 0.0 0.0
127000.0 128000.0 206981.82124861077 840.0
128000.0 129000.0 24686.17875138924 0.0
129000.0 130000.0 198879.42620880142 840.0
130000.0 131000.0 44717.57379119858 0.0
131000.0 132000.0 195731.69018981204 840.0
132000.0 133000.0 38092.30981018796 0.0
133000.0 134000.0 35908.0 840.0
134000.0 135000.0 116781.436011929 0.0
135000.0 136000.0 240488.3215363173 840.0
136000.0 137000.0 90198.24245175369 0.0
137000.0 138000.0 187552.58162915014 840.0
138000.0 139000.0 52908.41837084984 0.0
139000.0 140000.0 181425.43578445393 840.0
140000.0 141000.0 34493.561333683785 0.0
141000.0 142000.0 168687.4423394925 840.0
142000.0 143000.0 202913.62343299156 840.0
143000.0 144000.0 193367.80098245852 840.0
144000.0 145000.0 105455.13612691974 0.0
145000.0 146000.0 164931.2899411523 840.0
146000.0 147000.0 50353.71005884769 0.0
147000.0 148000.0 202115.0632343782 2300.0
148000.0 149000.0 306391.4287857673 0.0
149000.0 150000.0 358965.10357544606 2300.0
150000.0 151000.0 304218.12043699936 0.0
151000.0 152000.0 339638.57980432885 2300.0
152000.0 153000.0 278068.6556612612 0.0
153000.0 154000.0 316393.9906295752 2300.0
154000.0 155000.0 269820.2653683115 0.0
155000.0 156000.0 303028.766005199 2300.0
156000.0 157000.0 284904.4487307365 0.0
157000.0 158000.0 334868.21491040767 2300.0
158000.0 159000.0 301989.23633739003 0.0
159000.0 160000.0 382091.21353129006 2300.0
160000.0 161000.0 299450.49344053795 0.0
161000.0 162000.0 304747.3372378474 2300.0
162000.0 163000.0 305035.7612467357 0.0
163000.0 164000.0 362018.66451396956 1500.0
164000.0 165000.0 203934.40640171123 0.0
165000.0 166000.0 273724.11949263106 1500.0
166000.0 167000.0 191412.13065547618 0.0
167000.0 168000.0 264533.9674805992 1500.0
168000.0 169000.0 154170.75341097222 0.0
169000.0 170000.0 272574.72754112224 1500.0
170000.0 171000.0 155280.08642149263 0.0
171000.0 172000.0 261651.326456959 1500.0
172000.0 173000.0 140036.5170067621 0.0
173000.0 174000.0 224262.10329093484 1500.0
174000.0 175000.0 139492.41079257434 0.0
175000.0 176000.0 263303.79521562485 1500.0
176000.0 177000.0 173202.90896859427 0.0
177000.0 178000.0 290751.0201534352 1500.0
178000.0 179000.0 178166.72835550224 0.0
179000.0 180000.0 257622.9274308628 1500.0
180000.0 181000.0 156759.23795711488 0.0
181000.0 182000.0 246252.2488026615 1500.0
182000.0 183000.0 179086.65202245733 0.0
183000.0 184000.0 233060.9768432621 1500.0
184000.0 185000.0 195388.31078876066 0.0
185000.0 186000.0 289016.52559731214 1500.0
186000.0 187000.0 216066.36268637798 0.0
187000.0 188000.0 166548.674304046 1500.0
188000.0 189000.0 217016.01048821036 0.0
189000.0 190000.0 213030.44725999678 1500.0
190000.0 191000.0 249828.64675411262 0.0
191000.0 192000.0 190795.384438887 1500.0
192000.0 193000.0 364818.37238289445 1500.0
193000.0 194000.0 399112.5413310355 1500.0
194000.0 195000.0 257059.98265117905 0.0
195000.0 196000.0 232278.88701252296 1500.0
196000.0 197000.0 185609.46615373305 0.0
197000.0 198000.0 239487.35560770333 1500.0
198000.0 199000.0 156841.0631217909 0.0
199000.0 200000.0 220842.99613136795 3000.0
200000.0 201000.0 351667.40521826246 0.0
201000.0 202000.0 365483.0303936105 1500.0
202000.0 203000.0 216722.16405787502 0.0
203000.0 204000.0 277165.43013616535 1500.0
204000.0 205000.0 166990.2753375297 0.0
205000.0 206000.0 257374.40166971734 1500.0
206000.0 207000.0 154854.38908560685 0.0
207000.0 208000.0 223255.98233307968 1500.0
208000.0 209000.0 172506.48294808896 0.0
209000.0 210000.0 267424.48605874437 1500.0
210000.0 211000.0 172525.25526922476 0.0
211000.0 212000.0 256205.39934327148 1500.0
212000.0 213000.0 203885.86902226222 0.0
213000.0 214000.0 226006.08892992203 1500.0
214000.0 215000.0 203341.12086111607 0.0
215000.0 216000.0 201171.11805127215 1500.0
216000.0 217000.0 254994.30884323356 0.0
217000.0 218000.0 161664.56824693308 1500.0
218000.0 219000.0 311214.4292729524 0.0
219000.0 220000.0 241303.7626010173 1500.0
220000.0 221000.0 199456.6174592526 0.0
221000.0 222000.0 244166.04423449695 1500.0
222000.0 223000.0 169947.29540902041 0.0
223000.0 224000.0 255793.2948548926 1500.0
224000.0 225000.0 185447.67097926722 0.0
225000.0 226000.0 218522.670937434 1500.0
226000.0 227000.0 182012.74902825733 0.0
227000.0 228000.0 190989.35861037235 1500.0
228000.0 229000.0 267739.85294474283 0.0
229000.0 230000.0 134277.35021451677 1500.0
230000.0 231000.0 363362.18311384035 0.0
231000.0 232000.0 164816.19641056086 1500.0
232000.0 233000.0 264103.33326259826 0.0
233000.0 234000.0 248001.2963002994 1500.0
234000.0 235000.0 127399.42530912733 0.0
235000.0 236000.0 238078.71017636431 1500.0
236000.0 237000.0 175620.85705710427 0.0
237000.0 238000.0 202428.2920499429 1500.0
238000.0 239000.0 225131.05716196026 1500.0
239000.0 240000.0 187759.2275515102 0.0
240000.0 241000.0 261648.1591146858 1500.0
241000.0 242000.0 373158.0528372429 1500.0
242000.0 243000.0 312469.4663691027 0.0
243000.0 244000.0 169123.12808656902 1500.0
244000.0 245000.0 303325.9444189287 0.0
245000.0 246000.0 290572.880977323 1500.0
246000.0 247000.0 201344.50258983922 0.0
247000.0 248000.0 257510.72955640682 1500.0
248000.0 249000.0 172205.9463781194 0.0
249000.0 250000.0 261593.08963709057 1500.0
250000.0 251000.0 159684.41079520877 0.0
251000.0 252000.0 272534.68749817705 1500.0
252000.0 253000.0 153982.4394717105 0.0
253000.0 254000.0 267559.831391082 1500.0
254000.0 255000.0 161642.92110281743 0.0
255000.0 256000.0 259131.37210350152 1500.0
256000.0 257000.0 180412.0972114878 0.0
257000.0 258000.0 257671.0579924471 1500.0
258000.0 259000.0 151024.93157784312 0.0
259000.0 260000.0 230572.8385401521 1500.0
260000.0 261000.0 140193.20825952527 0.0
261000.0 262000.0 224184.5248757223 1500.0
262000.0 263000.0 168955.25586600957 0.0
263000.0 264000.0 247820.35746458732 1500.0
264000.0 265000.0 177914.87162219448 0.0
265000.0 266000.0 248658.1848699506 1500.0
266000.0 267000.0 165130.51234020077 0.0
267000.0 268000.0 250220.05255389475 1500.0
268000.0 269000.0 182718.45003902703 0.0
269000.0 270000.0 252051.65727124142 1500.0
270000.0 271000.0 192961.2540647661 0.0
271000.0 272000.0 244486.8135368405 1500.0
272000.0 273000.0 230995.12973920672 0.0
273000.0 274000.0 189187.5063207194 1500.0
274000.0 275000.0 299053.38894573145 0.0
275000.0 276000.0 255332.41934171086 1500.0
276000.0 277000.0 191963.05963262726 0.0
277000.0 278000.0 218356.08208045547 1500.0
278000.0 279000.0 158672.25652618345 0.0
279000.0 280000.0 254694.20054156322 1500.0
280000.0 281000.0 130533.37621111385 0.0
281000.0 282000.0 271244.68344074785 1500.0
282000.0 283000.0 201954.31163011334 0.0
283000.0 284000.0 234518.05332147275 1500.0
284000.0 285000.0 159818.71457462767 0.0
285000.0 286000.0 246390.3704592399 1500.0
286000.0 287000.0 181693.25867385618 0.0
287000.0 288000.0 202141.4798367313 1500.0
288000.0 289000.0 288234.78464609873 1500.0
289000.0 290000.0 429214.5533907355 1500.0
290000.0 291000.0 221511.4416973744 0.0
291000.0 292000.0 316916.66013428 1500.0
292000.0 293000.0 150942.05423220136 0.0
293000.0 294000.0 251571.68931092805 1500.0
294000.0 295000.0 184891.94245382352 0.0
295000.0 296000.0 218287.9775174028 2300.0
296000.0 297000.0 268999.1513074195 0.0
297000.0 298000.0 342241.0067460593 2300.0
298000.0 299000.0 309784.83304321865 0.0
299000.0 300000.0 357404.1764486701 2300.0
