ts te s_bytes_all avg_video_rate
0.0 1000.0 0.0 0.0
1000.0 2000.0 0.0 0.0
2000.0 3000.0 0.0 0.0
3000.0 4000.0 0.0 0.0
4000.0 5000.0 0.0 0.0
5000.0 6000.0 0.0 0.0
6000.0 7000.0 9266.834898439125 0.0
7000.0 8000.0 246234.01909453078 480.0
8000.0 9000.0 278436.8420166418 480.0
9000.0 10000.0 321955.9627911949 480.0
10000.0 11000.0 249059.07006617903 480.0
11000.0 12000.0 319122.5053068506 480.0
12000.0 13000.0 61543.95704389231 0.0
13000.0 14000.0 136682.80878227146 480.0
14000.0 15000.0 0.0 0.0
15000.0 16000.0 258709.3502484715 1500.0
16000.0 17000.0 280513.49180073343 1500.0
17000.0 18000.0 344212.76371241134 1500.0
18000.0 19000.0 263773.4325233363 0.0
19000.0 20000.0 205569.01184426184 1500.0
20000.0 21000.0 186370.75642421766 0.0
21000.0 22000.0 28650.193446567977 0.0
22000.0 23000.0 0.0 0.0
23000.0 24000.0 235353.22066733052 2300.0
24000.0 25000.0 326316.6848048084 0.0
25000.0 26000.0 422303.34800036857 840.0
26000.0 27000.0 145339.5143892315 0.0
27000.0 28000.0 174736.02339365566 840.0
28000.0 29000.0 104950.29232326914 0.0
29000.0 30000.0 212551.80574044108 2300.0
30000.0 31000.0 251288.3714696247 0.0
31000.0 32000.0 312849.3323243331 2300.0
32000.0 33000.0 259841.0932617079 0.0
33000.0 34000.0 273936.03476427053 2300.0
34000.0 35000.0 304987.9301686621 0.0
35000.0 36000.0 312669.90038941614 2300.0
36000.0 37000.0 308411.1472913261 0.0
37000.0 38000.0 327179.87630446535 2300.0
38000.0 39000.0 273308.3149029807 0.0
39000.0 40000.0 258479.81781885846 2300.0
40000.0 41000.0 324894.2796250107 0.0
41000.0 42000.0 259845.33672845887 2300.0
42000.0 43000.0 288226.0726321695 0.0
43000.0 44000.0 284090.5419335811 2300.0
44000.0 45000.0 331330.68248465843 0.0
45000.0 46000.0 314183.98653002916 2300.0
46000.0 47000.0 325023.5697283434 0.0
47000.0 48000.0 319984.55722951936 2300.0
48000.0 49000.0 305959.2404909341 0.0
49000.0 50000.0 315997.8234564819 2300.0
50000.0 51000.0 283894.2047184404 0.0
51000.0 52000.0 289796.00517366803 2300.0
52000.0 53000.0 322361.1113819093 0.0
53000.0 54000.0 286408.4243624948 2300.0
54000.0 55000.0 301293.1130727132 0.0
55000.0 56000.0 304542.1202298468 2300.0
56000.0 57000.0 345499.54265183763 0.0
57000.0 58000.0 307684.448591916 2300.0
58000.0 59000.0 294033.0489321191 0.0
59000.0 60000.0 289441.06589114096 1500.0
60000.0 61000.0 181087.1511269559 0.0
61000.0 62000.0 240333.52478091352 1500.0
62000.0 63000.0 295868.5609511251 1500.0
63000.0 64000.0 351550.97237882594 1500.0
64000.0 65000.0 285243.37006061745 0.0
65000.0 66000.0 279961.6780418932 2300.0
66000.0 67000.0 290563.8486602253 0.0
67000.0 68000.0 320599.0747668825 2300.0
68000.0 69000.0 294713.1317368533 0.0
69000.0 70000.0 334234.87211183715 2300.0
70000.0 71000.0 301734.487076928 0.0
71000.0 72000.0 301829.79411640833 2300.0
72000.0 73000.0 322746.57617904793 0.0
73000.0 74000.0 293005.6004240188 2300.0
74000.0 75000.0 293006.7802762763 0.0
75000.0 76000.0 252522.28960004478 2300.0
76000.0 77000.0 313702.02976279106 0.0
77000.0 78000.0 314634.43281341885 2300.0
78000.0 79000.0 276517.4907189372 0.0
79000.0 80000.0 327890.956313402 2300.0
80000.0 81000.0 296796.85588917724 0.0
81000.0 82000.0 329993.95386623964 2300.0
82000.0 83000.0 317623.17660545395 0.0
83000.0 84000.0 309650.1426892396 2300.0
84000.0 85000.0 290117.04002728703 0.0
85000.0 86000.0 261807.6296196626 2300.0
86000.0 87000.0 311304.0051640162 0.0
87000.0 88000.0 368779.1389638266 2300.0
88000.0 89000.0 281330.92384539713 0.0
89000.0 90000.0 280124.2235738386 2300.0
90000.0 91000.0 300401.34445541585 0.0
91000.0 92000.0 338164.99479193764 2300.0
92000.0 93000.0 275460.2147341297 0.0
93000.0 94000.0 313896.1912874154 2300.0
94000.0 95000.0 272297.8305200024 0.0
95000.0 96000.0 321546.44265016983 2300.0
96000.0 97000.0 289389.6991565407 0.0
97000.0 98000.0 297867.88331629866 2300.0
98000.0 99000.0 310242.10118854657 0.0
99000.0 100000.0 283189.3518640007 2300.0
100000.0 101000.0 311631.9725489597 0.0
101000.0 102000.0 298936.4315718421 2300.0
102000.0 103000.0 313314.9310694771 0.0
103000.0 104000.0 286181.91264331056 2300.0
104000.0 105000.0 309854.28657545184 0.0
105000.0 106000.0 281494.62171833793 2300.0
106000.0 107000.0 306171.012797015 0.0
107000.0 108000.0 318685.1528394374 1500.0
108000.0 109000.0 226777.02827014713 0.0
109000.0 110000.0 204404.2776036336 1500.0
110000.0 111000.0 162723.19910041377 0.0
111000.0 112000.0 260853.6455258073 1500.0
112000.0 113000.0 310998.2733848629 1500.0
113000.0 114000.0 390254.2153612535 1500.0
114000.0 115000.0 313930.3992885904 0.0
115000.0 116000.0 241659.7786835678 2300.0
116000.0 117000.0 333083.1083248323 0.0
117000.0 118000.0 303760.8007887835 2300.0
118000.0 119000.0 311144.04513200244 0.0
119000.0 120000.0 294816.3535082098 2300.0
120000.0 121000.0 320202.77080071706 0.0
121000.0 122000.0 325199.90431962995 2300.0
122000.0 123000.0 300077.1028555427 0.0
123000.0 124000.0 246331.47089565487 2300.0
124000.0 125000.0 304476.029741645 0.0
125000.0 126000.0 294808.47443324595 2300.0
126000.0 127000.0 322590.30396482145 0.0
127000.0 128000.0 305444.7513100296 2300.0
128000.0 129000.0 327226.93493675726 0.0
129000.0 130000.0 362123.8423167196 2300.0
130000.0 131000.0 270459.69927404425 0.0
131000.0 132000.0 303569.61644257355 2300.0
132000.0 133000.0 236283.74247739234 0.0
133000.0 134000.0 351146.9672589931 2300.0
134000.0 135000.0 267600.9353322074 0.0
135000.0 136000.0 250562.05575899815 2300.0
136000.0 137000.0 294229.7021476531 0.0
137000.0 138000.0 324056.7223504721 2300.0
138000.0 139000.0 308721.48251243413 0.0
139000.0 140000.0 318322.81133056886 2300.0
140000.0 141000.0 302677.00018851674 0.0
141000.0 142000.0 65818.58264942547 0.0
142000.0 143000.0 0.0 0.0
143000.0 144000.0 281791.448484219 2300.0
144000.0 145000.0 312440.19553441554 840.0
145000.0 146000.0 375016.90382051305 840.0
146000.0 147000.0 115340.51153117711 0.0
147000.0 148000.0 232438.63693597363 840.0
148000.0 149000.0 50203.303693701644 0.0
149000.0 150000.0 205874.68149716398 840.0
150000.0 151000.0 46221.31850283601 0.0
151000.0 152000.0 240674.06202794609 1500.0
152000.0 153000.0 132595.9078947201 0.0
153000.0 154000.0 251415.88642282656 1500.0
154000.0 155000.0 149373.95772301854 0.0
155000.0 156000.0 276955.4032554889 1500.0
156000.0 157000.0 305588.24439245026 1500.0
157000.0 158000.0 402978.54215171706 1500.0
158000.0 159000.0 191326.60955178583 0.0
159000.0 160000.0 261426.3372084043 1500.0
160000.0 161000.0 163561.98076542633 0.0
161000.0 162000.0 246322.76477726424 2300.0
162000.0 163000.0 306291.19747679215 0.0
163000.0 164000.0 321886.9725764813 2300.0
164000.0 165000.0 280724.08560534794 0.0
165000.0 166000.0 326571.02831906 2300.0
166000.0 167000.0 276548.29089949315 0.0
167000.0 168000.0 260367.86131523567 2300.0
168000.0 169000.0 290590.5372127867 0.0
169000.0 170000.0 277114.81316395523 2300.0
170000.0 171000.0 310157.2069424446 0.0
171000.0 172000.0 317430.1079866072 2300.0
172000.0 173000.0 298705.59682912286 0.0
173000.0 174000.0 328081.36491989717 2300.0
174000.0 175000.0 229698.88292188942 0.0
175000.0 176000.0 354499.663930265 2300.0
176000.0 177000.0 276020.7488847132 0.0
177000.0 178000.0 288859.63869554654 2300.0
178000.0 179000.0 308686.10363052436 0.0
179000.0 180000.0 298347.1352050542 2300.0
180000.0 181000.0 244352.8456308142 0.0
181000.0 182000.0 340840.106115013 2300.0
182000.0 183000.0 314302.20986912784 0.0
183000.0 184000.0 355504.0881229484 2300.0
184000.0 185000.0 259714.99470655713 0.0
185000.0 186000.0 316920.653772344 2300.0
186000.0 187000.0 296785.7550058654 0.0
187000.0 188000.0 276939.1701087798 2300.0
188000.0 189000.0 303826.92792130535 0.0
189000.0 190000.0 330430.59159924556 2300.0
190000.0 191000.0 256607.30391423474 0.0
191000.0 192000.0 255606.82911864255 2300.0
192000.0 193000.0 282417.7588249944 0.0
193000.0 194000.0 311237.5341953255 2300.0
194000.0 195000.0 303328.8552823737 0.0
195000.0 196000.0 269910.45671520865 2300.0
196000.0 197000.0 263506.32091833674 0.0
197000.0 198000.0 368771.252169576 2300.0
198000.0 199000.0 280344.279556413 0.0
199000.0 200000.0 321930.74536309857 2300.0
200000.0 201000.0 288652.79661777744 0.0
201000.0 202000.0 318716.3909353784 2300.0
202000.0 203000.0 291258.8009107295 0.0
203000.0 204000.0 286007.58643152664 2300.0
204000.0 205000.0 345914.2785599505 0.0
205000.0 206000.0 182854.62953965814 1500.0
206000.0 207000.0 328595.25397931004 1500.0
207000.0 208000.0 311510.2350018129 0.0
208000.0 209000.0 318511.63803211704 1500.0
209000.0 210000.0 321940.90335120354 1500.0
210000.0 211000.0 353999.8750440663 0.0
211000.0 212000.0 86994.79648941028 2300.0
212000.0 213000.0 334104.9337245808 0.0
213000.0 214000.0 425790.3139740422 2300.0
214000.0 215000.0 292373.736908849 0.0
215000.0 216000.0 303321.9257557875 2300.0
216000.0 217000.0 303962.58304441633 0.0
217000.0 218000.0 241520.80220321132 2300.0
218000.0 219000.0 365118.93960236973 0.0
219000.0 220000.0 272429.37539976154 2300.0
220000.0 221000.0 323807.3303917393 0.0
221000.0 222000.0 313102.72404657316 2300.0
222000.0 223000.0 314756.4274952623 0.0
223000.0 224000.0 206968.42561181958 2300.0
224000.0 225000.0 366061.39465641335 0.0
225000.0 226000.0 221476.63558629667 2300.0
226000.0 227000.0 390251.0565815226 0.0
227000.0 228000.0 191112.54055794232 2300.0
228000.0 229000.0 405378.76891861984 0.0
229000.0 230000.0 130073.12988493257 2300.0
230000.0 231000.0 341737.542435314 0.0
231000.0 232000.0 418317.98557544115 2300.0
232000.0 233000.0 374774.5229290905 0.0
233000.0 234000.0 86777.10822660403 0.0
234000.0 235000.0 0.0 0.0
235000.0 236000.0 338766.8799661412 2300.0
236000.0 237000.0 346282.1940667624 840.0
237000.0 238000.0 297523.5077170385 840.0
238000.0 239000.0 61588.89765775134 0.0
239000.0 240000.0 215372.6603379273 840.0
240000.0 241000.0 50238.86025437928 0.0
241000.0 242000.0 242023.60167641193 2300.0
242000.0 243000.0 267513.5681139254 0.0
243000.0 244000.0 279693.2799838724 2300.0
244000.0 245000.0 339119.7872161675 0.0
245000.0 246000.0 291088.8228257329 2300.0
246000.0 247000.0 303473.51484699314 0.0
247000.0 248000.0 304151.7511551709 2300.0
248000.0 249000.0 291245.7007095809 0.0
249000.0 250000.0 315173.96720278094 2300.0
250000.0 251000.0 309823.0389975854 0.0
251000.0 252000.0 312745.59337719984 1500.0
252000.0 253000.0 159013.26262418297 0.0
253000.0 254000.0 231428.09575993143 1500.0
254000.0 255000.0 328280.2329335635 1500.0
255000.0 256000.0 350679.8560722734 1500.0
256000.0 257000.0 223618.39901455826 0.0
257000.0 258000.0 275105.0691929557 2300.0
258000.0 259000.0 315276.35603725194 0.0
259000.0 260000.0 183263.6480046363 2300.0
260000.0 261000.0 410741.345868366 0.0
261000.0 262000.0 266449.5152251072 2300.0
262000.0 263000.0 348371.9936821666 0.0
263000.0 264000.0 271770.4448869986 2300.0
264000.0 265000.0 345986.0318214119 0.0
265000.0 266000.0 143301.0949313022 2300.0
266000.0 267000.0 357397.6513713447 0.0
267000.0 268000.0 195318.49099228779 2300.0
268000.0 269000.0 399379.98500194325 0.0
269000.0 270000.0 251343.9828585937 2300.0
270000.0 271000.0 360498.9176157031 0.0
271000.0 272000.0 198788.85794903294 2300.0
272000.0 273000.0 342671.8992362026 0.0
273000.0 274000.0 295963.6042209649 2300.0
274000.0 275000.0 304616.9455933442 0.0
275000.0 276000.0 330217.7573457167 2300.0
276000.0 277000.0 303819.37626941723 0.0
277000.0 278000.0 212968.0994045316 2300.0
278000.0 279000.0 285850.4804590236 0.0
279000.0 280000.0 295185.5062867526 2300.0
280000.0 281000.0 274706.7428851725 0.0
281000.0 282000.0 418978.0615602579 2300.0
282000.0 283000.0 284872.9563535738 0.0
283000.0 284000.0 296316.3078425886 2300.0
284000.0 285000.0 336750.01675847144 0.0
285000.0 286000.0 278468.68866844 2300.0
286000.0 287000.0 336549.4738230542 0.0
287000.0 288000.0 282995.43709497753 2300.0
288000.0 289000.0 359374.0472659917 0.0
289000.0 290000.0 184454.05093246966 2300.0
290000.0 291000.0 302213.1427742557 0.0
291000.0 292000.0 299844.87388490746 1500.0
292000.0 293000.0 213930.6088268665 0.0
293000.0 294000.0 324683.43427189277 1500.0
294000.0 295000.0 145603.6331793167 0.0
295000.0 296000.0 268772.4350216862 1500.0
296000.0 297000.0 164333.10117490345 0.0
297000.0 298000.0 72842.26805750765 1500.0
298000.0 299000.0 246823.56298075666 0.0
299000.0 300000.0 326914.66508175666 840.0
300000.0 301000.0 55019.96479616676 0.0
