ts te s_bytes_all avg_video_rate
0.0 1000.0 0.0 0.0
1000.0 2000.0 0.0 0.0
2000.0 3000.0 0.0 0.0
3000.0 4000.0 0.0 0.0
4000.0 5000.0 0.0 0.0
5000.0 6000.0 0.0 0.0
6000.0 7000.0 0.0 0.0
7000.0 8000.0 0.0 0.0
8000.0 9000.0 0.0 0.0
9000.0 10000.0 0.0 0.0
10000.0 11000.0 0.0 0.0
11000.0 12000.0 0.0 0.0
12000.0 13000.0 0.0 0.0
13000.0 14000.0 0.0 0.0
14000.0 15000.0 0.0 0.0
15000.0 16000.0 312.50188803851483 0.0
16000.0 17000.0 4479.498111961485 0.0
17000.0 18000.0 6127.820939521763 0.0
18000.0 19000.0 44900.84821335678 480.0
19000.0 20000.0 90094.01085589554 0.0
20000.0 21000.0 101149.07299220786 0.0
21000.0 22000.0 117675.77064282875 288.0
22000.0 23000.0 95711.0256393585 0.0
23000.0 24000.0 129366.15351192502 288.0
24000.0 25000.0 177390.44389859197 288.0
25000.0 26000.0 76863.27693493087 0.0
26000.0 27000.0 152103.21724075195 288.0
27000.0 28000.0 110647.17162464824 288.0
28000.0 29000.0 137351.46469196276 288.0
29000.0 30000.0 106973.7155158042 288.0
30000.0 31000.0 109802.67326441791 288.0
31000.0 32000.0 125699.31967155682 288.0
32000.0 33000.0 174957.8601834322 288.0
33000.0 34000.0 118959.00665824584 288.0
34000.0 35000.0 99308.54787253759 288.0
35000.0 36000.0 123731.02706898234 0.0
36000.0 37000.0 165064.1086732073 288.0
37000.0 38000.0 32613.910833748727 480.0
38000.0 39000.0 134560.8605975257 0.0
39000.0 40000.0 85572.53212004874 480.0
40000.0 41000.0 71204.28720407668 0.0
41000.0 42000.0 80392.6017322588 0.0
42000.0 43000.0 104067.9627617154 480.0
43000.0 44000.0 117866.81156420619 288.0
44000.0 45000.0 94816.49200545812 0.0
45000.0 46000.0 76954.88838791044 288.0
46000.0 47000.0 95761.09492412276 288.0
47000.0 48000.0 56524.03862585774 0.0
48000.0 49000.0 68755.94948186568 288.0
49000.0 50000.0 38706.46324206918 0.0
50000.0 51000.0 84410.47721710612 288.0
51000.0 52000.0 64904.359039254094 0.0
52000.0 53000.0 71382.36621476244 288.0
53000.0 54000.0 53830.49780709064 0.0
54000.0 55000.0 84227.25035674628 288.0
55000.0 56000.0 64352.8160576876 0.0
56000.0 57000.0 10304.984211464765 0.0
57000.0 58000.0 93628.345216233 288.0
58000.0 59000.0 116493.81989077592 288.0
59000.0 60000.0 107675.23688339454 288.0
60000.0 61000.0 95531.41753045624 0.0
61000.0 62000.0 48186.34205820046 288.0
62000.0 63000.0 85172.34856192172 0.0
63000.0 64000.0 48167.67357961677 288.0
64000.0 65000.0 106553.65812114727 288.0
65000.0 66000.0 82722.16453318947 0.0
66000.0 67000.0 75547.97510699235 288.0
67000.0 68000.0 67235.08690742211 0.0
68000.0 69000.0 82881.83926674991 288.0
69000.0 70000.0 64077.79684569961 0.0
70000.0 71000.0 83320.2614249986 288.0
71000.0 72000.0 56370.853426306276 0.0
72000.0 73000.0 65238.36667996633 288.0
73000.0 74000.0 64068.856737781636 0.0
74000.0 75000.0 113669.6793520096 288.0
75000.0 76000.0 63865.039559327124 0.0
76000.0 77000.0 56263.329485641254 288.0
77000.0 78000.0 41997.72835302952 0.0
78000.0 79000.0 46293.73298483846 2300.0
79000.0 80000.0 110367.61775476893 0.0
80000.0 81000.0 144144.60606922445 0.0
81000.0 82000.0 219260.66128861072 2300.0
82000.0 83000.0 313530.3602644066 0.0
83000.0 84000.0 177685.70115935753 0.0
84000.0 85000.0 181063.64799940123 0.0
85000.0 86000.0 321543.86654052924 2300.0
86000.0 87000.0 247853.66553952981 0.0
87000.0 88000.0 115172.8608128841 0.0
88000.0 89000.0 132902.0743447751 2300.0
89000.0 90000.0 212017.01509512487 0.0
90000.0 91000.0 305710.87927565497 480.0
91000.0 92000.0 332802.5548740729 480.0
92000.0 93000.0 100812.41693031973 0.0
93000.0 94000.0 121506.2164489592 288.0
94000.0 95000.0 210446.97619077904 288.0
95000.0 96000.0 3702.779325759407 0.0
96000.0 97000.0 3487.367101003771 0.0
97000.0 98000.0 25142.800866260535 0.0
98000.0 99000.0 135178.33632416502 288.0
99000.0 100000.0 112160.93373969788 288.0
100000.0 101000.0 116991.92906987655 288.0
101000.0 102000.0 0.0 0.0
102000.0 103000.0 283132.153541203 1500.0
103000.0 104000.0 352746.01659336884 1500.0
104000.0 105000.0 390539.40283704916 1500.0
105000.0 106000.0 231704.18684397003 0.0
106000.0 107000.0 274031.7274720636 1500.0
107000.0 108000.0 184981.40495257167 0.0
108000.0 109000.0 258423.0830874479 1500.0
109000.0 110000.0 214260.92643595298 0.0
110000.0 111000.0 217276.61982330194 1500.0
111000.0 112000.0 155340.95305908337 0.0
112000.0 113000.0 248885.09124436296 1500.0
113000.0 114000.0 184257.21655540486 0.0
114000.0 115000.0 300725.1801085834 1500.0
115000.0 116000.0 103369.58132594002 0.0
116000.0 117000.0 266841.6063287668 1500.0
117000.0 118000.0 111276.04557914636 0.0
118000.0 119000.0 315521.9831240146 1500.0
119000.0 120000.0 122189.7321699041 0.0
120000.0 121000.0 315285.1374332731 1500.0
121000.0 122000.0 107116.36618925082 0.0
122000.0 123000.0 263792.79688424384 2300.0
123000.0 124000.0 282701.19733635214 0.0
124000.0 125000.0 349455.08959946147 2300.0
125000.0 126000.0 299186.5854440124 0.0
126000.0 127000.0 336271.1413736788 2300.0
127000.0 128000.0 253212.6566061002 0.0
128000.0 129000.0 300418.79451537377 2300.0
129000.0 130000.0 320500.712556461 2300.0
130000.0 131000.0 333718.54812090675 0.0
131000.0 132000.0 299164.5842516662 0.0
132000.0 133000.0 319372.78398121137 2300.0
133000.0 134000.0 369347.35422497866 0.0
134000.0 135000.0 146801.3404008937 0.0
135000.0 136000.0 89653.56519827206 2300.0
136000.0 137000.0 291448.8050310817 0.0
137000.0 138000.0 441375.2550950811 840.0
138000.0 139000.0 232327.93634637346 0.0
139000.0 140000.0 172655.2040637874 840.0
140000.0 141000.0 74415.2342654042 0.0
141000.0 142000.0 0.0 0.0
142000.0 143000.0 297293.73175880685 2300.0
143000.0 144000.0 234199.72655577137 0.0
144000.0 145000.0 357950.9618470124 2300.0
145000.0 146000.0 410479.2411349723 0.0
146000.0 147000.0 230084.6957590446 2300.0
147000.0 148000.0 298338.30214594025 0.0
148000.0 149000.0 325515.0698420654 2300.0
149000.0 150000.0 361149.3451933408 0.0
150000.0 151000.0 353661.62095159997 2300.0
151000.0 152000.0 361656.7870116689 2300.0
152000.0 153000.0 398002.8951751339 0.0
153000.0 154000.0 414939.5892482565 2300.0
154000.0 155000.0 322882.5669862003 0.0
155000.0 156000.0 432352.7967009637 2300.0
156000.0 157000.0 360159.69260370726 2300.0
157000.0 158000.0 170816.51276472386 0.0
158000.0 159000.0 392914.64908796747 0.0
159000.0 160000.0 11322.81523282417 0.0
160000.0 161000.0 280196.28012118826 2300.0
161000.0 162000.0 319699.8803371994 0.0
162000.0 163000.0 360489.77576050354 1500.0
163000.0 164000.0 148385.13570449967 0.0
164000.0 165000.0 296463.99511654594 1500.0
165000.0 166000.0 72201.18668692342 0.0
166000.0 167000.0 154861.95188006078 1500.0
167000.0 168000.0 338832.6610625462 0.0
168000.0 169000.0 336618.9312490465 1500.0
169000.0 170000.0 148131.20208148635 0.0
170000.0 171000.0 274953.78096898366 1500.0
171000.0 172000.0 22254.21903101631 0.0
172000.0 173000.0 299628.7323746695 1500.0
173000.0 174000.0 374963.448062845 1500.0
174000.0 175000.0 380111.6965453449 1500.0
175000.0 176000.0 219471.72060183634 0.0
176000.0 177000.0 267574.0151785732 2300.0
177000.0 178000.0 311462.1398992959 0.0
178000.0 179000.0 374772.13697436085 2300.0
179000.0 180000.0 241067.51391325673 0.0
180000.0 181000.0 351522.61332133535 2300.0
181000.0 182000.0 301083.3835186749 0.0
182000.0 183000.0 341340.5972894259 2300.0
183000.0 184000.0 332607.2992092796 0.0
184000.0 185000.0 331752.0000186103 2300.0
185000.0 186000.0 266960.0926392382 0.0
186000.0 187000.0 351975.0465024599 2300.0
187000.0 188000.0 218074.31297156215 0.0
188000.0 189000.0 291055.83789572597 2300.0
189000.0 190000.0 291516.86890640325 0.0
190000.0 191000.0 369389.48470710096 2300.0
191000.0 192000.0 261635.19319161415 0.0
192000.0 193000.0 380705.3137008231 2300.0
193000.0 194000.0 279908.52726025286 0.0
194000.0 195000.0 354504.33382661664 2300.0
195000.0 196000.0 167086.7862486604 0.0
196000.0 197000.0 313683.39740041917 2300.0
197000.0 198000.0 159036.59488592396 0.0
198000.0 199000.0 66410.71206644164 2300.0
199000.0 200000.0 351250.14866292046 0.0
200000.0 201000.0 348912.3856968998 2300.0
201000.0 202000.0 346074.2412520358 0.0
202000.0 203000.0 118503.32864003586 2300.0
203000.0 204000.0 355985.9339341939 0.0
204000.0 205000.0 329923.8065867982 2300.0
205000.0 206000.0 359695.67662579136 0.0
206000.0 207000.0 308275.9343530893 2300.0
207000.0 208000.0 330825.319258245 0.0
208000.0 209000.0 270273.17650721216 2300.0
209000.0 210000.0 279633.6503088403 0.0
210000.0 211000.0 321363.8256629647 2300.0
211000.0 212000.0 297191.5472398894 0.0
212000.0 213000.0 344606.5137324833 2300.0
213000.0 214000.0 274433.73700095795 0.0
214000.0 215000.0 330832.2023094151 2300.0
215000.0 216000.0 288317.4927566941 0.0
216000.0 217000.0 414922.9108547652 2300.0
217000.0 218000.0 286631.41853815044 0.0
218000.0 219000.0 312764.88264480064 2300.0
219000.0 220000.0 277150.72958851873 0.0
220000.0 221000.0 325775.5594661174 2300.0
221000.0 222000.0 290090.30624923506 0.0
222000.0 223000.0 312197.6104589696 2300.0
223000.0 224000.0 279071.4169942142 0.0
224000.0 225000.0 315406.8543229669 2300.0
225000.0 226000.0 287850.8310973628 0.0
226000.0 227000.0 398968.35804412287 2300.0
227000.0 228000.0 273119.68144833436 0.0
228000.0 229000.0 378076.60938379646 2300.0
229000.0 230000.0 288937.2429632488 0.0
230000.0 231000.0 314963.53990486846 2300.0
231000.0 232000.0 271036.3510206175 0.0
232000.0 233000.0 336017.9941070575 2300.0
233000.0 234000.0 289681.75451223855 0.0
234000.0 235000.0 238706.56121550946 2300.0
235000.0 236000.0 313371.88986165595 0.0
236000.0 237000.0 262539.25753905956 2300.0
237000.0 238000.0 282970.02196987136 0.0
238000.0 239000.0 369025.18597616797 2300.0
239000.0 240000.0 301043.61600653 0.0
240000.0 241000.0 353047.1821044402 2300.0
241000.0 242000.0 283177.1658356345 0.0
242000.0 243000.0 352047.9283001512 2300.0
243000.0 244000.0 253545.51553736074 0.0
244000.0 245000.0 345470.0139268262 2300.0
245000.0 246000.0 319559.3466140974 2300.0
246000.0 247000.0 338086.4060292698 2300.0
247000.0 248000.0 240367.76581343086 0.0
248000.0 249000.0 343431.6468366123 2300.0
249000.0 250000.0 320440.35587580496 2300.0
250000.0 251000.0 364537.63433064806 0.0
251000.0 252000.0 372526.13200577814 0.0
252000.0 253000.0 110274.43286843902 288.0
253000.0 254000.0 171163.8885904947 288.0
254000.0 255000.0 106652.28152361464 288.0
255000.0 256000.0 24.0 0.0
256000.0 257000.0 138982.0 480.0
257000.0 258000.0 0.0 0.0
258000.0 259000.0 157891.0 480.0
259000.0 260000.0 0.0 0.0
260000.0 261000.0 250797.76647341484 840.0
261000.0 262000.0 33460.23352658514 0.0
262000.0 263000.0 243774.0 840.0
263000.0 264000.0 0.0 0.0
264000.0 265000.0 251985.0 840.0
265000.0 266000.0 0.0 0.0
266000.0 267000.0 246597.34509034787 840.0
267000.0 268000.0 45757.65490965213 0.0
268000.0 269000.0 227226.0 840.0
269000.0 270000.0 0.0 0.0
270000.0 271000.0 304702.743358351 1500.0
271000.0 272000.0 111446.03078334576 0.0
272000.0 273000.0 310311.2764440427 1500.0
273000.0 274000.0 97484.98920264735 0.0
274000.0 275000.0 297026.0064820028 1500.0
275000.0 276000.0 96291.78183359277 0.0
276000.0 277000.0 324593.0955958639 1500.0
277000.0 278000.0 84048.75218688011 0.0
278000.0 279000.0 282524.60615770984 1500.0
279000.0 280000.0 121764.3835626686 0.0
280000.0 281000.0 314429.5811155275 1500.0
281000.0 282000.0 100506.33234736708 0.0
282000.0 283000.0 300145.9383754478 1500.0
283000.0 284000.0 119770.62847271803 0.0
284000.0 285000.0 328262.66528371297 1500.0
285000.0 286000.0 86583.09079692235 0.0
286000.0 287000.0 345252.51373548486 1500.0
287000.0 288000.0 99729.26693567363 0.0
288000.0 289000.0 325197.37278577127 1500.0
289000.0 290000.0 86221.96592258906 0.0
290000.0 291000.0 310652.54728615016 1500.0
291000.0 292000.0 84652.0700304503 0.0
292000.0 293000.0 318533.3370716214 1500.0
293000.0 294000.0 320199.83488885895 1500.0
294000.0 295000.0 322668.61983409413 2300.0
295000.0 296000.0 357045.8619836526 0.0
296000.0 297000.0 274118.08806346706 2300.0
297000.0 298000.0 339722.51753609907 0.0
298000.0 299000.0 218555.90441930725 2300.0
299000.0 300000.0 281492.8219141189 0.0
300000.0 301000.0 161497.37559386095 0.0
