ts te s_bytes_all avg_video_rate
0.0 1000.0 0.0 0.0
1000.0 2000.0 0.0 0.0
2000.0 3000.0 0.0 0.0
3000.0 4000.0 0.0 0.0
4000.0 5000.0 0.0 0.0
5000.0 6000.0 0.0 0.0
6000.0 7000.0 1405.0118880862974 0.0
7000.0 8000.0 239179.800152236 840.0
8000.0 9000.0 375451.4042068249 840.0
9000.0 10000.0 207383.04108114023 288.0
10000.0 11000.0 160242.8661965173 288.0
11000.0 12000.0 269955.6180710294 480.0
12000.0 13000.0 287244.37274393655 480.0
13000.0 14000.0 191904.4129156797 2300.0
14000.0 15000.0 278358.1276845342 0.0
15000.0 16000.0 418743.13637189096 2300.0
16000.0 17000.0 302351.18015327124 0.0
17000.0 18000.0 343085.61087266647 2300.0
18000.0 19000.0 274156.72305278 0.0
19000.0 20000.0 326106.3521477306 2300.0
20000.0 21000.0 303434.7547603366 0.0
21000.0 22000.0 364682.470015962 2300.0
22000.0 23000.0 253100.66910166072 0.0
23000.0 24000.0 334231.7595986134 2300.0
24000.0 25000.0 260739.84485104546 0.0
25000.0 26000.0 335841.1040355998 2300.0
26000.0 27000.0 261878.99931845913 0.0
27000.0 28000.0 313402.5726385955 2300.0
28000.0 29000.0 251780.0728650373 0.0
29000.0 30000.0 296060.34294161433 2300.0
30000.0 31000.0 321786.44066627783 0.0
31000.0 32000.0 308375.55526838603 840.0
32000.0 33000.0 85145.75640008798 0.0
33000.0 34000.0 193769.88215490003 840.0
34000.0 35000.0 23331.117845099972 0.0
35000.0 36000.0 196915.16693900354 840.0
36000.0 37000.0 57794.83306099645 0.0
37000.0 38000.0 154682.48910627983 840.0
38000.0 39000.0 95316.85924839419 0.0
39000.0 40000.0 173126.0445974921 840.0
40000.0 41000.0 67751.60704783388 0.0
41000.0 42000.0 212182.329238545 840.0
42000.0 43000.0 28482.670761454996 0.0
43000.0 44000.0 228681.5984313239 840.0
44000.0 45000.0 265429.40156867605 0.0
45000.0 46000.0 222009.24782109953 840.0
46000.0 47000.0 13953.752178900477 0.0
47000.0 48000.0 87768.27369488165 2300.0
48000.0 49000.0 282542.77510829945 0.0
49000.0 50000.0 355408.88797403063 1500.0
50000.0 51000.0 245427.56548169584 0.0
51000.0 52000.0 186146.00029061484 1500.0
52000.0 53000.0 272729.4952071811 0.0
53000.0 54000.0 144467.3602670069 1500.0
54000.0 55000.0 224100.6419762895 0.0
55000.0 56000.0 232240.8883721697 1500.0
56000.0 57000.0 183116.6691650702 0.0
57000.0 58000.0 244749.46050231188 1500.0
58000.0 59000.0 169775.92843659935 0.0
59000.0 60000.0 252805.86361202202 1500.0
60000.0 61000.0 183617.45071918258 0.0
61000.0 62000.0 230178.67486513883 1500.0
62000.0 63000.0 179440.57720967435 0.0
63000.0 64000.0 189930.302948948 1500.0
64000.0 65000.0 209707.28529048755 0.0
65000.0 66000.0 258126.28830381794 1500.0
66000.0 67000.0 197644.63980728673 0.0
67000.0 68000.0 237616.84085887505 1500.0
68000.0 69000.0 199663.3181953967 0.0
69000.0 70000.0 232428.24703773155 1500.0
70000.0 71000.0 213553.30934184673 0.0
71000.0 72000.0 179650.2705099472 1500.0
72000.0 73000.0 251919.42241262173 0.0
73000.0 74000.0 162983.84763409334 1500.0
74000.0 75000.0 285145.02534847276 0.0
75000.0 76000.0 152149.61344197174 1500.0
76000.0 77000.0 238649.07193634723 0.0
77000.0 78000.0 194728.62529038088 1500.0
78000.0 79000.0 223926.3787596059 0.0
79000.0 80000.0 259457.99412503553 1500.0
80000.0 81000.0 123700.00587496451 0.0
81000.0 82000.0 220643.70879228818 1500.0
82000.0 83000.0 178295.6748350508 0.0
83000.0 84000.0 244210.3488648127 1500.0
84000.0 85000.0 197954.95681520307 0.0
85000.0 86000.0 280658.6960664644 1500.0
86000.0 87000.0 205169.61462618088 0.0
87000.0 88000.0 148797.82592248268 1500.0
88000.0 89000.0 298040.63896814943 1500.0
89000.0 90000.0 323056.5351093679 0.0
90000.0 91000.0 0.0 0.0
91000.0 92000.0 202097.361325343 1500.0
92000.0 93000.0 350786.35530122195 1500.0
93000.0 94000.0 426268.17454819893 1500.0
94000.0 95000.0 301462.7403837573 0.0
95000.0 96000.0 177472.4445134377 1500.0
96000.0 97000.0 193740.9239280412 0.0
97000.0 98000.0 200729.25494679523 1500.0
98000.0 99000.0 167094.56717163022 0.0
99000.0 100000.0 281389.1446944447 1500.0
100000.0 101000.0 146353.16736282123 0.0
101000.0 102000.0 247377.27263685808 2300.0
102000.0 103000.0 271413.99010246515 0.0
103000.0 104000.0 339722.99441309023 2300.0
104000.0 105000.0 295782.6627493362 0.0
105000.0 106000.0 329200.251815108 2300.0
106000.0 107000.0 265659.64219427155 0.0
107000.0 108000.0 362985.7761704429 2300.0
108000.0 109000.0 246534.7497162987 0.0
109000.0 110000.0 285967.36346204806 2300.0
110000.0 111000.0 270339.9827960606 0.0
111000.0 112000.0 341254.5690162752 2300.0
112000.0 113000.0 264664.03438069817 0.0
113000.0 114000.0 302927.2844979605 1500.0
114000.0 115000.0 212698.31483815258 0.0
115000.0 116000.0 248945.25404430128 1500.0
116000.0 117000.0 219373.5692226716 0.0
117000.0 118000.0 242266.92941110488 1500.0
118000.0 119000.0 217205.22435716458 0.0
119000.0 120000.0 193890.25236719908 1500.0
120000.0 121000.0 184873.66483193924 0.0
121000.0 122000.0 235086.24642940183 1500.0
122000.0 123000.0 187154.83637145988 0.0
123000.0 124000.0 0.0 0.0
124000.0 125000.0 245497.59555452596 1500.0
125000.0 126000.0 280666.27750903583 1500.0
126000.0 127000.0 276093.1269364382 0.0
127000.0 128000.0 212742.66139553953 1500.0
128000.0 129000.0 199339.85047196152 0.0
129000.0 130000.0 239133.7481263942 1500.0
130000.0 131000.0 170824.983102416 0.0
131000.0 132000.0 246164.32279915424 1500.0
132000.0 133000.0 147908.78119383377 0.0
133000.0 134000.0 221954.98362773823 1500.0
134000.0 135000.0 294044.42277904553 1500.0
135000.0 136000.0 341402.2465039171 0.0
136000.0 137000.0 0.0 0.0
137000.0 138000.0 235455.39357664715 1500.0
138000.0 139000.0 375797.87374366337 1500.0
139000.0 140000.0 314352.87294259784 1500.0
140000.0 141000.0 207159.4742842986 0.0
141000.0 142000.0 243437.0664291321 1500.0
142000.0 143000.0 224321.58803927625 0.0
143000.0 144000.0 212795.22887478274 1500.0
144000.0 145000.0 127959.65735102861 0.0
145000.0 146000.0 245409.7145080952 2300.0
146000.0 147000.0 296698.3976232693 0.0
147000.0 148000.0 333093.2627293362 2300.0
148000.0 149000.0 212595.9156080841 0.0
149000.0 150000.0 267092.10036639805 2300.0
150000.0 151000.0 299004.4332738023 0.0
151000.0 152000.0 342253.6365443929 2300.0
152000.0 153000.0 307299.47086582973 0.0
153000.0 154000.0 292394.4886070202 1500.0
154000.0 155000.0 194361.86914671917 0.0
155000.0 156000.0 264718.6930118557 1500.0
156000.0 157000.0 144963.78887401396 0.0
157000.0 158000.0 166598.3938284302 1500.0
158000.0 159000.0 240939.24458505647 0.0
159000.0 160000.0 307653.9956914305 1500.0
160000.0 161000.0 158779.8770237288 0.0
161000.0 162000.0 211880.07946778525 1500.0
162000.0 163000.0 174018.60780576186 0.0
163000.0 164000.0 220756.1297505282 1500.0
164000.0 165000.0 163726.59427069785 0.0
165000.0 166000.0 239061.47623853548 1500.0
166000.0 167000.0 187635.07026833232 0.0
167000.0 168000.0 205495.30510027282 1500.0
168000.0 169000.0 262699.9616724174 0.0
169000.0 170000.0 180572.50536414864 1500.0
170000.0 171000.0 210824.28861772123 0.0
171000.0 172000.0 184323.26156393884 1500.0
172000.0 173000.0 193892.4274113476 0.0
173000.0 174000.0 174416.446600543 1500.0
174000.0 175000.0 245586.70222855022 0.0
175000.0 176000.0 165293.41972319776 1500.0
176000.0 177000.0 282608.5873777114 0.0
177000.0 178000.0 161036.8598362781 1500.0
178000.0 179000.0 248490.62540559046 0.0
179000.0 180000.0 202004.80813609908 1500.0
180000.0 181000.0 246560.15542844887 0.0
181000.0 182000.0 167975.9087651163 1500.0
182000.0 183000.0 203676.28941671824 0.0
183000.0 184000.0 165776.5646957772 1500.0
184000.0 185000.0 316392.8624997637 1500.0
185000.0 186000.0 447611.32737537625 0.0
186000.0 187000.0 367018.36404709826 1500.0
187000.0 188000.0 406498.3213117749 0.0
188000.0 189000.0 110050.61209157931 0.0
189000.0 190000.0 315603.85683813936 1500.0
190000.0 191000.0 151970.05399770685 0.0
191000.0 192000.0 239167.99521283997 2300.0
192000.0 193000.0 244133.9942488977 0.0
193000.0 194000.0 325069.1648637253 2300.0
194000.0 195000.0 254166.89786606055 0.0
195000.0 196000.0 326525.33999549825 2300.0
196000.0 197000.0 232450.65320645852 0.0
197000.0 198000.0 303663.1302266546 2300.0
198000.0 199000.0 297825.4098415333 0.0
199000.0 200000.0 317580.6579785929 2300.0
200000.0 201000.0 285619.3420516323 0.0
201000.0 202000.0 340557.9272734984 2300.0
202000.0 203000.0 269450.653767884 0.0
203000.0 204000.0 322147.27839437284 2300.0
204000.0 205000.0 200281.21185350744 0.0
205000.0 206000.0 295132.47826266586 2300.0
206000.0 207000.0 287102.29639290203 0.0
207000.0 208000.0 74650.65199198274 0.0
208000.0 209000.0 1393.0057354471248 0.0
209000.0 210000.0 0.0 0.0
210000.0 211000.0 1139.5901740562422 0.0
211000.0 212000.0 1769.4098259437576 0.0
212000.0 213000.0 20312.918567854158 0.0
213000.0 214000.0 197472.99819041207 1500.0
214000.0 215000.0 341621.82873050217 1500.0
215000.0 216000.0 255538.90834445754 1500.0
216000.0 217000.0 301014.36987414456 0.0
217000.0 218000.0 379177.88069382677 1500.0
218000.0 219000.0 384753.93061610044 1500.0
219000.0 220000.0 346039.25585412973 1500.0
220000.0 221000.0 330316.99014572735 1500.0
221000.0 222000.0 329832.45591485605 1500.0
222000.0 223000.0 329812.80366922915 0.0
223000.0 224000.0 234409.78290746085 1500.0
224000.0 225000.0 175927.87649129934 0.0
225000.0 226000.0 233295.43187983142 1500.0
226000.0 227000.0 168204.89582571536 0.0
227000.0 228000.0 249237.2160465233 1500.0
228000.0 229000.0 191663.43617075126 0.0
229000.0 230000.0 266520.4102939959 1500.0
230000.0 231000.0 297157.76099698525 1500.0
231000.0 232000.0 448515.04612856003 1500.0
232000.0 233000.0 220262.48321492464 0.0
233000.0 234000.0 50900.31944271274 0.0
234000.0 235000.0 0.0 0.0
235000.0 236000.0 261846.56020089026 1500.0
236000.0 237000.0 123086.5215731618 0.0
237000.0 238000.0 188152.12323311978 1500.0
238000.0 239000.0 288467.8585963126 1500.0
239000.0 240000.0 356714.55200583715 1500.0
240000.0 241000.0 356015.38439067843 0.0
241000.0 242000.0 238741.31554582083 1500.0
242000.0 243000.0 182903.6844541792 0.0
243000.0 244000.0 54911.698043472854 1500.0
244000.0 245000.0 277106.0418016245 1500.0
245000.0 246000.0 348340.40855041984 0.0
246000.0 247000.0 193888.85160448283 0.0
247000.0 248000.0 222388.5204846319 1500.0
248000.0 249000.0 159087.47951536812 0.0
249000.0 250000.0 171971.580974104 1500.0
250000.0 251000.0 347540.75071058027 1500.0
251000.0 252000.0 328064.1580176233 1500.0
252000.0 253000.0 294826.2974066761 0.0
253000.0 254000.0 23330.212891016254 0.0
254000.0 255000.0 0.0 0.0
255000.0 256000.0 121554.27083165073 2300.0
256000.0 257000.0 305906.9897549808 0.0
257000.0 258000.0 168950.7394133685 0.0
258000.0 259000.0 0.0 0.0
259000.0 260000.0 208887.78077091798 1500.0
260000.0 261000.0 244748.50701343868 1500.0
261000.0 262000.0 441638.4972237248 1500.0
262000.0 263000.0 261270.2934732506 0.0
263000.0 264000.0 285187.03864192846 1500.0
264000.0 265000.0 173216.51037579353 0.0
265000.0 266000.0 219554.052811787 1500.0
266000.0 267000.0 223943.78724209868 0.0
267000.0 268000.0 269622.1186454591 1500.0
268000.0 269000.0 146243.3157487905 0.0
269000.0 270000.0 200873.33507386473 1500.0
270000.0 271000.0 163996.70025563744 0.0
271000.0 272000.0 220523.17659591744 1500.0
272000.0 273000.0 210814.69268601583 0.0
273000.0 274000.0 194959.43384104816 1500.0
274000.0 275000.0 221728.18305358026 0.0
275000.0 276000.0 155866.97392061827 1500.0
276000.0 277000.0 260167.96986177395 0.0
277000.0 278000.0 176407.417183507 1500.0
278000.0 279000.0 230237.29690167675 0.0
279000.0 280000.0 163851.45452562443 1500.0
280000.0 281000.0 273170.15506588115 0.0
281000.0 282000.0 190753.0785710918 1500.0
282000.0 283000.0 331574.2914659819 1500.0
283000.0 284000.0 379277.21509325557 1500.0
284000.0 285000.0 288968.5750655968 0.0
285000.0 286000.0 242855.3943056779 1500.0
286000.0 287000.0 138644.4273736324 0.0
287000.0 288000.0 189023.71128296058 2300.0
288000.0 289000.0 276932.9320606929 0.0
289000.0 290000.0 326152.50757046056 2300.0
290000.0 291000.0 295732.6794401569 0.0
291000.0 292000.0 334034.9271913122 2300.0
292000.0 293000.0 285538.03275656357 0.0
293000.0 294000.0 341790.64905517997 2300.0
294000.0 295000.0 263519.2095175665 0.0
295000.0 296000.0 290963.45310289453 2300.0
296000.0 297000.0 272502.06907716405 0.0
297000.0 298000.0 333565.3741179765 2300.0
298000.0 299000.0 252010.87417436496 0.0
299000.0 300000.0 311489.5589271815 2300.0
300000.0 301000.0 122282.34893795446 0.0
