ts te s_bytes_all avg_video_rate
0.0 1000.0 0.0 0.0
1000.0 2000.0 0.0 0.0
2000.0 3000.0 0.0 0.0
3000.0 4000.0 0.0 0.0
4000.0 5000.0 0.0 0.0
5000.0 6000.0 2589.520491460823 0.0
6000.0 7000.0 4471.479508539177 0.0
7000.0 8000.0 45356.64340269834 840.0
8000.0 9000.0 150922.25394539136 0.0
9000.0 10000.0 167496.87190296143 0.0
10000.0 11000.0 149311.86382019738 288.0
11000.0 12000.0 240186.6797757402 288.0
12000.0 13000.0 244012.1469815883 288.0
13000.0 14000.0 50616.51713794416 288.0
14000.0 15000.0 160575.7375049487 288.0
15000.0 16000.0 210607.67046443286 288.0
16000.0 17000.0 155796.5966062856 288.0
17000.0 18000.0 210156.11757543968 288.0
18000.0 19000.0 129649.32877089179 480.0
19000.0 20000.0 171092.39102017533 0.0
20000.0 21000.0 37493.77342742735 480.0
21000.0 22000.0 119074.5478581968 0.0
22000.0 23000.0 57985.0231229133 480.0
23000.0 24000.0 155155.71810665677 840.0
24000.0 25000.0 197981.133952347 0.0
25000.0 26000.0 130995.32530931919 840.0
26000.0 27000.0 150638.65931444443 0.0
27000.0 28000.0 114954.53252297902 840.0
28000.0 29000.0 132954.46747702098 0.0
29000.0 30000.0 228051.15851848797 840.0
30000.0 31000.0 26754.841481512034 0.0
31000.0 32000.0 230752.64822429186 840.0
32000.0 33000.0 113468.36080030527 840.0
33000.0 34000.0 134453.2939390769 0.0
34000.0 35000.0 89745.72845589348 1500.0
35000.0 36000.0 290853.96323119174 0.0
36000.0 37000.0 218191.9525480944 1500.0
37000.0 38000.0 208903.07883410752 0.0
38000.0 39000.0 321055.5413424013 1500.0
39000.0 40000.0 176180.2401506959 1500.0
40000.0 41000.0 292379.1924739416 0.0
41000.0 42000.0 128036.87049636642 1500.0
42000.0 43000.0 262626.9485230059 0.0
43000.0 44000.0 277428.7430022851 1500.0
44000.0 45000.0 101897.85451708961 0.0
45000.0 46000.0 273238.29550952767 1500.0
46000.0 47000.0 152580.8151965431 0.0
47000.0 48000.0 293147.81845896784 1500.0
48000.0 49000.0 229749.24084247922 1500.0
49000.0 50000.0 241779.3591711949 0.0
50000.0 51000.0 16.054282540298935 0.0
51000.0 52000.0 66736.89619014693 1500.0
52000.0 53000.0 345266.60832680936 0.0
53000.0 54000.0 288346.8625016899 1500.0
54000.0 55000.0 383868.25279919733 1500.0
55000.0 56000.0 201413.76756559033 1500.0
56000.0 57000.0 255628.78933652502 0.0
57000.0 58000.0 131473.6947557954 2300.0
58000.0 59000.0 338268.99354180176 0.0
59000.0 60000.0 256611.07355319147 2300.0
60000.0 61000.0 392185.4069785131 0.0
61000.0 62000.0 195770.2868879539 2300.0
62000.0 63000.0 309800.4005427416 0.0
63000.0 64000.0 335488.3366750559 2300.0
64000.0 65000.0 336435.159102133 0.0
65000.0 66000.0 286902.38422475266 2300.0
66000.0 67000.0 293630.5035061534 0.0
67000.0 68000.0 304813.86881196813 2300.0
68000.0 69000.0 334366.58422696055 0.0
69000.0 70000.0 200910.13047302025 0.0
70000.0 71000.0 0.0 0.0
71000.0 72000.0 69987.09239788547 2300.0
72000.0 73000.0 343158.46286857594 0.0
73000.0 74000.0 413868.21728142555 1500.0
74000.0 75000.0 306797.90378513036 1500.0
75000.0 76000.0 361128.6763681723 1500.0
76000.0 77000.0 278874.89966701576 0.0
77000.0 78000.0 355230.1953269288 2300.0
78000.0 79000.0 323408.986470499 2300.0
79000.0 80000.0 357912.40127500956 0.0
80000.0 81000.0 174974.16455935722 0.0
81000.0 82000.0 282906.99480525503 2300.0
82000.0 83000.0 327849.7867997312 2300.0
83000.0 84000.0 364975.4958058089 0.0
84000.0 85000.0 237316.39899588143 2300.0
85000.0 86000.0 443008.9561183169 0.0
86000.0 87000.0 184402.0429541289 2300.0
87000.0 88000.0 413428.5553326144 0.0
88000.0 89000.0 308294.0421982002 2300.0
89000.0 90000.0 336691.03780233307 0.0
90000.0 91000.0 72302.29526849078 2300.0
91000.0 92000.0 423209.7712558086 0.0
92000.0 93000.0 284657.5628165723 2300.0
93000.0 94000.0 377374.6061943117 0.0
94000.0 95000.0 268063.40719607414 2300.0
95000.0 96000.0 323426.40972785035 0.0
96000.0 97000.0 250577.00156754686 2300.0
97000.0 98000.0 300297.6414243949 0.0
98000.0 99000.0 353069.89601222693 2300.0
99000.0 100000.0 336099.9735288066 0.0
100000.0 101000.0 340796.5348116777 2300.0
101000.0 102000.0 210532.88356264972 0.0
102000.0 103000.0 322030.47022565774 2300.0
103000.0 104000.0 348603.18947966263 0.0
104000.0 105000.0 351988.9668673414 2300.0
105000.0 106000.0 262640.83147703746 2300.0
106000.0 107000.0 327640.3488628719 0.0
107000.0 108000.0 302581.7222760153 2300.0
108000.0 109000.0 321553.95572429855 0.0
109000.0 110000.0 288206.7128185555 2300.0
110000.0 111000.0 334722.1788908379 0.0
111000.0 112000.0 285106.41923257126 2300.0
112000.0 113000.0 322720.1364927588 0.0
113000.0 114000.0 279353.1522454871 2300.0
114000.0 115000.0 382760.6786650728 0.0
115000.0 116000.0 325330.3845117545 2300.0
116000.0 117000.0 318801.4247603009 0.0
117000.0 118000.0 155974.86741214184 2300.0
118000.0 119000.0 327578.2110685995 0.0
119000.0 120000.0 419441.64643098734 2300.0
120000.0 121000.0 316547.9036682297 0.0
121000.0 122000.0 405981.9402467169 2300.0
122000.0 123000.0 320187.1965580269 0.0
123000.0 124000.0 379749.3726791644 2300.0
124000.0 125000.0 294485.6647386842 2300.0
125000.0 126000.0 202659.61254997234 0.0
126000.0 127000.0 317400.4738578041 0.0
127000.0 128000.0 341858.0995568869 2300.0
128000.0 129000.0 356688.0718921837 2300.0
129000.0 130000.0 350545.2114907854 0.0
130000.0 131000.0 211575.86114091246 0.0
131000.0 132000.0 285664.49548339803 2300.0
132000.0 133000.0 295820.7776364968 0.0
133000.0 134000.0 78989.66336187212 2300.0
134000.0 135000.0 342274.1273921626 0.0
135000.0 136000.0 288012.7794689935 2300.0
136000.0 137000.0 369021.2991200812 0.0
137000.0 138000.0 304050.26616483444 2300.0
138000.0 139000.0 361701.68131974124 0.0
139000.0 140000.0 340064.5674754097 2300.0
140000.0 141000.0 348421.6557542351 0.0
141000.0 142000.0 320432.46873440605 2300.0
142000.0 143000.0 303005.1804037923 2300.0
143000.0 144000.0 386480.42463576165 0.0
144000.0 145000.0 388940.7324857003 2300.0
145000.0 146000.0 318962.1289422441 0.0
146000.0 147000.0 284559.61915330397 2300.0
147000.0 148000.0 348473.3149297566 0.0
148000.0 149000.0 293085.67447297595 2300.0
149000.0 150000.0 367738.20502085815 0.0
150000.0 151000.0 328737.0458618682 2300.0
151000.0 152000.0 354194.23777208634 2300.0
152000.0 153000.0 289618.7203370241 0.0
153000.0 154000.0 258659.79386818426 2300.0
154000.0 155000.0 306659.27781132783 0.0
155000.0 156000.0 284546.83915139793 2300.0
156000.0 157000.0 245843.1697904377 0.0
157000.0 158000.0 358894.8306496093 0.0
158000.0 159000.0 290089.38475638547 2300.0
159000.0 160000.0 333862.9523353678 2300.0
160000.0 161000.0 328526.50786083844 0.0
161000.0 162000.0 305610.5595116113 2300.0
162000.0 163000.0 348097.0521298492 0.0
163000.0 164000.0 195503.49970859938 2300.0
164000.0 165000.0 353729.9247488404 0.0
165000.0 166000.0 299101.88244647125 2300.0
166000.0 167000.0 275373.25930407725 0.0
167000.0 168000.0 67874.45628379364 2300.0
168000.0 169000.0 371917.90494524356 0.0
169000.0 170000.0 251263.818632945 2300.0
170000.0 171000.0 288209.67969542876 0.0
171000.0 172000.0 302420.47792845784 2300.0
172000.0 173000.0 246398.179492792 0.0
173000.0 174000.0 334986.139723965 2300.0
174000.0 175000.0 198939.40960468198 0.0
175000.0 176000.0 324531.8624195668 2300.0
176000.0 177000.0 338689.06935956544 0.0
177000.0 178000.0 330778.39783587435 2300.0
178000.0 179000.0 339583.0896449151 2300.0
179000.0 180000.0 411270.39044314733 0.0
180000.0 181000.0 166791.12398962324 0.0
181000.0 182000.0 227452.19412331225 2300.0
182000.0 183000.0 318503.1159548926 0.0
183000.0 184000.0 379045.6591253709 2300.0
184000.0 185000.0 341379.975544325 2300.0
185000.0 186000.0 385202.29655974015 0.0
186000.0 187000.0 326550.03732657817 2300.0
187000.0 188000.0 331275.3435360281 0.0
188000.0 189000.0 235814.56880512548 2300.0
189000.0 190000.0 353284.70837062644 0.0
190000.0 191000.0 304793.8095363722 2300.0
191000.0 192000.0 403802.54722356296 0.0
192000.0 193000.0 358618.2087597246 2300.0
193000.0 194000.0 362700.2605783145 0.0
194000.0 195000.0 272262.44220040063 2300.0
195000.0 196000.0 354908.77352075814 0.0
196000.0 197000.0 320974.3620821851 2300.0
197000.0 198000.0 365369.47257347417 0.0
198000.0 199000.0 303191.68285787664 2300.0
199000.0 200000.0 285076.0901878497 0.0
200000.0 201000.0 240370.31544500383 2300.0
201000.0 202000.0 369433.4603789183 0.0
202000.0 203000.0 296456.419876645 2300.0
203000.0 204000.0 333977.6926846072 2300.0
204000.0 205000.0 291235.5664330644 0.0
205000.0 206000.0 289162.2914764478 2300.0
206000.0 207000.0 296326.8395346251 0.0
207000.0 208000.0 284934.8696250933 2300.0
208000.0 209000.0 316365.2571672261 0.0
209000.0 210000.0 299642.2982169587 2300.0
210000.0 211000.0 357922.52753718954 0.0
211000.0 212000.0 405413.0539358701 2300.0
212000.0 213000.0 292728.1741831758 0.0
213000.0 214000.0 152582.48833278165 2300.0
214000.0 215000.0 327754.74416611413 0.0
215000.0 216000.0 248999.739704371 2300.0
216000.0 217000.0 341379.5356211348 0.0
217000.0 218000.0 430287.06429166597 2300.0
218000.0 219000.0 333915.138283735 0.0
219000.0 220000.0 346983.5009388227 2300.0
220000.0 221000.0 328321.2159692927 2300.0
221000.0 222000.0 351620.1214333436 0.0
222000.0 223000.0 273101.511804783 0.0
223000.0 224000.0 312224.5674739211 2300.0
224000.0 225000.0 195439.7643140053 0.0
225000.0 226000.0 323777.91651139274 2300.0
226000.0 227000.0 367439.10058447893 2300.0
227000.0 228000.0 373696.0483854151 0.0
228000.0 229000.0 260421.7976261301 2300.0
229000.0 230000.0 355178.8099299042 0.0
230000.0 231000.0 287407.67691950215 2300.0
231000.0 232000.0 360333.4294972239 0.0
232000.0 233000.0 149797.64821542145 2300.0
233000.0 234000.0 431192.11985977006 0.0
234000.0 235000.0 352504.6085127951 2300.0
235000.0 236000.0 362651.1362626521 0.0
236000.0 237000.0 315232.0 2300.0
237000.0 238000.0 342662.68659161584 0.0
238000.0 239000.0 264567.30584963696 2300.0
239000.0 240000.0 378523.8220157345 0.0
240000.0 241000.0 112470.06821689065 2300.0
241000.0 242000.0 375839.9139932358 0.0
242000.0 243000.0 415113.42026928253 2300.0
243000.0 244000.0 318468.2789392691 0.0
244000.0 245000.0 336453.48013884266 2300.0
245000.0 246000.0 260021.87368836717 0.0
246000.0 247000.0 338460.22962245374 2300.0
247000.0 248000.0 317014.986783301 0.0
248000.0 249000.0 382627.441786006 2300.0
249000.0 250000.0 233100.11604138528 0.0
250000.0 251000.0 277016.7295735351 2300.0
251000.0 252000.0 316998.9225235764 0.0
252000.0 253000.0 355120.7546852046 2300.0
253000.0 254000.0 319093.4841879585 2300.0
254000.0 255000.0 344600.50149582885 0.0
255000.0 256000.0 294161.6938656897 2300.0
256000.0 257000.0 308340.02447352465 0.0
257000.0 258000.0 257723.04696395714 2300.0
258000.0 259000.0 357383.1086236852 0.0
259000.0 260000.0 388152.48249587294 2300.0
260000.0 261000.0 315077.19486280775 0.0
261000.0 262000.0 169709.00478443375 2300.0
262000.0 263000.0 253235.5859891171 0.0
263000.0 264000.0 291171.5655648295 2300.0
264000.0 265000.0 279968.30322288617 0.0
265000.0 266000.0 341549.3684802618 2300.0
266000.0 267000.0 255812.2946561763 0.0
267000.0 268000.0 414007.67852981266 2300.0
268000.0 269000.0 325724.49330019485 0.0
269000.0 270000.0 384687.26447831024 2300.0
270000.0 271000.0 324506.56676857825 0.0
271000.0 272000.0 399614.3290656483 2300.0
272000.0 273000.0 370737.04012343625 2300.0
273000.0 274000.0 322837.40453379264 0.0
274000.0 275000.0 249010.3036891726 0.0
275000.0 276000.0 265556.9838334902 2300.0
276000.0 277000.0 390914.3087695277 2300.0
277000.0 278000.0 328767.41669788 0.0
278000.0 279000.0 256752.35870499763 2300.0
279000.0 280000.0 414591.07012272306 0.0
280000.0 281000.0 317556.22186271416 2300.0
281000.0 282000.0 360752.9207807144 0.0
282000.0 283000.0 146409.23593836252 2300.0
283000.0 284000.0 342603.5476139178 0.0
284000.0 285000.0 331134.8067526622 2300.0
285000.0 286000.0 353468.277417004 0.0
286000.0 287000.0 257751.63730352896 2300.0
287000.0 288000.0 386475.2103859442 0.0
288000.0 289000.0 333095.08730478305 2300.0
289000.0 290000.0 325827.3035656615 0.0
290000.0 291000.0 214714.6718388041 2300.0
291000.0 292000.0 340391.56655463215 0.0
292000.0 293000.0 246765.56562219874 2300.0
293000.0 294000.0 366754.72483245115 0.0
294000.0 295000.0 310882.14384477155 2300.0
295000.0 296000.0 322435.4567277881 2300.0
296000.0 297000.0 327188.74296854483 0.0
297000.0 298000.0 282317.787264186 2300.0
298000.0 299000.0 364564.2178568449 0.0
299000.0 300000.0 294525.5562358377 2300.0
