ts te s_bytes_all avg_video_rate
0.0 1000.0 0.0 0.0
1000.0 2000.0 0.0 0.0
2000.0 3000.0 0.0 0.0
3000.0 4000.0 0.0 0.0
4000.0 5000.0 0.0 0.0
5000.0 6000.0 0.0 0.0
6000.0 7000.0 0.0 0.0
7000.0 8000.0 6095.150931903381 0.0
8000.0 9000.0 4727.827067938604 0.0
9000.0 10000.0 33088.28623131153 480.0
10000.0 11000.0 90466.7004794807 0.0
11000.0 12000.0 74434.0333200639 288.0
12000.0 13000.0 49754.74518788137 0.0
13000.0 14000.0 35640.43460545183 0.0
14000.0 15000.0 42695.387626038246 0.0
15000.0 16000.0 11469.040859490395 0.0
16000.0 17000.0 68913.69445688173 288.0
17000.0 18000.0 37979.21235299522 0.0
18000.0 19000.0 4774.576302200782 0.0
19000.0 20000.0 4640.122979826413 0.0
20000.0 21000.0 4468.953074896835 0.0
21000.0 22000.0 7573.91086507541 0.0
22000.0 23000.0 112700.32042263486 288.0
23000.0 24000.0 61415.78842112893 288.0
24000.0 25000.0 108492.39596827145 288.0
25000.0 26000.0 121339.24778384982 288.0
26000.0 27000.0 160988.75774670817 288.0
27000.0 28000.0 141949.56241567945 288.0
28000.0 29000.0 136381.72788853818 288.0
29000.0 30000.0 115338.68733518814 288.0
30000.0 31000.0 59113.43567656465 0.0
31000.0 32000.0 89761.0052752254 840.0
32000.0 33000.0 117696.35134874978 0.0
33000.0 34000.0 181850.77612028475 840.0
34000.0 35000.0 102435.13511260269 0.0
35000.0 36000.0 157314.03367794913 288.0
36000.0 37000.0 141445.66958660627 288.0
37000.0 38000.0 76416.76751001865 0.0
38000.0 39000.0 59418.53854024428 288.0
39000.0 40000.0 78398.87691855888 0.0
40000.0 41000.0 49458.11692968737 288.0
41000.0 42000.0 99076.8343093006 0.0
42000.0 43000.0 45636.345190992244 480.0
43000.0 44000.0 98915.16441791084 0.0
44000.0 45000.0 99311.9354207719 480.0
45000.0 46000.0 69286.49584931889 0.0
46000.0 47000.0 23862.241492038444 480.0
47000.0 48000.0 105855.8006462323 0.0
48000.0 49000.0 88933.00586680148 480.0
49000.0 50000.0 41308.46719033356 0.0
50000.0 51000.0 95250.6382201055 480.0
51000.0 52000.0 105678.74505877418 0.0
52000.0 53000.0 97816.6045895993 480.0
53000.0 54000.0 45020.17013641317 0.0
54000.0 55000.0 167777.7062262278 480.0
55000.0 56000.0 27158.778698258488 0.0
56000.0 57000.0 133141.1554287571 480.0
57000.0 58000.0 42152.401373822584 0.0
58000.0 59000.0 138794.51511608213 480.0
59000.0 60000.0 62955.92206383291 480.0
60000.0 61000.0 104522.92321380942 0.0
61000.0 62000.0 52173.3086942359 480.0
62000.0 63000.0 96993.4756334032 0.0
63000.0 64000.0 91907.77627876813 480.0
64000.0 65000.0 109297.32950093802 0.0
65000.0 66000.0 54027.20366647676 480.0
66000.0 67000.0 96308.41477503293 0.0
67000.0 68000.0 106842.6432349252 480.0
68000.0 69000.0 78168.72668690982 0.0
69000.0 70000.0 31370.70967830053 480.0
70000.0 71000.0 141671.95309350948 0.0
71000.0 72000.0 110556.09374932927 480.0
72000.0 73000.0 21324.243478860717 0.0
73000.0 74000.0 96694.94723434949 480.0
74000.0 75000.0 65222.15872112325 0.0
75000.0 76000.0 79857.71248005779 480.0
76000.0 77000.0 62719.83612003316 0.0
77000.0 78000.0 110313.06780605776 480.0
78000.0 79000.0 35117.4930036631 0.0
79000.0 80000.0 91685.33913669587 480.0
80000.0 81000.0 49802.44549801962 0.0
81000.0 82000.0 0.0 0.0
82000.0 83000.0 97037.79732880872 288.0
83000.0 84000.0 131679.83755741586 480.0
84000.0 85000.0 87577.27353705368 480.0
85000.0 86000.0 116031.02742560458 0.0
86000.0 87000.0 50106.042052935656 480.0
87000.0 88000.0 102845.02386825731 0.0
88000.0 89000.0 31382.04973191952 480.0
89000.0 90000.0 123853.01926416365 0.0
90000.0 91000.0 145623.2745591958 480.0
91000.0 92000.0 66734.30738606016 0.0
92000.0 93000.0 34613.764478966856 480.0
93000.0 94000.0 157038.880490934 0.0
94000.0 95000.0 113150.53098445428 480.0
95000.0 96000.0 33586.17133422992 0.0
96000.0 97000.0 104829.0529617683 480.0
97000.0 98000.0 78210.6345803834 0.0
98000.0 99000.0 95546.02107575681 480.0
99000.0 100000.0 70449.34910162361 0.0
100000.0 101000.0 99159.80150852576 480.0
101000.0 102000.0 64842.60593817296 0.0
102000.0 103000.0 71817.60311217632 480.0
103000.0 104000.0 53401.18540028017 0.0
104000.0 105000.0 116454.78823362773 480.0
105000.0 106000.0 62839.089780213384 0.0
106000.0 107000.0 94096.47644103377 480.0
107000.0 108000.0 82474.32662283987 480.0
108000.0 109000.0 99989.4116546933 0.0
109000.0 110000.0 24603.069519683686 480.0
110000.0 111000.0 64911.0258649178 0.0
111000.0 112000.0 69167.19500959983 480.0
112000.0 113000.0 128667.42584779646 0.0
113000.0 114000.0 21867.010284961212 480.0
114000.0 115000.0 80011.84023837163 0.0
115000.0 116000.0 86694.63807917733 480.0
116000.0 117000.0 107911.69083236778 0.0
117000.0 118000.0 154064.75791202893 480.0
118000.0 119000.0 0.0 0.0
119000.0 120000.0 68972.27505134037 480.0
120000.0 121000.0 84779.72494865963 0.0
121000.0 122000.0 91345.76399385981 840.0
122000.0 123000.0 59488.63434291622 0.0
123000.0 124000.0 172828.50652752045 840.0
124000.0 125000.0 820.0951357035035 0.0
125000.0 126000.0 0.0 0.0
126000.0 127000.0 197665.0 840.0
127000.0 128000.0 149994.0 840.0
128000.0 129000.0 0.0 0.0
129000.0 130000.0 166800.0 840.0
130000.0 131000.0 80996.32607363869 840.0
131000.0 132000.0 98375.3350024113 0.0
132000.0 133000.0 66778.60462857285 1500.0
133000.0 134000.0 287014.73429537716 0.0
134000.0 135000.0 87717.48040035536 1500.0
135000.0 136000.0 237439.58631835386 0.0
136000.0 137000.0 82274.73863948946 1500.0
137000.0 138000.0 249758.38393073974 0.0
138000.0 139000.0 82225.76426771618 1500.0
139000.0 140000.0 210162.15787295075 0.0
140000.0 141000.0 72690.83824164954 1500.0
141000.0 142000.0 237997.17304729894 0.0
142000.0 143000.0 83696.4049814878 1500.0
143000.0 144000.0 181814.22588370426 0.0
144000.0 145000.0 275287.0391551077 1500.0
145000.0 146000.0 137653.65810623532 0.0
146000.0 147000.0 265699.572264514 1500.0
147000.0 148000.0 101266.15590842348 0.0
148000.0 149000.0 272166.6058060103 1500.0
149000.0 150000.0 191727.98442968517 1500.0
150000.0 151000.0 361522.10736059846 0.0
151000.0 152000.0 6001.123385679698 0.0
152000.0 153000.0 270576.50549826113 1500.0
153000.0 154000.0 174925.47525450125 1500.0
154000.0 155000.0 365035.7037872897 0.0
155000.0 156000.0 92657.46369963993 2300.0
156000.0 157000.0 316413.6882958255 0.0
157000.0 158000.0 287905.2291324339 2300.0
158000.0 159000.0 375617.6757386171 0.0
159000.0 160000.0 245480.81846463165 2300.0
160000.0 161000.0 370501.7519677507 0.0
161000.0 162000.0 275604.4997965475 2300.0
162000.0 163000.0 343928.6229857783 0.0
163000.0 164000.0 396660.2977007871 2300.0
164000.0 165000.0 309241.5188679403 0.0
165000.0 166000.0 336225.6396437637 2300.0
166000.0 167000.0 318572.53690360015 0.0
167000.0 168000.0 343552.1184684802 2300.0
168000.0 169000.0 305742.63259820355 0.0
169000.0 170000.0 358813.09752786765 2300.0
170000.0 171000.0 330218.7814012304 0.0
171000.0 172000.0 296324.739644342 2300.0
172000.0 173000.0 283826.025899807 0.0
173000.0 174000.0 380354.6584492511 2300.0
174000.0 175000.0 178137.03175063626 0.0
175000.0 176000.0 281428.21939640556 2300.0
176000.0 177000.0 359906.944185543 0.0
177000.0 178000.0 396143.42441532074 2300.0
178000.0 179000.0 297759.0782726279 0.0
179000.0 180000.0 337718.42751143576 2300.0
180000.0 181000.0 241934.90538226243 2300.0
181000.0 182000.0 397454.1434505556 0.0
182000.0 183000.0 168421.51835846444 2300.0
183000.0 184000.0 325315.1152517472 0.0
184000.0 185000.0 75208.62491832429 2300.0
185000.0 186000.0 373363.0334142117 0.0
186000.0 187000.0 415007.3591039952 2300.0
187000.0 188000.0 375692.6066864286 0.0
188000.0 189000.0 101718.08617549151 2300.0
189000.0 190000.0 404561.734288534 0.0
190000.0 191000.0 354415.44379381713 2300.0
191000.0 192000.0 348309.0438962582 0.0
192000.0 193000.0 384880.7901834381 2300.0
193000.0 194000.0 338212.09280600864 0.0
194000.0 195000.0 266385.05904286244 2300.0
195000.0 196000.0 316154.8349904634 0.0
196000.0 197000.0 249192.70278702312 2300.0
197000.0 198000.0 314167.0918083726 0.0
198000.0 199000.0 357505.97570812516 2300.0
199000.0 200000.0 302390.69022675324 2300.0
200000.0 201000.0 373534.325818674 0.0
201000.0 202000.0 312474.58671037434 2300.0
202000.0 203000.0 322382.5951956924 0.0
203000.0 204000.0 266049.3537708403 2300.0
204000.0 205000.0 271337.90029568836 0.0
205000.0 206000.0 363778.0130893031 2300.0
206000.0 207000.0 358711.10126231913 0.0
207000.0 208000.0 288589.3571707373 2300.0
208000.0 209000.0 307652.4774925505 0.0
209000.0 210000.0 248413.61466831627 2300.0
210000.0 211000.0 337466.8450150613 0.0
211000.0 212000.0 398334.1156760524 2300.0
212000.0 213000.0 306548.70210934855 0.0
213000.0 214000.0 356777.2925838018 2300.0
214000.0 215000.0 316101.1237592622 0.0
215000.0 216000.0 133908.93952054752 2300.0
216000.0 217000.0 343079.22447157337 0.0
217000.0 218000.0 410187.4345084295 2300.0
218000.0 219000.0 266011.26445091504 0.0
219000.0 220000.0 335655.46360216755 2300.0
220000.0 221000.0 306761.62456530007 0.0
221000.0 222000.0 376655.9942543332 2300.0
222000.0 223000.0 327498.14346489724 2300.0
223000.0 224000.0 370365.80440770666 0.0
224000.0 225000.0 210293.24260445187 0.0
225000.0 226000.0 270691.05656333966 2300.0
226000.0 227000.0 322820.9020772426 2300.0
227000.0 228000.0 398499.3358180621 0.0
228000.0 229000.0 189276.70554135568 0.0
229000.0 230000.0 249276.11804715663 2300.0
230000.0 231000.0 327080.73044652113 0.0
231000.0 232000.0 374107.38049182156 2300.0
232000.0 233000.0 330015.8689330682 2300.0
233000.0 234000.0 394031.6765583356 0.0
234000.0 235000.0 323161.6893146359 2300.0
235000.0 236000.0 367332.9976167848 0.0
236000.0 237000.0 291607.9646028408 2300.0
237000.0 238000.0 375611.005279965 0.0
238000.0 239000.0 35275.09800142039 2300.0
239000.0 240000.0 352196.67118647514 0.0
240000.0 241000.0 389484.9047367238 2300.0
241000.0 242000.0 365134.7359100495 0.0
242000.0 243000.0 364748.60382516164 2300.0
243000.0 244000.0 298044.9597842709 0.0
244000.0 245000.0 328442.6285237546 2300.0
245000.0 246000.0 286729.2825722289 0.0
246000.0 247000.0 214363.68416878534 0.0
247000.0 248000.0 85612.03122038113 2300.0
248000.0 249000.0 332151.012005131 0.0
249000.0 250000.0 157818.8230123215 0.0
250000.0 251000.0 27541.24612454925 0.0
251000.0 252000.0 11584.887637617105 0.0
252000.0 253000.0 277.0 0.0
253000.0 254000.0 2910.0 0.0
254000.0 255000.0 277.0 2300.0
255000.0 256000.0 211213.86962813817 0.0
256000.0 257000.0 327390.10397133185 840.0
257000.0 258000.0 385298.1989749886 840.0
258000.0 259000.0 401311.56091508904 840.0
259000.0 260000.0 278221.31898422097 840.0
260000.0 261000.0 235368.75224841604 840.0
261000.0 262000.0 165046.50786890398 840.0
262000.0 263000.0 140937.68740891153 0.0
263000.0 264000.0 298156.6989863086 1500.0
264000.0 265000.0 171377.60073001176 0.0
265000.0 266000.0 267551.6564075946 2300.0
266000.0 267000.0 304113.16589514277 0.0
267000.0 268000.0 425006.61452991 2300.0
268000.0 269000.0 278832.26345103234 2300.0
269000.0 270000.0 388965.5818504366 0.0
270000.0 271000.0 246077.41814956345 0.0
271000.0 272000.0 222944.1881285128 2300.0
272000.0 273000.0 304908.2771844487 0.0
273000.0 274000.0 397665.1381876306 2300.0
274000.0 275000.0 311927.3964994078 2300.0
275000.0 276000.0 408514.3537907294 0.0
276000.0 277000.0 229543.64620927058 2300.0
277000.0 278000.0 400323.8180403541 0.0
278000.0 279000.0 316347.7741800038 2300.0
279000.0 280000.0 397213.97623614303 0.0
280000.0 281000.0 190305.43154349906 2300.0
281000.0 282000.0 377648.9225789633 0.0
282000.0 283000.0 325012.2834444807 2300.0
283000.0 284000.0 395515.1298814084 0.0
284000.0 285000.0 121546.25757758759 2300.0
285000.0 286000.0 419622.96088628005 0.0
286000.0 287000.0 353137.1241423465 2300.0
287000.0 288000.0 313609.11376890424 0.0
288000.0 289000.0 276994.61973160354 2300.0
289000.0 290000.0 308123.74675591226 0.0
290000.0 291000.0 371586.91129564436 2300.0
291000.0 292000.0 354859.7015732258 0.0
292000.0 293000.0 322626.23902783956 2300.0
293000.0 294000.0 270253.56102548627 2300.0
294000.0 295000.0 359060.4955270227 0.0
295000.0 296000.0 263567.89472429006 2300.0
296000.0 297000.0 384112.13949937327 0.0
297000.0 298000.0 221082.44025636508 2300.0
298000.0 299000.0 373018.0587861175 0.0
299000.0 300000.0 232075.63176263153 2300.0
300000.0 301000.0 66419.76775451723 0.0
