ts te s_bytes_all avg_video_rate
0.0 1000.0 0.0 0.0
1000.0 2000.0 0.0 0.0
2000.0 3000.0 0.0 0.0
3000.0 4000.0 0.0 0.0
4000.0 5000.0 593.918345450711 0.0
5000.0 6000.0 4793.081654549289 0.0
6000.0 7000.0 1994.0 0.0
7000.0 8000.0 7510.926770724158 0.0
8000.0 9000.0 4305.412467009806 0.0
9000.0 10000.0 151988.8897154103 480.0
10000.0 11000.0 77144.39115686642 288.0
11000.0 12000.0 237706.62276696233 288.0
12000.0 13000.0 159968.9817771255 288.0
13000.0 14000.0 245331.16783575123 288.0
14000.0 15000.0 182271.5573661116 288.0
15000.0 16000.0 216176.695129816 288.0
16000.0 17000.0 176019.28081501785 288.0
17000.0 18000.0 166781.7729893524 288.0
18000.0 19000.0 129787.78761993509 0.0
19000.0 20000.0 153014.7271792909 288.0
20000.0 21000.0 106764.0180467307 840.0
21000.0 22000.0 160586.86321584883 0.0
22000.0 23000.0 43866.905148046826 0.0
23000.0 24000.0 0.0 0.0
24000.0 25000.0 290.9215543976646 0.0
25000.0 26000.0 131518.89791130138 840.0
26000.0 27000.0 183662.90960500878 0.0
27000.0 28000.0 165256.43158876614 288.0
28000.0 29000.0 206000.57005631638 288.0
29000.0 30000.0 152942.64090893924 288.0
30000.0 31000.0 168009.4396734417 288.0
31000.0 32000.0 199662.63180744217 288.0
32000.0 33000.0 109588.95856511053 288.0
33000.0 34000.0 52349.598329276036 0.0
34000.0 35000.0 98554.6441959671 480.0
35000.0 36000.0 157950.74362794223 480.0
36000.0 37000.0 76107.86145874675 0.0
37000.0 38000.0 29169.750717343944 0.0
38000.0 39000.0 183270.21981975588 840.0
39000.0 40000.0 252218.96177623284 0.0
40000.0 41000.0 153873.7890506713 840.0
41000.0 42000.0 215596.28147246907 840.0
42000.0 43000.0 150372.74788087088 0.0
43000.0 44000.0 64.88001508527734 0.0
44000.0 45000.0 269144.4040897104 840.0
45000.0 46000.0 216574.71589520434 0.0
46000.0 47000.0 132805.7171724725 840.0
47000.0 48000.0 99240.28282752747 0.0
48000.0 49000.0 138028.43321453544 840.0
49000.0 50000.0 81256.4815086058 840.0
50000.0 51000.0 268842.08527685876 0.0
51000.0 52000.0 31049.860076481255 0.0
52000.0 53000.0 198704.13992351876 840.0
53000.0 54000.0 31305.750938003544 0.0
54000.0 55000.0 266681.5002709464 1500.0
55000.0 56000.0 226289.0335614269 1500.0
56000.0 57000.0 272893.7152296231 0.0
57000.0 58000.0 236397.87211804363 1500.0
58000.0 59000.0 134363.0591986267 0.0
59000.0 60000.0 247445.3807478958 1500.0
60000.0 61000.0 138875.03639171217 0.0
61000.0 62000.0 252005.49145056307 1500.0
62000.0 63000.0 172582.87139535043 0.0
63000.0 64000.0 268563.10921185365 1500.0
64000.0 65000.0 159877.8487498434 0.0
65000.0 66000.0 239007.1077600454 1500.0
66000.0 67000.0 151333.99458473455 0.0
67000.0 68000.0 255930.37693750559 1500.0
68000.0 69000.0 150241.9102190727 0.0
69000.0 70000.0 248356.80453852788 1500.0
70000.0 71000.0 146919.97758649001 0.0
71000.0 72000.0 262216.32191871136 1500.0
72000.0 73000.0 148792.73752907233 0.0
73000.0 74000.0 249594.80743266075 1500.0
74000.0 75000.0 151432.83336712304 0.0
75000.0 76000.0 248449.5388903165 1500.0
76000.0 77000.0 142516.33047371492 0.0
77000.0 78000.0 65786.61662807385 1500.0
78000.0 79000.0 272260.7114741668 0.0
79000.0 80000.0 292687.54705549125 1500.0
80000.0 81000.0 183903.71434040432 0.0
81000.0 82000.0 298971.77023333096 1500.0
82000.0 83000.0 322524.4025742231 1500.0
83000.0 84000.0 190684.5163588181 0.0
84000.0 85000.0 209281.7722852638 1500.0
85000.0 86000.0 236538.89141552814 0.0
86000.0 87000.0 245551.56222128816 2300.0
87000.0 88000.0 139248.3486223971 0.0
88000.0 89000.0 160209.89053367983 2300.0
89000.0 90000.0 289377.5866151542 0.0
90000.0 91000.0 334618.14332954516 2300.0
91000.0 92000.0 286952.95840690937 0.0
92000.0 93000.0 328908.6331079564 2300.0
93000.0 94000.0 227351.74942888983 0.0
94000.0 95000.0 345238.1585385029 2300.0
95000.0 96000.0 296267.74457258714 2300.0
96000.0 97000.0 327878.83326906775 0.0
97000.0 98000.0 312915.2490891985 2300.0
98000.0 99000.0 306721.3238149644 0.0
99000.0 100000.0 135036.18489909297 2300.0
100000.0 101000.0 295265.44454588176 0.0
101000.0 102000.0 429461.80638961575 2300.0
102000.0 103000.0 307972.10548530065 0.0
103000.0 104000.0 321328.72449230956 2300.0
104000.0 105000.0 318838.64732146764 0.0
105000.0 106000.0 297208.19782636635 2300.0
106000.0 107000.0 284215.43389768945 0.0
107000.0 108000.0 329312.4923324849 2300.0
108000.0 109000.0 287722.75546076224 0.0
109000.0 110000.0 70154.67293172365 0.0
110000.0 111000.0 0.0 0.0
111000.0 112000.0 257033.45216615297 2300.0
112000.0 113000.0 297200.91908794467 0.0
113000.0 114000.0 284898.64651667245 2300.0
114000.0 115000.0 323593.41458914033 2300.0
115000.0 116000.0 343319.7260212074 0.0
116000.0 117000.0 380820.05150406953 2300.0
117000.0 118000.0 346671.54106436233 0.0
118000.0 119000.0 304624.6629286014 2300.0
119000.0 120000.0 318359.8014901378 2300.0
120000.0 121000.0 332913.457939455 0.0
121000.0 122000.0 403384.72134531854 2300.0
122000.0 123000.0 241956.74490943356 0.0
123000.0 124000.0 242151.16528478908 0.0
124000.0 125000.0 166839.9445544295 840.0
125000.0 126000.0 274125.96936687065 840.0
126000.0 127000.0 45562.781231414774 0.0
127000.0 128000.0 234476.8191527884 1500.0
128000.0 129000.0 133533.44883520226 0.0
129000.0 130000.0 226554.9561072344 1500.0
130000.0 131000.0 297674.7753115959 1500.0
131000.0 132000.0 236512.95644192665 0.0
132000.0 133000.0 236583.42303243707 1500.0
133000.0 134000.0 192481.26878207532 0.0
134000.0 135000.0 201102.3547242007 1500.0
135000.0 136000.0 160063.99761253924 0.0
136000.0 137000.0 172160.48899953152 1500.0
137000.0 138000.0 255591.35552606176 1500.0
138000.0 139000.0 337106.1554744067 0.0
139000.0 140000.0 54624.0 0.0
140000.0 141000.0 175701.4684944287 1500.0
141000.0 142000.0 227398.53169917906 1500.0
142000.0 143000.0 332383.6392321254 1500.0
143000.0 144000.0 107334.36011369491 1500.0
144000.0 145000.0 266623.05690272374 0.0
145000.0 146000.0 101858.32836566766 1500.0
146000.0 147000.0 269100.6151921805 1500.0
147000.0 148000.0 116087.61760030754 1500.0
148000.0 149000.0 309638.9982999337 0.0
149000.0 150000.0 6958.384099758852 0.0
150000.0 151000.0 334198.610384118 1500.0
151000.0 152000.0 320424.7741561474 1500.0
152000.0 153000.0 193103.443332151 0.0
153000.0 154000.0 236580.60217680963 1500.0
154000.0 155000.0 191962.26846994238 0.0
155000.0 156000.0 219426.3203774396 1500.0
156000.0 157000.0 165583.3728553859 0.0
157000.0 158000.0 267895.6011631155 2300.0
158000.0 159000.0 263763.75714507315 0.0
159000.0 160000.0 336468.7704676406 2300.0
160000.0 161000.0 267626.707789465 0.0
161000.0 162000.0 303748.81762341945 2300.0
162000.0 163000.0 258019.27662079796 0.0
163000.0 164000.0 311361.5050943879 2300.0
164000.0 165000.0 308504.35745595495 0.0
165000.0 166000.0 313732.3480569456 2300.0
166000.0 167000.0 241496.57053562143 0.0
167000.0 168000.0 273842.11699733714 2300.0
168000.0 169000.0 288914.08607739594 0.0
169000.0 170000.0 332606.45073511585 2300.0
170000.0 171000.0 267714.1812630515 0.0
171000.0 172000.0 303826.2534900602 2300.0
172000.0 173000.0 306168.77190374275 0.0
173000.0 174000.0 263026.402092489 2300.0
174000.0 175000.0 263642.46010443807 0.0
175000.0 176000.0 316041.4078022827 2300.0
176000.0 177000.0 291046.02815845533 0.0
177000.0 178000.0 344585.3086291046 2300.0
178000.0 179000.0 255246.98461137552 0.0
179000.0 180000.0 321779.2581773624 2300.0
180000.0 181000.0 385319.35317230155 0.0
181000.0 182000.0 347476.2513111028 2300.0
182000.0 183000.0 326647.28696671134 2300.0
183000.0 184000.0 320288.5488054734 0.0
184000.0 185000.0 398812.1888851723 2300.0
185000.0 186000.0 462013.7129891278 0.0
186000.0 187000.0 380063.22785280604 2300.0
187000.0 188000.0 403754.22887174075 0.0
188000.0 189000.0 364684.8237320131 2300.0
189000.0 190000.0 362883.3033843793 2300.0
190000.0 191000.0 321685.52748501906 0.0
191000.0 192000.0 216541.77205859372 2300.0
192000.0 193000.0 316217.34796550224 0.0
193000.0 194000.0 341916.47817234043 2300.0
194000.0 195000.0 312087.76511426736 0.0
195000.0 196000.0 308086.97552416346 2300.0
196000.0 197000.0 323593.1824196434 0.0
197000.0 198000.0 319171.23529816535 2300.0
198000.0 199000.0 335841.2926624847 0.0
199000.0 200000.0 229168.83123823834 2300.0
200000.0 201000.0 311980.73942690104 0.0
201000.0 202000.0 249447.98228172702 2300.0
202000.0 203000.0 321552.1007212803 0.0
203000.0 204000.0 345008.83726282505 2300.0
204000.0 205000.0 303167.73700254067 0.0
205000.0 206000.0 269135.2181886055 2300.0
206000.0 207000.0 303304.3241934972 0.0
207000.0 208000.0 234981.62289489096 2300.0
208000.0 209000.0 310690.49709145585 0.0
209000.0 210000.0 307153.3504731447 2300.0
210000.0 211000.0 333811.8708293955 0.0
211000.0 212000.0 307971.4379525034 2300.0
212000.0 213000.0 229412.29838864226 0.0
213000.0 214000.0 293758.535304357 2300.0
214000.0 215000.0 297231.7848500083 0.0
215000.0 216000.0 334122.46793200064 2300.0
216000.0 217000.0 277688.8943873201 0.0
217000.0 218000.0 312400.3429037821 2300.0
218000.0 219000.0 280010.98595060746 0.0
219000.0 220000.0 298771.1521767365 2300.0
220000.0 221000.0 248872.61891505137 0.0
221000.0 222000.0 255318.06762798253 2300.0
222000.0 223000.0 283616.9151317045 0.0
223000.0 224000.0 301878.1085554034 2300.0
224000.0 225000.0 235358.70377169532 0.0
225000.0 226000.0 328453.06084509846 2300.0
226000.0 227000.0 347077.3127203642 0.0
227000.0 228000.0 386052.36166745494 2300.0
228000.0 229000.0 326250.24096555164 0.0
229000.0 230000.0 228832.9694977931 2300.0
230000.0 231000.0 339324.5256302436 2300.0
231000.0 232000.0 366544.61002210877 0.0
232000.0 233000.0 437146.0634576995 2300.0
233000.0 234000.0 269877.21039820847 0.0
234000.0 235000.0 320588.92925414356 2300.0
235000.0 236000.0 340350.66298572 0.0
236000.0 237000.0 288007.18395405397 2300.0
237000.0 238000.0 328278.1557930518 2300.0
238000.0 239000.0 391361.4661288905 0.0
239000.0 240000.0 329695.82378114795 2300.0
240000.0 241000.0 342107.0440832381 0.0
241000.0 242000.0 284856.8944884283 2300.0
242000.0 243000.0 236220.67909694635 0.0
243000.0 244000.0 279040.82303350157 0.0
244000.0 245000.0 267470.1149635445 2300.0
245000.0 246000.0 321701.2215054119 2300.0
246000.0 247000.0 364483.14847687975 0.0
247000.0 248000.0 342735.2167034147 2300.0
248000.0 249000.0 314909.3732013735 0.0
249000.0 250000.0 273883.9306848147 2300.0
250000.0 251000.0 327612.921930536 0.0
251000.0 252000.0 327796.7961273449 2300.0
252000.0 253000.0 306971.81672341266 0.0
253000.0 254000.0 313284.78239988897 2300.0
254000.0 255000.0 234030.73150042584 0.0
255000.0 256000.0 301667.0029145272 2300.0
256000.0 257000.0 290886.9078667839 0.0
257000.0 258000.0 269232.5369773268 2300.0
258000.0 259000.0 285257.06210880383 0.0
259000.0 260000.0 346380.82298927027 2300.0
260000.0 261000.0 256934.88900685735 0.0
261000.0 262000.0 279898.7855281489 2300.0
262000.0 263000.0 299134.67372450646 0.0
263000.0 264000.0 314739.74250966194 2300.0
264000.0 265000.0 308779.56318476127 0.0
265000.0 266000.0 259231.20272910106 2300.0
266000.0 267000.0 287277.4135104685 0.0
267000.0 268000.0 308611.91337881144 2300.0
268000.0 269000.0 262279.0651726717 0.0
269000.0 270000.0 300965.6315486771 2300.0
270000.0 271000.0 304254.3071867031 0.0
271000.0 272000.0 98548.66577229522 0.0
272000.0 273000.0 0.0 0.0
273000.0 274000.0 2919.0 0.0
274000.0 275000.0 6563.874778833006 1500.0
275000.0 276000.0 365474.0708611278 1500.0
276000.0 277000.0 306779.755528659 0.0
277000.0 278000.0 344856.97464008094 1500.0
278000.0 279000.0 314660.43397669814 1500.0
279000.0 280000.0 360361.6421699736 1500.0
280000.0 281000.0 176204.31043635018 0.0
281000.0 282000.0 259464.13140909187 1500.0
282000.0 283000.0 165823.73350384645 0.0
283000.0 284000.0 245633.9925631045 2300.0
284000.0 285000.0 296988.93259475497 0.0
285000.0 286000.0 337548.6941649744 2300.0
286000.0 287000.0 276765.2534254387 0.0
287000.0 288000.0 317138.17454897007 2300.0
288000.0 289000.0 256228.09057508566 0.0
289000.0 290000.0 325414.4808699102 2300.0
290000.0 291000.0 375328.5940396126 2300.0
291000.0 292000.0 350467.90564786 0.0
292000.0 293000.0 202192.1201135987 0.0
293000.0 294000.0 259798.5165844442 2300.0
294000.0 295000.0 270609.8668140196 0.0
295000.0 296000.0 319648.8935015248 2300.0
296000.0 297000.0 301356.4875571327 0.0
297000.0 298000.0 349362.1196957028 2300.0
298000.0 299000.0 239770.7637382156 0.0
299000.0 300000.0 269170.6059204868 2300.0
