ts te s_bytes_all avg_video_rate
0.0 1000.0 0.0 0.0
1000.0 2000.0 0.0 0.0
2000.0 3000.0 0.0 0.0
3000.0 4000.0 0.0 0.0
4000.0 5000.0 0.0 0.0
5000.0 6000.0 0.0 0.0
6000.0 7000.0 153479.6721216602 480.0
7000.0 8000.0 205170.2161110712 352.0
8000.0 9000.0 277042.75986852066 288.0
9000.0 10000.0 221540.80448162125 288.0
10000.0 11000.0 191584.3152854622 288.0
11000.0 12000.0 77652.48200972757 0.0
12000.0 13000.0 139027.14401964517 1500.0
13000.0 14000.0 228026.24024856195 0.0
14000.0 15000.0 224289.92282762285 1500.0
15000.0 16000.0 183669.49919784168 0.0
16000.0 17000.0 217638.22775994363 1500.0
17000.0 18000.0 171978.7462574096 0.0
18000.0 19000.0 215564.95151830668 1500.0
19000.0 20000.0 179902.06543190847 0.0
20000.0 21000.0 237166.5580006317 1500.0
21000.0 22000.0 170683.62625154294 0.0
22000.0 23000.0 199597.23697964047 1500.0
23000.0 24000.0 216489.63780943205 0.0
24000.0 25000.0 223472.41077908434 1500.0
25000.0 26000.0 182491.450550573 0.0
26000.0 27000.0 106866.56196263079 1500.0
27000.0 28000.0 264341.2691692852 0.0
28000.0 29000.0 96236.65202371955 1500.0
29000.0 30000.0 294750.54933415685 0.0
30000.0 31000.0 173908.33217978274 1500.0
31000.0 32000.0 184147.37507361762 0.0
32000.0 33000.0 266376.93814204674 1500.0
33000.0 34000.0 163931.61583766088 0.0
34000.0 35000.0 198877.94482912903 1500.0
35000.0 36000.0 189308.241216428 0.0
36000.0 37000.0 221612.95872451708 1500.0
37000.0 38000.0 179552.66071734964 0.0
38000.0 39000.0 180482.15519740438 1500.0
39000.0 40000.0 206679.9339769788 0.0
40000.0 41000.0 245973.5235183384 1500.0
41000.0 42000.0 187432.55771588976 0.0
42000.0 43000.0 162693.29377702408 1500.0
43000.0 44000.0 285708.0526233762 0.0
44000.0 45000.0 123144.123682015 1500.0
45000.0 46000.0 286191.98139415984 0.0
46000.0 47000.0 71479.28780394734 1500.0
47000.0 48000.0 368311.64619905106 0.0
48000.0 49000.0 143491.74348748085 1500.0
49000.0 50000.0 249550.63390380263 0.0
50000.0 51000.0 184431.1135561629 1500.0
51000.0 52000.0 154807.41053529535 0.0
52000.0 53000.0 224096.49763891532 1500.0
53000.0 54000.0 292482.5499104791 1500.0
54000.0 55000.0 373294.0647165867 1500.0
55000.0 56000.0 208585.09975927294 0.0
56000.0 57000.0 250216.26101236467 1500.0
57000.0 58000.0 270453.52823936753 0.0
58000.0 59000.0 102240.80358782646 1500.0
59000.0 60000.0 282195.45413343183 0.0
60000.0 61000.0 55511.08402266813 1500.0
61000.0 62000.0 373998.25580779504 0.0
62000.0 63000.0 118821.64356450229 1500.0
63000.0 64000.0 286923.23351533164 0.0
64000.0 65000.0 208776.50083067542 1500.0
65000.0 66000.0 198532.49916932458 0.0
66000.0 67000.0 210679.12820603757 1500.0
67000.0 68000.0 158224.87985651518 0.0
68000.0 69000.0 163957.8223319731 1500.0
69000.0 70000.0 185281.08150432026 0.0
70000.0 71000.0 199150.60012083885 1500.0
71000.0 72000.0 197546.94169361307 0.0
72000.0 73000.0 296461.1345087711 1500.0
73000.0 74000.0 141300.06179811317 0.0
74000.0 75000.0 165928.99146877267 1500.0
75000.0 76000.0 212265.646896705 0.0
76000.0 77000.0 240551.01033171517 1500.0
77000.0 78000.0 187468.09616636936 0.0
78000.0 79000.0 199147.37883285372 1500.0
79000.0 80000.0 178815.38252317157 0.0
80000.0 81000.0 134441.75352285756 1500.0
81000.0 82000.0 306540.0331067941 0.0
82000.0 83000.0 75830.47667260963 1500.0
83000.0 84000.0 359239.08168134186 0.0
84000.0 85000.0 128662.08975000944 1500.0
85000.0 86000.0 266865.40902661765 0.0
86000.0 87000.0 193422.1178246784 1500.0
87000.0 88000.0 191257.62997643705 0.0
88000.0 89000.0 250131.42719352353 1500.0
89000.0 90000.0 144788.54765421097 0.0
90000.0 91000.0 204800.6710163942 1500.0
91000.0 92000.0 175879.6851993129 0.0
92000.0 93000.0 202303.61322185255 1500.0
93000.0 94000.0 209216.83961421752 0.0
94000.0 95000.0 72535.06991459752 0.0
95000.0 96000.0 169765.45818235748 1500.0
96000.0 97000.0 330299.9039420965 1500.0
97000.0 98000.0 206910.95630956546 0.0
98000.0 99000.0 224373.84293574817 1500.0
99000.0 100000.0 260546.53448648783 0.0
100000.0 101000.0 126559.50654132356 1500.0
101000.0 102000.0 413931.0983704507 1500.0
102000.0 103000.0 317065.05200087186 1500.0
103000.0 104000.0 254675.48521010866 0.0
104000.0 105000.0 238531.6298498397 1500.0
105000.0 106000.0 267193.05526269483 0.0
106000.0 107000.0 18429.743580657672 1500.0
107000.0 108000.0 387869.97467476607 0.0
108000.0 109000.0 151991.42130079854 1500.0
109000.0 110000.0 255691.73573700825 0.0
110000.0 111000.0 183403.64285131654 1500.0
111000.0 112000.0 162861.4576598328 0.0
112000.0 113000.0 238852.13317387665 1500.0
113000.0 114000.0 172742.70502455224 0.0
114000.0 115000.0 227008.8088710107 1500.0
115000.0 116000.0 167383.45194339356 0.0
116000.0 117000.0 245914.64995164904 1500.0
117000.0 118000.0 200096.87079537258 0.0
118000.0 119000.0 218171.6983896908 1500.0
119000.0 120000.0 175477.09121941339 0.0
120000.0 121000.0 212400.88988786688 1500.0
121000.0 122000.0 196800.70744375954 0.0
122000.0 123000.0 168121.14522145237 1500.0
123000.0 124000.0 193863.7621674703 0.0
124000.0 125000.0 211545.7566879264 1500.0
125000.0 126000.0 274223.84652340336 0.0
126000.0 127000.0 108334.6678073206 1500.0
127000.0 128000.0 319244.8380758654 0.0
128000.0 129000.0 128842.8810888919 1500.0
129000.0 130000.0 262239.99521593493 0.0
130000.0 131000.0 178428.02106246457 1500.0
131000.0 132000.0 180721.51574891713 0.0
132000.0 133000.0 208318.86826414458 1500.0
133000.0 134000.0 179074.39127341038 0.0
134000.0 135000.0 248422.13225070504 1500.0
135000.0 136000.0 205299.8404949493 0.0
136000.0 137000.0 245524.8940598481 1500.0
137000.0 138000.0 170849.11008822153 0.0
138000.0 139000.0 176024.32523000552 1500.0
139000.0 140000.0 185036.957666761 0.0
140000.0 141000.0 230843.17884273359 1500.0
141000.0 142000.0 194771.53162188918 0.0
142000.0 143000.0 166674.3690453269 1500.0
143000.0 144000.0 309457.93019113236 0.0
144000.0 145000.0 105921.70707143263 1500.0
145000.0 146000.0 243621.28708527665 0.0
146000.0 147000.0 43674.10590976307 1500.0
147000.0 148000.0 389297.38644116797 0.0
148000.0 149000.0 118852.2406295278 1500.0
149000.0 150000.0 408240.2653160611 1500.0
150000.0 151000.0 407965.7473430155 1500.0
151000.0 152000.0 299952.0805341165 0.0
152000.0 153000.0 200291.9557291828 1500.0
153000.0 154000.0 271357.802350615 0.0
154000.0 155000.0 72562.58170884105 1500.0
155000.0 156000.0 356951.4004742507 0.0
156000.0 157000.0 145904.7838862806 1500.0
157000.0 158000.0 214064.58967995958 0.0
158000.0 159000.0 177570.18890516972 1500.0
159000.0 160000.0 205857.6190705471 0.0
160000.0 161000.0 272445.7596502835 1500.0
161000.0 162000.0 168848.75598098402 0.0
162000.0 163000.0 221886.56699967134 1500.0
163000.0 164000.0 145133.61510201567 0.0
164000.0 165000.0 192071.7363365957 1500.0
165000.0 166000.0 168735.6866754931 0.0
166000.0 167000.0 191816.56931125792 1500.0
167000.0 168000.0 204276.77006252194 0.0
168000.0 169000.0 244435.69434724873 1500.0
169000.0 170000.0 190713.67512225013 0.0
170000.0 171000.0 130410.70251637782 1500.0
171000.0 172000.0 278708.4556950027 0.0
172000.0 173000.0 114905.86896365164 1500.0
173000.0 174000.0 310935.8029331178 0.0
174000.0 175000.0 126438.18429393886 1500.0
175000.0 176000.0 289804.0737164105 0.0
176000.0 177000.0 128029.05125117008 1500.0
177000.0 178000.0 260819.2230662919 0.0
178000.0 179000.0 199996.17656636995 1500.0
179000.0 180000.0 173808.22444101644 0.0
180000.0 181000.0 222470.30050757967 1500.0
181000.0 182000.0 172935.79132369038 0.0
182000.0 183000.0 205178.39211979642 1500.0
183000.0 184000.0 177877.74984898383 0.0
184000.0 185000.0 222551.45535746857 1500.0
185000.0 186000.0 239293.20170612517 0.0
186000.0 187000.0 197124.66576730367 1500.0
187000.0 188000.0 267178.7381280084 0.0
188000.0 189000.0 146045.4070000011 1500.0
189000.0 190000.0 280882.4211312616 0.0
190000.0 191000.0 71248.6044738265 1500.0
191000.0 192000.0 327196.8716285683 0.0
192000.0 193000.0 144591.6230732672 1500.0
193000.0 194000.0 168830.19938524973 0.0
194000.0 195000.0 253904.56845061912 1500.0
195000.0 196000.0 171426.50569208566 0.0
196000.0 197000.0 234508.64033645127 1500.0
197000.0 198000.0 272050.0880516473 1500.0
198000.0 199000.0 376801.2166365468 1500.0
199000.0 200000.0 264528.12170721864 0.0
200000.0 201000.0 276760.15808951645 1500.0
201000.0 202000.0 200561.5121355833 0.0
202000.0 203000.0 208186.9402930674 1500.0
203000.0 204000.0 182732.42069875373 0.0
204000.0 205000.0 228495.49425376742 1500.0
205000.0 206000.0 193304.713103274 0.0
206000.0 207000.0 186054.31062791456 1500.0
207000.0 208000.0 187638.15251362344 0.0
208000.0 209000.0 223790.96246532947 1500.0
209000.0 210000.0 203475.56125567388 0.0
210000.0 211000.0 238270.32305589723 1500.0
211000.0 212000.0 226678.60056190912 0.0
212000.0 213000.0 140768.2414721487 1500.0
213000.0 214000.0 184210.6461404557 0.0
214000.0 215000.0 203103.67723990872 1500.0
215000.0 216000.0 167279.04775179952 0.0
216000.0 217000.0 37634.27500829177 0.0
217000.0 218000.0 0.0 0.0
218000.0 219000.0 2914.0 0.0
219000.0 220000.0 0.0 0.0
220000.0 221000.0 2914.0 0.0
221000.0 222000.0 0.0 0.0
222000.0 223000.0 99564.27517014019 1500.0
223000.0 224000.0 272103.30114308663 0.0
224000.0 225000.0 362096.4146724179 1500.0
225000.0 226000.0 311531.19938275305 1500.0
226000.0 227000.0 361769.62847110163 1500.0
227000.0 228000.0 277480.4660056243 1500.0
228000.0 229000.0 391387.68071277987 1500.0
229000.0 230000.0 265975.52678562916 0.0
230000.0 231000.0 391357.7244465711 1500.0
231000.0 232000.0 323782.6884280854 1500.0
232000.0 233000.0 362359.57727848244 1500.0
233000.0 234000.0 203674.15732850312 0.0
234000.0 235000.0 236933.12205696126 1500.0
235000.0 236000.0 207934.8028561162 0.0
236000.0 237000.0 208994.1838920895 1500.0
237000.0 238000.0 192589.391957703 0.0
238000.0 239000.0 149982.5332074651 1500.0
239000.0 240000.0 289496.3213193541 0.0
240000.0 241000.0 121929.95565872558 1500.0
241000.0 242000.0 250752.04922641043 0.0
242000.0 243000.0 7094.70470751316 0.0
243000.0 244000.0 253107.7622850451 1500.0
244000.0 245000.0 322084.98969609896 1500.0
245000.0 246000.0 284282.6915997274 1500.0
246000.0 247000.0 327264.3220467242 0.0
247000.0 248000.0 313341.18114275474 1500.0
248000.0 249000.0 357531.8571284248 1500.0
249000.0 250000.0 169036.5415535812 0.0
250000.0 251000.0 249517.76789164337 1500.0
251000.0 252000.0 170346.03622960992 0.0
252000.0 253000.0 241508.83721960784 1500.0
253000.0 254000.0 148859.61693380727 0.0
254000.0 255000.0 202513.6267888075 1500.0
255000.0 256000.0 205088.02339610184 0.0
256000.0 257000.0 242463.16021475778 1500.0
257000.0 258000.0 150167.8847605712 0.0
258000.0 259000.0 174156.10411501315 1500.0
259000.0 260000.0 203546.74068351727 0.0
260000.0 261000.0 164047.65909087364 1500.0
261000.0 262000.0 308100.60604554915 0.0
262000.0 263000.0 166865.38050350558 1500.0
263000.0 264000.0 283994.74343769636 0.0
264000.0 265000.0 130600.59950798022 1500.0
265000.0 266000.0 216365.16302108832 0.0
266000.0 267000.0 205813.33066898581 1500.0
267000.0 268000.0 161982.8450144245 0.0
268000.0 269000.0 184107.35745957113 1500.0
269000.0 270000.0 165799.964093333 0.0
270000.0 271000.0 232556.00996860903 1500.0
271000.0 272000.0 210916.14995690284 0.0
272000.0 273000.0 246485.0761033925 1500.0
273000.0 274000.0 175702.61015158505 0.0
274000.0 275000.0 214776.79863742544 1500.0
275000.0 276000.0 211824.4361910869 0.0
276000.0 277000.0 243310.8168672697 1500.0
277000.0 278000.0 175816.8535570232 0.0
278000.0 279000.0 161384.05229416734 1500.0
279000.0 280000.0 303669.9665842783 0.0
280000.0 281000.0 153493.49595957508 1500.0
281000.0 282000.0 149766.23649237028 0.0
282000.0 283000.0 227599.02440819863 1500.0
283000.0 284000.0 204645.7813298751 0.0
284000.0 285000.0 214835.72175731743 1500.0
285000.0 286000.0 183492.29837794063 0.0
286000.0 287000.0 242348.38452062564 1500.0
287000.0 288000.0 173351.3956013705 0.0
288000.0 289000.0 225400.7109073006 1500.0
289000.0 290000.0 176720.49644854685 0.0
290000.0 291000.0 209185.7609439711 1500.0
291000.0 292000.0 192179.80497869576 0.0
292000.0 293000.0 225045.65991981173 1500.0
293000.0 294000.0 193055.90975483163 0.0
294000.0 295000.0 228032.79720803603 1500.0
295000.0 296000.0 344140.1162098217 1500.0
296000.0 297000.0 334392.2189034748 1500.0
297000.0 298000.0 288883.15206824837 0.0
298000.0 299000.0 213225.95217315783 1500.0
299000.0 300000.0 252008.81448877548 0.0
300000.0 301000.0 0.0 0.0
