ts te s_bytes_all avg_video_rate
0.0 1000.0 0.0 0.0
1000.0 2000.0 0.0 0.0
2000.0 3000.0 0.0 0.0
3000.0 4000.0 0.0 0.0
4000.0 5000.0 0.0 0.0
5000.0 6000.0 0.0 0.0
6000.0 7000.0 0.0 0.0
7000.0 8000.0 0.0 0.0
8000.0 9000.0 0.0 0.0
9000.0 10000.0 0.0 0.0
10000.0 11000.0 0.0 0.0
11000.0 12000.0 691.3164118687878 0.0
12000.0 13000.0 12804.543174348606 0.0
13000.0 14000.0 107652.43649533688 480.0
14000.0 15000.0 111591.0027909425 0.0
15000.0 16000.0 231538.04254714423 288.0
16000.0 17000.0 228151.1780103916 288.0
17000.0 18000.0 165830.7113174984 288.0
18000.0 19000.0 184618.20920593635 288.0
19000.0 20000.0 163011.2795806228 288.0
20000.0 21000.0 179981.56228885218 288.0
21000.0 22000.0 275390.23768639116 288.0
22000.0 23000.0 99763.48049066648 0.0
23000.0 24000.0 138155.97628196114 840.0
24000.0 25000.0 97801.02371803886 0.0
25000.0 26000.0 168216.68850837275 1500.0
26000.0 27000.0 228399.03279016254 0.0
27000.0 28000.0 250635.40055265886 1500.0
28000.0 29000.0 127597.9732306494 0.0
29000.0 30000.0 306304.36634995864 1500.0
30000.0 31000.0 83442.02578398355 0.0
31000.0 32000.0 307997.0868241857 1500.0
32000.0 33000.0 158755.1074292814 0.0
33000.0 34000.0 304914.73287730315 1500.0
34000.0 35000.0 116851.62051998542 0.0
35000.0 36000.0 257176.84962586506 1500.0
36000.0 37000.0 146832.40038383094 0.0
37000.0 38000.0 276065.6925270228 1500.0
38000.0 39000.0 123603.37953055557 0.0
39000.0 40000.0 319402.94381597167 1500.0
40000.0 41000.0 120736.60171983694 0.0
41000.0 42000.0 298675.99989001034 1500.0
42000.0 43000.0 100395.47349326863 0.0
43000.0 44000.0 294480.3777830742 1500.0
44000.0 45000.0 94451.58864820954 0.0
45000.0 46000.0 308980.1852267826 1500.0
46000.0 47000.0 89298.35290337875 0.0
47000.0 48000.0 288851.4680504446 1500.0
48000.0 49000.0 121352.95416693742 0.0
49000.0 50000.0 269364.5091607958 1500.0
50000.0 51000.0 162118.86216462383 0.0
51000.0 52000.0 286794.5124305361 1500.0
52000.0 53000.0 128619.54034070214 0.0
53000.0 54000.0 243606.47097133796 1500.0
54000.0 55000.0 351180.58635417063 1500.0
55000.0 56000.0 224061.2159461033 0.0
56000.0 57000.0 0.0 0.0
57000.0 58000.0 252747.2262986145 1500.0
58000.0 59000.0 333368.28272256156 1500.0
59000.0 60000.0 385121.1044560828 1500.0
60000.0 61000.0 274461.3865227412 0.0
61000.0 62000.0 276765.7978475088 1500.0
62000.0 63000.0 155824.779416571 0.0
63000.0 64000.0 275487.7040440014 1500.0
64000.0 65000.0 94691.39882998203 0.0
65000.0 66000.0 222610.50765767053 1500.0
66000.0 67000.0 180167.4224804687 0.0
67000.0 68000.0 15748.858941535811 0.0
68000.0 69000.0 987.5307822617214 0.0
69000.0 70000.0 287930.02992235206 1500.0
70000.0 71000.0 339575.39603838255 1500.0
71000.0 72000.0 409385.32922039443 1500.0
72000.0 73000.0 192476.3643316642 0.0
73000.0 74000.0 321857.86956603266 1500.0
74000.0 75000.0 116866.98945862282 0.0
75000.0 76000.0 278734.00548689335 1500.0
76000.0 77000.0 147987.6492081895 0.0
77000.0 78000.0 247864.96560998185 1500.0
78000.0 79000.0 135001.45744046045 0.0
79000.0 80000.0 292713.11719120457 1500.0
80000.0 81000.0 135129.52487276943 0.0
81000.0 82000.0 271404.1492281276 1500.0
82000.0 83000.0 108504.32013500282 0.0
83000.0 84000.0 249959.24234420632 1500.0
84000.0 85000.0 180874.0302887173 0.0
85000.0 86000.0 232644.73192428137 1500.0
86000.0 87000.0 225296.44544923154 0.0
87000.0 88000.0 221017.82819307814 1500.0
88000.0 89000.0 141573.554090407 0.0
89000.0 90000.0 321783.1375026951 1500.0
90000.0 91000.0 111912.4749788402 0.0
91000.0 92000.0 218018.09345989377 1500.0
92000.0 93000.0 163779.00911442895 0.0
93000.0 94000.0 272298.7869514566 1500.0
94000.0 95000.0 136093.5104991284 0.0
95000.0 96000.0 242237.29471482988 1500.0
96000.0 97000.0 242529.55763592996 0.0
97000.0 98000.0 206502.31147339294 1500.0
98000.0 99000.0 169150.82366940423 0.0
99000.0 100000.0 291535.26210790785 1500.0
100000.0 101000.0 100414.73789209216 0.0
101000.0 102000.0 179271.21508945848 1500.0
102000.0 103000.0 317638.22254078346 1500.0
103000.0 104000.0 313911.5623697581 0.0
104000.0 105000.0 0.0 0.0
105000.0 106000.0 216445.26457843068 1500.0
106000.0 107000.0 355753.71962444996 1500.0
107000.0 108000.0 380079.701339264 1500.0
108000.0 109000.0 314701.9063584067 0.0
109000.0 110000.0 340467.689869939 1500.0
110000.0 111000.0 100504.52080545794 0.0
111000.0 112000.0 269680.97144904797 1500.0
112000.0 113000.0 151206.00641508633 0.0
113000.0 114000.0 262652.09968688886 1500.0
114000.0 115000.0 164355.26700508693 0.0
115000.0 116000.0 232848.35904849696 1500.0
116000.0 117000.0 226633.26332623098 0.0
117000.0 118000.0 198230.6798119928 1500.0
118000.0 119000.0 241319.44986094776 0.0
119000.0 120000.0 216768.8743406047 1500.0
120000.0 121000.0 176277.0033281615 0.0
121000.0 122000.0 199000.59335972616 1500.0
122000.0 123000.0 280884.5503368453 0.0
123000.0 124000.0 227822.58329204418 1500.0
124000.0 125000.0 202942.45024132726 0.0
125000.0 126000.0 197722.57235204263 1500.0
126000.0 127000.0 142730.47356952142 0.0
127000.0 128000.0 2257.4445268376785 0.0
128000.0 129000.0 276147.32241652184 1500.0
129000.0 130000.0 355142.8749288518 1500.0
130000.0 131000.0 201034.57481282955 0.0
131000.0 132000.0 296121.704607393 1500.0
132000.0 133000.0 154243.79770323704 0.0
133000.0 134000.0 222287.5808801202 1500.0
134000.0 135000.0 193249.12792268736 0.0
135000.0 136000.0 179676.56461967656 1500.0
136000.0 137000.0 278852.6804295829 0.0
137000.0 138000.0 221671.58172108297 1500.0
138000.0 139000.0 253094.3532171985 0.0
139000.0 140000.0 229075.84502066087 1500.0
140000.0 141000.0 128101.5471933196 0.0
141000.0 142000.0 287398.2486172408 1500.0
142000.0 143000.0 114997.09935372701 0.0
143000.0 144000.0 275256.71168369905 1500.0
144000.0 145000.0 139907.23659026675 0.0
145000.0 146000.0 243435.58776554625 1500.0
146000.0 147000.0 143807.40743500783 0.0
147000.0 148000.0 275930.0416795135 1500.0
148000.0 149000.0 162640.62371018637 0.0
149000.0 150000.0 180248.23189754196 1500.0
150000.0 151000.0 238214.65238958108 0.0
151000.0 152000.0 190006.98661103615 1500.0
152000.0 153000.0 192570.17226665313 0.0
153000.0 154000.0 236605.6353723137 1500.0
154000.0 155000.0 341410.31094866694 1500.0
155000.0 156000.0 304805.45596608974 1500.0
156000.0 157000.0 288932.9842879149 0.0
157000.0 158000.0 207352.48028043422 1500.0
158000.0 159000.0 196810.1331445805 0.0
159000.0 160000.0 258690.57115156442 1500.0
160000.0 161000.0 140169.5448892399 0.0
161000.0 162000.0 221809.004574748 1500.0
162000.0 163000.0 181772.5475176729 0.0
163000.0 164000.0 227451.06373293287 1500.0
164000.0 165000.0 276603.2953425508 0.0
165000.0 166000.0 208007.11437687045 1500.0
166000.0 167000.0 162582.8584144206 0.0
167000.0 168000.0 268493.6678573409 1500.0
168000.0 169000.0 114566.90227039206 0.0
169000.0 170000.0 207745.9248727362 1500.0
170000.0 171000.0 169000.13334986003 0.0
171000.0 172000.0 262607.9176351685 1500.0
172000.0 173000.0 183275.1489144346 0.0
173000.0 174000.0 261444.21631651153 1500.0
174000.0 175000.0 126422.30339203672 0.0
175000.0 176000.0 18324.350420423692 0.0
176000.0 177000.0 1026.4349710958156 0.0
177000.0 178000.0 0.0 0.0
178000.0 179000.0 2321.850867113586 0.0
179000.0 180000.0 2529.484271171842 0.0
180000.0 181000.0 974.6648617145722 0.0
181000.0 182000.0 223102.40689967969 1500.0
182000.0 183000.0 370353.46093583555 1500.0
183000.0 184000.0 398817.7051510293 1500.0
184000.0 185000.0 349026.748364184 1500.0
185000.0 186000.0 346695.3732896624 1500.0
186000.0 187000.0 371559.9029010633 1500.0
187000.0 188000.0 380680.05817145295 0.0
188000.0 189000.0 300360.80572097714 1500.0
189000.0 190000.0 359974.32285030425 1500.0
190000.0 191000.0 180539.05352918385 0.0
191000.0 192000.0 274032.6659849966 1500.0
192000.0 193000.0 217871.80620653904 0.0
193000.0 194000.0 220906.65523453365 1500.0
194000.0 195000.0 171062.98718938098 0.0
195000.0 196000.0 222950.89324694342 1500.0
196000.0 197000.0 182622.6218351907 0.0
197000.0 198000.0 184576.5823471715 1500.0
198000.0 199000.0 282579.4510905034 0.0
199000.0 200000.0 191299.94328251854 1500.0
200000.0 201000.0 399627.43526231113 1500.0
201000.0 202000.0 329460.7057588239 1500.0
202000.0 203000.0 267638.6670446716 0.0
203000.0 204000.0 267858.61650648905 1500.0
204000.0 205000.0 173647.131196554 0.0
205000.0 206000.0 259751.56751066475 1500.0
206000.0 207000.0 163510.443711786 0.0
207000.0 208000.0 273332.6779640946 1500.0
208000.0 209000.0 122544.4251059024 0.0
209000.0 210000.0 227726.56626111962 1500.0
210000.0 211000.0 160646.82780334615 0.0
211000.0 212000.0 276107.7044266792 1500.0
212000.0 213000.0 165591.71708139527 0.0
213000.0 214000.0 245164.6621218216 1500.0
214000.0 215000.0 164767.6547219638 0.0
215000.0 216000.0 264194.0557037628 1500.0
216000.0 217000.0 141692.1995793636 0.0
217000.0 218000.0 241787.6498639466 1500.0
218000.0 219000.0 222901.77163852344 0.0
219000.0 220000.0 252130.51825124107 1500.0
220000.0 221000.0 165605.63555266446 0.0
221000.0 222000.0 230210.27782487054 1500.0
222000.0 223000.0 158886.9480063925 0.0
223000.0 224000.0 232941.65281468246 1500.0
224000.0 225000.0 183084.04405577917 0.0
225000.0 226000.0 251519.74830793802 1500.0
226000.0 227000.0 123552.75518191501 0.0
227000.0 228000.0 290158.91534232773 1500.0
228000.0 229000.0 111863.33013913452 0.0
229000.0 230000.0 248689.21859682584 1500.0
230000.0 231000.0 169895.269369421 0.0
231000.0 232000.0 259215.5302330665 1500.0
232000.0 233000.0 155396.42147858298 0.0
233000.0 234000.0 17573.38547163414 0.0
234000.0 235000.0 972.425879154279 0.0
235000.0 236000.0 237799.45827971352 1500.0
236000.0 237000.0 285732.859984357 1500.0
237000.0 238000.0 425394.8988257113 1500.0
238000.0 239000.0 269038.6441762999 0.0
239000.0 240000.0 237597.52208232955 1500.0
240000.0 241000.0 184775.2501266034 0.0
241000.0 242000.0 317842.1932415806 1500.0
242000.0 243000.0 126630.69393626858 0.0
243000.0 244000.0 277193.3468055691 1500.0
244000.0 245000.0 146199.2251715604 0.0
245000.0 246000.0 278866.15711343347 1500.0
246000.0 247000.0 121049.85947399972 0.0
247000.0 248000.0 77545.77926467356 1500.0
248000.0 249000.0 238008.25035342795 0.0
249000.0 250000.0 409716.19102922914 1500.0
250000.0 251000.0 339255.08784963336 1500.0
251000.0 252000.0 322044.5128985041 1500.0
252000.0 253000.0 200697.95378194493 0.0
253000.0 254000.0 259817.19366947562 1500.0
254000.0 255000.0 264727.2797725627 0.0
255000.0 256000.0 196834.5253757435 1500.0
256000.0 257000.0 141413.11678737862 0.0
257000.0 258000.0 198609.0503030538 1500.0
258000.0 259000.0 226806.4618446393 0.0
259000.0 260000.0 262309.9285617241 1500.0
260000.0 261000.0 166670.1185308385 0.0
261000.0 262000.0 224438.5410319332 1500.0
262000.0 263000.0 185343.29147429368 0.0
263000.0 264000.0 258230.99676793793 1500.0
264000.0 265000.0 196804.12880395257 0.0
265000.0 266000.0 207241.56351786395 1500.0
266000.0 267000.0 251250.0134613632 0.0
267000.0 268000.0 220884.9684171334 1500.0
268000.0 269000.0 158421.93728526638 0.0
269000.0 270000.0 259225.54009740337 1500.0
270000.0 271000.0 150999.4599025966 0.0
271000.0 272000.0 155704.23515527643 1500.0
272000.0 273000.0 212893.67627076135 0.0
273000.0 274000.0 283767.28569258255 1500.0
274000.0 275000.0 137741.73775783688 0.0
275000.0 276000.0 289486.9857488065 1500.0
276000.0 277000.0 144562.4731483541 0.0
277000.0 278000.0 267544.0839277828 1500.0
278000.0 279000.0 133751.22754486193 0.0
279000.0 280000.0 276809.11015426303 1500.0
280000.0 281000.0 193554.18459947448 0.0
281000.0 282000.0 211868.7103256268 1500.0
282000.0 283000.0 132431.7431696256 0.0
283000.0 284000.0 215991.3599889218 1500.0
284000.0 285000.0 186408.66181169506 0.0
285000.0 286000.0 269453.21340912045 1500.0
286000.0 287000.0 110491.8068451622 0.0
287000.0 288000.0 238271.61892039445 1500.0
288000.0 289000.0 155195.83524994878 0.0
289000.0 290000.0 277737.6521056937 1500.0
290000.0 291000.0 158229.90392742975 0.0
291000.0 292000.0 278468.9984674428 1500.0
292000.0 293000.0 123011.82448687588 0.0
293000.0 294000.0 209825.03650393293 1500.0
294000.0 295000.0 317024.2216672723 1500.0
295000.0 296000.0 412660.9586451033 1500.0
296000.0 297000.0 391409.10207759595 0.0
297000.0 298000.0 309550.5644170539 1500.0
298000.0 299000.0 303644.78798110434 0.0
299000.0 300000.0 262969.64952799206 1500.0
300000.0 301000.0 40963.350472007936 0.0
