ts te s_bytes_all avg_video_rate
0.0 1000.0 0.0 0.0
1000.0 2000.0 0.0 0.0
2000.0 3000.0 0.0 0.0
3000.0 4000.0 0.0 0.0
4000.0 5000.0 0.0 0.0
5000.0 6000.0 0.0 0.0
6000.0 7000.0 0.0 0.0
7000.0 8000.0 13992.250677704387 0.0
8000.0 9000.0 123698.56442639812 840.0
9000.0 10000.0 264989.2964324452 0.0
10000.0 11000.0 166141.95890836813 288.0
11000.0 12000.0 151778.3679879805 288.0
12000.0 13000.0 214759.95407013895 288.0
13000.0 14000.0 168764.5430695935 288.0
14000.0 15000.0 156523.64762409052 288.0
15000.0 16000.0 186696.47226424707 288.0
16000.0 17000.0 178763.3841179115 288.0
17000.0 18000.0 168979.83723741345 288.0
18000.0 19000.0 154201.83575611588 288.0
19000.0 20000.0 158954.37790755456 840.0
20000.0 21000.0 110431.1257126334 0.0
21000.0 22000.0 146835.4612385909 840.0
22000.0 23000.0 176307.14620750304 840.0
23000.0 24000.0 172439.61518002913 0.0
24000.0 25000.0 97019.09936103836 840.0
25000.0 26000.0 132151.89757189612 0.0
26000.0 27000.0 125066.81259990737 840.0
27000.0 28000.0 190084.5865966764 0.0
28000.0 29000.0 210122.53593723426 840.0
29000.0 30000.0 145762.46884066338 0.0
30000.0 31000.0 177498.6559994526 840.0
31000.0 32000.0 147286.10427441337 0.0
32000.0 33000.0 142448.26331918506 840.0
33000.0 34000.0 123336.48467516286 0.0
34000.0 35000.0 175433.7486108811 840.0
35000.0 36000.0 106583.06443956452 0.0
36000.0 37000.0 157676.40592759138 840.0
37000.0 38000.0 172527.418515315 0.0
38000.0 39000.0 144799.86206993833 288.0
39000.0 40000.0 19919.75244236176 0.0
40000.0 41000.0 92947.61577740592 288.0
41000.0 42000.0 35517.384222594075 0.0
42000.0 43000.0 76954.22099112088 288.0
43000.0 44000.0 46747.77900887912 0.0
44000.0 45000.0 71678.16728345316 288.0
45000.0 46000.0 71780.83271654684 0.0
46000.0 47000.0 92437.04446457076 288.0
47000.0 48000.0 77246.229283115 0.0
48000.0 49000.0 87634.72625231426 288.0
49000.0 50000.0 26260.897572364494 0.0
50000.0 51000.0 237897.25417324872 4400.0
51000.0 52000.0 336881.7734940736 0.0
52000.0 53000.0 402534.557113089 4400.0
53000.0 54000.0 430195.0209402943 0.0
54000.0 55000.0 435920.90687699604 0.0
55000.0 56000.0 396366.17040398455 4400.0
56000.0 57000.0 411088.9485772702 0.0
57000.0 58000.0 386586.53315957193 0.0
58000.0 59000.0 386761.59261098504 4400.0
59000.0 60000.0 495016.11956355587 0.0
60000.0 61000.0 462546.09688596433 0.0
61000.0 62000.0 399690.2903032734 4400.0
62000.0 63000.0 457064.61366737174 0.0
63000.0 64000.0 276263.09410775325 1500.0
64000.0 65000.0 277100.1363805069 840.0
65000.0 66000.0 317075.8173664194 840.0
66000.0 67000.0 293208.6940970438 840.0
67000.0 68000.0 458056.6466673583 840.0
68000.0 69000.0 343601.03062845714 840.0
69000.0 70000.0 280591.0964429836 840.0
70000.0 71000.0 120509.70896743421 840.0
71000.0 72000.0 0.0 0.0
72000.0 73000.0 194132.07915293443 840.0
73000.0 74000.0 27480.920847065565 0.0
74000.0 75000.0 249738.97824876566 1500.0
75000.0 76000.0 131747.4949696932 0.0
76000.0 77000.0 278256.6317716808 1500.0
77000.0 78000.0 211699.86215395608 0.0
78000.0 79000.0 81159.0328559043 1500.0
79000.0 80000.0 0.0 0.0
80000.0 81000.0 195699.34219312368 2300.0
81000.0 82000.0 5155.65780687631 0.0
82000.0 83000.0 250820.15860718885 2300.0
83000.0 84000.0 338163.66080352885 0.0
84000.0 85000.0 249644.7396808975 840.0
85000.0 86000.0 57471.72853069655 0.0
86000.0 87000.0 191468.86001675486 840.0
87000.0 88000.0 48785.85236093326 0.0
88000.0 89000.0 214734.49190510163 840.0
89000.0 90000.0 36009.508094898374 0.0
90000.0 91000.0 217147.32906677213 840.0
91000.0 92000.0 37643.67093322789 0.0
92000.0 93000.0 204327.29167842717 840.0
93000.0 94000.0 28281.708321572853 0.0
94000.0 95000.0 238766.76477999907 840.0
95000.0 96000.0 211438.9960320427 0.0
96000.0 97000.0 38614.23918795824 0.0
97000.0 98000.0 0.0 0.0
98000.0 99000.0 224320.03285379306 840.0
99000.0 100000.0 13134.96714620693 0.0
100000.0 101000.0 218076.6668824341 840.0
101000.0 102000.0 207397.81937144866 0.0
102000.0 103000.0 256394.1583610289 840.0
103000.0 104000.0 56774.35538508836 0.0
104000.0 105000.0 202023.72413884205 840.0
105000.0 106000.0 35912.27586115797 0.0
106000.0 107000.0 213232.12045113076 2300.0
107000.0 108000.0 326637.5185451021 0.0
108000.0 109000.0 286479.64308518986 1500.0
109000.0 110000.0 174607.262502634 0.0
110000.0 111000.0 279824.41851600143 1500.0
111000.0 112000.0 111610.4163367277 0.0
112000.0 113000.0 299039.4308517144 1500.0
113000.0 114000.0 135893.64130685767 0.0
114000.0 115000.0 248986.76936723755 1500.0
115000.0 116000.0 141893.8037055434 0.0
116000.0 117000.0 258620.46577852374 1500.0
117000.0 118000.0 100326.6851116333 0.0
118000.0 119000.0 250370.93177187612 1500.0
119000.0 120000.0 221471.0142599344 0.0
120000.0 121000.0 240420.28042407398 1500.0
121000.0 122000.0 191402.32909515576 0.0
122000.0 123000.0 137659.1355119234 1500.0
123000.0 124000.0 186352.5217876326 0.0
124000.0 125000.0 187616.3365638755 1500.0
125000.0 126000.0 256600.0166333236 0.0
126000.0 127000.0 238820.21082870208 1500.0
127000.0 128000.0 186950.04756520677 0.0
128000.0 129000.0 254131.96340356383 1500.0
129000.0 130000.0 81377.38147575148 0.0
130000.0 131000.0 284599.4686992352 1500.0
131000.0 132000.0 142971.26392073376 0.0
132000.0 133000.0 287524.254823608 1500.0
133000.0 134000.0 178012.52161585592 0.0
134000.0 135000.0 303925.18920377217 1500.0
135000.0 136000.0 110738.35003691449 0.0
136000.0 137000.0 246853.0869019965 1500.0
137000.0 138000.0 190252.44373752238 0.0
138000.0 139000.0 214758.53573113235 1500.0
139000.0 140000.0 170100.6128460018 0.0
140000.0 141000.0 175964.7175369339 1500.0
141000.0 142000.0 275152.01239676704 0.0
142000.0 143000.0 215054.8787441721 1500.0
143000.0 144000.0 182011.31892603904 0.0
144000.0 145000.0 308417.62277982256 1500.0
145000.0 146000.0 105541.40951501863 0.0
146000.0 147000.0 297472.37003066984 1500.0
147000.0 148000.0 80460.38646973147 0.0
148000.0 149000.0 296352.7379944493 1500.0
149000.0 150000.0 297603.58177180146 1500.0
150000.0 151000.0 300934.50766847824 1500.0
151000.0 152000.0 249297.69027183572 0.0
152000.0 153000.0 285585.5644001654 1500.0
153000.0 154000.0 229694.5970068329 0.0
154000.0 155000.0 207799.79760702356 1500.0
155000.0 156000.0 156119.98745789006 0.0
156000.0 157000.0 230312.62488599622 1500.0
157000.0 158000.0 146595.48031797414 0.0
158000.0 159000.0 286174.00895249296 1500.0
159000.0 160000.0 122462.47519916593 0.0
160000.0 161000.0 304690.44133297063 1500.0
161000.0 162000.0 148771.2539864647 0.0
162000.0 163000.0 292254.33893014485 1500.0
163000.0 164000.0 116468.94466383097 0.0
164000.0 165000.0 267363.046322064 1500.0
165000.0 166000.0 133249.0514972505 0.0
166000.0 167000.0 245609.7970978221 1500.0
167000.0 168000.0 213887.2335980954 0.0
168000.0 169000.0 207455.66270965303 1500.0
169000.0 170000.0 130067.83205345541 0.0
170000.0 171000.0 212257.1745854842 1500.0
171000.0 172000.0 174711.49418975812 0.0
172000.0 173000.0 178333.06935853636 1500.0
173000.0 174000.0 250709.8767529882 0.0
174000.0 175000.0 167822.6701104023 1500.0
175000.0 176000.0 247018.2669916839 0.0
176000.0 177000.0 124626.9700000326 1500.0
177000.0 178000.0 217777.0334900144 0.0
178000.0 179000.0 286875.9948526644 1500.0
179000.0 180000.0 137124.42749212417 0.0
180000.0 181000.0 253259.4554013739 1500.0
181000.0 182000.0 149502.22197843896 0.0
182000.0 183000.0 294354.2338305432 1500.0
183000.0 184000.0 137648.61751951335 0.0
184000.0 185000.0 231031.63355314932 1500.0
185000.0 186000.0 173869.07540797384 0.0
186000.0 187000.0 266652.0765483731 1500.0
187000.0 188000.0 141389.7321532036 0.0
188000.0 189000.0 283578.9188507283 1500.0
189000.0 190000.0 98198.8898043186 0.0
190000.0 191000.0 291740.8393366908 1500.0
191000.0 192000.0 172415.07256653858 0.0
192000.0 193000.0 293072.6311115924 1500.0
193000.0 194000.0 128166.32408660637 0.0
194000.0 195000.0 218848.68662220152 1500.0
195000.0 196000.0 393953.16292294627 1500.0
196000.0 197000.0 336836.2263386982 1500.0
197000.0 198000.0 298959.0210045116 0.0
198000.0 199000.0 130746.23264242642 1500.0
199000.0 200000.0 318952.4248665694 0.0
200000.0 201000.0 195463.86315352542 1500.0
201000.0 202000.0 185123.23795528823 0.0
202000.0 203000.0 2912.0 0.0
203000.0 204000.0 0.0 0.0
204000.0 205000.0 255866.36918449684 1500.0
205000.0 206000.0 347676.5264964786 1500.0
206000.0 207000.0 337863.0436779588 1500.0
207000.0 208000.0 201838.5955888605 0.0
208000.0 209000.0 258890.53662646376 1500.0
209000.0 210000.0 243503.0960173619 0.0
210000.0 211000.0 240259.32879423312 1500.0
211000.0 212000.0 156334.40895252407 0.0
212000.0 213000.0 131494.61070911353 1500.0
213000.0 214000.0 246170.48395250895 0.0
214000.0 215000.0 273592.76430406177 1500.0
215000.0 216000.0 107060.21472457852 0.0
216000.0 217000.0 271427.23977351753 1500.0
217000.0 218000.0 144643.24032498422 0.0
218000.0 219000.0 265910.6911796538 1500.0
219000.0 220000.0 143128.69641821692 0.0
220000.0 221000.0 261274.3972313351 1500.0
221000.0 222000.0 144344.15336018233 0.0
222000.0 223000.0 207772.3054629927 1500.0
223000.0 224000.0 204788.86357031253 0.0
224000.0 225000.0 266161.9037608581 1500.0
225000.0 226000.0 162474.58658356505 0.0
226000.0 227000.0 238659.77864572214 1500.0
227000.0 228000.0 193074.9034995735 0.0
228000.0 229000.0 232147.08225584036 1500.0
229000.0 230000.0 210064.17338422616 0.0
230000.0 231000.0 183841.7921328728 1500.0
231000.0 232000.0 216021.40038788502 0.0
232000.0 233000.0 165298.11078492686 1500.0
233000.0 234000.0 288563.6613362382 0.0
234000.0 235000.0 219613.31116728246 1500.0
235000.0 236000.0 192406.72971117398 0.0
236000.0 237000.0 241899.42919401196 1500.0
237000.0 238000.0 149544.57080598804 0.0
238000.0 239000.0 216557.5081889579 1500.0
239000.0 240000.0 159279.51989029895 0.0
240000.0 241000.0 321420.5716965849 1500.0
241000.0 242000.0 117307.40022415819 0.0
242000.0 243000.0 173602.51852235617 1500.0
243000.0 244000.0 263308.7362125788 1500.0
244000.0 245000.0 335794.49409145373 1500.0
245000.0 246000.0 405783.04971370345 0.0
246000.0 247000.0 100278.84841758343 1500.0
247000.0 248000.0 321812.70072768413 0.0
248000.0 249000.0 241356.57258897834 1500.0
249000.0 250000.0 157915.82491239774 0.0
250000.0 251000.0 264970.6116948236 1500.0
251000.0 252000.0 159803.16464004767 0.0
252000.0 253000.0 131549.49797524387 1500.0
253000.0 254000.0 243959.57291658383 0.0
254000.0 255000.0 251938.6062967951 1500.0
255000.0 256000.0 195366.80128977017 0.0
256000.0 257000.0 17334.14425086241 1500.0
257000.0 258000.0 316339.77497192094 0.0
258000.0 259000.0 292919.168196966 1500.0
259000.0 260000.0 163250.97635126382 0.0
260000.0 261000.0 237215.09906380388 1500.0
261000.0 262000.0 158364.83716518298 0.0
262000.0 263000.0 261968.6147076436 1500.0
263000.0 264000.0 184975.3852923564 0.0
264000.0 265000.0 200839.88115899672 1500.0
265000.0 266000.0 174412.8025560225 0.0
266000.0 267000.0 262808.26581811556 1500.0
267000.0 268000.0 137396.31827012086 0.0
268000.0 269000.0 239747.19587724586 1500.0
269000.0 270000.0 154967.41610332462 0.0
270000.0 271000.0 308220.8024414856 1500.0
271000.0 272000.0 104205.04724960495 0.0
272000.0 273000.0 218741.907570272 1500.0
273000.0 274000.0 191901.86302549415 0.0
274000.0 275000.0 192219.3289753304 1500.0
275000.0 276000.0 237794.62527792522 0.0
276000.0 277000.0 220243.27050428867 1500.0
277000.0 278000.0 151387.27517177296 0.0
278000.0 279000.0 223753.06025721002 1500.0
279000.0 280000.0 188002.77766892762 0.0
280000.0 281000.0 63920.07330400217 0.0
281000.0 282000.0 197614.45567143994 1500.0
282000.0 283000.0 315833.06880518445 1500.0
283000.0 284000.0 166191.67907735004 0.0
284000.0 285000.0 242629.5318581423 840.0
285000.0 286000.0 93609.35335774344 0.0
286000.0 287000.0 170517.18192097684 840.0
287000.0 288000.0 64519.419832259984 0.0
288000.0 289000.0 145774.03898627832 840.0
289000.0 290000.0 89771.80858306146 0.0
290000.0 291000.0 174911.76478316906 840.0
291000.0 292000.0 237720.96219817572 840.0
292000.0 293000.0 38290.8236960786 840.0
293000.0 294000.0 0.0 0.0
294000.0 295000.0 194352.34626453737 840.0
295000.0 296000.0 35002.653735462634 0.0
296000.0 297000.0 336603.2081361267 3000.0
297000.0 298000.0 420909.4676462397 0.0
298000.0 299000.0 299381.2648114583 840.0
299000.0 300000.0 224539.28008557385 840.0
300000.0 301000.0 65921.77932060152 0.0
