ts te s_bytes_all avg_video_rate
0.0 1000.0 0.0 0.0
1000.0 2000.0 0.0 0.0
2000.0 3000.0 0.0 0.0
3000.0 4000.0 0.0 0.0
4000.0 5000.0 0.0 0.0
5000.0 6000.0 0.0 0.0
6000.0 7000.0 19783.562717847923 0.0
7000.0 8000.0 194194.38537949335 288.0
8000.0 9000.0 196567.6387145348 288.0
9000.0 10000.0 261075.4227983734 840.0
10000.0 11000.0 192358.8177542681 840.0
11000.0 12000.0 431997.7071916782 840.0
12000.0 13000.0 265554.3785686172 840.0
13000.0 14000.0 142368.0868751871 840.0
14000.0 15000.0 98247.80071419771 0.0
15000.0 16000.0 190130.1992858023 840.0
16000.0 17000.0 0.0 0.0
17000.0 18000.0 250716.08021372822 1500.0
18000.0 19000.0 148644.80265394817 0.0
19000.0 20000.0 354415.2424964207 3000.0
20000.0 21000.0 355910.09091692074 0.0
21000.0 22000.0 306814.76913945057 1500.0
22000.0 23000.0 73360.30238912531 0.0
23000.0 24000.0 176953.1002375041 1500.0
24000.0 25000.0 244078.23307284358 0.0
25000.0 26000.0 171535.65162233595 1500.0
26000.0 27000.0 207744.72725772273 0.0
27000.0 28000.0 308378.12051609065 1500.0
28000.0 29000.0 102467.87303955294 0.0
29000.0 30000.0 315852.3684129009 1500.0
30000.0 31000.0 394592.113557764 1500.0
31000.0 32000.0 404416.70390597923 1500.0
32000.0 33000.0 95319.51782262634 0.0
33000.0 34000.0 280666.1146740817 1500.0
34000.0 35000.0 115064.36080899226 0.0
35000.0 36000.0 341289.256675253 2300.0
36000.0 37000.0 240982.00139317353 0.0
37000.0 38000.0 284459.0794997477 2300.0
38000.0 39000.0 293518.6038882941 0.0
39000.0 40000.0 348333.78578947077 2300.0
40000.0 41000.0 293316.29483258526 0.0
41000.0 42000.0 282189.6523709771 2300.0
42000.0 43000.0 279498.8834970903 0.0
43000.0 44000.0 363216.1771003315 2300.0
44000.0 45000.0 277311.4250527132 0.0
45000.0 46000.0 290946.7873638099 2300.0
46000.0 47000.0 222432.06760797038 0.0
47000.0 48000.0 350198.680904205 2300.0
48000.0 49000.0 302952.08278135385 0.0
49000.0 50000.0 376101.89436132147 2300.0
50000.0 51000.0 238365.1186395312 0.0
51000.0 52000.0 346749.01640564646 2300.0
52000.0 53000.0 257927.43626913946 0.0
53000.0 54000.0 266763.0850467419 2300.0
54000.0 55000.0 311356.0133252781 0.0
55000.0 56000.0 229086.34809209305 2300.0
56000.0 57000.0 381901.0955920167 0.0
57000.0 58000.0 228211.56821305104 2300.0
58000.0 59000.0 355546.78342931025 0.0
59000.0 60000.0 287095.31723187066 2300.0
60000.0 61000.0 358749.82805713103 0.0
61000.0 62000.0 349123.3863357102 1500.0
62000.0 63000.0 42060.15750619493 0.0
63000.0 64000.0 324672.4934256625 1500.0
64000.0 65000.0 120720.75471174104 0.0
65000.0 66000.0 239391.594299324 1500.0
66000.0 67000.0 140929.0921415636 0.0
67000.0 68000.0 286755.08395656804 1500.0
68000.0 69000.0 104817.51576089086 0.0
69000.0 70000.0 289096.7899204437 1500.0
70000.0 71000.0 110681.77562641466 0.0
71000.0 72000.0 252993.7449129175 1500.0
72000.0 73000.0 161042.392255899 0.0
73000.0 74000.0 291565.92869523953 1500.0
74000.0 75000.0 109804.81312196198 0.0
75000.0 76000.0 253890.1413075892 1500.0
76000.0 77000.0 392836.1120682419 1500.0
77000.0 78000.0 312843.37727597065 1500.0
78000.0 79000.0 232226.48367865887 0.0
79000.0 80000.0 246243.40787316914 1500.0
80000.0 81000.0 222015.86538752652 0.0
81000.0 82000.0 281261.9207527122 1500.0
82000.0 83000.0 110010.68546712665 0.0
83000.0 84000.0 327744.1785410381 2300.0
84000.0 85000.0 246298.98049308063 0.0
85000.0 86000.0 354898.250582901 2300.0
86000.0 87000.0 258258.41667800522 0.0
87000.0 88000.0 352485.47081816266 2300.0
88000.0 89000.0 224739.95911918924 0.0
89000.0 90000.0 311952.9918151778 2300.0
90000.0 91000.0 325638.18559620454 0.0
91000.0 92000.0 260913.4534742207 2300.0
92000.0 93000.0 312492.4433834254 0.0
93000.0 94000.0 360149.9293629689 2300.0
94000.0 95000.0 292900.08922284027 0.0
95000.0 96000.0 315969.053449423 2300.0
96000.0 97000.0 284713.39729548455 0.0
97000.0 98000.0 299045.4351538427 2300.0
98000.0 99000.0 300867.1278379954 0.0
99000.0 100000.0 328276.9824985012 2300.0
100000.0 101000.0 271492.5479872249 0.0
101000.0 102000.0 271743.5818294749 2300.0
102000.0 103000.0 320376.15992418124 0.0
103000.0 104000.0 279180.23892328184 2300.0
104000.0 105000.0 365850.9610680674 0.0
105000.0 106000.0 246867.57211726657 2300.0
106000.0 107000.0 349489.30164620443 0.0
107000.0 108000.0 275965.62520342274 2300.0
108000.0 109000.0 314988.1647118046 0.0
109000.0 110000.0 357643.9974604284 2300.0
110000.0 111000.0 321061.4187749947 0.0
111000.0 112000.0 290889.7756293061 1500.0
112000.0 113000.0 74660.58264967822 0.0
113000.0 114000.0 331091.2072114312 1500.0
114000.0 115000.0 68994.13025721324 0.0
115000.0 116000.0 336554.72200499795 1500.0
116000.0 117000.0 59771.13961939505 0.0
117000.0 118000.0 1162.5550195436501 0.0
118000.0 119000.0 198880.7467224832 1500.0
119000.0 120000.0 244378.23501934033 1500.0
120000.0 121000.0 365863.98318413534 0.0
121000.0 122000.0 272128.2204676642 1500.0
122000.0 123000.0 187583.81460637695 0.0
123000.0 124000.0 89460.42005171739 1500.0
124000.0 125000.0 349790.3594220987 1500.0
125000.0 126000.0 337142.94023485185 1500.0
126000.0 127000.0 437002.2976445644 0.0
127000.0 128000.0 251029.94898599724 1500.0
128000.0 129000.0 215378.4121329898 0.0
129000.0 130000.0 265198.1202790959 1500.0
130000.0 131000.0 147640.56638765766 0.0
131000.0 132000.0 270368.97476462816 2300.0
132000.0 133000.0 293093.06130948174 0.0
133000.0 134000.0 314532.9944794893 2300.0
134000.0 135000.0 266822.26050414843 0.0
135000.0 136000.0 243424.5621911061 2300.0
136000.0 137000.0 338844.9483294688 0.0
137000.0 138000.0 279079.74919485673 2300.0
138000.0 139000.0 330216.96931022423 0.0
139000.0 140000.0 250185.79992153635 2300.0
140000.0 141000.0 354929.2109071498 0.0
141000.0 142000.0 287352.08544252906 2300.0
142000.0 143000.0 358286.8084381754 0.0
143000.0 144000.0 294099.48954311456 2300.0
144000.0 145000.0 322506.97024438664 0.0
145000.0 146000.0 319617.9313823908 2300.0
146000.0 147000.0 331593.57086424204 0.0
147000.0 148000.0 259315.39128447283 1500.0
148000.0 149000.0 160431.73069061976 0.0
149000.0 150000.0 249725.99636913114 1500.0
150000.0 151000.0 212215.7538852358 0.0
151000.0 152000.0 237179.8001691167 1500.0
152000.0 153000.0 120462.8756355228 0.0
153000.0 154000.0 273485.52681747114 1500.0
154000.0 155000.0 130982.47318252886 0.0
155000.0 156000.0 222846.87035577392 1500.0
156000.0 157000.0 180409.12964422608 0.0
157000.0 158000.0 271879.30407314486 1500.0
158000.0 159000.0 126453.61597043241 0.0
159000.0 160000.0 234719.3573747059 1500.0
160000.0 161000.0 156410.26960267455 0.0
161000.0 162000.0 287563.1930789174 1500.0
162000.0 163000.0 117094.56989776845 0.0
163000.0 164000.0 293132.11372788594 1500.0
164000.0 165000.0 105027.79722398787 0.0
165000.0 166000.0 282933.5518261052 1500.0
166000.0 167000.0 109422.51083311178 0.0
167000.0 168000.0 268625.5451337133 1500.0
168000.0 169000.0 126691.43197527576 0.0
169000.0 170000.0 278076.3635531358 1500.0
170000.0 171000.0 94060.02266488469 0.0
171000.0 172000.0 261978.91863550298 1500.0
172000.0 173000.0 198708.5502517774 0.0
173000.0 174000.0 340672.2432928005 1500.0
174000.0 175000.0 335802.13958884217 0.0
175000.0 176000.0 255198.5595055715 1500.0
176000.0 177000.0 168203.94178976165 0.0
177000.0 178000.0 254038.7850234976 1500.0
178000.0 179000.0 135021.10852677136 0.0
179000.0 180000.0 237944.69077360298 2300.0
180000.0 181000.0 343003.51939034136 0.0
181000.0 182000.0 237782.70096566164 2300.0
182000.0 183000.0 358496.49847803224 0.0
183000.0 184000.0 292026.9300986212 2300.0
184000.0 185000.0 296398.6968285484 0.0
185000.0 186000.0 363304.4667106589 2300.0
186000.0 187000.0 212994.84969131713 0.0
187000.0 188000.0 333619.4050618517 2300.0
188000.0 189000.0 139483.70090921904 0.0
189000.0 190000.0 276852.1985421702 2300.0
190000.0 191000.0 326201.0287857173 0.0
191000.0 192000.0 318833.9149541834 2300.0
192000.0 193000.0 255329.54644680585 0.0
193000.0 194000.0 285009.46422153944 2300.0
194000.0 195000.0 239460.83164972486 0.0
195000.0 196000.0 261507.0224173247 2300.0
196000.0 197000.0 286613.28040248743 0.0
197000.0 198000.0 265902.9924665408 2300.0
198000.0 199000.0 368857.4494406475 0.0
199000.0 200000.0 116451.91821473482 0.0
200000.0 201000.0 184228.2413107579 1500.0
201000.0 202000.0 213846.0481766499 1500.0
202000.0 203000.0 373535.8810607492 0.0
203000.0 204000.0 291144.4717945457 1500.0
204000.0 205000.0 83099.2165573822 0.0
205000.0 206000.0 263189.7668588032 1500.0
206000.0 207000.0 120515.14418530489 0.0
207000.0 208000.0 289562.6465513145 1500.0
208000.0 209000.0 113839.32433093258 0.0
209000.0 210000.0 287105.96118120605 1500.0
210000.0 211000.0 77782.7889386292 0.0
211000.0 212000.0 288816.08117836947 1500.0
212000.0 213000.0 40354.89952756653 0.0
213000.0 214000.0 289597.85809478513 1500.0
214000.0 215000.0 108349.61551538314 0.0
215000.0 216000.0 305107.4155636407 1500.0
216000.0 217000.0 151324.22494565594 0.0
217000.0 218000.0 287552.4459692303 1500.0
218000.0 219000.0 151227.49329545835 0.0
219000.0 220000.0 241338.88167025117 1500.0
220000.0 221000.0 137259.59329338398 0.0
221000.0 222000.0 244765.69288883067 1500.0
222000.0 223000.0 336215.57624218275 1500.0
223000.0 224000.0 318865.7734920126 1500.0
224000.0 225000.0 182345.9995432099 0.0
225000.0 226000.0 299931.2801821741 1500.0
226000.0 227000.0 90035.89847646191 0.0
227000.0 228000.0 300313.95815019775 2300.0
228000.0 229000.0 345140.2621812612 0.0
229000.0 230000.0 214223.55884366905 2300.0
230000.0 231000.0 382218.49068350246 0.0
231000.0 232000.0 282065.31322956696 2300.0
232000.0 233000.0 277119.1960869306 0.0
233000.0 234000.0 297202.4528811389 2300.0
234000.0 235000.0 244915.0163662411 0.0
235000.0 236000.0 352190.2264628602 2300.0
236000.0 237000.0 190520.88894816607 0.0
237000.0 238000.0 307848.29215505876 2300.0
238000.0 239000.0 274733.539316279 0.0
239000.0 240000.0 289592.56595792307 2300.0
240000.0 241000.0 228838.3068656749 0.0
241000.0 242000.0 267011.3522886861 2300.0
242000.0 243000.0 275327.4175991085 0.0
243000.0 244000.0 179216.32558132632 0.0
244000.0 245000.0 213806.74446665274 840.0
245000.0 246000.0 272320.8684480426 840.0
246000.0 247000.0 12116.002662841858 0.0
247000.0 248000.0 211150.0 840.0
248000.0 249000.0 0.0 0.0
249000.0 250000.0 298774.32192046696 1500.0
250000.0 251000.0 129593.45255621299 0.0
251000.0 252000.0 332347.8299025907 1500.0
252000.0 253000.0 83428.47217647015 0.0
253000.0 254000.0 288229.14470343967 1500.0
254000.0 255000.0 103344.51669690493 0.0
255000.0 256000.0 275179.0006986116 1500.0
256000.0 257000.0 126415.54070723956 0.0
257000.0 258000.0 267515.7166486239 1500.0
258000.0 259000.0 163520.02194523008 0.0
259000.0 260000.0 215136.12635983207 1500.0
260000.0 261000.0 144899.72783707525 0.0
261000.0 262000.0 272397.2396198866 1500.0
262000.0 263000.0 164989.34574432118 0.0
263000.0 264000.0 235027.92424606203 2300.0
264000.0 265000.0 323152.93727388885 0.0
265000.0 266000.0 238349.9332636919 1500.0
266000.0 267000.0 201622.74769945155 0.0
267000.0 268000.0 298241.16425972956 1500.0
268000.0 269000.0 384367.8875168063 1500.0
269000.0 270000.0 286569.88641151786 1500.0
270000.0 271000.0 330468.9575839851 0.0
271000.0 272000.0 282390.22638093133 1500.0
272000.0 273000.0 129576.06011090879 0.0
273000.0 274000.0 252756.28584614352 2300.0
274000.0 275000.0 285940.88364970917 0.0
275000.0 276000.0 319284.3288200165 2300.0
276000.0 277000.0 262680.50333065476 0.0
277000.0 278000.0 313172.07018775714 2300.0
278000.0 279000.0 327853.61974096956 0.0
279000.0 280000.0 321777.4725813171 2300.0
280000.0 281000.0 252942.64497827392 0.0
281000.0 282000.0 292718.886543731 2300.0
282000.0 283000.0 240635.3386153179 0.0
283000.0 284000.0 296028.4922073449 2300.0
284000.0 285000.0 268937.97878934944 0.0
285000.0 286000.0 336405.72752836917 2300.0
286000.0 287000.0 227179.2461200898 0.0
287000.0 288000.0 280753.551443418 2300.0
288000.0 289000.0 210553.3864963651 0.0
289000.0 290000.0 360475.9129539188 2300.0
290000.0 291000.0 253201.25273550302 0.0
291000.0 292000.0 287966.80436544114 2300.0
292000.0 293000.0 248184.74911697072 0.0
293000.0 294000.0 314405.4943046187 2300.0
294000.0 295000.0 212988.3389392063 0.0
295000.0 296000.0 312470.7516022608 2300.0
296000.0 297000.0 277690.6442326756 0.0
297000.0 298000.0 367060.0944403163 2300.0
298000.0 299000.0 192232.46092300222 0.0
299000.0 300000.0 343483.9303851834 2300.0
300000.0 301000.0 53296.96685819701 0.0
