ts te s_bytes_all avg_video_rate
0.0 1000.0 0.0 0.0
1000.0 2000.0 0.0 0.0
2000.0 3000.0 0.0 0.0
3000.0 4000.0 0.0 0.0
4000.0 5000.0 0.0 0.0
5000.0 6000.0 0.0 0.0
6000.0 7000.0 176582.99084279384 480.0
7000.0 8000.0 292459.2852147873 480.0
8000.0 9000.0 265164.17082410393 480.0
9000.0 10000.0 324270.12398133846 480.0
10000.0 11000.0 112552.42913697645 0.0
11000.0 12000.0 7013.76245832108 0.0
12000.0 13000.0 9925.23754167892 0.0
13000.0 14000.0 7512.300159668499 0.0
14000.0 15000.0 23650.746993024874 0.0
15000.0 16000.0 237126.90234539867 480.0
16000.0 17000.0 32322.852342594444 0.0
17000.0 18000.0 12233.590756167989 0.0
18000.0 19000.0 12894.350758876577 0.0
19000.0 20000.0 10131.132848772593 0.0
20000.0 21000.0 12980.951927430424 0.0
21000.0 22000.0 56799.858330112926 288.0
22000.0 23000.0 162716.40048952232 288.0
23000.0 24000.0 223374.56459637897 288.0
24000.0 25000.0 69755.63970011669 288.0
25000.0 26000.0 45374.708751935024 0.0
26000.0 27000.0 18156.440379645617 840.0
27000.0 28000.0 170256.55962035438 0.0
28000.0 29000.0 24988.942746482673 840.0
29000.0 30000.0 177240.37640748703 0.0
30000.0 31000.0 43210.86658880283 840.0
31000.0 32000.0 173304.81425722747 0.0
32000.0 33000.0 42587.497528090615 840.0
33000.0 34000.0 163104.50247190936 0.0
34000.0 35000.0 190418.96408309677 1500.0
35000.0 36000.0 225077.67650578095 0.0
36000.0 37000.0 170165.73639454006 1500.0
37000.0 38000.0 242524.12854764186 0.0
38000.0 39000.0 215946.59531312215 1500.0
39000.0 40000.0 169497.51574158084 0.0
40000.0 41000.0 214116.42596683017 1500.0
41000.0 42000.0 194751.95744740716 0.0
42000.0 43000.0 215377.26785581632 1500.0
43000.0 44000.0 166447.78575902825 0.0
44000.0 45000.0 231123.82443158515 1500.0
45000.0 46000.0 151563.2872077286 0.0
46000.0 47000.0 225392.12924205424 1500.0
47000.0 48000.0 170863.0442502899 0.0
48000.0 49000.0 240238.81228061393 1500.0
49000.0 50000.0 222955.76300603562 1500.0
50000.0 51000.0 306074.60609421803 0.0
51000.0 52000.0 76296.48707406656 1500.0
52000.0 53000.0 351751.39908509306 0.0
53000.0 54000.0 75394.9079206595 1500.0
54000.0 55000.0 349363.0845495298 0.0
55000.0 56000.0 101605.4740662418 1500.0
56000.0 57000.0 343786.1966577589 0.0
57000.0 58000.0 32113.451565011208 1500.0
58000.0 59000.0 385381.906726617 0.0
59000.0 60000.0 199246.96451971828 1500.0
60000.0 61000.0 279746.4531127051 0.0
61000.0 62000.0 200670.57000111174 1500.0
62000.0 63000.0 193321.89895233736 0.0
63000.0 64000.0 173163.59460177275 1500.0
64000.0 65000.0 257066.0488758843 0.0
65000.0 66000.0 180319.3249405967 1500.0
66000.0 67000.0 237534.4552264039 0.0
67000.0 68000.0 225872.6914256446 1500.0
68000.0 69000.0 210047.16261576884 0.0
69000.0 70000.0 181546.21825780827 1500.0
70000.0 71000.0 202275.13489130943 0.0
71000.0 72000.0 175330.33350665722 1500.0
72000.0 73000.0 307042.68423582276 1500.0
73000.0 74000.0 321818.6877573452 0.0
74000.0 75000.0 49137.3493067658 0.0
75000.0 76000.0 222248.27657038323 1500.0
76000.0 77000.0 234093.88258533037 2300.0
77000.0 78000.0 352580.2706338553 0.0
78000.0 79000.0 260467.57021043115 2300.0
79000.0 80000.0 323279.782578849 0.0
80000.0 81000.0 369893.96189616737 2300.0
81000.0 82000.0 273767.0000164519 0.0
82000.0 83000.0 310646.69149053865 2300.0
83000.0 84000.0 413671.4062704544 0.0
84000.0 85000.0 367024.0732701168 2300.0
85000.0 86000.0 319517.6300680931 0.0
86000.0 87000.0 302941.38382293034 2300.0
87000.0 88000.0 314305.9341924791 0.0
88000.0 89000.0 356212.99425998353 2300.0
89000.0 90000.0 294545.7252162043 0.0
90000.0 91000.0 291908.0754786682 2300.0
91000.0 92000.0 333104.8093343094 0.0
92000.0 93000.0 403234.05393177184 2300.0
93000.0 94000.0 313086.5048760026 0.0
94000.0 95000.0 229722.88028486693 2300.0
95000.0 96000.0 306230.5478160386 0.0
96000.0 97000.0 384832.4698469246 2300.0
97000.0 98000.0 325469.91796281683 2300.0
98000.0 99000.0 358589.07896342356 0.0
99000.0 100000.0 242107.23745638147 2300.0
100000.0 101000.0 337374.0673854176 0.0
101000.0 102000.0 358874.3754597215 2300.0
102000.0 103000.0 323187.00327699515 0.0
103000.0 104000.0 123958.26720212876 2300.0
104000.0 105000.0 314886.22513049986 0.0
105000.0 106000.0 196919.20015829295 2300.0
106000.0 107000.0 354100.24167356314 0.0
107000.0 108000.0 291496.0091053135 2300.0
108000.0 109000.0 401454.958648592 0.0
109000.0 110000.0 201608.75872925264 2300.0
110000.0 111000.0 402267.9758844837 0.0
111000.0 112000.0 76809.75831226654 0.0
112000.0 113000.0 167396.56905271456 2300.0
113000.0 114000.0 343052.4098469451 0.0
114000.0 115000.0 422523.8347161979 2300.0
115000.0 116000.0 315914.80006999255 0.0
116000.0 117000.0 364005.1118345512 2300.0
117000.0 118000.0 250750.2744795986 0.0
118000.0 119000.0 167733.31114789104 2300.0
119000.0 120000.0 361575.593697278 0.0
120000.0 121000.0 404867.59848557704 2300.0
121000.0 122000.0 391742.78917303856 0.0
122000.0 123000.0 245859.94093689925 2300.0
123000.0 124000.0 254609.88895863382 0.0
124000.0 125000.0 337710.76483429596 2300.0
125000.0 126000.0 324031.14608154935 0.0
126000.0 127000.0 382768.53044116165 2300.0
127000.0 128000.0 342903.9645253542 0.0
128000.0 129000.0 249996.3765743016 2300.0
129000.0 130000.0 281899.9969312438 0.0
130000.0 131000.0 416860.0100064461 2300.0
131000.0 132000.0 284544.3863086954 0.0
132000.0 133000.0 352544.4754569305 2300.0
133000.0 134000.0 327826.18008861184 0.0
134000.0 135000.0 315677.3387957985 2300.0
135000.0 136000.0 341993.9882418462 0.0
136000.0 137000.0 257666.97796775575 2300.0
137000.0 138000.0 315519.1641944975 0.0
138000.0 139000.0 309639.9840603806 2300.0
139000.0 140000.0 330102.27263027965 0.0
140000.0 141000.0 271486.53118362266 2300.0
141000.0 142000.0 337808.0011187615 2300.0
142000.0 143000.0 381494.73201577395 0.0
143000.0 144000.0 307391.25610473024 2300.0
144000.0 145000.0 386601.57663825806 0.0
145000.0 146000.0 389969.3276215452 2300.0
146000.0 147000.0 422685.72932434897 0.0
147000.0 148000.0 340232.0713893269 2300.0
148000.0 149000.0 316648.09506516607 2300.0
149000.0 150000.0 391149.020610977 0.0
150000.0 151000.0 338118.66781481693 2300.0
151000.0 152000.0 406886.2367536788 0.0
152000.0 153000.0 411268.8026258205 2300.0
153000.0 154000.0 323323.3743627228 2300.0
154000.0 155000.0 397089.09956764785 0.0
155000.0 156000.0 370338.24017014296 2300.0
156000.0 157000.0 317350.219679829 0.0
157000.0 158000.0 440460.3662394525 2300.0
158000.0 159000.0 327554.3404449896 0.0
159000.0 160000.0 331475.5043882538 2300.0
160000.0 161000.0 303032.8753035457 0.0
161000.0 162000.0 259698.1786491984 2300.0
162000.0 163000.0 358990.02150060947 0.0
163000.0 164000.0 296290.13894908206 2300.0
164000.0 165000.0 339285.4413942537 0.0
165000.0 166000.0 367388.45770506136 2300.0
166000.0 167000.0 352014.7713630399 0.0
167000.0 168000.0 366042.9630777597 2300.0
168000.0 169000.0 311200.41695246816 2300.0
169000.0 170000.0 272412.90834871377 0.0
170000.0 171000.0 220821.77213279982 0.0
171000.0 172000.0 229222.91093761928 2300.0
172000.0 173000.0 376965.84721740126 0.0
173000.0 174000.0 386439.5170938649 2300.0
174000.0 175000.0 344043.6551679496 2300.0
175000.0 176000.0 49143.119093232905 0.0
176000.0 177000.0 422421.7534647216 0.0
177000.0 178000.0 383513.61887987365 2300.0
178000.0 179000.0 318411.9130895634 0.0
179000.0 180000.0 430428.43012932816 2300.0
180000.0 181000.0 319288.6587513476 0.0
181000.0 182000.0 340241.3099642062 2300.0
182000.0 183000.0 357912.83834656636 2300.0
183000.0 184000.0 358586.3561861065 0.0
184000.0 185000.0 226492.42443393287 2300.0
185000.0 186000.0 297486.4253746399 0.0
186000.0 187000.0 326700.7603420856 2300.0
187000.0 188000.0 304043.85134522716 0.0
188000.0 189000.0 432801.64450223185 2300.0
189000.0 190000.0 311359.47317751567 0.0
190000.0 191000.0 387878.13993455074 2300.0
191000.0 192000.0 274535.39247154415 0.0
192000.0 193000.0 200129.10477107746 2300.0
193000.0 194000.0 356347.33342385554 0.0
194000.0 195000.0 350413.39615864435 2300.0
195000.0 196000.0 281855.39085862576 2300.0
196000.0 197000.0 325395.82547941426 0.0
197000.0 198000.0 204240.41817553164 2300.0
198000.0 199000.0 374334.04168218817 0.0
199000.0 200000.0 308737.28921579866 2300.0
200000.0 201000.0 385917.2377642128 0.0
201000.0 202000.0 63120.175786737855 2300.0
202000.0 203000.0 394004.6116777947 0.0
203000.0 204000.0 325365.47687129787 0.0
204000.0 205000.0 201261.96868331017 2300.0
205000.0 206000.0 323706.8847265511 0.0
206000.0 207000.0 466625.5884833518 2300.0
207000.0 208000.0 311704.9433881974 0.0
208000.0 209000.0 395734.6209635366 2300.0
209000.0 210000.0 334268.2779485439 2300.0
210000.0 211000.0 394832.7711057386 0.0
211000.0 212000.0 329945.86137904564 2300.0
212000.0 213000.0 385545.4080272061 0.0
213000.0 214000.0 326957.6245356976 2300.0
214000.0 215000.0 344920.89095526864 0.0
215000.0 216000.0 0.0 0.0
216000.0 217000.0 173220.72708667116 2300.0
217000.0 218000.0 354628.25316561025 0.0
218000.0 219000.0 424017.12981569977 2300.0
219000.0 220000.0 403032.3535402075 2300.0
220000.0 221000.0 383793.496099696 0.0
221000.0 222000.0 351272.3353147342 2300.0
222000.0 223000.0 312496.21454261243 0.0
223000.0 224000.0 357404.5475066076 2300.0
224000.0 225000.0 317118.1799550966 0.0
225000.0 226000.0 334796.1705212797 2300.0
226000.0 227000.0 378127.8942278561 0.0
227000.0 228000.0 307504.5022339234 2300.0
228000.0 229000.0 402789.7483524224 0.0
229000.0 230000.0 286801.38180285285 2300.0
230000.0 231000.0 416980.79593613517 0.0
231000.0 232000.0 324353.9258728283 2300.0
232000.0 233000.0 417343.37705058604 2300.0
233000.0 234000.0 346819.66197417094 0.0
234000.0 235000.0 393239.4678005287 2300.0
235000.0 236000.0 313685.7678113424 0.0
236000.0 237000.0 54054.069389138596 0.0
237000.0 238000.0 573.2482890386684 0.0
238000.0 239000.0 2338.751710961332 0.0
239000.0 240000.0 0.0 0.0
240000.0 241000.0 2912.0 0.0
241000.0 242000.0 0.0 0.0
242000.0 243000.0 113561.30006428232 1500.0
243000.0 244000.0 320576.16089630907 1500.0
244000.0 245000.0 399470.25602404575 0.0
245000.0 246000.0 380842.151204056 1500.0
246000.0 247000.0 329703.6046094523 1500.0
247000.0 248000.0 274318.1601125118 1500.0
248000.0 249000.0 271543.0699061774 1500.0
249000.0 250000.0 291997.1530574542 0.0
250000.0 251000.0 396956.92957260925 1500.0
251000.0 252000.0 345628.74663521134 1500.0
252000.0 253000.0 381263.79386416957 1500.0
253000.0 254000.0 327800.47341036116 1500.0
254000.0 255000.0 268007.81846627255 0.0
255000.0 256000.0 201336.90000201578 2300.0
256000.0 257000.0 352148.88996287744 0.0
257000.0 258000.0 324362.0710164252 2300.0
258000.0 259000.0 287930.5410368977 0.0
259000.0 260000.0 222281.8235708309 2300.0
260000.0 261000.0 351076.56902040285 0.0
261000.0 262000.0 346392.89067207667 2300.0
262000.0 263000.0 375737.9637887976 0.0
263000.0 264000.0 290368.03658950084 2300.0
264000.0 265000.0 363983.36764326796 2300.0
265000.0 266000.0 370336.4747684283 0.0
266000.0 267000.0 187832.62472419426 0.0
267000.0 268000.0 204099.23036226816 2300.0
268000.0 269000.0 349356.4297613667 0.0
269000.0 270000.0 413059.584652008 2300.0
270000.0 271000.0 307190.98460572865 0.0
271000.0 272000.0 459.4505944954532 0.0
272000.0 273000.0 2455.549405504547 0.0
273000.0 274000.0 0.0 0.0
274000.0 275000.0 2915.0 0.0
275000.0 276000.0 97316.26466902724 1500.0
276000.0 277000.0 303543.0543824767 1500.0
277000.0 278000.0 373892.26377145626 0.0
278000.0 279000.0 405810.81173203175 1500.0
279000.0 280000.0 336238.7908212009 1500.0
280000.0 281000.0 390814.2679376485 1500.0
281000.0 282000.0 349533.1532589144 1500.0
282000.0 283000.0 376436.6840126627 1500.0
283000.0 284000.0 248707.6985042783 0.0
284000.0 285000.0 218038.2157809969 2300.0
285000.0 286000.0 292214.1248840516 0.0
286000.0 287000.0 402085.5742471755 2300.0
287000.0 288000.0 294707.1985356267 0.0
288000.0 289000.0 362461.7091022747 2300.0
289000.0 290000.0 335523.1102379572 2300.0
290000.0 291000.0 347742.40988970955 0.0
291000.0 292000.0 231813.21992898 2300.0
292000.0 293000.0 305601.32302919973 0.0
293000.0 294000.0 237612.03794912263 2300.0
294000.0 295000.0 383734.61698894826 0.0
295000.0 296000.0 382480.8546174981 2300.0
296000.0 297000.0 344691.47706601804 0.0
297000.0 298000.0 90562.38994495827 2300.0
298000.0 299000.0 347528.1741189075 0.0
299000.0 300000.0 358073.97120969807 2300.0
