ts te s_bytes_all avg_video_rate
0.0 1000.0 0.0 0.0
1000.0 2000.0 0.0 0.0
2000.0 3000.0 0.0 0.0
3000.0 4000.0 0.0 0.0
4000.0 5000.0 0.0 0.0
5000.0 6000.0 0.0 0.0
6000.0 7000.0 0.0 0.0
7000.0 8000.0 0.0 0.0
8000.0 9000.0 0.0 0.0
9000.0 10000.0 0.0 0.0
10000.0 11000.0 0.0 0.0
11000.0 12000.0 0.0 0.0
12000.0 13000.0 0.0 0.0
13000.0 14000.0 24961.31744649506 0.0
14000.0 15000.0 147157.00244000874 840.0
15000.0 16000.0 103946.36701344205 0.0
16000.0 17000.0 78216.23905558075 288.0
17000.0 18000.0 155200.07404447335 0.0
18000.0 19000.0 67649.38125999976 288.0
19000.0 20000.0 19584.569473106374 0.0
20000.0 21000.0 7423.2322977252525 0.0
21000.0 22000.0 5392.905945607723 0.0
22000.0 23000.0 7539.72219875591 0.0
23000.0 24000.0 5535.362340883207 0.0
24000.0 25000.0 40089.82648392177 288.0
25000.0 26000.0 95226.73740907799 0.0
26000.0 27000.0 100587.76305229925 288.0
27000.0 28000.0 43754.30080662231 288.0
28000.0 29000.0 85301.224953155 288.0
29000.0 30000.0 82537.70131737298 288.0
30000.0 31000.0 99260.31477375368 288.0
31000.0 32000.0 76433.23647204379 288.0
32000.0 33000.0 48093.07699327939 0.0
33000.0 34000.0 72395.35986061706 0.0
34000.0 35000.0 56192.067110371056 0.0
35000.0 36000.0 98030.59868972955 288.0
36000.0 37000.0 50367.373367138025 0.0
37000.0 38000.0 80656.8082356662 288.0
38000.0 39000.0 109791.7756099003 0.0
39000.0 40000.0 107688.72832162002 288.0
40000.0 41000.0 47371.147701467264 0.0
41000.0 42000.0 82682.93095259495 288.0
42000.0 43000.0 78107.94027884297 0.0
43000.0 44000.0 61433.36181465942 288.0
44000.0 45000.0 76896.15798031703 0.0
45000.0 46000.0 95271.67132823233 288.0
46000.0 47000.0 109294.02455190582 0.0
47000.0 48000.0 30659.809540960538 0.0
48000.0 49000.0 24862.82851728872 0.0
49000.0 50000.0 40837.791794240366 288.0
50000.0 51000.0 66949.7847126455 288.0
51000.0 52000.0 100401.6390837093 0.0
52000.0 53000.0 75832.273375785 288.0
53000.0 54000.0 98294.57139470414 0.0
54000.0 55000.0 44477.65076855162 288.0
55000.0 56000.0 106057.7618471568 0.0
56000.0 57000.0 34084.77043405988 288.0
57000.0 58000.0 102479.02158323479 0.0
58000.0 59000.0 55601.2967151262 288.0
59000.0 60000.0 56500.49865187071 0.0
60000.0 61000.0 15426.534600787589 288.0
61000.0 62000.0 92516.2770173913 0.0
62000.0 63000.0 105539.00218017287 288.0
63000.0 64000.0 58726.3370150831 0.0
64000.0 65000.0 103262.7980736431 288.0
65000.0 66000.0 49860.706101587864 0.0
66000.0 67000.0 69995.74006316623 288.0
67000.0 68000.0 79399.29727544947 0.0
68000.0 69000.0 91411.75805721448 288.0
69000.0 70000.0 22793.635832710672 0.0
70000.0 71000.0 109922.95269887662 288.0
71000.0 72000.0 52901.96505594086 288.0
72000.0 73000.0 120921.21358782334 0.0
73000.0 74000.0 14362.216238959887 288.0
74000.0 75000.0 94460.99877224515 0.0
75000.0 76000.0 20965.272763620145 288.0
76000.0 77000.0 76924.43851846922 0.0
77000.0 78000.0 45878.68052833437 0.0
78000.0 79000.0 64660.70220908553 288.0
79000.0 80000.0 77320.99041810785 288.0
80000.0 81000.0 145156.68001661732 0.0
81000.0 82000.0 87557.51061713124 288.0
82000.0 83000.0 21198.292357581828 0.0
83000.0 84000.0 51432.62193555037 288.0
84000.0 85000.0 82463.37806444963 0.0
85000.0 86000.0 0.0 0.0
86000.0 87000.0 105746.0 288.0
87000.0 88000.0 99241.18953577551 288.0
88000.0 89000.0 9333.810464224485 0.0
89000.0 90000.0 159428.89002158243 480.0
90000.0 91000.0 19902.10997841759 0.0
91000.0 92000.0 136458.6724439797 480.0
92000.0 93000.0 37766.58617264548 840.0
93000.0 94000.0 215796.74138337479 0.0
94000.0 95000.0 2910.0 0.0
95000.0 96000.0 190911.3747626795 840.0
96000.0 97000.0 95041.9559402349 840.0
97000.0 98000.0 201518.66929708558 0.0
98000.0 99000.0 37368.457667393246 840.0
99000.0 100000.0 169156.40474319865 0.0
100000.0 101000.0 69168.35742259426 840.0
101000.0 102000.0 192960.21573410236 0.0
102000.0 103000.0 70035.39294271986 1500.0
103000.0 104000.0 167965.10986056388 0.0
104000.0 105000.0 198576.43594255968 1500.0
105000.0 106000.0 386041.1971377453 0.0
106000.0 107000.0 276950.0064241469 1500.0
107000.0 108000.0 140573.92850144143 0.0
108000.0 109000.0 262146.59496591217 1500.0
109000.0 110000.0 167936.98574633166 0.0
110000.0 111000.0 270332.4411259321 1500.0
111000.0 112000.0 155610.8820247219 0.0
112000.0 113000.0 264761.23507730075 1500.0
113000.0 114000.0 174670.96153537967 0.0
114000.0 115000.0 319105.97258539 1500.0
115000.0 116000.0 81867.53290782802 0.0
116000.0 117000.0 353951.29688891536 1500.0
117000.0 118000.0 102273.31312019369 1500.0
118000.0 119000.0 324905.347128886 0.0
119000.0 120000.0 34069.93051674319 0.0
120000.0 121000.0 308185.8397542025 1500.0
121000.0 122000.0 148432.57169093145 1500.0
122000.0 123000.0 332464.19084519806 0.0
123000.0 124000.0 83140.73737137993 1500.0
124000.0 125000.0 366119.8687473084 0.0
125000.0 126000.0 17851.79159097953 0.0
126000.0 127000.0 287224.3400472733 1500.0
127000.0 128000.0 395502.8222967449 1500.0
128000.0 129000.0 266381.4108133226 0.0
129000.0 130000.0 172647.8989099152 2300.0
130000.0 131000.0 296004.7536130826 0.0
131000.0 132000.0 361090.76879734185 2300.0
132000.0 133000.0 260316.28350051114 0.0
133000.0 134000.0 297066.82755831745 2300.0
134000.0 135000.0 310722.4081504594 0.0
135000.0 136000.0 387166.29229757655 2300.0
136000.0 137000.0 322756.19401545497 0.0
137000.0 138000.0 227878.40697842033 2300.0
138000.0 139000.0 275590.44199737336 0.0
139000.0 140000.0 401274.52193991863 2300.0
140000.0 141000.0 368095.537655894 2300.0
141000.0 142000.0 338476.57717908 0.0
142000.0 143000.0 263021.00426571415 2300.0
143000.0 144000.0 408248.3488948055 0.0
144000.0 145000.0 221280.16108879406 0.0
145000.0 146000.0 241696.53597125196 2300.0
146000.0 147000.0 348053.65313566837 2300.0
147000.0 148000.0 391568.2726280517 0.0
148000.0 149000.0 314124.65144948056 2300.0
149000.0 150000.0 369608.88138463197 0.0
150000.0 151000.0 277596.34186774085 2300.0
151000.0 152000.0 415371.8042531084 0.0
152000.0 153000.0 285959.6907652443 2300.0
153000.0 154000.0 393796.31605906104 0.0
154000.0 155000.0 295976.831112972 2300.0
155000.0 156000.0 328678.5059468823 0.0
156000.0 157000.0 89952.96727322554 2300.0
157000.0 158000.0 346999.2933101068 0.0
158000.0 159000.0 272794.4833509181 2300.0
159000.0 160000.0 401437.6910546459 0.0
160000.0 161000.0 361643.6103113449 2300.0
161000.0 162000.0 335608.3629188392 0.0
162000.0 163000.0 399465.5592238882 2300.0
163000.0 164000.0 325836.91155994136 2300.0
164000.0 165000.0 342551.6482292227 0.0
165000.0 166000.0 200019.90582341165 0.0
166000.0 167000.0 385824.1423910418 2300.0
167000.0 168000.0 343295.423143778 0.0
168000.0 169000.0 395485.70869341627 2300.0
169000.0 170000.0 190309.4353505992 2300.0
170000.0 171000.0 296181.2098483276 0.0
171000.0 172000.0 400551.4184471067 2300.0
172000.0 173000.0 315954.8706289928 0.0
173000.0 174000.0 171853.31229939283 2300.0
174000.0 175000.0 275944.57980754826 0.0
175000.0 176000.0 410706.7681369744 2300.0
176000.0 177000.0 318701.4532263254 0.0
177000.0 178000.0 316099.5254490008 2300.0
178000.0 179000.0 356720.4898714543 0.0
179000.0 180000.0 311543.1467131065 2300.0
180000.0 181000.0 319554.63618442655 0.0
181000.0 182000.0 332309.3154274277 2300.0
182000.0 183000.0 403720.2406293399 0.0
183000.0 184000.0 313612.08805038175 2300.0
184000.0 185000.0 375723.84421168116 0.0
185000.0 186000.0 309581.3928312678 2300.0
186000.0 187000.0 301882.08102877246 0.0
187000.0 188000.0 220600.67450305173 2300.0
188000.0 189000.0 349154.69903275825 0.0
189000.0 190000.0 416301.06748377427 2300.0
190000.0 191000.0 264378.55898041575 2300.0
191000.0 192000.0 399673.59692986053 0.0
192000.0 193000.0 331085.7255981477 2300.0
193000.0 194000.0 355492.5329393141 0.0
194000.0 195000.0 207461.26876891687 2300.0
195000.0 196000.0 402496.4455009316 0.0
196000.0 197000.0 319252.84453416785 2300.0
197000.0 198000.0 386584.85405777086 0.0
198000.0 199000.0 150429.733537011 2300.0
199000.0 200000.0 289397.41334266594 0.0
200000.0 201000.0 318722.58479121357 2300.0
201000.0 202000.0 387348.6259650158 0.0
202000.0 203000.0 345572.3985650378 2300.0
203000.0 204000.0 369917.622641036 0.0
204000.0 205000.0 369255.81106366374 2300.0
205000.0 206000.0 370505.703075193 0.0
206000.0 207000.0 328140.00314229284 2300.0
207000.0 208000.0 266628.10944661463 0.0
208000.0 209000.0 344633.94091985974 2300.0
209000.0 210000.0 250535.96684382216 0.0
210000.0 211000.0 226535.1137972422 2300.0
211000.0 212000.0 312033.48970412876 0.0
212000.0 213000.0 406317.9835680406 2300.0
213000.0 214000.0 312283.88091755577 0.0
214000.0 215000.0 397314.19364704564 2300.0
215000.0 216000.0 261846.49381838006 2300.0
216000.0 217000.0 301413.0252302496 0.0
217000.0 218000.0 303040.36317124777 2300.0
218000.0 219000.0 398095.5541425176 0.0
219000.0 220000.0 233505.7107220865 2300.0
220000.0 221000.0 196216.73181704053 0.0
221000.0 222000.0 314952.9436555312 0.0
222000.0 223000.0 484604.22703715274 2300.0
223000.0 224000.0 415913.90392192587 2300.0
224000.0 225000.0 310538.3408140985 0.0
225000.0 226000.0 456217.3486933105 2300.0
226000.0 227000.0 313279.5217869895 0.0
227000.0 228000.0 287326.54081127583 2300.0
228000.0 229000.0 362624.9815585355 0.0
229000.0 230000.0 317690.4348747616 2300.0
230000.0 231000.0 308388.676577729 0.0
231000.0 232000.0 323636.3879777324 2300.0
232000.0 233000.0 263776.4244633525 0.0
233000.0 234000.0 395596.7821815541 2300.0
234000.0 235000.0 310953.33743705694 2300.0
235000.0 236000.0 366179.592133017 0.0
236000.0 237000.0 368979.5624252929 2300.0
237000.0 238000.0 339107.870397549 0.0
238000.0 239000.0 215961.40105506434 0.0
239000.0 240000.0 262460.7341320489 2300.0
240000.0 241000.0 375868.04990544054 2300.0
241000.0 242000.0 366134.42812034104 0.0
242000.0 243000.0 320484.7878421696 2300.0
243000.0 244000.0 389943.76182730915 0.0
244000.0 245000.0 97391.41879861368 2300.0
245000.0 246000.0 379113.53208875225 0.0
246000.0 247000.0 270463.6828919224 0.0
247000.0 248000.0 311577.1411263184 2300.0
248000.0 249000.0 369910.61313737463 0.0
249000.0 250000.0 151811.99561613024 2300.0
250000.0 251000.0 410626.0420107574 0.0
251000.0 252000.0 400633.5205987405 2300.0
252000.0 253000.0 376265.08207553625 0.0
253000.0 254000.0 405607.2441633933 2300.0
254000.0 255000.0 448169.48134303954 2300.0
255000.0 256000.0 325862.6774955996 0.0
256000.0 257000.0 335804.9016521583 1500.0
257000.0 258000.0 212718.30007624504 0.0
258000.0 259000.0 341733.05516690784 2300.0
259000.0 260000.0 262787.7760120796 0.0
260000.0 261000.0 330298.087739537 2300.0
261000.0 262000.0 355785.1139634154 2300.0
262000.0 263000.0 435033.56011144066 0.0
263000.0 264000.0 251069.01210472884 0.0
264000.0 265000.0 349636.0052480612 2300.0
265000.0 266000.0 359847.8144524927 2300.0
266000.0 267000.0 415090.9863230338 0.0
267000.0 268000.0 351691.5513099347 2300.0
268000.0 269000.0 253860.8193876014 0.0
269000.0 270000.0 343281.8638532494 2300.0
270000.0 271000.0 390232.04643841484 0.0
271000.0 272000.0 294729.3896726481 2300.0
272000.0 273000.0 404780.8221579076 0.0
273000.0 274000.0 207625.04101551973 2300.0
274000.0 275000.0 391306.53074117994 0.0
275000.0 276000.0 346644.7184696924 2300.0
276000.0 277000.0 345464.69025588536 0.0
277000.0 278000.0 419970.5659369032 2300.0
278000.0 279000.0 316371.3907156194 0.0
279000.0 280000.0 396743.35891051334 2300.0
280000.0 281000.0 315916.47910007194 0.0
281000.0 282000.0 235180.5996743633 2300.0
282000.0 283000.0 314140.30643038923 0.0
283000.0 284000.0 406931.8974594582 2300.0
284000.0 285000.0 287596.12244706013 0.0
285000.0 286000.0 228302.66118028082 2300.0
286000.0 287000.0 366777.4892478451 0.0
287000.0 288000.0 402140.302247489 2300.0
288000.0 289000.0 355926.98610420595 2300.0
289000.0 290000.0 343770.9674125997 0.0
290000.0 291000.0 386594.1131562223 2300.0
291000.0 292000.0 419193.01110223436 0.0
292000.0 293000.0 336099.94149617094 2300.0
293000.0 294000.0 298170.6856334973 0.0
294000.0 295000.0 302915.5472449666 2300.0
295000.0 296000.0 428544.23025895964 0.0
296000.0 297000.0 328597.6615722849 2300.0
297000.0 298000.0 392274.78529275884 0.0
298000.0 299000.0 89998.07144937536 2300.0
299000.0 300000.0 380252.6336922844 0.0
300000.0 301000.0 48693.912908824714 2300.0
