ts te s_bytes_all avg_video_rate
0.0 1000.0 0.0 0.0
1000.0 2000.0 0.0 0.0
2000.0 3000.0 0.0 0.0
3000.0 4000.0 0.0 0.0
4000.0 5000.0 0.0 0.0
5000.0 6000.0 0.0 0.0
6000.0 7000.0 0.0 0.0
7000.0 8000.0 0.0 0.0
8000.0 9000.0 0.0 0.0
9000.0 10000.0 0.0 0.0
10000.0 11000.0 461.98713313511774 0.0
11000.0 12000.0 4331.012866864882 0.0
12000.0 13000.0 102038.65987680887 840.0
13000.0 14000.0 148431.7005878419 0.0
14000.0 15000.0 134091.63544646534 480.0
15000.0 16000.0 139342.29771197602 0.0
16000.0 17000.0 109645.39798166811 288.0
17000.0 18000.0 96217.57057148527 288.0
18000.0 19000.0 89430.74406659005 0.0
19000.0 20000.0 99192.65109872527 288.0
20000.0 21000.0 120316.41915638476 288.0
21000.0 22000.0 114537.98666383901 0.0
22000.0 23000.0 98334.88858155339 288.0
23000.0 24000.0 81578.4450067299 288.0
24000.0 25000.0 126216.25841812306 288.0
25000.0 26000.0 125397.34935448958 288.0
26000.0 27000.0 178542.8707334268 288.0
27000.0 28000.0 75856.4542154622 0.0
28000.0 29000.0 56077.24587314904 288.0
29000.0 30000.0 135814.29043795518 288.0
30000.0 31000.0 114558.92228671872 288.0
31000.0 32000.0 91997.2522250602 288.0
32000.0 33000.0 92218.64315649192 0.0
33000.0 34000.0 21146.22513866839 480.0
34000.0 35000.0 46785.03129012237 0.0
35000.0 36000.0 89785.50726301532 480.0
36000.0 37000.0 127802.46852540514 0.0
37000.0 38000.0 89843.81601968176 0.0
38000.0 39000.0 101298.44393980122 480.0
39000.0 40000.0 112444.85250698376 480.0
40000.0 41000.0 98953.29274983138 0.0
41000.0 42000.0 138837.42611524937 480.0
42000.0 43000.0 100530.65447853686 288.0
43000.0 44000.0 90506.51091076952 0.0
44000.0 45000.0 95088.43837674204 288.0
45000.0 46000.0 25901.64923424821 0.0
46000.0 47000.0 95596.25840794764 288.0
47000.0 48000.0 62513.07468954691 288.0
48000.0 49000.0 100429.13464761763 0.0
49000.0 50000.0 54257.42897548316 288.0
50000.0 51000.0 53723.02639450463 0.0
51000.0 52000.0 32858.75237550639 288.0
52000.0 53000.0 60214.68157101337 0.0
53000.0 54000.0 72978.86872389478 288.0
54000.0 55000.0 61857.95063439472 288.0
55000.0 56000.0 66144.9512595689 0.0
56000.0 57000.0 75091.40266387221 288.0
57000.0 58000.0 62792.17500070411 0.0
58000.0 59000.0 33554.91523468132 288.0
59000.0 60000.0 85018.62770917345 0.0
60000.0 61000.0 47131.99543945509 288.0
61000.0 62000.0 66377.12849702698 0.0
62000.0 63000.0 54111.26285904624 288.0
63000.0 64000.0 86086.36491656251 0.0
64000.0 65000.0 2028.850322766827 0.0
65000.0 66000.0 43551.438342001275 288.0
66000.0 67000.0 135255.26600020524 0.0
67000.0 68000.0 67283.86904102693 288.0
68000.0 69000.0 22151.693838481704 288.0
69000.0 70000.0 59072.49456372852 0.0
70000.0 71000.0 39203.66885375574 288.0
71000.0 72000.0 50041.719038033756 0.0
72000.0 73000.0 20313.603640970236 0.0
73000.0 74000.0 54172.63646006452 288.0
74000.0 75000.0 81221.74322899812 288.0
75000.0 76000.0 67903.83039002867 0.0
76000.0 77000.0 55077.016412239755 288.0
77000.0 78000.0 109991.26275532183 0.0
78000.0 79000.0 87509.06419936536 288.0
79000.0 80000.0 102342.8429130115 0.0
80000.0 81000.0 17134.687830513445 0.0
81000.0 82000.0 102016.52191293825 288.0
82000.0 83000.0 35902.14728383383 0.0
83000.0 84000.0 93655.93349481968 288.0
84000.0 85000.0 62364.74204780331 288.0
85000.0 86000.0 97195.75824857804 0.0
86000.0 87000.0 29021.201040855387 288.0
87000.0 88000.0 74727.28115446746 0.0
88000.0 89000.0 24615.57984138031 288.0
89000.0 90000.0 99439.01254397127 288.0
90000.0 91000.0 93608.16497863064 0.0
91000.0 92000.0 12303.969622208377 0.0
92000.0 93000.0 104831.77490407701 288.0
93000.0 94000.0 95643.22509592297 288.0
94000.0 95000.0 17014.083697225997 0.0
95000.0 96000.0 84089.916302774 288.0
96000.0 97000.0 19955.222345109683 0.0
97000.0 98000.0 125391.77765489032 480.0
98000.0 99000.0 19757.767581497214 0.0
99000.0 100000.0 124505.23241850278 480.0
100000.0 101000.0 19015.643846147475 0.0
101000.0 102000.0 221904.35615385254 840.0
102000.0 103000.0 100834.76757177347 840.0
103000.0 104000.0 142303.23242822653 0.0
104000.0 105000.0 96860.21361969679 840.0
105000.0 106000.0 141011.7863803032 0.0
106000.0 107000.0 78211.3190593665 840.0
107000.0 108000.0 151616.6809406335 0.0
108000.0 109000.0 74544.90093586317 1500.0
109000.0 110000.0 285854.36474501784 0.0
110000.0 111000.0 87924.734319119 0.0
111000.0 112000.0 0.0 0.0
112000.0 113000.0 99033.98669537171 1500.0
113000.0 114000.0 300147.96646334196 1500.0
114000.0 115000.0 338578.92265281477 0.0
115000.0 116000.0 355328.4642647834 1500.0
116000.0 117000.0 219635.65992368816 1500.0
117000.0 118000.0 341400.1665884699 0.0
118000.0 119000.0 156723.90803044342 1500.0
119000.0 120000.0 272272.1461595459 0.0
120000.0 121000.0 144861.86505084884 1500.0
121000.0 122000.0 291072.656197454 0.0
122000.0 123000.0 127988.30514858312 1500.0
123000.0 124000.0 285230.2655231248 0.0
124000.0 125000.0 83646.98528097649 0.0
125000.0 126000.0 264414.0994752906 1500.0
126000.0 127000.0 258555.1028941936 1500.0
127000.0 128000.0 268455.9796112653 0.0
128000.0 129000.0 122698.63256032346 1500.0
129000.0 130000.0 268915.2126376422 0.0
130000.0 131000.0 133882.60545172967 1500.0
131000.0 132000.0 266996.6074038438 0.0
132000.0 133000.0 149576.81900619797 1500.0
133000.0 134000.0 298113.92867702147 0.0
134000.0 135000.0 115769.87594363008 1500.0
135000.0 136000.0 309804.3890328176 0.0
136000.0 137000.0 396802.8448351969 1500.0
137000.0 138000.0 345854.6440413411 2300.0
138000.0 139000.0 306400.6522200811 0.0
139000.0 140000.0 116775.1837717072 2300.0
140000.0 141000.0 425402.55166928144 0.0
141000.0 142000.0 300162.00052572915 2300.0
142000.0 143000.0 415166.3687843671 0.0
143000.0 144000.0 307927.2853987486 2300.0
144000.0 145000.0 314975.40415129275 0.0
145000.0 146000.0 371458.54983143136 2300.0
146000.0 147000.0 330060.68167140486 0.0
147000.0 148000.0 374276.1956275929 2300.0
148000.0 149000.0 281126.9910897767 2300.0
149000.0 150000.0 372805.0225931769 0.0
150000.0 151000.0 276514.22689588385 2300.0
151000.0 152000.0 347970.15464163414 0.0
152000.0 153000.0 306094.7574346437 2300.0
153000.0 154000.0 343764.333269677 0.0
154000.0 155000.0 296057.6634267173 2300.0
155000.0 156000.0 305169.6958282303 0.0
156000.0 157000.0 279805.03839964507 2300.0
157000.0 158000.0 298372.21569616714 0.0
158000.0 159000.0 313521.94370948075 2300.0
159000.0 160000.0 342343.1219372245 0.0
160000.0 161000.0 296773.5157516431 2300.0
161000.0 162000.0 302736.03869272873 0.0
162000.0 163000.0 327190.10922498093 2300.0
163000.0 164000.0 299056.8076132165 0.0
164000.0 165000.0 251742.61211210047 2300.0
165000.0 166000.0 307941.5877342783 0.0
166000.0 167000.0 314565.1383402675 2300.0
167000.0 168000.0 323177.0430678969 0.0
168000.0 169000.0 275939.39620450785 2300.0
169000.0 170000.0 338806.8486111495 0.0
170000.0 171000.0 297629.61990710814 2300.0
171000.0 172000.0 338408.5278551535 0.0
172000.0 173000.0 297442.60329161905 2300.0
173000.0 174000.0 315944.5639128018 0.0
174000.0 175000.0 280360.80180204805 2300.0
175000.0 176000.0 297539.06776240875 0.0
176000.0 177000.0 296703.21551289846 2300.0
177000.0 178000.0 323947.9207436895 0.0
178000.0 179000.0 307655.37042758195 2300.0
179000.0 180000.0 319922.6757452387 0.0
180000.0 181000.0 322851.2685232209 2300.0
181000.0 182000.0 338520.9458892174 0.0
182000.0 183000.0 261375.05063823165 2300.0
183000.0 184000.0 327505.2009160435 0.0
184000.0 185000.0 272923.47687935684 2300.0
185000.0 186000.0 397465.6800793096 0.0
186000.0 187000.0 355618.70467085496 2300.0
187000.0 188000.0 366498.6997315909 0.0
188000.0 189000.0 448241.3042956347 2300.0
189000.0 190000.0 354252.7646832502 2300.0
190000.0 191000.0 114337.74704715855 0.0
191000.0 192000.0 364650.38507210475 0.0
192000.0 193000.0 310705.08652315655 2300.0
193000.0 194000.0 341264.73859890073 0.0
194000.0 195000.0 416567.5862598147 2300.0
195000.0 196000.0 371761.55915098684 2300.0
196000.0 197000.0 339568.2324830449 0.0
197000.0 198000.0 383407.2038571922 2300.0
198000.0 199000.0 306760.3366352894 0.0
199000.0 200000.0 324610.1164314322 2300.0
200000.0 201000.0 386207.28500259505 0.0
201000.0 202000.0 319757.18266874936 2300.0
202000.0 203000.0 391815.74192722153 2300.0
203000.0 204000.0 331332.85677314486 0.0
204000.0 205000.0 265062.30282534554 2300.0
205000.0 206000.0 400422.2936286495 0.0
206000.0 207000.0 242853.87977764147 2300.0
207000.0 208000.0 379430.04501752456 0.0
208000.0 209000.0 301759.03130518924 2300.0
209000.0 210000.0 327463.536117769 0.0
210000.0 211000.0 278525.44617807464 2300.0
211000.0 212000.0 318739.8352019475 0.0
212000.0 213000.0 311563.1372452342 2300.0
213000.0 214000.0 301348.34218698135 0.0
214000.0 215000.0 262091.65634001154 2300.0
215000.0 216000.0 323368.16300673556 0.0
216000.0 217000.0 284401.9423987448 2300.0
217000.0 218000.0 282993.6872492037 0.0
218000.0 219000.0 300976.08079895034 2300.0
219000.0 220000.0 336972.40380297904 0.0
220000.0 221000.0 308690.78088790213 2300.0
221000.0 222000.0 288785.0233118226 0.0
222000.0 223000.0 308848.677550451 2300.0
223000.0 224000.0 314525.7017467634 0.0
224000.0 225000.0 318376.5309038187 2300.0
225000.0 226000.0 288987.8388833911 0.0
226000.0 227000.0 322405.3634095187 2300.0
227000.0 228000.0 261106.46753432212 0.0
228000.0 229000.0 336565.36663889076 2300.0
229000.0 230000.0 321678.5094298307 0.0
230000.0 231000.0 266290.6467298686 2300.0
231000.0 232000.0 287476.37699958496 0.0
232000.0 233000.0 308115.6337154473 2300.0
233000.0 234000.0 371659.01794358593 0.0
234000.0 235000.0 412182.6874328911 2300.0
235000.0 236000.0 342607.5491149279 0.0
236000.0 237000.0 410525.4210861046 2300.0
237000.0 238000.0 363821.3655190302 2300.0
238000.0 239000.0 337614.34619413846 0.0
239000.0 240000.0 386591.4188826619 2300.0
240000.0 241000.0 340408.96998091065 0.0
241000.0 242000.0 237366.69527169096 2300.0
242000.0 243000.0 378137.5589428146 0.0
243000.0 244000.0 326583.6172759663 2300.0
244000.0 245000.0 268512.5347807482 0.0
245000.0 246000.0 301451.036610767 2300.0
246000.0 247000.0 383406.3151580097 0.0
247000.0 248000.0 356405.7838652628 2300.0
248000.0 249000.0 306569.0509466792 2300.0
249000.0 250000.0 379754.1106763687 0.0
250000.0 251000.0 287581.6233912356 2300.0
251000.0 252000.0 360983.43940667296 0.0
252000.0 253000.0 228391.01479627274 2300.0
253000.0 254000.0 348318.5143859564 0.0
254000.0 255000.0 288727.90824255813 2300.0
255000.0 256000.0 307005.29829211195 0.0
256000.0 257000.0 294165.52090600604 2300.0
257000.0 258000.0 285999.3385914542 0.0
258000.0 259000.0 322380.91385088523 2300.0
259000.0 260000.0 307688.82830788527 0.0
260000.0 261000.0 260407.54863247005 2300.0
261000.0 262000.0 266326.53899455804 0.0
262000.0 263000.0 297790.79709717503 2300.0
263000.0 264000.0 428058.66123735846 0.0
264000.0 265000.0 289292.5818879097 2300.0
265000.0 266000.0 297238.0862140411 0.0
266000.0 267000.0 303848.8513150357 2300.0
267000.0 268000.0 276405.6320932159 0.0
268000.0 269000.0 314260.98854782886 2300.0
269000.0 270000.0 257038.41556583642 0.0
270000.0 271000.0 371646.60421675275 2300.0
271000.0 272000.0 312718.9038388957 0.0
272000.0 273000.0 279570.78409291233 2300.0
273000.0 274000.0 319759.25123972516 0.0
274000.0 275000.0 312601.6010734153 2300.0
275000.0 276000.0 304188.5327707798 0.0
276000.0 277000.0 348568.9763065061 2300.0
277000.0 278000.0 307531.24439625855 0.0
278000.0 279000.0 278458.0677321502 2300.0
279000.0 280000.0 343258.9427177806 0.0
280000.0 281000.0 269326.92311502196 2300.0
281000.0 282000.0 404394.54967648664 0.0
282000.0 283000.0 391263.9768520328 2300.0
283000.0 284000.0 343970.98709999566 0.0
284000.0 285000.0 383974.7080663176 2300.0
285000.0 286000.0 409538.23918873613 2300.0
286000.0 287000.0 372363.86282743193 0.0
287000.0 288000.0 422951.4348614466 2300.0
288000.0 289000.0 322351.2301791034 0.0
289000.0 290000.0 382759.6958927356 2300.0
290000.0 291000.0 338809.7320379494 0.0
291000.0 292000.0 366518.869397349 2300.0
292000.0 293000.0 279990.2215883252 2300.0
293000.0 294000.0 358350.6253830011 0.0
294000.0 295000.0 307575.0788212475 2300.0
295000.0 296000.0 374390.6519664912 0.0
296000.0 297000.0 220080.4784156105 2300.0
297000.0 298000.0 282844.32801965147 0.0
298000.0 299000.0 326286.70947716676 2300.0
299000.0 300000.0 400336.67881326174 0.0
300000.0 301000.0 138010.73049918667 0.0
