ts te s_bytes_all avg_video_rate
0.0 1000.0 0.0 0.0
1000.0 2000.0 0.0 0.0
2000.0 3000.0 0.0 0.0
3000.0 4000.0 0.0 0.0
4000.0 5000.0 0.0 0.0
5000.0 6000.0 195965.99700759217 840.0
6000.0 7000.0 76052.01925060894 0.0
7000.0 8000.0 109153.32028819733 480.0
8000.0 9000.0 143589.73572541188 288.0
9000.0 10000.0 287127.7959844842 288.0
10000.0 11000.0 89104.05402206638 0.0
11000.0 12000.0 32774.45321371485 0.0
12000.0 13000.0 151407.9660957973 288.0
13000.0 14000.0 199315.26336865168 288.0
14000.0 15000.0 115736.07597694991 288.0
15000.0 16000.0 48231.319066525306 0.0
16000.0 17000.0 103727.99071641912 1500.0
17000.0 18000.0 279253.42275171913 0.0
18000.0 19000.0 1072.5865318617643 0.0
19000.0 20000.0 321396.6306602118 1500.0
20000.0 21000.0 249850.1845189608 1500.0
21000.0 22000.0 275793.6721031051 1500.0
22000.0 23000.0 360407.55962743703 0.0
23000.0 24000.0 277532.3572784696 840.0
24000.0 25000.0 35288.595811815656 0.0
25000.0 26000.0 258942.3081431397 1500.0
26000.0 27000.0 180386.97571368574 1500.0
27000.0 28000.0 317703.78669111105 0.0
28000.0 29000.0 135255.72603222507 1500.0
29000.0 30000.0 241259.7735657136 0.0
30000.0 31000.0 215083.9629627962 1500.0
31000.0 32000.0 297904.8321291078 0.0
32000.0 33000.0 273333.1353572706 1500.0
33000.0 34000.0 144881.4994049502 0.0
34000.0 35000.0 0.0 0.0
35000.0 36000.0 2914.0 0.0
36000.0 37000.0 0.0 0.0
37000.0 38000.0 2914.0 0.0
38000.0 39000.0 103737.98204972167 1500.0
39000.0 40000.0 321840.1206368466 1500.0
40000.0 41000.0 534193.2217844226 0.0
41000.0 42000.0 327642.6057746706 1500.0
42000.0 43000.0 331495.7002598335 840.0
43000.0 44000.0 377697.48896465654 840.0
44000.0 45000.0 105600.88052984855 0.0
45000.0 46000.0 0.0 0.0
46000.0 47000.0 0.0 0.0
47000.0 48000.0 2912.0 0.0
48000.0 49000.0 0.0 0.0
49000.0 50000.0 49306.883944313224 0.0
50000.0 51000.0 223378.950461487 1500.0
51000.0 52000.0 410594.65244662354 1500.0
52000.0 53000.0 312359.43152658944 1500.0
53000.0 54000.0 360884.57596733165 1500.0
54000.0 55000.0 239081.30265456354 1500.0
55000.0 56000.0 340660.72617651557 0.0
56000.0 57000.0 225810.55691410496 1500.0
57000.0 58000.0 302171.1210610737 1500.0
58000.0 59000.0 211650.26298444453 0.0
59000.0 60000.0 270402.4354306138 1500.0
60000.0 61000.0 266050.9670498734 1500.0
61000.0 62000.0 428019.8389967808 1500.0
62000.0 63000.0 213166.86585696117 0.0
63000.0 64000.0 235975.60462758696 2300.0
64000.0 65000.0 287012.1701431749 0.0
65000.0 66000.0 313641.77450991824 2300.0
66000.0 67000.0 340542.61002519535 0.0
67000.0 68000.0 205872.64252961517 2300.0
68000.0 69000.0 264790.04192015354 0.0
69000.0 70000.0 235541.58477307932 0.0
70000.0 71000.0 0.0 0.0
71000.0 72000.0 151931.4143507923 2300.0
72000.0 73000.0 349112.729174015 0.0
73000.0 74000.0 364871.391868334 840.0
74000.0 75000.0 152546.24995794042 0.0
75000.0 76000.0 124559.64989138731 840.0
76000.0 77000.0 89472.56475753098 0.0
77000.0 78000.0 154743.73512413795 2300.0
78000.0 79000.0 293423.7646923514 0.0
79000.0 80000.0 161034.50018351062 0.0
80000.0 81000.0 0.0 0.0
81000.0 82000.0 167308.97327039743 2300.0
82000.0 83000.0 338412.9256501286 0.0
83000.0 84000.0 288103.70451170346 1500.0
84000.0 85000.0 385834.2431194201 1500.0
85000.0 86000.0 388524.7410380774 1500.0
86000.0 87000.0 317960.7958029665 1500.0
87000.0 88000.0 274531.5038799403 0.0
88000.0 89000.0 295549.2433778732 2300.0
89000.0 90000.0 324473.2976961674 0.0
90000.0 91000.0 303545.366063711 2300.0
91000.0 92000.0 317510.1524192383 0.0
92000.0 93000.0 252160.3118810865 2300.0
93000.0 94000.0 355969.8595379103 0.0
94000.0 95000.0 318896.82943356415 2300.0
95000.0 96000.0 275811.36373277666 0.0
96000.0 97000.0 169216.38319095143 2300.0
97000.0 98000.0 370009.4938327039 0.0
98000.0 99000.0 260807.51924539093 2300.0
99000.0 100000.0 374178.7392035216 0.0
100000.0 101000.0 288079.5672160841 2300.0
101000.0 102000.0 391035.3064963972 2300.0
102000.0 103000.0 317741.1422643553 0.0
103000.0 104000.0 302129.5795728031 2300.0
104000.0 105000.0 151100.52982304938 0.0
105000.0 106000.0 345197.6949034995 0.0
106000.0 107000.0 273294.322631742 2300.0
107000.0 108000.0 389731.37575268315 0.0
108000.0 109000.0 354271.0209896128 2300.0
109000.0 110000.0 342108.2389766197 0.0
110000.0 111000.0 332009.72152056574 2300.0
111000.0 112000.0 293844.3483245235 0.0
112000.0 113000.0 230679.3001641006 2300.0
113000.0 114000.0 357675.08793486364 0.0
114000.0 115000.0 338208.04780571663 2300.0
115000.0 116000.0 408014.0919906541 2300.0
116000.0 117000.0 299179.5623807094 0.0
117000.0 118000.0 272375.61436449084 2300.0
118000.0 119000.0 357751.7646984048 0.0
119000.0 120000.0 247023.11439544574 2300.0
120000.0 121000.0 387389.7968442893 0.0
121000.0 122000.0 214920.65645762967 2300.0
122000.0 123000.0 406255.3718763864 0.0
123000.0 124000.0 240471.94663219445 2300.0
124000.0 125000.0 380777.2928103204 0.0
125000.0 126000.0 249663.53097736876 2300.0
126000.0 127000.0 377144.2350365983 0.0
127000.0 128000.0 313403.0492388505 2300.0
128000.0 129000.0 299785.892517888 0.0
129000.0 130000.0 335144.1487409046 2300.0
130000.0 131000.0 281614.54176128935 0.0
131000.0 132000.0 292925.9503841688 2300.0
132000.0 133000.0 326098.9328591397 0.0
133000.0 134000.0 277306.2861106382 2300.0
134000.0 135000.0 297576.83902781986 0.0
135000.0 136000.0 404870.2251101458 2300.0
136000.0 137000.0 300146.0525973004 0.0
137000.0 138000.0 337905.34300951415 2300.0
138000.0 139000.0 323114.13408924796 0.0
139000.0 140000.0 384594.9407634643 2300.0
140000.0 141000.0 330468.74131058203 0.0
141000.0 142000.0 305793.8817922666 2300.0
142000.0 143000.0 332623.6830379654 2300.0
143000.0 144000.0 367278.9042092231 0.0
144000.0 145000.0 384202.79706592025 2300.0
145000.0 146000.0 333625.35416572803 0.0
146000.0 147000.0 340362.39706362126 2300.0
147000.0 148000.0 284892.32349597884 0.0
148000.0 149000.0 423977.49630686874 2300.0
149000.0 150000.0 326696.6712326952 0.0
150000.0 151000.0 371518.826990625 2300.0
151000.0 152000.0 388962.39938318246 2300.0
152000.0 153000.0 303813.41714829765 0.0
153000.0 154000.0 269993.3527515641 2300.0
154000.0 155000.0 379920.6849396681 0.0
155000.0 156000.0 233882.90455181812 2300.0
156000.0 157000.0 385212.46552807157 0.0
157000.0 158000.0 334666.2001626967 2300.0
158000.0 159000.0 363947.77565245976 0.0
159000.0 160000.0 251503.24851413397 2300.0
160000.0 161000.0 354089.2158650839 0.0
161000.0 162000.0 274812.1489360435 2300.0
162000.0 163000.0 333600.9306375495 0.0
163000.0 164000.0 243817.13331894684 0.0
164000.0 165000.0 0.0 0.0
165000.0 166000.0 4318.0 0.0
166000.0 167000.0 0.0 0.0
167000.0 168000.0 1174.0118144217329 0.0
168000.0 169000.0 68452.14703386113 1500.0
169000.0 170000.0 344564.60239894106 1500.0
170000.0 171000.0 365176.7650849345 1500.0
171000.0 172000.0 337148.9879265389 1500.0
172000.0 173000.0 288754.83818096225 0.0
173000.0 174000.0 242306.3401745807 1500.0
174000.0 175000.0 213306.9521083382 0.0
175000.0 176000.0 189200.94786647373 2300.0
176000.0 177000.0 287747.8189031435 0.0
177000.0 178000.0 302585.0443313949 2300.0
178000.0 179000.0 303561.34483723866 0.0
179000.0 180000.0 301796.7647000111 2300.0
180000.0 181000.0 282894.15171415557 0.0
181000.0 182000.0 318603.78198392375 2300.0
182000.0 183000.0 291263.8387034575 0.0
183000.0 184000.0 303413.2707523577 2300.0
184000.0 185000.0 279842.99118619226 0.0
185000.0 186000.0 361138.8783089613 2300.0
186000.0 187000.0 292088.22700043867 0.0
187000.0 188000.0 311473.1534081946 2300.0
188000.0 189000.0 293906.4862752197 0.0
189000.0 190000.0 303019.05926063564 2300.0
190000.0 191000.0 278343.44973771495 0.0
191000.0 192000.0 258493.0161309747 2300.0
192000.0 193000.0 272377.3616210894 0.0
193000.0 194000.0 303088.4062155183 2300.0
194000.0 195000.0 278557.85697608534 0.0
195000.0 196000.0 332906.3534997569 2300.0
196000.0 197000.0 239694.58849447215 0.0
197000.0 198000.0 301463.60326027335 2300.0
198000.0 199000.0 306049.62762017077 0.0
199000.0 200000.0 347081.1822613327 2300.0
200000.0 201000.0 295225.91029937443 0.0
201000.0 202000.0 292388.5723974274 2300.0
202000.0 203000.0 294576.7539662905 0.0
203000.0 204000.0 208292.91356514225 2300.0
204000.0 205000.0 388717.0806873629 0.0
205000.0 206000.0 225353.8758720181 2300.0
206000.0 207000.0 326784.3061197893 0.0
207000.0 208000.0 396403.8450756862 1500.0
208000.0 209000.0 364330.8192819869 1500.0
209000.0 210000.0 349490.5795060772 1500.0
210000.0 211000.0 174417.22805359832 0.0
211000.0 212000.0 206944.67449135275 2300.0
212000.0 213000.0 290889.5489678205 0.0
213000.0 214000.0 323727.10944302636 2300.0
214000.0 215000.0 283515.38763659 0.0
215000.0 216000.0 329274.92257594276 2300.0
216000.0 217000.0 273286.4442394635 0.0
217000.0 218000.0 284517.8157296288 2300.0
218000.0 219000.0 280046.61484717345 0.0
219000.0 220000.0 360421.76511206036 2300.0
220000.0 221000.0 280213.6750236844 0.0
221000.0 222000.0 233674.16581540724 2300.0
222000.0 223000.0 279077.4481854065 0.0
223000.0 224000.0 242267.69333592462 2300.0
224000.0 225000.0 413846.7916614199 0.0
225000.0 226000.0 199731.30667456292 2300.0
226000.0 227000.0 403069.6647419794 0.0
227000.0 228000.0 255936.00918139907 2300.0
228000.0 229000.0 300082.44407123385 0.0
229000.0 230000.0 325581.04935634165 2300.0
230000.0 231000.0 269863.7040824206 0.0
231000.0 232000.0 313109.98497082037 2300.0
232000.0 233000.0 334138.75177519367 0.0
233000.0 234000.0 221024.29348462858 2300.0
234000.0 235000.0 368033.58289169654 0.0
235000.0 236000.0 256503.67048794567 2300.0
236000.0 237000.0 405734.24420603784 0.0
237000.0 238000.0 245575.28920937987 2300.0
238000.0 239000.0 261441.488683982 0.0
239000.0 240000.0 360628.11623137293 2300.0
240000.0 241000.0 292688.61809313117 0.0
241000.0 242000.0 296232.8322414238 2300.0
242000.0 243000.0 288418.8296702777 0.0
243000.0 244000.0 316181.37525219563 2300.0
244000.0 245000.0 272386.50909294473 0.0
245000.0 246000.0 292437.90362402087 2300.0
246000.0 247000.0 258049.3320786058 0.0
247000.0 248000.0 186096.60293820704 0.0
248000.0 249000.0 5134.605298778416 0.0
249000.0 250000.0 5711.0 0.0
250000.0 251000.0 2800.0 0.0
251000.0 252000.0 259386.6240177697 840.0
252000.0 253000.0 217865.27738629392 840.0
253000.0 254000.0 290345.73574141914 840.0
254000.0 255000.0 105934.36285451721 0.0
255000.0 256000.0 146107.40613367938 1500.0
256000.0 257000.0 193880.10802404003 0.0
257000.0 258000.0 187079.44277062683 1500.0
258000.0 259000.0 185707.4532947614 0.0
259000.0 260000.0 157588.45102586254 1500.0
260000.0 261000.0 173021.836241437 0.0
261000.0 262000.0 201535.3636385741 1500.0
262000.0 263000.0 222339.751886663 0.0
263000.0 264000.0 158949.31887928984 1500.0
264000.0 265000.0 206312.85631136684 0.0
265000.0 266000.0 172626.1604492364 1500.0
266000.0 267000.0 198060.557654521 0.0
267000.0 268000.0 182317.39664227693 1500.0
268000.0 269000.0 168915.89704766477 0.0
269000.0 270000.0 166885.80160305268 1500.0
270000.0 271000.0 182643.452954239 0.0
271000.0 272000.0 188190.22474506128 1500.0
272000.0 273000.0 157315.12845982873 0.0
273000.0 274000.0 199143.20400825166 1500.0
274000.0 275000.0 204060.13014323605 0.0
275000.0 276000.0 156976.5783931307 1500.0
276000.0 277000.0 209717.94196457404 0.0
277000.0 278000.0 211061.3092144392 1500.0
278000.0 279000.0 198592.14943946802 0.0
279000.0 280000.0 173033.61774331125 2300.0
280000.0 281000.0 296025.70516342635 0.0
281000.0 282000.0 289122.2074377709 2300.0
282000.0 283000.0 254844.2633926976 0.0
283000.0 284000.0 315334.6514674789 2300.0
284000.0 285000.0 279113.4391501728 0.0
285000.0 286000.0 289599.8728081594 2300.0
286000.0 287000.0 327284.49095003353 0.0
287000.0 288000.0 418357.47021230473 2300.0
288000.0 289000.0 369089.38049724145 2300.0
289000.0 290000.0 250090.65391318468 0.0
290000.0 291000.0 327365.0082875457 2300.0
291000.0 292000.0 334985.48409713944 0.0
292000.0 293000.0 436913.1601877693 2300.0
293000.0 294000.0 398875.0619325524 2300.0
294000.0 295000.0 338493.6777402755 0.0
295000.0 296000.0 229178.70559458312 2300.0
296000.0 297000.0 375067.9543135447 0.0
297000.0 298000.0 166896.1171994225 2300.0
298000.0 299000.0 258194.6520940931 0.0
299000.0 300000.0 294989.9877017633 2300.0
300000.0 301000.0 110755.51719024804 0.0
