ts te s_bytes_all avg_video_rate
0.0 1000.0 0.0 0.0
1000.0 2000.0 0.0 0.0
2000.0 3000.0 0.0 0.0
3000.0 4000.0 0.0 0.0
4000.0 5000.0 0.0 0.0
5000.0 6000.0 0.0 0.0
6000.0 7000.0 92123.84944296125 2300.0
7000.0 8000.0 378523.6510894372 0.0
8000.0 9000.0 326967.2270068155 480.0
9000.0 10000.0 334737.251964088 480.0
10000.0 11000.0 69170.14326834232 480.0
11000.0 12000.0 265424.72751268395 480.0
12000.0 13000.0 342382.6632176889 480.0
13000.0 14000.0 287196.4864979828 480.0
14000.0 15000.0 29167.759590172005 1500.0
15000.0 16000.0 259744.1709652027 0.0
16000.0 17000.0 166350.03995228815 1500.0
17000.0 18000.0 203934.8661674764 0.0
18000.0 19000.0 271868.2505430728 0.0
19000.0 20000.0 207703.88846324186 1500.0
20000.0 21000.0 239563.04043649026 1500.0
21000.0 22000.0 280072.6325515552 0.0
22000.0 23000.0 128001.35133050059 0.0
23000.0 24000.0 306922.1142379302 1500.0
24000.0 25000.0 90749.2105390984 0.0
25000.0 26000.0 384307.67522297136 1500.0
26000.0 27000.0 92660.04831039201 1500.0
27000.0 28000.0 291342.951689608 0.0
28000.0 29000.0 84161.9778727494 2300.0
29000.0 30000.0 503153.0221272506 0.0
30000.0 31000.0 93753.26010045121 2300.0
31000.0 32000.0 530190.7398995488 0.0
32000.0 33000.0 85037.68763531877 3000.0
33000.0 34000.0 567306.9214510786 0.0
34000.0 35000.0 143711.39091360263 3000.0
35000.0 36000.0 679202.9669743463 3000.0
36000.0 37000.0 863080.0330256537 0.0
37000.0 38000.0 0.0 0.0
38000.0 39000.0 136144.94177302983 3000.0
39000.0 40000.0 608964.3036958723 0.0
40000.0 41000.0 118310.63698733503 3000.0
41000.0 42000.0 706615.5594700605 3000.0
42000.0 43000.0 823663.4332394317 3000.0
43000.0 44000.0 435661.28825856047 0.0
44000.0 45000.0 345839.98023733345 3000.0
45000.0 46000.0 679749.8563383766 0.0
46000.0 47000.0 83962.56140365181 4400.0
47000.0 48000.0 779588.653393958 0.0
48000.0 49000.0 395358.3095718776 4400.0
49000.0 50000.0 685173.7897246513 0.0
50000.0 51000.0 362249.2984882323 4400.0
51000.0 52000.0 756326.4960536818 0.0
52000.0 53000.0 456889.8436796425 4400.0
53000.0 54000.0 834297.8862576887 0.0
54000.0 55000.0 342072.89877516805 4400.0
55000.0 56000.0 778848.8902107554 0.0
56000.0 57000.0 305216.4904794865 6500.0
57000.0 58000.0 802452.8720625158 0.0
58000.0 59000.0 859815.8490955759 6500.0
59000.0 60000.0 857523.28752658 0.0
60000.0 61000.0 739835.9409214318 6500.0
61000.0 62000.0 688371.4539095052 0.0
62000.0 63000.0 920211.2922781865 0.0
63000.0 64000.0 695221.1440926126 4400.0
64000.0 65000.0 489432.2728424866 4400.0
65000.0 66000.0 643758.7423564347 0.0
66000.0 67000.0 453148.03651057323 4400.0
67000.0 68000.0 676059.8145232579 0.0
68000.0 69000.0 510284.7329181308 4400.0
69000.0 70000.0 793589.2884157423 0.0
70000.0 71000.0 168767.1545081727 4400.0
71000.0 72000.0 995418.068686136 0.0
72000.0 73000.0 143805.93131386396 4400.0
73000.0 74000.0 831523.928594845 0.0
74000.0 75000.0 320846.07140515506 4400.0
75000.0 76000.0 782793.2161189853 0.0
76000.0 77000.0 301721.801101437 4400.0
77000.0 78000.0 798660.3390017673 0.0
78000.0 79000.0 498626.4026158728 4400.0
79000.0 80000.0 811272.3184236055 0.0
80000.0 81000.0 261480.71677164937 4400.0
81000.0 82000.0 778303.9512453866 0.0
82000.0 83000.0 376706.44048456755 4400.0
83000.0 84000.0 780635.927535906 0.0
84000.0 85000.0 329108.2421655322 4400.0
85000.0 86000.0 772533.6077524129 0.0
86000.0 87000.0 445711.0121766855 4400.0
87000.0 88000.0 834972.7111700783 0.0
88000.0 89000.0 352254.36086621217 4400.0
89000.0 90000.0 771609.7214693035 0.0
90000.0 91000.0 797425.354626918 4400.0
91000.0 92000.0 839759.0272145246 4400.0
92000.0 93000.0 623997.7476152825 0.0
93000.0 94000.0 807803.465092612 4400.0
94000.0 95000.0 804114.9640394114 4400.0
95000.0 96000.0 595112.1484066902 0.0
96000.0 97000.0 554462.3527390158 4400.0
97000.0 98000.0 670590.4347658406 0.0
98000.0 99000.0 380748.2664085741 4400.0
99000.0 100000.0 668559.8041213604 0.0
100000.0 101000.0 426665.2209261161 4400.0
101000.0 102000.0 712593.6039553096 0.0
102000.0 103000.0 549954.7018813959 4400.0
103000.0 104000.0 734714.5320656721 0.0
104000.0 105000.0 286545.1871040738 4400.0
105000.0 106000.0 653873.8990766334 0.0
106000.0 107000.0 483213.13476419874 4400.0
107000.0 108000.0 842750.8808946293 0.0
108000.0 109000.0 274192.0023151351 4400.0
109000.0 110000.0 554060.933768237 0.0
110000.0 111000.0 607316.8880686752 4400.0
111000.0 112000.0 839764.7699534089 0.0
112000.0 113000.0 363628.9112968828 4400.0
113000.0 114000.0 894174.8642779059 0.0
114000.0 115000.0 215541.41810671677 4400.0
115000.0 116000.0 906861.0782196956 0.0
116000.0 117000.0 251745.02254471258 4400.0
117000.0 118000.0 934343.9541627833 0.0
118000.0 119000.0 265492.6549746196 4400.0
119000.0 120000.0 937811.334974093 0.0
120000.0 121000.0 209459.6090559008 4400.0
121000.0 122000.0 857342.2936422371 0.0
122000.0 123000.0 291011.77004133526 0.0
123000.0 124000.0 208637.11406023198 4400.0
124000.0 125000.0 744951.8950697137 0.0
125000.0 126000.0 421714.5898667627 4400.0
126000.0 127000.0 813604.134799575 0.0
127000.0 128000.0 745687.9577260657 4400.0
128000.0 129000.0 631046.2601670655 4400.0
129000.0 130000.0 676259.4781981659 0.0
130000.0 131000.0 512426.4945777571 4400.0
131000.0 132000.0 792666.4014980214 0.0
132000.0 133000.0 325286.0405492164 4400.0
133000.0 134000.0 747045.9247736152 0.0
134000.0 135000.0 401752.7219664215 4400.0
135000.0 136000.0 802356.8738402645 0.0
136000.0 137000.0 851592.8168588543 4400.0
137000.0 138000.0 685338.3767265148 4400.0
138000.0 139000.0 996422.4117616228 4400.0
139000.0 140000.0 648335.7093485562 0.0
140000.0 141000.0 456703.4876274756 4400.0
141000.0 142000.0 329078.680438673 0.0
142000.0 143000.0 814453.2728152253 6500.0
143000.0 144000.0 722285.1433522623 0.0
144000.0 145000.0 881322.5971866932 6500.0
145000.0 146000.0 787112.7007343284 0.0
146000.0 147000.0 835998.9232287143 6500.0
147000.0 148000.0 838418.9085434738 0.0
148000.0 149000.0 878098.8982759832 6500.0
149000.0 150000.0 881566.9798281993 0.0
150000.0 151000.0 752801.9891958219 6500.0
151000.0 152000.0 947231.9161187336 0.0
152000.0 153000.0 758525.7632952657 6500.0
153000.0 154000.0 775113.0301759436 0.0
154000.0 155000.0 789638.6479279343 6500.0
155000.0 156000.0 834663.4765111895 0.0
156000.0 157000.0 827318.8945916167 6500.0
157000.0 158000.0 825236.4207799337 0.0
158000.0 159000.0 903110.568481998 4400.0
159000.0 160000.0 621526.0473062032 0.0
160000.0 161000.0 472479.451795907 4400.0
161000.0 162000.0 875093.1186343253 0.0
162000.0 163000.0 199119.88136567466 4400.0
163000.0 164000.0 772107.6050826897 0.0
164000.0 165000.0 456955.45265683625 4400.0
165000.0 166000.0 874716.0183143693 0.0
166000.0 167000.0 243883.4813988938 4400.0
167000.0 168000.0 879016.9471602818 0.0
168000.0 169000.0 345792.0769173523 4400.0
169000.0 170000.0 864035.8342432766 0.0
170000.0 171000.0 311255.18134459626 4400.0
171000.0 172000.0 873797.02563702 0.0
172000.0 173000.0 256380.28328772113 4400.0
173000.0 174000.0 877976.2448316047 0.0
174000.0 175000.0 326141.9403335703 4400.0
175000.0 176000.0 821738.3842086449 0.0
176000.0 177000.0 314699.40879055014 4400.0
177000.0 178000.0 849848.742082909 0.0
178000.0 179000.0 242055.38724759745 4400.0
179000.0 180000.0 893271.4080082845 0.0
180000.0 181000.0 400492.28500197537 4400.0
181000.0 182000.0 818636.1937598464 0.0
182000.0 183000.0 119061.64985397624 4400.0
183000.0 184000.0 323291.26967904804 0.0
184000.0 185000.0 807171.8861748088 4400.0
185000.0 186000.0 970073.9268780897 0.0
186000.0 187000.0 875793.8107799698 4400.0
187000.0 188000.0 848597.0828530431 4400.0
188000.0 189000.0 810497.5123247597 4400.0
189000.0 190000.0 752933.9593531942 0.0
190000.0 191000.0 423154.8392670752 4400.0
191000.0 192000.0 719712.049809569 0.0
192000.0 193000.0 435360.6462630967 6500.0
193000.0 194000.0 764982.1547230629 0.0
194000.0 195000.0 861205.7730603243 6500.0
195000.0 196000.0 838636.6170301462 0.0
196000.0 197000.0 814345.4690621326 6500.0
197000.0 198000.0 732734.8148929548 0.0
198000.0 199000.0 863763.3186641434 6500.0
199000.0 200000.0 839121.8604602952 0.0
200000.0 201000.0 803655.2097037549 6500.0
201000.0 202000.0 884633.6952748506 0.0
202000.0 203000.0 662933.4073034041 6500.0
203000.0 204000.0 794087.9081874862 0.0
204000.0 205000.0 890382.6060157808 4400.0
205000.0 206000.0 567469.0547450596 0.0
206000.0 207000.0 510047.22484851914 4400.0
207000.0 208000.0 624555.6495183524 0.0
208000.0 209000.0 579515.973226091 4400.0
209000.0 210000.0 694213.283409287 0.0
210000.0 211000.0 406701.0839417661 4400.0
211000.0 212000.0 610444.158592693 0.0
212000.0 213000.0 418279.84697385976 4400.0
213000.0 214000.0 642312.8284497864 0.0
214000.0 215000.0 542880.8570240813 4400.0
215000.0 216000.0 772819.2042061066 0.0
216000.0 217000.0 333266.5924306243 4400.0
217000.0 218000.0 670263.6075155804 0.0
218000.0 219000.0 531272.8114938214 4400.0
219000.0 220000.0 793514.8240460735 0.0
220000.0 221000.0 291341.74514581804 4400.0
221000.0 222000.0 815528.7387834439 0.0
222000.0 223000.0 251143.14772605005 4400.0
223000.0 224000.0 907234.7668891099 0.0
224000.0 225000.0 449530.59426185855 4400.0
225000.0 226000.0 843751.6476618396 0.0
226000.0 227000.0 264232.64858835225 4400.0
227000.0 228000.0 806872.5949714581 0.0
228000.0 229000.0 242777.66700426588 4400.0
229000.0 230000.0 796913.5218145397 0.0
230000.0 231000.0 321736.3627388882 4400.0
231000.0 232000.0 833471.066604026 0.0
232000.0 233000.0 907766.4537634577 4400.0
233000.0 234000.0 875915.4255376479 4400.0
234000.0 235000.0 706052.6028748946 0.0
235000.0 236000.0 766785.0560785801 4400.0
236000.0 237000.0 494936.03700444114 4400.0
237000.0 238000.0 621221.4187918934 0.0
238000.0 239000.0 474633.5621971255 4400.0
239000.0 240000.0 623746.7569982326 0.0
240000.0 241000.0 519195.0795506584 4400.0
241000.0 242000.0 572655.195177823 0.0
242000.0 243000.0 474737.54149090697 0.0
243000.0 244000.0 441913.49888906186 4400.0
244000.0 245000.0 737531.0078999337 0.0
245000.0 246000.0 813523.2461889462 4400.0
246000.0 247000.0 249997.24702205838 4400.0
247000.0 248000.0 797532.7703282733 0.0
248000.0 249000.0 320806.70957604254 4400.0
249000.0 250000.0 813800.57590149 0.0
250000.0 251000.0 361106.94419419416 4400.0
251000.0 252000.0 647624.9382547867 0.0
252000.0 253000.0 423601.3151513854 4400.0
253000.0 254000.0 700377.7999324553 0.0
254000.0 255000.0 414163.8685528277 0.0
255000.0 256000.0 608597.2071320094 4400.0
256000.0 257000.0 457694.7297397881 4400.0
257000.0 258000.0 635892.8853232536 0.0
258000.0 259000.0 631832.8255607672 4400.0
259000.0 260000.0 717859.094189364 0.0
260000.0 261000.0 457477.63526434725 4400.0
261000.0 262000.0 617358.5201425954 0.0
262000.0 263000.0 469823.227720242 4400.0
263000.0 264000.0 764930.8412887243 0.0
264000.0 265000.0 422365.5929032644 4400.0
265000.0 266000.0 605499.6628142677 0.0
266000.0 267000.0 492657.7278623535 4400.0
267000.0 268000.0 647350.6491508345 0.0
268000.0 269000.0 461755.86391544034 4400.0
269000.0 270000.0 634779.276575766 0.0
270000.0 271000.0 419102.11614575994 4400.0
271000.0 272000.0 609592.1099114898 0.0
272000.0 273000.0 490922.16126066295 4400.0
273000.0 274000.0 695046.6447038666 0.0
274000.0 275000.0 451593.6215722407 4400.0
275000.0 276000.0 689763.7493200224 0.0
276000.0 277000.0 326574.93561148463 4400.0
277000.0 278000.0 968885.6491010519 0.0
278000.0 279000.0 216245.35089894815 4400.0
279000.0 280000.0 757093.2832660319 0.0
280000.0 281000.0 458543.7167339681 4400.0
281000.0 282000.0 703531.2235963127 0.0
282000.0 283000.0 858513.2750198471 4400.0
283000.0 284000.0 828711.0146351749 4400.0
284000.0 285000.0 880286.5230649847 4400.0
285000.0 286000.0 612505.3316361131 0.0
286000.0 287000.0 634990.420178622 4400.0
287000.0 288000.0 863515.3706829014 0.0
288000.0 289000.0 242456.40109991928 4400.0
289000.0 290000.0 752787.0666714818 0.0
290000.0 291000.0 671164.1303182986 4400.0
291000.0 292000.0 770595.3672158543 0.0
292000.0 293000.0 312939.65743436525 4400.0
293000.0 294000.0 767944.1682838094 0.0
294000.0 295000.0 443526.01892884774 4400.0
295000.0 296000.0 745368.9118995322 0.0
296000.0 297000.0 317775.8661500757 4400.0
297000.0 298000.0 693631.8951330364 0.0
298000.0 299000.0 522753.6249272732 4400.0
299000.0 300000.0 713686.3948714933 0.0
300000.0 301000.0 177755.3382520573 0.0
