ts te s_bytes_all avg_video_rate
0.0 1000.0 0.0 0.0
1000.0 2000.0 0.0 0.0
2000.0 3000.0 0.0 0.0
3000.0 4000.0 0.0 0.0
4000.0 5000.0 0.0 0.0
5000.0 6000.0 0.0 0.0
6000.0 7000.0 220845.28880102115 2300.0
7000.0 8000.0 330274.34385652165 0.0
8000.0 9000.0 308029.0763672737 840.0
9000.0 10000.0 143795.5679863104 0.0
10000.0 11000.0 185368.25385695903 480.0
11000.0 12000.0 52781.25076876342 0.0
12000.0 13000.0 16483.961042576848 0.0
13000.0 14000.0 12679.501822209553 0.0
14000.0 15000.0 31818.907982501147 0.0
15000.0 16000.0 218379.08682564818 288.0
16000.0 17000.0 193223.27518488572 288.0
17000.0 18000.0 218799.6241829237 288.0
18000.0 19000.0 120839.68024514266 288.0
19000.0 20000.0 106979.61168318751 288.0
20000.0 21000.0 14027.56939407535 0.0
21000.0 22000.0 0.0 0.0
22000.0 23000.0 292859.5427730109 840.0
23000.0 24000.0 194764.4572269891 0.0
24000.0 25000.0 370513.0 1500.0
25000.0 26000.0 0.0 0.0
26000.0 27000.0 391324.0 1500.0
27000.0 28000.0 270901.6236848424 2300.0
28000.0 29000.0 385814.3763151576 0.0
29000.0 30000.0 243166.92783814212 2300.0
30000.0 31000.0 328376.07216185785 0.0
31000.0 32000.0 762124.5500301807 3000.0
32000.0 33000.0 45619.1591067512 0.0
33000.0 34000.0 729784.8264571567 3000.0
34000.0 35000.0 426394.543953667 3000.0
35000.0 36000.0 466640.9204522444 0.0
36000.0 37000.0 584507.8790158946 3000.0
37000.0 38000.0 149482.1209841053 0.0
38000.0 39000.0 682748.63062601 3000.0
39000.0 40000.0 44627.36937399002 0.0
40000.0 41000.0 793042.5781727083 4400.0
41000.0 42000.0 676635.1142558899 4400.0
42000.0 43000.0 754836.4772013902 0.0
43000.0 44000.0 756764.8047464186 4400.0
44000.0 45000.0 414799.02562359296 0.0
45000.0 46000.0 616280.2255729284 4400.0
46000.0 47000.0 445422.4091011516 0.0
47000.0 48000.0 594313.6224594192 4400.0
48000.0 49000.0 931710.8665833133 4400.0
49000.0 50000.0 572101.8209293468 0.0
50000.0 51000.0 488507.3911074861 4400.0
51000.0 52000.0 722619.4513704375 0.0
52000.0 53000.0 601414.0447745856 4400.0
53000.0 54000.0 523279.13887118374 0.0
54000.0 55000.0 760290.4260153756 4400.0
55000.0 56000.0 686793.0511220739 4400.0
56000.0 57000.0 774804.5520926983 0.0
57000.0 58000.0 295316.3924602216 4400.0
58000.0 59000.0 768056.7311261251 0.0
59000.0 60000.0 817494.4574675763 4400.0
60000.0 61000.0 385390.91464773676 0.0
61000.0 62000.0 724789.8939897575 4400.0
62000.0 63000.0 889326.6561937507 4400.0
63000.0 64000.0 542221.3902202836 0.0
64000.0 65000.0 726660.0579045422 4400.0
65000.0 66000.0 491317.50599000626 0.0
66000.0 67000.0 607351.0712867099 4400.0
67000.0 68000.0 811018.4708943311 4400.0
68000.0 69000.0 739622.0188241315 0.0
69000.0 70000.0 377884.67500534543 4400.0
70000.0 71000.0 802509.7639894821 0.0
71000.0 72000.0 309455.7474321201 4400.0
72000.0 73000.0 796417.6092832481 4400.0
73000.0 74000.0 836885.392823697 0.0
74000.0 75000.0 312850.9414862887 0.0
75000.0 76000.0 639862.8811837788 4400.0
76000.0 77000.0 872357.3495566923 4400.0
77000.0 78000.0 588375.5790509391 0.0
78000.0 79000.0 724878.4644342295 4400.0
79000.0 80000.0 631631.752086573 4400.0
80000.0 81000.0 803891.2508042296 0.0
81000.0 82000.0 502033.4207624036 4400.0
82000.0 83000.0 639614.3406535 0.0
83000.0 84000.0 439184.59449266765 4400.0
84000.0 85000.0 715360.4163106248 0.0
85000.0 86000.0 856398.7317076717 4400.0
86000.0 87000.0 393918.85298415454 0.0
87000.0 88000.0 725105.3082071269 4400.0
88000.0 89000.0 641866.733779238 4400.0
89000.0 90000.0 854493.041448075 0.0
90000.0 91000.0 410591.4991667176 4400.0
91000.0 92000.0 599469.419238399 0.0
92000.0 93000.0 600546.2183950006 4400.0
93000.0 94000.0 645545.4133943873 0.0
94000.0 95000.0 674165.0546656281 4400.0
95000.0 96000.0 409871.46651660674 0.0
96000.0 97000.0 596821.3732335455 4400.0
97000.0 98000.0 438005.3294630668 0.0
98000.0 99000.0 690454.8861980991 4400.0
99000.0 100000.0 491263.0278834052 0.0
100000.0 101000.0 571532.8921523456 4400.0
101000.0 102000.0 500589.19541046803 0.0
102000.0 103000.0 562095.5863994682 4400.0
103000.0 104000.0 428827.35799260007 0.0
104000.0 105000.0 637739.036345226 6500.0
105000.0 106000.0 868443.7318070533 0.0
106000.0 107000.0 871225.7128979177 4400.0
107000.0 108000.0 473198.5862021381 0.0
108000.0 109000.0 638340.3513253842 4400.0
109000.0 110000.0 489419.680367687 0.0
110000.0 111000.0 629140.7943818992 4400.0
111000.0 112000.0 472900.4809545885 0.0
112000.0 113000.0 658206.920135708 4400.0
113000.0 114000.0 612008.3301753611 0.0
114000.0 115000.0 379369.00099405285 4400.0
115000.0 116000.0 761871.2892511481 0.0
116000.0 117000.0 490637.6863087405 4400.0
117000.0 118000.0 609882.2702560986 0.0
118000.0 119000.0 569906.0413845637 4400.0
119000.0 120000.0 417851.584434533 0.0
120000.0 121000.0 694152.497328644 4400.0
121000.0 122000.0 543474.8768522593 0.0
122000.0 123000.0 160911.74193381454 0.0
123000.0 124000.0 579083.6261888171 4400.0
124000.0 125000.0 805298.3382072092 4400.0
125000.0 126000.0 867522.1588913373 4400.0
126000.0 127000.0 812956.8846782843 0.0
127000.0 128000.0 160222.25010053773 0.0
128000.0 129000.0 653118.7056802692 4400.0
129000.0 130000.0 502957.2505255162 0.0
130000.0 131000.0 727891.2667477562 4400.0
131000.0 132000.0 381770.3331148926 0.0
132000.0 133000.0 657070.1763937315 4400.0
133000.0 134000.0 901116.0232202874 4400.0
134000.0 135000.0 885135.3805629243 4400.0
135000.0 136000.0 907625.2494762721 0.0
136000.0 137000.0 820375.7904987382 4400.0
137000.0 138000.0 788680.7423175112 4400.0
138000.0 139000.0 598484.5411750793 0.0
139000.0 140000.0 731418.8067398011 6500.0
140000.0 141000.0 893009.8875696247 6500.0
141000.0 142000.0 898715.1109435703 0.0
142000.0 143000.0 882317.4391344385 6500.0
143000.0 144000.0 840833.5036183712 0.0
144000.0 145000.0 837654.5054510061 6500.0
145000.0 146000.0 825781.9267196741 0.0
146000.0 147000.0 967919.5255365125 6500.0
147000.0 148000.0 812481.7086829398 0.0
148000.0 149000.0 932029.459391631 6500.0
149000.0 150000.0 789001.7587397029 0.0
150000.0 151000.0 784846.8387204324 6500.0
151000.0 152000.0 908177.5469066408 0.0
152000.0 153000.0 700715.2965984641 6500.0
153000.0 154000.0 801480.9506647628 0.0
154000.0 155000.0 857729.1316980302 6500.0
155000.0 156000.0 788130.9672935102 0.0
156000.0 157000.0 781073.889309069 6500.0
157000.0 158000.0 797000.1319262997 0.0
158000.0 159000.0 811897.6710466042 6500.0
159000.0 160000.0 720088.0469648831 0.0
160000.0 161000.0 1002076.9974396118 6500.0
161000.0 162000.0 778092.6807163368 0.0
162000.0 163000.0 1004345.9854336879 6500.0
163000.0 164000.0 735818.2071882014 0.0
164000.0 165000.0 932809.82291568 6500.0
165000.0 166000.0 818742.3606513549 0.0
166000.0 167000.0 979569.4560243487 6500.0
167000.0 168000.0 818963.6783371377 0.0
168000.0 169000.0 936369.9687619309 6500.0
169000.0 170000.0 836705.3183226818 0.0
170000.0 171000.0 758984.4725493742 6500.0
171000.0 172000.0 753070.740025736 0.0
172000.0 173000.0 806774.2449052623 6500.0
173000.0 174000.0 841188.60401541 0.0
174000.0 175000.0 988158.5287646714 6500.0
175000.0 176000.0 826282.3746123437 0.0
176000.0 177000.0 816540.4844581705 6500.0
177000.0 178000.0 855381.8300802169 0.0
178000.0 179000.0 707963.5647623284 6500.0
179000.0 180000.0 659091.4342058052 0.0
180000.0 181000.0 894597.5366333015 6500.0
181000.0 182000.0 790782.4281317497 0.0
182000.0 183000.0 851345.5987179618 6500.0
183000.0 184000.0 789070.5740829641 0.0
184000.0 185000.0 866901.9404537107 6500.0
185000.0 186000.0 965995.9522451928 0.0
186000.0 187000.0 799129.1022241535 6500.0
187000.0 188000.0 912110.2401386169 0.0
188000.0 189000.0 893153.2322191142 6500.0
189000.0 190000.0 870543.8419547286 6500.0
190000.0 191000.0 990478.2354333238 0.0
191000.0 192000.0 1044893.3208730757 6500.0
192000.0 193000.0 787199.3459321089 0.0
193000.0 194000.0 925744.4989952181 6500.0
194000.0 195000.0 751049.6612968261 0.0
195000.0 196000.0 480722.0513215391 6500.0
196000.0 197000.0 657253.3053338282 0.0
197000.0 198000.0 786097.5833719812 6500.0
198000.0 199000.0 830491.2177491019 0.0
199000.0 200000.0 877096.5715209132 0.0
200000.0 201000.0 945514.1969797924 6500.0
201000.0 202000.0 815374.672165148 4400.0
202000.0 203000.0 840594.7208798314 4400.0
203000.0 204000.0 767575.8538065804 0.0
204000.0 205000.0 496206.4944869579 6500.0
205000.0 206000.0 811366.5354314819 0.0
206000.0 207000.0 789877.2126739942 6500.0
207000.0 208000.0 825657.5779159786 0.0
208000.0 209000.0 818395.222415301 6500.0
209000.0 210000.0 849264.7078903641 0.0
210000.0 211000.0 740425.3758284035 6500.0
211000.0 212000.0 785586.9276896789 0.0
212000.0 213000.0 671257.3511323594 6500.0
213000.0 214000.0 844493.6408235844 0.0
214000.0 215000.0 769679.4142639866 6500.0
215000.0 216000.0 811982.8659337519 0.0
216000.0 217000.0 1003813.9702385879 6500.0
217000.0 218000.0 813679.5092444874 0.0
218000.0 219000.0 807919.8465939695 6500.0
219000.0 220000.0 935727.7809626878 0.0
220000.0 221000.0 892914.7573181366 6500.0
221000.0 222000.0 769407.4846889271 0.0
222000.0 223000.0 217915.32446736106 0.0
223000.0 224000.0 556.0 6500.0
224000.0 225000.0 204244.43523426616 0.0
225000.0 226000.0 938304.1712847463 0.0
226000.0 227000.0 858574.7097662189 4400.0
227000.0 228000.0 724353.8344634187 3000.0
228000.0 229000.0 892163.2385344566 3000.0
229000.0 230000.0 755550.0232944892 3000.0
230000.0 231000.0 497913.5874224042 0.0
231000.0 232000.0 765532.2548211238 4400.0
232000.0 233000.0 346790.0659243316 0.0
233000.0 234000.0 742805.4895931204 4400.0
234000.0 235000.0 368619.2594613362 0.0
235000.0 236000.0 577785.1862975836 4400.0
236000.0 237000.0 508331.06053501973 0.0
237000.0 238000.0 715906.6771602632 4400.0
238000.0 239000.0 342575.0352834184 0.0
239000.0 240000.0 599491.6364127848 4400.0
240000.0 241000.0 828600.4547131712 4400.0
241000.0 242000.0 708765.6571867154 0.0
242000.0 243000.0 300119.5335380307 4400.0
243000.0 244000.0 643560.316265445 0.0
244000.0 245000.0 471738.3971725347 4400.0
245000.0 246000.0 593574.1688203984 0.0
246000.0 247000.0 553183.1517322405 4400.0
247000.0 248000.0 568245.0183011936 0.0
248000.0 249000.0 577654.3304913435 4400.0
249000.0 250000.0 741379.8560732685 0.0
250000.0 251000.0 729977.032616927 4400.0
251000.0 252000.0 194745.41759974984 0.0
252000.0 253000.0 583082.8219732427 6500.0
253000.0 254000.0 830314.3709658291 0.0
254000.0 255000.0 597668.1830905057 6500.0
255000.0 256000.0 752966.3745289161 0.0
256000.0 257000.0 807428.0473153042 6500.0
257000.0 258000.0 686914.9149075861 0.0
258000.0 259000.0 883143.988920473 6500.0
259000.0 260000.0 761274.3773591983 0.0
260000.0 261000.0 998478.2716582832 6500.0
261000.0 262000.0 759528.8623614596 0.0
262000.0 263000.0 610668.613573169 0.0
263000.0 264000.0 108705.40889112571 480.0
264000.0 265000.0 313077.76445490774 480.0
265000.0 266000.0 0.0 0.0
266000.0 267000.0 535532.9528145778 3000.0
267000.0 268000.0 246565.47021476095 0.0
268000.0 269000.0 325127.572303784 3000.0
269000.0 270000.0 357710.547756038 0.0
270000.0 271000.0 542171.3880429365 3000.0
271000.0 272000.0 359500.9716492093 0.0
272000.0 273000.0 603904.4785564493 3000.0
273000.0 274000.0 161942.61866224403 0.0
274000.0 275000.0 458085.046142132 3000.0
275000.0 276000.0 807195.9254129773 3000.0
276000.0 277000.0 242865.29372357955 0.0
277000.0 278000.0 673369.4584339439 4400.0
278000.0 279000.0 553308.6323388056 4400.0
279000.0 280000.0 728893.9196597042 0.0
280000.0 281000.0 324663.232688337 0.0
281000.0 282000.0 668225.5346073811 4400.0
282000.0 283000.0 385354.6860620624 0.0
283000.0 284000.0 340677.04784967686 4400.0
284000.0 285000.0 906425.5734909195 4400.0
285000.0 286000.0 771401.2815889362 0.0
286000.0 287000.0 275905.4770209563 0.0
287000.0 288000.0 748987.3434553912 4400.0
288000.0 289000.0 709579.4728564144 4400.0
289000.0 290000.0 805318.0746687824 0.0
290000.0 291000.0 338912.6254161586 4400.0
291000.0 292000.0 636938.6184665859 0.0
292000.0 293000.0 442392.30549896514 4400.0
293000.0 294000.0 574314.3253751665 0.0
294000.0 295000.0 473833.1984202678 4400.0
295000.0 296000.0 656755.0982213111 0.0
296000.0 297000.0 614431.6994874541 4400.0
297000.0 298000.0 500891.17318762786 0.0
298000.0 299000.0 718188.5334092756 4400.0
299000.0 300000.0 426240.42251718737 0.0
