ts te s_bytes_all avg_video_rate
0.0 1000.0 0.0 0.0
1000.0 2000.0 0.0 0.0
2000.0 3000.0 0.0 0.0
3000.0 4000.0 0.0 0.0
4000.0 5000.0 0.0 0.0
5000.0 6000.0 0.0 0.0
6000.0 7000.0 3968.991133251276 0.0
7000.0 8000.0 183634.60597741196 2300.0
8000.0 9000.0 320229.29099071893 288.0
9000.0 10000.0 214476.8683116933 288.0
10000.0 11000.0 305181.08342486795 288.0
11000.0 12000.0 290496.92698538717 288.0
12000.0 13000.0 152652.66823833666 0.0
13000.0 14000.0 95189.34390935797 840.0
14000.0 15000.0 225102.827872843 0.0
15000.0 16000.0 75891.9566334989 840.0
16000.0 17000.0 215968.43652263287 0.0
17000.0 18000.0 93917.03656091126 840.0
18000.0 19000.0 104198.4786750474 0.0
19000.0 20000.0 163184.44850211637 840.0
20000.0 21000.0 146985.03626192495 0.0
21000.0 22000.0 0.0 0.0
22000.0 23000.0 336802.26453953766 840.0
23000.0 24000.0 152146.73546046234 0.0
24000.0 25000.0 0.0 0.0
25000.0 26000.0 344142.2126606626 1500.0
26000.0 27000.0 66129.78733933737 0.0
27000.0 28000.0 402781.0 1500.0
28000.0 29000.0 0.0 0.0
29000.0 30000.0 419040.0 1500.0
30000.0 31000.0 218411.1318728029 0.0
31000.0 32000.0 623457.5188465209 3000.0
32000.0 33000.0 301644.53561314085 0.0
33000.0 34000.0 596841.9103118929 3000.0
34000.0 35000.0 150805.90335564263 0.0
35000.0 36000.0 557098.9049761943 3000.0
36000.0 37000.0 207690.09502380574 0.0
37000.0 38000.0 514786.17775085516 4400.0
38000.0 39000.0 455054.5476038867 0.0
39000.0 40000.0 566059.5567273684 4400.0
40000.0 41000.0 525842.942542094 0.0
41000.0 42000.0 657345.9702486184 4400.0
42000.0 43000.0 489391.9339200434 0.0
43000.0 44000.0 698992.5683758528 4400.0
44000.0 45000.0 515963.49135383766 0.0
45000.0 46000.0 606088.6244430621 4400.0
46000.0 47000.0 508813.56542442244 0.0
47000.0 48000.0 622610.5514438523 4400.0
48000.0 49000.0 456439.31184813357 0.0
49000.0 50000.0 604082.1551714528 4400.0
50000.0 51000.0 490431.782454115 0.0
51000.0 52000.0 627433.6309269802 4400.0
52000.0 53000.0 490055.41249575315 0.0
53000.0 54000.0 716780.3302312396 4400.0
54000.0 55000.0 473757.3665442458 0.0
55000.0 56000.0 675529.0367508966 4400.0
56000.0 57000.0 443893.1948923494 0.0
57000.0 58000.0 598478.2988384252 4400.0
58000.0 59000.0 533208.4396936009 0.0
59000.0 60000.0 621488.6915531501 4400.0
60000.0 61000.0 453240.62023277814 0.0
61000.0 62000.0 578261.389258701 4400.0
62000.0 63000.0 511317.9305490901 0.0
63000.0 64000.0 666815.9412277067 4400.0
64000.0 65000.0 435436.8849378373 0.0
65000.0 66000.0 636526.5067415156 4400.0
66000.0 67000.0 465239.0016413515 0.0
67000.0 68000.0 563232.7244580854 4400.0
68000.0 69000.0 529821.7825714689 0.0
69000.0 70000.0 653645.407901293 4400.0
70000.0 71000.0 540961.5839548793 0.0
71000.0 72000.0 713690.0351457341 4400.0
72000.0 73000.0 416297.239845598 0.0
73000.0 74000.0 678606.0295857278 4400.0
74000.0 75000.0 419306.40706380364 0.0
75000.0 76000.0 435723.65952242474 4400.0
76000.0 77000.0 573620.4255434646 0.0
77000.0 78000.0 790028.1233447738 3000.0
78000.0 79000.0 303511.725239531 0.0
79000.0 80000.0 648193.958786567 3000.0
80000.0 81000.0 681356.2145618055 3000.0
81000.0 82000.0 764886.927282702 3000.0
82000.0 83000.0 241975.55756635196 0.0
83000.0 84000.0 477686.7337278696 4400.0
84000.0 85000.0 497810.30467127176 0.0
85000.0 86000.0 610248.8632673061 4400.0
86000.0 87000.0 510295.25418085244 0.0
87000.0 88000.0 697139.8664363843 4400.0
88000.0 89000.0 452543.203794698 0.0
89000.0 90000.0 671854.6175440806 4400.0
90000.0 91000.0 437183.4419294831 0.0
91000.0 92000.0 627761.4000282979 4400.0
92000.0 93000.0 436688.5059320586 0.0
93000.0 94000.0 643038.4054088959 4400.0
94000.0 95000.0 477098.38983107766 0.0
95000.0 96000.0 660728.0934801642 4400.0
96000.0 97000.0 450999.6733932547 0.0
97000.0 98000.0 546084.1327385562 4400.0
98000.0 99000.0 465547.5182709582 0.0
99000.0 100000.0 622012.0407811175 4400.0
100000.0 101000.0 542007.1978059199 0.0
101000.0 102000.0 695785.8665143127 4400.0
102000.0 103000.0 498643.16017125046 0.0
103000.0 104000.0 693415.9936017947 4400.0
104000.0 105000.0 464378.7970597347 0.0
105000.0 106000.0 674645.6212464813 6500.0
106000.0 107000.0 813121.8058782532 0.0
107000.0 108000.0 737929.6875084031 6500.0
108000.0 109000.0 817382.0973315643 0.0
109000.0 110000.0 905379.8823290296 4400.0
110000.0 111000.0 488733.60838543 0.0
111000.0 112000.0 566037.1351585431 4400.0
112000.0 113000.0 507146.88835363166 0.0
113000.0 114000.0 673058.6005642638 4400.0
114000.0 115000.0 529496.8930960308 0.0
115000.0 116000.0 756695.7500498346 4400.0
116000.0 117000.0 429825.8006221727 0.0
117000.0 118000.0 517755.6371078743 4400.0
118000.0 119000.0 511912.51158785826 0.0
119000.0 120000.0 663904.8461779862 4400.0
120000.0 121000.0 557612.0031828509 0.0
121000.0 122000.0 681672.3187945995 4400.0
122000.0 123000.0 676453.7938584272 0.0
123000.0 124000.0 76088.38168217195 4400.0
124000.0 125000.0 630055.8033175216 0.0
125000.0 126000.0 798943.2062972954 4400.0
126000.0 127000.0 696202.8807812665 0.0
127000.0 128000.0 1063929.2610958645 4400.0
128000.0 129000.0 743476.9740151197 4400.0
129000.0 130000.0 1155003.1078995978 4400.0
130000.0 131000.0 605982.8724010272 0.0
131000.0 132000.0 738144.3269273054 4400.0
132000.0 133000.0 387238.7109166337 0.0
133000.0 134000.0 646545.4967628047 6500.0
134000.0 135000.0 765460.8297531656 0.0
135000.0 136000.0 799861.3756962802 6500.0
136000.0 137000.0 875515.5683047378 0.0
137000.0 138000.0 903435.888879057 6500.0
138000.0 139000.0 801797.0968987462 0.0
139000.0 140000.0 746203.3318285253 6500.0
140000.0 141000.0 794852.0856317519 0.0
141000.0 142000.0 697478.342382547 6500.0
142000.0 143000.0 910049.2091889257 0.0
143000.0 144000.0 957161.2908234621 6500.0
144000.0 145000.0 827757.1597556628 0.0
145000.0 146000.0 929065.8128870134 6500.0
146000.0 147000.0 799578.6920871988 0.0
147000.0 148000.0 704409.6312357201 6500.0
148000.0 149000.0 834611.184558918 0.0
149000.0 150000.0 564207.8515440699 6500.0
150000.0 151000.0 645989.8366656721 0.0
151000.0 152000.0 1094015.9105554754 4400.0
152000.0 153000.0 746262.3565567591 0.0
153000.0 154000.0 781632.212514631 4400.0
154000.0 155000.0 391583.5015874079 0.0
155000.0 156000.0 415279.43556179915 4400.0
156000.0 157000.0 669105.0405644865 0.0
157000.0 158000.0 764820.0552686788 4400.0
158000.0 159000.0 483607.8333183195 0.0
159000.0 160000.0 621987.1540872697 4400.0
160000.0 161000.0 600236.2897671106 0.0
161000.0 162000.0 560890.169082694 4400.0
162000.0 163000.0 602593.6153000378 0.0
163000.0 164000.0 630630.3252410055 4400.0
164000.0 165000.0 529713.6689871047 0.0
165000.0 166000.0 650782.1082853591 4400.0
166000.0 167000.0 352315.8119726815 0.0
167000.0 168000.0 459327.23327034735 4400.0
168000.0 169000.0 682787.4849348912 0.0
169000.0 170000.0 676079.5947262964 4400.0
170000.0 171000.0 611465.5947196508 0.0
171000.0 172000.0 697243.1619304908 4400.0
172000.0 173000.0 508210.30669423443 0.0
173000.0 174000.0 449634.047188747 4400.0
174000.0 175000.0 979162.435177509 4400.0
175000.0 176000.0 846866.2258305452 4400.0
176000.0 177000.0 961419.2339792093 0.0
177000.0 178000.0 697532.9102432427 4400.0
178000.0 179000.0 748424.0724359535 0.0
179000.0 180000.0 547913.7746326744 4400.0
180000.0 181000.0 485211.7715084575 0.0
181000.0 182000.0 625610.80002974 6500.0
182000.0 183000.0 664234.8318928307 0.0
183000.0 184000.0 732290.692745406 6500.0
184000.0 185000.0 872499.6089801935 0.0
185000.0 186000.0 957697.4604448095 6500.0
186000.0 187000.0 808168.9875485054 0.0
187000.0 188000.0 826032.7587243959 6500.0
188000.0 189000.0 798229.286133951 0.0
189000.0 190000.0 792153.6602921742 6500.0
190000.0 191000.0 852806.100812359 0.0
191000.0 192000.0 896612.6886499306 6500.0
192000.0 193000.0 769217.8046383025 0.0
193000.0 194000.0 784094.4191058045 6500.0
194000.0 195000.0 848688.655200062 0.0
195000.0 196000.0 876175.7984592385 6500.0
196000.0 197000.0 843078.6987470072 0.0
197000.0 198000.0 1012921.3690021108 6500.0
198000.0 199000.0 898377.1083762725 0.0
199000.0 200000.0 847360.7474266773 4400.0
200000.0 201000.0 448902.59315898234 0.0
201000.0 202000.0 662651.7006099524 4400.0
202000.0 203000.0 710940.7937034145 0.0
203000.0 204000.0 657574.6644245036 4400.0
204000.0 205000.0 586096.3158398123 0.0
205000.0 206000.0 536720.8184734641 4400.0
206000.0 207000.0 570505.9607955168 0.0
207000.0 208000.0 489278.1703310955 4400.0
208000.0 209000.0 725148.0086833138 0.0
209000.0 210000.0 480206.9208353281 4400.0
210000.0 211000.0 743136.2490858008 0.0
211000.0 212000.0 555957.873525409 4400.0
212000.0 213000.0 545210.907182504 0.0
213000.0 214000.0 557772.2585872177 4400.0
214000.0 215000.0 642744.317848257 0.0
215000.0 216000.0 573163.5286811441 4400.0
216000.0 217000.0 587906.8853715849 0.0
217000.0 218000.0 806430.1863978943 4400.0
218000.0 219000.0 457930.4319693087 0.0
219000.0 220000.0 583994.394031186 4400.0
220000.0 221000.0 614956.0619837602 0.0
221000.0 222000.0 690627.0875921377 4400.0
222000.0 223000.0 467205.84447343677 0.0
223000.0 224000.0 651290.3223329443 4400.0
224000.0 225000.0 738202.2965061059 4400.0
225000.0 226000.0 995182.9359974285 4400.0
226000.0 227000.0 798384.7500447584 0.0
227000.0 228000.0 824673.1728583272 4400.0
228000.0 229000.0 504060.92637740873 0.0
229000.0 230000.0 566841.8748329803 4400.0
230000.0 231000.0 552251.914645486 0.0
231000.0 232000.0 698612.0709829378 6500.0
232000.0 233000.0 883963.2990168494 0.0
233000.0 234000.0 793257.7887684361 6500.0
234000.0 235000.0 817186.4486859932 0.0
235000.0 236000.0 305348.38473060465 0.0
236000.0 237000.0 6562.00204107272 0.0
237000.0 238000.0 7404.906321297938 0.0
238000.0 239000.0 4550.474966400388 0.0
239000.0 240000.0 10025.433955041066 0.0
240000.0 241000.0 7000.0 0.0
241000.0 242000.0 396396.07845922036 6500.0
242000.0 243000.0 784204.7509661536 0.0
243000.0 244000.0 578193.4059737835 791.0
244000.0 245000.0 749742.3541137559 2300.0
245000.0 246000.0 672922.1336365299 2300.0
246000.0 247000.0 420593.2768505569 0.0
247000.0 248000.0 484101.0 2300.0
248000.0 249000.0 0.0 0.0
249000.0 250000.0 535080.4941403549 4400.0
250000.0 251000.0 546486.4363567772 0.0
251000.0 252000.0 635523.0872777195 4400.0
252000.0 253000.0 524592.9299409024 0.0
253000.0 254000.0 634416.4521124236 6500.0
254000.0 255000.0 819394.5588385917 0.0
255000.0 256000.0 839873.167805318 4400.0
256000.0 257000.0 519544.1199082078 0.0
257000.0 258000.0 295769.66066982516 4400.0
258000.0 259000.0 658975.3892413521 0.0
259000.0 260000.0 771657.2433310508 4400.0
260000.0 261000.0 490837.0879829563 0.0
261000.0 262000.0 670716.0808091676 4400.0
262000.0 263000.0 500589.31884278485 0.0
263000.0 264000.0 651054.3946229197 4400.0
264000.0 265000.0 519399.0772042527 0.0
265000.0 266000.0 599588.4694606162 4400.0
266000.0 267000.0 507925.7760348972 0.0
267000.0 268000.0 654411.9331538074 4400.0
268000.0 269000.0 476859.24504412024 0.0
269000.0 270000.0 675555.4484990119 4400.0
270000.0 271000.0 507680.38644352014 0.0
271000.0 272000.0 538570.352044572 4400.0
272000.0 273000.0 885745.0501772533 4400.0
273000.0 274000.0 827537.9849261435 0.0
274000.0 275000.0 838823.1820723613 4400.0
275000.0 276000.0 782253.559200087 4400.0
276000.0 277000.0 824010.113859005 0.0
277000.0 278000.0 549785.8392066959 4400.0
278000.0 279000.0 432806.55021575827 0.0
279000.0 280000.0 645413.5020649494 6500.0
280000.0 281000.0 758176.886259724 0.0
281000.0 282000.0 684563.9881307181 6500.0
282000.0 283000.0 816001.6745268877 0.0
283000.0 284000.0 922416.1561992618 6500.0
284000.0 285000.0 799940.8933703772 0.0
285000.0 286000.0 807567.6414921097 6500.0
286000.0 287000.0 885071.6352084866 0.0
287000.0 288000.0 778728.914125963 6500.0
288000.0 289000.0 843136.5107825961 0.0
289000.0 290000.0 801788.8345521722 6500.0
290000.0 291000.0 847597.0208792548 0.0
291000.0 292000.0 808463.0713360375 6500.0
292000.0 293000.0 823674.9001008208 0.0
293000.0 294000.0 717691.4755865764 6500.0
294000.0 295000.0 819455.9333700864 0.0
295000.0 296000.0 728977.461325025 4400.0
296000.0 297000.0 587674.0900215079 0.0
297000.0 298000.0 691290.548143233 4400.0
298000.0 299000.0 503439.99782685767 0.0
299000.0 300000.0 488366.20931964816 4400.0
300000.0 301000.0 153744.26595525202 0.0
