ts te s_bytes_all avg_video_rate
0.0 1000.0 0.0 0.0
1000.0 2000.0 0.0 0.0
2000.0 3000.0 0.0 0.0
3000.0 4000.0 0.0 0.0
4000.0 5000.0 0.0 0.0
5000.0 6000.0 0.0 0.0
6000.0 7000.0 10484.430255959813 0.0
7000.0 8000.0 482101.74088998965 2300.0
8000.0 9000.0 152606.75196132713 2300.0
9000.0 10000.0 544041.9297989219 2300.0
10000.0 11000.0 575900.1019439821 0.0
11000.0 12000.0 761986.0451498195 2300.0
12000.0 13000.0 737301.8008045068 2300.0
13000.0 14000.0 664655.0104237634 2300.0
14000.0 15000.0 487241.08650114766 2300.0
15000.0 16000.0 902915.9140500438 2300.0
16000.0 17000.0 989351.9361143098 2300.0
17000.0 18000.0 722558.318619096 2300.0
18000.0 19000.0 90365.93348713266 0.0
19000.0 20000.0 463076.170084693 4400.0
20000.0 21000.0 942691.6421461576 4400.0
21000.0 22000.0 760110.2065470307 0.0
22000.0 23000.0 488544.09528582566 4400.0
23000.0 24000.0 734267.5422940943 0.0
24000.0 25000.0 188671.94707014613 0.0
25000.0 26000.0 29508.50834758307 288.0
26000.0 27000.0 207434.88822446953 288.0
27000.0 28000.0 93169.0 288.0
28000.0 29000.0 0.0 0.0
29000.0 30000.0 195943.26459411177 2300.0
30000.0 31000.0 372771.73540588823 0.0
31000.0 32000.0 566086.0 2300.0
32000.0 33000.0 0.0 0.0
33000.0 34000.0 637599.4653920332 3000.0
34000.0 35000.0 75572.53460796681 0.0
35000.0 36000.0 630565.8292017507 3000.0
36000.0 37000.0 117545.17079824927 0.0
37000.0 38000.0 618575.44731612 3000.0
38000.0 39000.0 195424.30689107627 0.0
39000.0 40000.0 645279.6235763814 3000.0
40000.0 41000.0 135115.62221642223 0.0
41000.0 42000.0 548066.399686222 4400.0
42000.0 43000.0 482594.70743508544 0.0
43000.0 44000.0 683513.960664861 4400.0
44000.0 45000.0 439198.12121747615 0.0
45000.0 46000.0 678101.9826709146 4400.0
46000.0 47000.0 418336.05513459106 0.0
47000.0 48000.0 597814.9056923058 4400.0
48000.0 49000.0 518316.7479106964 0.0
49000.0 50000.0 756076.6876311613 4400.0
50000.0 51000.0 452626.62130010454 0.0
51000.0 52000.0 673914.4778050958 4400.0
52000.0 53000.0 423794.3818354646 0.0
53000.0 54000.0 61709.951016021056 0.0
54000.0 55000.0 0.0 0.0
55000.0 56000.0 683065.4481911267 4400.0
56000.0 57000.0 887696.652733553 3000.0
57000.0 58000.0 605278.6029917761 3000.0
58000.0 59000.0 513727.4628303051 0.0
59000.0 60000.0 588754.6838250878 3000.0
60000.0 61000.0 674740.9673327595 3000.0
61000.0 62000.0 814771.5861507456 3000.0
62000.0 63000.0 155885.37048210643 0.0
63000.0 64000.0 597203.8038585817 4400.0
64000.0 65000.0 459701.92052570416 0.0
65000.0 66000.0 609301.8702757665 4400.0
66000.0 67000.0 457187.7331119821 0.0
67000.0 68000.0 659326.4640360123 4400.0
68000.0 69000.0 511793.8685091895 0.0
69000.0 70000.0 610323.1397293155 4400.0
70000.0 71000.0 433511.11229209334 0.0
71000.0 72000.0 638964.3378969795 4400.0
72000.0 73000.0 475727.20520596625 0.0
73000.0 74000.0 642543.5956954245 4400.0
74000.0 75000.0 477131.1830691072 0.0
75000.0 76000.0 647660.8784912298 4400.0
76000.0 77000.0 463786.1167426879 0.0
77000.0 78000.0 535809.943292517 4400.0
78000.0 79000.0 539265.9419045381 0.0
79000.0 80000.0 659406.7041625957 4400.0
80000.0 81000.0 496932.8243224581 0.0
81000.0 82000.0 645792.6830698007 4400.0
82000.0 83000.0 480958.63733841386 0.0
83000.0 84000.0 676242.508024712 4400.0
84000.0 85000.0 405680.7842529015 0.0
85000.0 86000.0 622443.1399547224 4400.0
86000.0 87000.0 475268.63937703194 0.0
87000.0 88000.0 596033.1997179831 4400.0
88000.0 89000.0 540215.0546080808 0.0
89000.0 90000.0 684738.7707355629 4400.0
90000.0 91000.0 460551.731472251 0.0
91000.0 92000.0 795039.9094526758 6500.0
92000.0 93000.0 608782.3548490902 0.0
93000.0 94000.0 811130.266406445 6500.0
94000.0 95000.0 848118.1746945776 0.0
95000.0 96000.0 857727.3284557168 6500.0
96000.0 97000.0 854442.739649517 0.0
97000.0 98000.0 942319.7150702942 6500.0
98000.0 99000.0 786495.9807846555 6500.0
99000.0 100000.0 999970.0691792301 0.0
100000.0 101000.0 930899.0551899276 6500.0
101000.0 102000.0 892947.3802160908 0.0
102000.0 103000.0 1006232.4247547439 6500.0
103000.0 104000.0 847990.8045441075 0.0
104000.0 105000.0 893701.6941760072 6500.0
105000.0 106000.0 938648.0498330675 0.0
106000.0 107000.0 510014.5054899072 6500.0
107000.0 108000.0 869699.9201399947 0.0
108000.0 109000.0 842379.8283351932 6500.0
109000.0 110000.0 956917.6430889978 0.0
110000.0 111000.0 947636.4180201241 6500.0
111000.0 112000.0 899841.3987523675 0.0
112000.0 113000.0 939769.6046330617 6500.0
113000.0 114000.0 857531.7228508766 6500.0
114000.0 115000.0 688347.2680248332 0.0
115000.0 116000.0 922740.4528254606 0.0
116000.0 117000.0 733896.3307241381 6500.0
117000.0 118000.0 876909.5066428776 6500.0
118000.0 119000.0 747775.8207437703 0.0
119000.0 120000.0 962799.8502561091 6500.0
120000.0 121000.0 671937.3839343477 0.0
121000.0 122000.0 903772.9104652982 0.0
122000.0 123000.0 688989.4561845807 6500.0
123000.0 124000.0 906871.8411141151 0.0
124000.0 125000.0 748440.0389020009 3000.0
125000.0 126000.0 872883.9582416441 3000.0
126000.0 127000.0 145986.6271630849 0.0
127000.0 128000.0 590691.92545921 4400.0
128000.0 129000.0 457926.7971622306 0.0
129000.0 130000.0 70764.27737855948 0.0
130000.0 131000.0 0.0 0.0
131000.0 132000.0 458442.05707861553 4400.0
132000.0 133000.0 834450.1323372636 4400.0
133000.0 134000.0 772778.6243173288 0.0
134000.0 135000.0 988229.8916472913 4400.0
135000.0 136000.0 959750.3671204753 4400.0
136000.0 137000.0 514559.0087565436 0.0
137000.0 138000.0 762056.3533027451 4400.0
138000.0 139000.0 366982.95220428973 0.0
139000.0 140000.0 584905.9281026993 6500.0
140000.0 141000.0 841848.3137863381 0.0
141000.0 142000.0 740806.6699212685 6500.0
142000.0 143000.0 779480.4285217498 0.0
143000.0 144000.0 906465.7475457911 6500.0
144000.0 145000.0 787452.8261616825 0.0
145000.0 146000.0 907121.1373849574 6500.0
146000.0 147000.0 785062.2509130868 0.0
147000.0 148000.0 670299.4487566507 6500.0
148000.0 149000.0 802060.3830283772 0.0
149000.0 150000.0 926954.919610551 6500.0
150000.0 151000.0 857604.8680512455 0.0
151000.0 152000.0 939356.9590846954 6500.0
152000.0 153000.0 875724.9650653679 6500.0
153000.0 154000.0 932709.5055695996 0.0
154000.0 155000.0 626893.9279448292 0.0
155000.0 156000.0 801121.7239570424 6500.0
156000.0 157000.0 874541.4988583584 0.0
157000.0 158000.0 950889.3254514295 6500.0
158000.0 159000.0 913763.528767219 4400.0
159000.0 160000.0 848001.8282977775 0.0
160000.0 161000.0 909208.6195718856 4400.0
161000.0 162000.0 766467.7807769203 4400.0
162000.0 163000.0 564544.9080507669 0.0
163000.0 164000.0 630053.944014831 6500.0
164000.0 165000.0 853119.2777566775 0.0
165000.0 166000.0 348563.1037822324 0.0
166000.0 167000.0 430182.187430714 4400.0
167000.0 168000.0 710616.8028424016 4400.0
168000.0 169000.0 689310.3308712863 0.0
169000.0 170000.0 748959.4812066054 6500.0
170000.0 171000.0 779066.0317415895 0.0
171000.0 172000.0 741854.7810813002 6500.0
172000.0 173000.0 723255.1777336803 0.0
173000.0 174000.0 777236.6816061703 6500.0
174000.0 175000.0 687177.8797155004 0.0
175000.0 176000.0 860805.5339866582 6500.0
176000.0 177000.0 819728.570446886 0.0
177000.0 178000.0 878632.4274456142 6500.0
178000.0 179000.0 662552.7327400509 0.0
179000.0 180000.0 899672.791655146 6500.0
180000.0 181000.0 749443.4872481854 0.0
181000.0 182000.0 602450.8967496281 0.0
182000.0 183000.0 0.0 0.0
183000.0 184000.0 707910.8025056582 6500.0
184000.0 185000.0 912026.5952802518 0.0
185000.0 186000.0 810894.725108812 4400.0
186000.0 187000.0 787403.1481736815 4400.0
187000.0 188000.0 939367.2594035461 4400.0
188000.0 189000.0 753925.6759106487 4400.0
189000.0 190000.0 348258.9524384746 0.0
190000.0 191000.0 746716.8411789271 0.0
191000.0 192000.0 658626.8542377612 4400.0
192000.0 193000.0 448716.95867698384 0.0
193000.0 194000.0 582852.9670212773 4400.0
194000.0 195000.0 699112.661649069 4400.0
195000.0 196000.0 746808.5584149086 0.0
196000.0 197000.0 0.0 0.0
197000.0 198000.0 580217.0707981676 4400.0
198000.0 199000.0 377991.75351500034 0.0
199000.0 200000.0 769100.402441109 6500.0
200000.0 201000.0 790120.7635291498 0.0
201000.0 202000.0 906428.2017914193 6500.0
202000.0 203000.0 817611.7140198256 0.0
203000.0 204000.0 1000315.9654122617 6500.0
204000.0 205000.0 1018312.9030950062 6500.0
205000.0 206000.0 817997.3879972867 0.0
206000.0 207000.0 817956.1970073918 6500.0
207000.0 208000.0 936933.1834974135 0.0
208000.0 209000.0 890510.1972300556 4400.0
209000.0 210000.0 771708.9321003134 4400.0
210000.0 211000.0 756595.9466886957 0.0
211000.0 212000.0 755700.0319462242 4400.0
212000.0 213000.0 475428.23451088904 0.0
213000.0 214000.0 73624.1144197907 0.0
214000.0 215000.0 0.0 0.0
215000.0 216000.0 699154.6416130357 6500.0
216000.0 217000.0 758571.4256199975 4400.0
217000.0 218000.0 748689.9685392957 0.0
218000.0 219000.0 843166.6151170747 4400.0
219000.0 220000.0 788930.4938250019 4400.0
220000.0 221000.0 763197.9803973775 0.0
221000.0 222000.0 856345.4560335423 4400.0
222000.0 223000.0 611747.1406655165 0.0
223000.0 224000.0 97778.27818915843 0.0
224000.0 225000.0 0.0 0.0
225000.0 226000.0 591959.2494827044 4400.0
226000.0 227000.0 813933.908468267 4400.0
227000.0 228000.0 838603.9242513332 4400.0
228000.0 229000.0 820308.4835557105 0.0
229000.0 230000.0 676727.6809263991 4400.0
230000.0 231000.0 552041.9246343143 0.0
231000.0 232000.0 598269.4999586929 4400.0
232000.0 233000.0 697324.4374993169 4400.0
233000.0 234000.0 812226.2462921905 0.0
234000.0 235000.0 813024.6503333504 4400.0
235000.0 236000.0 705484.3653175861 4400.0
236000.0 237000.0 627810.2766627636 0.0
237000.0 238000.0 667156.7208909511 4400.0
238000.0 239000.0 710978.4889617795 0.0
239000.0 240000.0 344229.4568320317 4400.0
240000.0 241000.0 772595.2271258045 0.0
241000.0 242000.0 264135.99790516123 6500.0
242000.0 243000.0 646604.1870612318 0.0
243000.0 244000.0 774049.3115085731 0.0
244000.0 245000.0 35437.96233183795 0.0
245000.0 246000.0 703951.3569503156 6500.0
246000.0 247000.0 1001570.3879911236 6500.0
247000.0 248000.0 865803.9091322192 0.0
248000.0 249000.0 664195.1047790013 0.0
249000.0 250000.0 840187.1246931241 3000.0
250000.0 251000.0 751225.308925978 0.0
251000.0 252000.0 669397.0970225668 3000.0
252000.0 253000.0 279183.710505671 0.0
253000.0 254000.0 516073.04621814034 6500.0
254000.0 255000.0 833210.4850498572 0.0
255000.0 256000.0 870003.8917314825 6500.0
256000.0 257000.0 774613.6473731566 0.0
257000.0 258000.0 651213.9714829734 6500.0
258000.0 259000.0 881525.6741952305 0.0
259000.0 260000.0 708594.7906156336 6500.0
260000.0 261000.0 826331.6683081063 0.0
261000.0 262000.0 791312.813427544 6500.0
262000.0 263000.0 891796.0112433962 0.0
263000.0 264000.0 614514.8280253969 6500.0
264000.0 265000.0 836998.4943849164 0.0
265000.0 266000.0 961371.5674651824 6500.0
266000.0 267000.0 767557.5206191298 0.0
267000.0 268000.0 692394.4203436652 6500.0
268000.0 269000.0 888440.7320563998 0.0
269000.0 270000.0 874357.5198111014 6500.0
270000.0 271000.0 808606.1453863765 0.0
271000.0 272000.0 708991.4114139467 6500.0
272000.0 273000.0 902961.30405551 0.0
273000.0 274000.0 618952.071928308 6500.0
274000.0 275000.0 851421.0100729384 0.0
275000.0 276000.0 536381.9747916078 0.0
276000.0 277000.0 0.0 0.0
277000.0 278000.0 738224.0004455182 6500.0
278000.0 279000.0 899357.6688761446 4400.0
279000.0 280000.0 700406.2320123083 0.0
280000.0 281000.0 892060.4666854381 4400.0
281000.0 282000.0 723592.0784473121 4400.0
282000.0 283000.0 836104.719671756 0.0
283000.0 284000.0 645009.060697559 4400.0
284000.0 285000.0 889541.808930554 4400.0
285000.0 286000.0 797842.9642334097 0.0
286000.0 287000.0 0.0 0.0
287000.0 288000.0 545767.3189371636 4400.0
288000.0 289000.0 571394.4335873172 0.0
289000.0 290000.0 802985.5428237115 6500.0
290000.0 291000.0 703776.8622542208 0.0
291000.0 292000.0 823093.3503981493 6500.0
292000.0 293000.0 786193.6243651315 0.0
293000.0 294000.0 819068.3056713059 6500.0
294000.0 295000.0 869704.0515758721 0.0
295000.0 296000.0 904054.5968919713 6500.0
296000.0 297000.0 751217.3704246541 0.0
297000.0 298000.0 592484.3984150591 4400.0
298000.0 299000.0 580573.6842160332 0.0
299000.0 300000.0 397089.5425370698 4400.0
300000.0 301000.0 606187.9179023408 0.0
