ts te s_bytes_all avg_video_rate
0.0 1000.0 0.0 0.0
1000.0 2000.0 0.0 0.0
2000.0 3000.0 0.0 0.0
3000.0 4000.0 0.0 0.0
4000.0 5000.0 0.0 0.0
5000.0 6000.0 0.0 0.0
6000.0 7000.0 6912.0 0.0
7000.0 8000.0 0.0 0.0
8000.0 9000.0 685789.4943775334 2300.0
9000.0 10000.0 856107.1352682784 2300.0
10000.0 11000.0 863811.627443389 2300.0
11000.0 12000.0 904010.8812112305 0.0
12000.0 13000.0 814491.918056452 2300.0
13000.0 14000.0 788196.0075683761 2300.0
14000.0 15000.0 929887.2031901714 2300.0
15000.0 16000.0 868888.0150655416 2300.0
16000.0 17000.0 307904.7178190276 0.0
17000.0 18000.0 336736.23264336784 6500.0
18000.0 19000.0 854394.2935242245 0.0
19000.0 20000.0 631224.7607746478 4400.0
20000.0 21000.0 963145.5650412245 0.0
21000.0 22000.0 571290.4956432236 4400.0
22000.0 23000.0 808758.658032963 0.0
23000.0 24000.0 857109.2949407821 6500.0
24000.0 25000.0 850711.6993995665 6500.0
25000.0 26000.0 841805.2490361015 0.0
26000.0 27000.0 803617.7509638985 4400.0
27000.0 28000.0 843220.2734169621 0.0
28000.0 29000.0 637771.158384716 4400.0
29000.0 30000.0 505731.4407863025 0.0
30000.0 31000.0 579323.5820139385 6500.0
31000.0 32000.0 865264.5892134032 0.0
32000.0 33000.0 774374.8216762256 6500.0
33000.0 34000.0 883335.4936292602 0.0
34000.0 35000.0 595328.9060148825 6500.0
35000.0 36000.0 935782.9507812446 0.0
36000.0 37000.0 922230.979783888 6500.0
37000.0 38000.0 895707.3247248315 0.0
38000.0 39000.0 924060.1918693018 6500.0
39000.0 40000.0 925254.2955858296 0.0
40000.0 41000.0 956537.5117789506 6500.0
41000.0 42000.0 1002080.1514392156 6500.0
42000.0 43000.0 871125.5842848304 0.0
43000.0 44000.0 824892.1263984521 6500.0
44000.0 45000.0 940567.3577300276 0.0
45000.0 46000.0 884347.1482185151 6500.0
46000.0 47000.0 887574.8217278991 0.0
47000.0 48000.0 866472.5258639283 6500.0
48000.0 49000.0 816411.3200634855 6500.0
49000.0 50000.0 641668.7003722836 0.0
50000.0 51000.0 875795.6553499093 0.0
51000.0 52000.0 815035.9425897 6500.0
52000.0 53000.0 861655.8584594018 0.0
53000.0 54000.0 734459.5714216015 6500.0
54000.0 55000.0 936522.2902163103 0.0
55000.0 56000.0 653642.5461627385 6500.0
56000.0 57000.0 852416.6596916729 0.0
57000.0 58000.0 847828.3767830543 6500.0
58000.0 59000.0 869139.9785711241 0.0
59000.0 60000.0 872007.9981998403 6500.0
60000.0 61000.0 903055.1203345959 0.0
61000.0 62000.0 942909.2610159845 6500.0
62000.0 63000.0 974710.2790181537 6500.0
63000.0 64000.0 716291.9826717331 0.0
64000.0 65000.0 795156.3611045508 6500.0
65000.0 66000.0 620568.7865108117 0.0
66000.0 67000.0 772866.321739806 6500.0
67000.0 68000.0 835851.5576268116 0.0
68000.0 69000.0 748442.7350544236 6500.0
69000.0 70000.0 900088.4978593434 0.0
70000.0 71000.0 853453.7800728995 6500.0
71000.0 72000.0 650480.8475418977 0.0
72000.0 73000.0 621160.774625427 6500.0
73000.0 74000.0 673147.3941356025 0.0
74000.0 75000.0 597595.9952600802 6500.0
75000.0 76000.0 866548.9019740137 0.0
76000.0 77000.0 690581.949470536 6500.0
77000.0 78000.0 868616.8978851162 0.0
78000.0 79000.0 390600.2005509939 6500.0
79000.0 80000.0 881682.761930427 0.0
80000.0 81000.0 323701.6326264365 6500.0
81000.0 82000.0 889097.1306920273 0.0
82000.0 83000.0 494857.6970946011 6500.0
83000.0 84000.0 826169.5720061415 0.0
84000.0 85000.0 923954.0699365698 6500.0
85000.0 86000.0 841641.2499298654 0.0
86000.0 87000.0 836033.6052324045 4400.0
87000.0 88000.0 875478.8459328141 0.0
88000.0 89000.0 763348.4028890114 4400.0
89000.0 90000.0 768418.6405823857 4400.0
90000.0 91000.0 816358.6134908076 0.0
91000.0 92000.0 0.0 0.0
92000.0 93000.0 655064.6837906828 6500.0
93000.0 94000.0 873541.6386096814 0.0
94000.0 95000.0 725679.6858385463 6500.0
95000.0 96000.0 695713.6262431848 0.0
96000.0 97000.0 845703.7202893198 6500.0
97000.0 98000.0 873818.1874419311 0.0
98000.0 99000.0 775753.1944750894 6500.0
99000.0 100000.0 824189.9151534219 0.0
100000.0 101000.0 662863.2861536434 6500.0
101000.0 102000.0 759686.4705966951 0.0
102000.0 103000.0 737708.9228033165 4400.0
103000.0 104000.0 562531.9391266737 0.0
104000.0 105000.0 612745.3814343422 4400.0
105000.0 106000.0 750666.0199939256 4400.0
106000.0 107000.0 545920.6343731121 0.0
107000.0 108000.0 466270.39266889775 4400.0
108000.0 109000.0 760128.47567038 0.0
109000.0 110000.0 840044.6566402558 4400.0
110000.0 111000.0 699056.1686969001 4400.0
111000.0 112000.0 700513.343030634 0.0
112000.0 113000.0 158006.65696936595 0.0
113000.0 114000.0 0.0 0.0
114000.0 115000.0 708467.899546928 4400.0
115000.0 116000.0 770973.8183359887 4400.0
116000.0 117000.0 953817.1129577457 4400.0
117000.0 118000.0 726539.4219253362 0.0
118000.0 119000.0 750167.1498004679 6500.0
119000.0 120000.0 868673.7795502044 0.0
120000.0 121000.0 507652.76845485135 6500.0
121000.0 122000.0 893371.563964788 0.0
122000.0 123000.0 889524.3719258159 6500.0
123000.0 124000.0 785512.3859468165 0.0
124000.0 125000.0 718192.8348942222 4400.0
125000.0 126000.0 601434.9919884248 0.0
126000.0 127000.0 672117.7836376913 4400.0
127000.0 128000.0 507554.5961123775 0.0
128000.0 129000.0 52022.52095834135 0.0
129000.0 130000.0 0.0 0.0
130000.0 131000.0 618352.0832879388 6500.0
131000.0 132000.0 837259.7667298709 0.0
132000.0 133000.0 250770.14998219023 0.0
133000.0 134000.0 0.0 0.0
134000.0 135000.0 0.0 0.0
135000.0 136000.0 0.0 0.0
136000.0 137000.0 0.0 0.0
137000.0 138000.0 587624.238993223 4400.0
138000.0 139000.0 839135.670394796 4400.0
139000.0 140000.0 682460.9269320087 4400.0
140000.0 141000.0 973659.6355060776 0.0
141000.0 142000.0 262914.9448219412 4400.0
142000.0 143000.0 580390.0672607454 0.0
143000.0 144000.0 880451.9496343192 4400.0
144000.0 145000.0 867406.0843406869 4400.0
145000.0 146000.0 705097.5935202581 0.0
146000.0 147000.0 873793.1428354501 4400.0
147000.0 148000.0 834074.0381747023 4400.0
148000.0 149000.0 697723.5800087538 4400.0
149000.0 150000.0 921423.8635728623 0.0
150000.0 151000.0 763824.7854757113 4400.0
151000.0 152000.0 858866.0931887089 4400.0
152000.0 153000.0 771485.3569176514 4400.0
153000.0 154000.0 774250.5644606223 0.0
154000.0 155000.0 898499.2631616143 4400.0
155000.0 156000.0 906022.1881278293 4400.0
156000.0 157000.0 662229.507838245 4400.0
157000.0 158000.0 1062688.2465267815 0.0
158000.0 159000.0 736365.4601989912 4400.0
159000.0 160000.0 581116.8184102612 0.0
160000.0 161000.0 657012.0201892132 6500.0
161000.0 162000.0 833749.2591903848 0.0
162000.0 163000.0 635890.2658449874 6500.0
163000.0 164000.0 898617.2269731688 0.0
164000.0 165000.0 424936.7492587182 6500.0
165000.0 166000.0 929548.7163617805 0.0
166000.0 167000.0 794593.6173078826 6500.0
167000.0 168000.0 910490.3537344993 0.0
168000.0 169000.0 968457.3563517878 6500.0
169000.0 170000.0 844491.6483162339 0.0
170000.0 171000.0 496524.10082139005 6500.0
171000.0 172000.0 801296.5809463095 0.0
172000.0 173000.0 957183.0801835234 6500.0
173000.0 174000.0 797439.1676530826 0.0
174000.0 175000.0 806121.7141200211 0.0
175000.0 176000.0 689505.2799447081 6500.0
176000.0 177000.0 930635.1301609628 6500.0
177000.0 178000.0 742483.6716882302 0.0
178000.0 179000.0 746800.1703391866 6500.0
179000.0 180000.0 767621.1685141877 0.0
180000.0 181000.0 858800.1804296509 0.0
181000.0 182000.0 919351.2536811454 6500.0
182000.0 183000.0 868082.1648253908 3000.0
183000.0 184000.0 553223.9922293492 3000.0
184000.0 185000.0 897156.7771721719 3000.0
185000.0 186000.0 615929.2811128694 0.0
186000.0 187000.0 20677.052346922916 0.0
187000.0 188000.0 589198.615883568 4400.0
188000.0 189000.0 625933.423224483 4400.0
189000.0 190000.0 733124.5007442961 0.0
190000.0 191000.0 390193.37934968795 4400.0
191000.0 192000.0 893497.6578720353 0.0
192000.0 193000.0 204797.5089528515 4400.0
193000.0 194000.0 891697.8447148061 0.0
194000.0 195000.0 407954.61698215804 4400.0
195000.0 196000.0 781850.2972204403 0.0
196000.0 197000.0 359025.75900897785 4400.0
197000.0 198000.0 594862.7778103342 0.0
198000.0 199000.0 543108.2632105816 4400.0
199000.0 200000.0 685840.6384035773 0.0
200000.0 201000.0 852140.5972150587 4400.0
201000.0 202000.0 429833.1856632986 0.0
202000.0 203000.0 348029.6259866645 4400.0
203000.0 204000.0 637427.3740604294 0.0
204000.0 205000.0 693427.8332148069 4400.0
205000.0 206000.0 449311.6182961839 0.0
206000.0 207000.0 775714.7639094805 4400.0
207000.0 208000.0 401591.98659800703 0.0
208000.0 209000.0 750950.6401660647 6500.0
209000.0 210000.0 836112.082546355 0.0
210000.0 211000.0 721769.4769672082 6500.0
211000.0 212000.0 671784.3171494324 0.0
212000.0 213000.0 768663.0593327994 6500.0
213000.0 214000.0 859149.647458745 0.0
214000.0 215000.0 920024.6205203964 6500.0
215000.0 216000.0 759911.167744414 0.0
216000.0 217000.0 721613.8102770327 6500.0
217000.0 218000.0 908883.9943230882 0.0
218000.0 219000.0 516925.6168221285 6500.0
219000.0 220000.0 905974.7164475484 0.0
220000.0 221000.0 616873.2607869434 6500.0
221000.0 222000.0 908118.1736920686 0.0
222000.0 223000.0 952136.8559192723 6500.0
223000.0 224000.0 810982.7705946504 0.0
224000.0 225000.0 752391.414135663 6500.0
225000.0 226000.0 783941.9529047607 0.0
226000.0 227000.0 901273.7636599599 6500.0
227000.0 228000.0 984398.9741615898 0.0
228000.0 229000.0 942383.5668997103 6500.0
229000.0 230000.0 877745.9183614999 0.0
230000.0 231000.0 955976.2463768376 6500.0
231000.0 232000.0 1001033.9987899432 6500.0
232000.0 233000.0 867387.5951710435 0.0
233000.0 234000.0 907422.6300278254 6500.0
234000.0 235000.0 918583.3399065136 0.0
235000.0 236000.0 626279.4550428535 6500.0
236000.0 237000.0 879595.8863071775 0.0
237000.0 238000.0 914855.6657873449 6500.0
238000.0 239000.0 895375.801111749 0.0
239000.0 240000.0 999758.5602076267 6500.0
240000.0 241000.0 978019.9062171071 0.0
241000.0 242000.0 845702.7555323852 6500.0
242000.0 243000.0 819649.1552566376 0.0
243000.0 244000.0 651387.9454405312 6500.0
244000.0 245000.0 891145.0535429786 0.0
245000.0 246000.0 778615.6013731397 6500.0
246000.0 247000.0 820057.7111673588 0.0
247000.0 248000.0 946201.0377061322 6500.0
248000.0 249000.0 973594.4722262103 0.0
249000.0 250000.0 875923.048620662 6500.0
250000.0 251000.0 889917.2357697946 0.0
251000.0 252000.0 992586.6392076848 6500.0
252000.0 253000.0 861754.9281015429 6500.0
253000.0 254000.0 526670.3047575387 0.0
254000.0 255000.0 918666.4155704181 0.0
255000.0 256000.0 624139.4066066185 6500.0
256000.0 257000.0 941666.7159565148 0.0
257000.0 258000.0 861012.3240710481 6500.0
258000.0 259000.0 893298.5122762464 0.0
259000.0 260000.0 895507.6809487008 6500.0
260000.0 261000.0 897870.7548115256 6500.0
261000.0 262000.0 871115.0713705564 0.0
262000.0 263000.0 976175.288872693 6500.0
263000.0 264000.0 745127.136550699 0.0
264000.0 265000.0 840110.9876367996 6500.0
265000.0 266000.0 685567.8451044266 0.0
266000.0 267000.0 895401.0913164193 6500.0
267000.0 268000.0 295064.9468751494 0.0
268000.0 269000.0 881550.0067439904 0.0
269000.0 270000.0 954785.5161814243 6500.0
270000.0 271000.0 884384.6661187228 0.0
271000.0 272000.0 940285.9678545144 4400.0
272000.0 273000.0 911558.3195859465 4400.0
273000.0 274000.0 732823.2002142987 4400.0
274000.0 275000.0 634552.5621804633 0.0
275000.0 276000.0 752912.6480958536 4400.0
276000.0 277000.0 575975.0747039844 0.0
277000.0 278000.0 757533.1420575846 6500.0
278000.0 279000.0 851223.6246710017 0.0
279000.0 280000.0 799211.7556345608 6500.0
280000.0 281000.0 924260.6892525824 6500.0
281000.0 282000.0 838594.4296224546 0.0
282000.0 283000.0 836955.7402520241 6500.0
283000.0 284000.0 935463.0688929844 0.0
284000.0 285000.0 780372.2404321606 6500.0
285000.0 286000.0 959007.2083438709 0.0
286000.0 287000.0 842380.7636737993 6500.0
287000.0 288000.0 830622.7909533194 0.0
288000.0 289000.0 940208.0570983412 6500.0
289000.0 290000.0 879276.8312373972 0.0
290000.0 291000.0 722930.7202722003 6500.0
291000.0 292000.0 870647.4108635826 0.0
292000.0 293000.0 786757.2652570279 6500.0
293000.0 294000.0 945472.405291089 0.0
294000.0 295000.0 674211.8375558112 6500.0
295000.0 296000.0 838606.9652367816 0.0
296000.0 297000.0 912006.3399968276 6500.0
297000.0 298000.0 929948.9101857028 0.0
298000.0 299000.0 827022.3596499249 6500.0
299000.0 300000.0 893960.431860616 0.0
300000.0 301000.0 38217.82921966398 0.0
