ts te s_bytes_all avg_video_rate
0.0 1000.0 0.0 0.0
1000.0 2000.0 0.0 0.0
2000.0 3000.0 0.0 0.0
3000.0 4000.0 0.0 0.0
4000.0 5000.0 0.0 0.0
5000.0 6000.0 0.0 0.0
6000.0 7000.0 160321.61225955258 2300.0
7000.0 8000.0 277614.78791849705 288.0
8000.0 9000.0 178658.55082662293 288.0
9000.0 10000.0 188801.96246014943 288.0
10000.0 11000.0 257429.5271678112 288.0
11000.0 12000.0 124774.8470611728 0.0
12000.0 13000.0 278076.49529984564 288.0
13000.0 14000.0 51343.59867424498 0.0
14000.0 15000.0 179101.50782636143 840.0
15000.0 16000.0 175213.69446820737 840.0
16000.0 17000.0 200352.41603753457 0.0
17000.0 18000.0 45873.64491341014 840.0
18000.0 19000.0 147440.78744591094 0.0
19000.0 20000.0 183534.11780981105 840.0
20000.0 21000.0 171488.44983086787 0.0
21000.0 22000.0 24536.456656501345 840.0
22000.0 23000.0 203606.54334349866 0.0
23000.0 24000.0 223751.0 840.0
24000.0 25000.0 185551.50728569206 840.0
25000.0 26000.0 63838.49271430795 0.0
26000.0 27000.0 466678.6017778852 1500.0
27000.0 28000.0 67232.39822211475 0.0
28000.0 29000.0 382295.0 1500.0
29000.0 30000.0 175201.94841689593 2300.0
30000.0 31000.0 437663.05158310407 0.0
31000.0 32000.0 185007.46340228376 2300.0
32000.0 33000.0 433297.5365977162 0.0
33000.0 34000.0 622660.8688708234 3000.0
34000.0 35000.0 143832.5335240977 0.0
35000.0 36000.0 671341.0051961114 3000.0
36000.0 37000.0 179127.9001775042 0.0
37000.0 38000.0 657987.7796766766 3000.0
38000.0 39000.0 355184.07957621425 3000.0
39000.0 40000.0 512557.83297857223 0.0
40000.0 41000.0 578855.8684969111 3000.0
41000.0 42000.0 199258.1315030889 0.0
42000.0 43000.0 442405.2138436238 4400.0
43000.0 44000.0 457494.177802791 0.0
44000.0 45000.0 550713.1080713284 4400.0
45000.0 46000.0 505940.9646104851 0.0
46000.0 47000.0 653555.8226204846 4400.0
47000.0 48000.0 624435.4338583394 0.0
48000.0 49000.0 161650.31037052 0.0
49000.0 50000.0 200837.1416275007 288.0
50000.0 51000.0 104941.82719492681 288.0
51000.0 52000.0 0.0 0.0
52000.0 53000.0 437980.2732765354 2300.0
53000.0 54000.0 192213.7267234646 0.0
54000.0 55000.0 406912.2525036056 2300.0
55000.0 56000.0 153998.74749639435 0.0
56000.0 57000.0 625021.3358919979 3000.0
57000.0 58000.0 246470.66410800215 0.0
58000.0 59000.0 566037.2611277492 3000.0
59000.0 60000.0 158956.42365890884 0.0
60000.0 61000.0 566905.1176357724 3000.0
61000.0 62000.0 203832.19757756946 0.0
62000.0 63000.0 568334.4836667224 3000.0
63000.0 64000.0 274363.51633327757 0.0
64000.0 65000.0 584028.5893888769 4400.0
65000.0 66000.0 394439.63766340876 0.0
66000.0 67000.0 628674.326705289 4400.0
67000.0 68000.0 447835.1081756039 0.0
68000.0 69000.0 700313.6313975069 4400.0
69000.0 70000.0 516643.7071782439 0.0
70000.0 71000.0 710420.6453881928 4400.0
71000.0 72000.0 373605.7976754336 0.0
72000.0 73000.0 469638.92479344615 4400.0
73000.0 74000.0 745372.2695794659 0.0
74000.0 75000.0 736436.3987382317 4400.0
75000.0 76000.0 913974.1577226743 4400.0
76000.0 77000.0 809164.3136416548 4400.0
77000.0 78000.0 727360.1987023351 0.0
78000.0 79000.0 802435.6687528421 4400.0
79000.0 80000.0 482535.4350436572 0.0
80000.0 81000.0 697052.3734363021 6500.0
81000.0 82000.0 869328.1197053958 0.0
82000.0 83000.0 642697.7359460215 6500.0
83000.0 84000.0 791437.6527684242 0.0
84000.0 85000.0 849642.8703229954 6500.0
85000.0 86000.0 827995.5581119373 0.0
86000.0 87000.0 845260.4433894125 6500.0
87000.0 88000.0 811538.88300776 0.0
88000.0 89000.0 807346.1528607309 6500.0
89000.0 90000.0 788693.5786995492 0.0
90000.0 91000.0 751356.1244425949 6500.0
91000.0 92000.0 787957.9194629139 0.0
92000.0 93000.0 961508.8638763576 6500.0
93000.0 94000.0 854273.5814907812 0.0
94000.0 95000.0 968198.6322014983 6500.0
95000.0 96000.0 805465.2866587315 0.0
96000.0 97000.0 895194.1774213971 6500.0
97000.0 98000.0 705236.0182258694 0.0
98000.0 99000.0 796328.2896194297 6500.0
99000.0 100000.0 875007.844170878 0.0
100000.0 101000.0 682764.8756210746 6500.0
101000.0 102000.0 804725.8690721722 0.0
102000.0 103000.0 899202.2332060914 6500.0
103000.0 104000.0 723875.3387988948 0.0
104000.0 105000.0 694358.2161251728 6500.0
105000.0 106000.0 859340.0906494139 0.0
106000.0 107000.0 881725.0591154099 6500.0
107000.0 108000.0 842323.5588787044 0.0
108000.0 109000.0 750577.9735341371 6500.0
109000.0 110000.0 848926.4562204181 0.0
110000.0 111000.0 724160.3995650872 4400.0
111000.0 112000.0 739849.1168344002 0.0
112000.0 113000.0 470653.3194946379 4400.0
113000.0 114000.0 562039.8287418885 0.0
114000.0 115000.0 670576.704371414 4400.0
115000.0 116000.0 408712.7923049092 0.0
116000.0 117000.0 565270.4201508866 4400.0
117000.0 118000.0 574234.3148990168 0.0
118000.0 119000.0 701543.5860867985 4400.0
119000.0 120000.0 574991.5729877756 0.0
120000.0 121000.0 730875.6791140635 4400.0
121000.0 122000.0 490949.1464602201 0.0
122000.0 123000.0 738791.7781295378 4400.0
123000.0 124000.0 834044.4444350532 4400.0
124000.0 125000.0 1187817.4927575728 4400.0
125000.0 126000.0 608325.0216377457 0.0
126000.0 127000.0 836245.5714352374 4400.0
127000.0 128000.0 453030.2365038092 0.0
128000.0 129000.0 633980.4361011239 8000.0
129000.0 130000.0 917221.6057511726 0.0
130000.0 131000.0 924102.7647899922 8000.0
131000.0 132000.0 917608.1376459056 0.0
132000.0 133000.0 746149.8503254245 0.0
133000.0 134000.0 91770.27535161196 0.0
134000.0 135000.0 712682.7709896954 8000.0
135000.0 136000.0 982616.1604419404 0.0
136000.0 137000.0 903244.5668818466 4400.0
137000.0 138000.0 834177.9489797063 4400.0
138000.0 139000.0 808827.6686855678 4400.0
139000.0 140000.0 696698.1855658997 0.0
140000.0 141000.0 722558.2425750471 4400.0
141000.0 142000.0 531769.2202805455 0.0
142000.0 143000.0 592312.0052919028 4400.0
143000.0 144000.0 449685.25088483864 0.0
144000.0 145000.0 608528.9129217142 4400.0
145000.0 146000.0 492179.57201712154 0.0
146000.0 147000.0 622049.5810868681 4400.0
147000.0 148000.0 546800.8447593639 0.0
148000.0 149000.0 581438.6983776903 4400.0
149000.0 150000.0 551007.0721999371 0.0
150000.0 151000.0 679791.5779301005 4400.0
151000.0 152000.0 750064.2611679232 0.0
152000.0 153000.0 472573.0753585905 4400.0
153000.0 154000.0 554894.3001410826 0.0
154000.0 155000.0 601573.6549720961 4400.0
155000.0 156000.0 474628.55817372206 0.0
156000.0 157000.0 750925.254871958 4400.0
157000.0 158000.0 398884.3525545038 0.0
158000.0 159000.0 686853.9864381343 4400.0
159000.0 160000.0 751011.5578052776 4400.0
160000.0 161000.0 927903.4217868609 4400.0
161000.0 162000.0 613020.5408070737 0.0
162000.0 163000.0 840280.4521446289 4400.0
163000.0 164000.0 654624.6013259079 0.0
164000.0 165000.0 765328.2883084267 6500.0
165000.0 166000.0 795937.170269608 0.0
166000.0 167000.0 720644.6202306233 6500.0
167000.0 168000.0 834143.6113062901 0.0
168000.0 169000.0 768877.6482796916 6500.0
169000.0 170000.0 847505.5102377199 0.0
170000.0 171000.0 847012.9121604797 6500.0
171000.0 172000.0 781389.9703192953 0.0
172000.0 173000.0 1012871.4880315067 6500.0
173000.0 174000.0 831833.6149055676 0.0
174000.0 175000.0 909703.2800801815 6500.0
175000.0 176000.0 908042.7790253328 0.0
176000.0 177000.0 905307.1937552005 6500.0
177000.0 178000.0 815790.904516192 0.0
178000.0 179000.0 919160.1447572464 6500.0
179000.0 180000.0 734172.1530784268 0.0
180000.0 181000.0 821170.6044798354 6500.0
181000.0 182000.0 786420.1296547753 0.0
182000.0 183000.0 837636.4269329575 6500.0
183000.0 184000.0 907232.9804774129 0.0
184000.0 185000.0 943415.6412375753 6500.0
185000.0 186000.0 700088.8354043593 0.0
186000.0 187000.0 794404.9720322996 6500.0
187000.0 188000.0 807431.0391630406 0.0
188000.0 189000.0 757618.6878781059 6500.0
189000.0 190000.0 854373.983510974 0.0
190000.0 191000.0 835924.6683071723 6500.0
191000.0 192000.0 812358.5496066129 0.0
192000.0 193000.0 860989.6683389002 6500.0
193000.0 194000.0 840458.3087094718 0.0
194000.0 195000.0 746370.4241236206 6500.0
195000.0 196000.0 799102.212502412 0.0
196000.0 197000.0 825114.7937357022 6500.0
197000.0 198000.0 861893.4668784668 0.0
198000.0 199000.0 892344.6505094364 6500.0
199000.0 200000.0 832827.1847121374 0.0
200000.0 201000.0 855595.9148785837 4400.0
201000.0 202000.0 784231.9664348173 4400.0
202000.0 203000.0 868633.4924594368 0.0
203000.0 204000.0 798365.2706848867 4400.0
204000.0 205000.0 894294.0043968079 4400.0
205000.0 206000.0 572567.3899030295 0.0
206000.0 207000.0 665410.7927509262 6500.0
207000.0 208000.0 850021.083881664 0.0
208000.0 209000.0 770084.3569290403 6500.0
209000.0 210000.0 842676.8808948953 0.0
210000.0 211000.0 771641.0319672741 6500.0
211000.0 212000.0 841381.2438968077 0.0
212000.0 213000.0 798758.6062004439 6500.0
213000.0 214000.0 790695.7965607683 0.0
214000.0 215000.0 999297.8528997779 6500.0
215000.0 216000.0 806430.9073603696 0.0
216000.0 217000.0 713748.1954002248 6500.0
217000.0 218000.0 885239.7189671665 0.0
218000.0 219000.0 718518.0965913864 6500.0
219000.0 220000.0 903303.5606524148 0.0
220000.0 221000.0 507064.18003428075 6500.0
221000.0 222000.0 998436.4212862682 0.0
222000.0 223000.0 851461.1469914964 6500.0
223000.0 224000.0 818029.6508878233 0.0
224000.0 225000.0 823165.268876109 6500.0
225000.0 226000.0 824394.6763768219 0.0
226000.0 227000.0 803503.1351503703 6500.0
227000.0 228000.0 824428.3867993443 0.0
228000.0 229000.0 810959.8347610366 6500.0
229000.0 230000.0 771516.265660282 0.0
230000.0 231000.0 893859.6577605742 6500.0
231000.0 232000.0 639518.1506206522 0.0
232000.0 233000.0 599696.6738687975 6500.0
233000.0 234000.0 767333.4416797017 0.0
234000.0 235000.0 975261.6397508547 6500.0
235000.0 236000.0 787400.3428753014 0.0
236000.0 237000.0 1041620.6616078513 6500.0
237000.0 238000.0 815415.8602500014 0.0
238000.0 239000.0 557347.1440962276 4400.0
239000.0 240000.0 710167.3708311202 0.0
240000.0 241000.0 819139.7547065811 4400.0
241000.0 242000.0 615797.2699126403 4400.0
242000.0 243000.0 853624.1567012415 0.0
243000.0 244000.0 482007.753005635 4400.0
244000.0 245000.0 1020400.3872161128 4400.0
245000.0 246000.0 761077.5886570325 0.0
246000.0 247000.0 382131.11758789944 0.0
247000.0 248000.0 0.0 0.0
248000.0 249000.0 2914.0 0.0
249000.0 250000.0 524948.5004882399 4400.0
250000.0 251000.0 977550.7920770799 4400.0
251000.0 252000.0 656672.9497270222 0.0
252000.0 253000.0 696617.8606915142 4400.0
253000.0 254000.0 551767.8417235626 0.0
254000.0 255000.0 644745.8062625192 4400.0
255000.0 256000.0 528619.8490562164 0.0
256000.0 257000.0 596970.5836625012 4400.0
257000.0 258000.0 491867.86673511507 0.0
258000.0 259000.0 581415.990760209 4400.0
259000.0 260000.0 562272.3309361472 0.0
260000.0 261000.0 638303.7178779084 4400.0
261000.0 262000.0 550870.5008584644 0.0
262000.0 263000.0 648861.3819151481 4400.0
263000.0 264000.0 479856.7431107514 0.0
264000.0 265000.0 564778.1761129037 4400.0
265000.0 266000.0 557980.319498148 0.0
266000.0 267000.0 562515.446102929 4400.0
267000.0 268000.0 588499.1880656723 4400.0
268000.0 269000.0 1135674.8513743097 0.0
269000.0 270000.0 760369.3820535571 4400.0
270000.0 271000.0 698089.9999171206 4400.0
271000.0 272000.0 590039.4022398983 0.0
272000.0 273000.0 754199.7134714785 4400.0
273000.0 274000.0 574568.427911433 0.0
274000.0 275000.0 677088.9730190628 6500.0
275000.0 276000.0 819273.7904792104 0.0
276000.0 277000.0 487958.26398365066 6500.0
277000.0 278000.0 767107.7223102233 0.0
278000.0 279000.0 774138.9647812385 6500.0
279000.0 280000.0 763266.2637673906 0.0
280000.0 281000.0 970237.207511455 6500.0
281000.0 282000.0 862196.0991212658 0.0
282000.0 283000.0 962423.1685957933 6500.0
283000.0 284000.0 746960.6010470116 0.0
284000.0 285000.0 929652.7669698828 6500.0
285000.0 286000.0 581700.2204756289 0.0
286000.0 287000.0 999183.2134675672 4400.0
287000.0 288000.0 812866.198157009 0.0
288000.0 289000.0 769271.6796220561 4400.0
289000.0 290000.0 479023.7708634641 0.0
290000.0 291000.0 606132.2978706418 4400.0
291000.0 292000.0 452808.4253423691 0.0
292000.0 293000.0 550204.3592635875 4400.0
293000.0 294000.0 597137.9859715225 0.0
294000.0 295000.0 676950.2622407812 4400.0
295000.0 296000.0 570587.2316086363 0.0
296000.0 297000.0 625130.9077146702 4400.0
297000.0 298000.0 646871.5709611614 0.0
298000.0 299000.0 571818.3333301279 4400.0
299000.0 300000.0 524674.8566585416 0.0
300000.0 301000.0 15437.24223620072 0.0
