ts te s_bytes_all avg_video_rate
0.0 1000.0 0.0 0.0
1000.0 2000.0 0.0 0.0
2000.0 3000.0 0.0 0.0
3000.0 4000.0 0.0 0.0
4000.0 5000.0 0.0 0.0
5000.0 6000.0 0.0 0.0
6000.0 7000.0 377059.9836633039 3000.0
7000.0 8000.0 560211.2763448876 0.0
8000.0 9000.0 578951.6893619935 2300.0
9000.0 10000.0 644849.378971894 1500.0
10000.0 11000.0 334910.3512316069 1500.0
11000.0 12000.0 355256.10702537664 0.0
12000.0 13000.0 471720.8026515968 1500.0
13000.0 14000.0 496371.41033166886 1500.0
14000.0 15000.0 652731.2530868422 1500.0
15000.0 16000.0 478089.45310875203 1500.0
16000.0 17000.0 513691.8184254082 1500.0
17000.0 18000.0 375856.73523821024 1500.0
18000.0 19000.0 299493.69849023904 3000.0
19000.0 20000.0 358793.732755233 0.0
20000.0 21000.0 324047.7715862112 3000.0
21000.0 22000.0 253332.28041878474 0.0
22000.0 23000.0 387109.07571357326 0.0
23000.0 24000.0 251120.61597831844 1500.0
24000.0 25000.0 187504.47656202142 0.0
25000.0 26000.0 199221.26694387992 840.0
26000.0 27000.0 284755.1508966298 840.0
27000.0 28000.0 205590.6712135684 0.0
28000.0 29000.0 172040.03345826542 840.0
29000.0 30000.0 271275.9665417346 840.0
30000.0 31000.0 333431.7733904339 2300.0
31000.0 32000.0 283386.226609566 0.0
32000.0 33000.0 511522.14652222104 3000.0
33000.0 34000.0 513440.97329810227 3000.0
34000.0 35000.0 524423.8801796767 0.0
35000.0 36000.0 111073.13224755057 3000.0
36000.0 37000.0 627355.8464111714 0.0
37000.0 38000.0 48380.02134127798 0.0
38000.0 39000.0 387993.1746979137 3000.0
39000.0 40000.0 374438.8253020863 0.0
40000.0 41000.0 362328.08161584026 4400.0
41000.0 42000.0 576861.3711569216 0.0
42000.0 43000.0 462470.97245934326 4400.0
43000.0 44000.0 764177.9905750671 4400.0
44000.0 45000.0 717902.2492984151 0.0
45000.0 46000.0 907931.6721974299 4400.0
46000.0 47000.0 629296.6626969826 0.0
47000.0 48000.0 0.0 0.0
48000.0 49000.0 341859.8271226654 4400.0
49000.0 50000.0 782969.3397132051 4400.0
50000.0 51000.0 880446.5560695103 0.0
51000.0 52000.0 317846.2770946193 0.0
52000.0 53000.0 353080.6845028156 4400.0
53000.0 54000.0 571034.8469522945 0.0
54000.0 55000.0 608902.5803796153 4400.0
55000.0 56000.0 581610.1916891932 0.0
56000.0 57000.0 468376.2041846664 4400.0
57000.0 58000.0 672569.4689540497 4400.0
58000.0 59000.0 1072144.55462088 0.0
59000.0 60000.0 763215.4970407195 4400.0
60000.0 61000.0 839257.9499172267 4400.0
61000.0 62000.0 614519.8112095428 0.0
62000.0 63000.0 195178.21054899605 0.0
63000.0 64000.0 0.0 0.0
64000.0 65000.0 352973.7093532703 4400.0
65000.0 66000.0 594801.4735277181 0.0
66000.0 67000.0 590923.3420344599 4400.0
67000.0 68000.0 738702.9919822075 4400.0
68000.0 69000.0 1046347.512082915 6500.0
69000.0 70000.0 740130.5787278694 0.0
70000.0 71000.0 1053431.870303164 0.0
71000.0 72000.0 753431.8860387399 6500.0
72000.0 73000.0 943094.5757963446 0.0
73000.0 74000.0 679917.8570723434 6500.0
74000.0 75000.0 882329.3726837919 0.0
75000.0 76000.0 116612.83039717597 0.0
76000.0 77000.0 387945.90378648974 6500.0
77000.0 78000.0 852909.6504707531 0.0
78000.0 79000.0 892086.738099711 4400.0
79000.0 80000.0 885181.5640326745 4400.0
80000.0 81000.0 661949.1569483984 0.0
81000.0 82000.0 755130.5972941037 4400.0
82000.0 83000.0 1050011.6100743578 4400.0
83000.0 84000.0 447854.84108321427 0.0
84000.0 85000.0 604688.4287411857 4400.0
85000.0 86000.0 630771.3748251097 0.0
86000.0 87000.0 623798.8144877087 6500.0
87000.0 88000.0 793989.3163269956 0.0
88000.0 89000.0 706034.2385063733 6500.0
89000.0 90000.0 769178.5486653156 0.0
90000.0 91000.0 872556.4238927742 6500.0
91000.0 92000.0 767286.3788091613 0.0
92000.0 93000.0 801450.6149416678 6500.0
93000.0 94000.0 793427.3461943131 0.0
94000.0 95000.0 845447.9907735771 6500.0
95000.0 96000.0 773498.4541157191 0.0
96000.0 97000.0 782701.8674796318 6500.0
97000.0 98000.0 691016.1477203727 0.0
98000.0 99000.0 1014088.2504150147 6500.0
99000.0 100000.0 806243.9432022118 0.0
100000.0 101000.0 720953.8857891524 4400.0
101000.0 102000.0 681653.0525711629 0.0
102000.0 103000.0 603057.9921709795 4400.0
103000.0 104000.0 855443.7042479602 4400.0
104000.0 105000.0 826017.8538353203 0.0
105000.0 106000.0 347511.31049859046 0.0
106000.0 107000.0 417132.70599581324 4400.0
107000.0 108000.0 617935.3485684047 0.0
108000.0 109000.0 529725.5632319167 6500.0
109000.0 110000.0 808709.3247997247 0.0
110000.0 111000.0 934957.5999525436 6500.0
111000.0 112000.0 852463.9428636059 0.0
112000.0 113000.0 663066.5239012919 4400.0
113000.0 114000.0 578637.4876873861 0.0
114000.0 115000.0 462532.69140156417 4400.0
115000.0 116000.0 590405.6421457303 0.0
116000.0 117000.0 892817.3421751095 4400.0
117000.0 118000.0 489172.8272769092 0.0
118000.0 119000.0 317850.76961678866 4400.0
119000.0 120000.0 768344.5339502788 0.0
120000.0 121000.0 539833.600041671 4400.0
121000.0 122000.0 834950.1584490314 4400.0
122000.0 123000.0 691098.6692875932 0.0
123000.0 124000.0 743207.1518481267 4400.0
124000.0 125000.0 1176892.4054789469 4400.0
125000.0 126000.0 574390.9667906528 0.0
126000.0 127000.0 561996.8580025488 4400.0
127000.0 128000.0 541042.4215974279 0.0
128000.0 129000.0 573612.111697027 6500.0
129000.0 130000.0 731312.6691289758 0.0
130000.0 131000.0 898012.3949800027 6500.0
131000.0 132000.0 777360.6540347314 0.0
132000.0 133000.0 1003181.915357594 6500.0
133000.0 134000.0 836851.7945233033 0.0
134000.0 135000.0 815880.4004569255 6500.0
135000.0 136000.0 865625.4062141501 0.0
136000.0 137000.0 811048.2170452257 6500.0
137000.0 138000.0 874392.042296696 0.0
138000.0 139000.0 817232.5098483422 6500.0
139000.0 140000.0 799342.4430815751 0.0
140000.0 141000.0 829727.4024950215 6500.0
141000.0 142000.0 785755.2473140418 0.0
142000.0 143000.0 877579.151605189 6500.0
143000.0 144000.0 838473.162348198 0.0
144000.0 145000.0 876747.9453421477 6500.0
145000.0 146000.0 830978.0707740963 0.0
146000.0 147000.0 865480.6894350174 6500.0
147000.0 148000.0 868625.1837557389 0.0
148000.0 149000.0 774029.3171109488 6500.0
149000.0 150000.0 713076.8261467393 0.0
150000.0 151000.0 907045.6000469904 4400.0
151000.0 152000.0 706459.1362018969 0.0
152000.0 153000.0 520893.3037449971 4400.0
153000.0 154000.0 588324.7727942122 4400.0
154000.0 155000.0 955077.8834523131 0.0
155000.0 156000.0 310445.2137048367 0.0
156000.0 157000.0 358494.7571163259 4400.0
157000.0 158000.0 554872.7988620249 0.0
158000.0 159000.0 577461.9030521826 4400.0
159000.0 160000.0 635990.426997337 0.0
160000.0 161000.0 532691.0382505581 6500.0
161000.0 162000.0 791751.5576548927 0.0
162000.0 163000.0 821631.8509556969 4400.0
163000.0 164000.0 556334.4550998628 0.0
164000.0 165000.0 910714.9561906812 4400.0
165000.0 166000.0 416309.255820438 0.0
166000.0 167000.0 284301.38442746067 4400.0
167000.0 168000.0 593404.0448907621 0.0
168000.0 169000.0 771309.1272255064 4400.0
169000.0 170000.0 943557.7017462477 4400.0
170000.0 171000.0 831143.9136805506 4400.0
171000.0 172000.0 628727.9721574706 0.0
172000.0 173000.0 881434.0673403852 4400.0
173000.0 174000.0 774275.1871337426 4400.0
174000.0 175000.0 834604.4465512137 0.0
175000.0 176000.0 546585.8388162917 6500.0
176000.0 177000.0 857307.1580855469 0.0
177000.0 178000.0 626967.1579448219 0.0
178000.0 179000.0 149300.4774436341 6500.0
179000.0 180000.0 817808.962650483 0.0
180000.0 181000.0 1059086.6268190858 6500.0
181000.0 182000.0 763709.0278729226 0.0
182000.0 183000.0 867445.6507343947 6500.0
183000.0 184000.0 825867.4318639857 0.0
184000.0 185000.0 651324.4585157601 6500.0
185000.0 186000.0 711149.2764698012 0.0
186000.0 187000.0 901101.4858934265 6500.0
187000.0 188000.0 829144.1102190175 0.0
188000.0 189000.0 1068018.9521355173 6500.0
189000.0 190000.0 767007.9618389718 0.0
190000.0 191000.0 778614.3284412844 6500.0
191000.0 192000.0 729147.9537473998 0.0
192000.0 193000.0 1041518.6292594846 6500.0
193000.0 194000.0 757378.416402407 0.0
194000.0 195000.0 942445.8851548072 4400.0
195000.0 196000.0 819782.1686275983 4400.0
196000.0 197000.0 1008464.4116378241 0.0
197000.0 198000.0 185050.71899126275 0.0
198000.0 199000.0 263410.63309755316 4400.0
199000.0 200000.0 542678.4288348452 0.0
200000.0 201000.0 640489.1661639437 6500.0
201000.0 202000.0 842899.547912942 0.0
202000.0 203000.0 893543.5700793357 4400.0
203000.0 204000.0 541949.5163800744 0.0
204000.0 205000.0 582436.5833145581 4400.0
205000.0 206000.0 519616.347922915 0.0
206000.0 207000.0 594494.3598859682 4400.0
207000.0 208000.0 624749.9960075642 0.0
208000.0 209000.0 483723.1310615657 4400.0
209000.0 210000.0 687816.496692198 0.0
210000.0 211000.0 138233.84719735006 4400.0
211000.0 212000.0 947664.2073333112 0.0
212000.0 213000.0 541972.49828699 4400.0
213000.0 214000.0 775325.7351098167 0.0
214000.0 215000.0 331337.3474114025 4400.0
215000.0 216000.0 519026.8909805566 0.0
216000.0 217000.0 536752.1939754678 4400.0
217000.0 218000.0 568047.6611403236 0.0
218000.0 219000.0 1188485.0166468795 4400.0
219000.0 220000.0 1005581.9863625388 4400.0
220000.0 221000.0 1006210.947557112 4400.0
221000.0 222000.0 530911.555729042 0.0
222000.0 223000.0 606908.6676464619 4400.0
223000.0 224000.0 596390.7093781853 0.0
224000.0 225000.0 508058.2118347989 6500.0
225000.0 226000.0 833597.4108112901 0.0
226000.0 227000.0 816674.5008801424 6500.0
227000.0 228000.0 855424.5664785724 0.0
228000.0 229000.0 567307.9451840534 6500.0
229000.0 230000.0 834170.1644590308 0.0
230000.0 231000.0 937896.6980114558 6500.0
231000.0 232000.0 824526.6498311418 0.0
232000.0 233000.0 745330.6697271868 6500.0
233000.0 234000.0 807226.6158248233 0.0
234000.0 235000.0 804691.2931626607 6500.0
235000.0 236000.0 768317.3638980972 0.0
236000.0 237000.0 836408.1644503517 6500.0
237000.0 238000.0 745765.6550884665 0.0
238000.0 239000.0 752270.4705745619 6500.0
239000.0 240000.0 611019.9763308072 0.0
240000.0 241000.0 1051281.9579807594 4400.0
241000.0 242000.0 719881.8474343858 0.0
242000.0 243000.0 410748.58819943276 0.0
243000.0 244000.0 701866.8852173775 4400.0
244000.0 245000.0 935418.1765527463 4400.0
245000.0 246000.0 626228.2112398874 0.0
246000.0 247000.0 445204.30147097755 4400.0
247000.0 248000.0 531815.7697092672 0.0
248000.0 249000.0 507764.3955853881 4400.0
249000.0 250000.0 556639.164842484 0.0
250000.0 251000.0 625938.2144299593 4400.0
251000.0 252000.0 526041.6813615563 0.0
252000.0 253000.0 529974.7870004349 4400.0
253000.0 254000.0 704712.6432559682 4400.0
254000.0 255000.0 998736.6521893829 0.0
255000.0 256000.0 759635.3451727055 4400.0
256000.0 257000.0 592316.9579642174 6500.0
257000.0 258000.0 946072.7545248354 0.0
258000.0 259000.0 547663.900357853 0.0
259000.0 260000.0 548.4321349698986 0.0
260000.0 261000.0 391457.65145972196 6500.0
261000.0 262000.0 839582.077816446 0.0
262000.0 263000.0 705284.6783462358 4400.0
263000.0 264000.0 567175.5891867348 0.0
264000.0 265000.0 623390.2058984612 4400.0
265000.0 266000.0 553222.834363081 0.0
266000.0 267000.0 641976.9157435192 4400.0
267000.0 268000.0 688919.8918835985 4400.0
268000.0 269000.0 1033007.6340263236 0.0
269000.0 270000.0 792290.4801524583 4400.0
270000.0 271000.0 825324.3773518405 4400.0
271000.0 272000.0 593568.1470288225 0.0
272000.0 273000.0 647679.6106413418 4400.0
273000.0 274000.0 884781.1288964158 4400.0
274000.0 275000.0 741070.5254997679 0.0
275000.0 276000.0 719848.330038397 6500.0
276000.0 277000.0 806227.6725542693 0.0
277000.0 278000.0 735240.1641472592 6500.0
278000.0 279000.0 835326.1617723911 0.0
279000.0 280000.0 433111.92319291545 0.0
280000.0 281000.0 376232.8883695189 6500.0
281000.0 282000.0 831096.445144458 0.0
282000.0 283000.0 837823.8899540356 6500.0
283000.0 284000.0 817150.0975289777 0.0
284000.0 285000.0 772605.318619319 6500.0
285000.0 286000.0 772991.1168772109 0.0
286000.0 287000.0 821477.6535374848 6500.0
287000.0 288000.0 792462.3799527336 0.0
288000.0 289000.0 846553.0516689236 6500.0
289000.0 290000.0 693210.5559420795 0.0
290000.0 291000.0 855235.1276551591 6500.0
291000.0 292000.0 803480.9073777515 0.0
292000.0 293000.0 1098782.2215596442 4400.0
293000.0 294000.0 583215.6539064684 0.0
294000.0 295000.0 655660.038347662 4400.0
295000.0 296000.0 497814.7943090061 0.0
296000.0 297000.0 560874.6276089799 4400.0
297000.0 298000.0 594542.5938344134 0.0
298000.0 299000.0 594828.5414585343 4400.0
299000.0 300000.0 713101.0963476392 0.0
