ts te s_bytes_all avg_video_rate
0.0 1000.0 0.0 0.0
1000.0 2000.0 0.0 0.0
2000.0 3000.0 0.0 0.0
3000.0 4000.0 0.0 0.0
4000.0 5000.0 0.0 0.0
5000.0 6000.0 0.0 0.0
6000.0 7000.0 0.0 0.0
7000.0 8000.0 64732.35027094447 2300.0
8000.0 9000.0 175045.7956727729 0.0
9000.0 10000.0 520155.01879459166 480.0
10000.0 11000.0 334141.9795087481 480.0
11000.0 12000.0 452519.97480677377 480.0
12000.0 13000.0 132700.97007404128 480.0
13000.0 14000.0 215856.7874406919 480.0
14000.0 15000.0 199878.12343143602 0.0
15000.0 16000.0 80578.95709250207 2300.0
16000.0 17000.0 263000.5690779759 0.0
17000.0 18000.0 356492.5489651982 0.0
18000.0 19000.0 256310.61332346537 2300.0
19000.0 20000.0 328182.18760638504 0.0
20000.0 21000.0 473528.10565714777 2300.0
21000.0 22000.0 282546.89709803526 2300.0
22000.0 23000.0 266633.83600603335 0.0
23000.0 24000.0 316239.28517325694 0.0
24000.0 25000.0 32546.923779509707 840.0
25000.0 26000.0 337305.0865870907 840.0
26000.0 27000.0 301372.9896333996 840.0
27000.0 28000.0 64973.68685281664 2300.0
28000.0 29000.0 555077.3131471834 0.0
29000.0 30000.0 74265.01174686287 2300.0
30000.0 31000.0 522023.0261513789 0.0
31000.0 32000.0 76712.64470399919 3000.0
32000.0 33000.0 661834.3173977591 0.0
33000.0 34000.0 80578.38977517642 3000.0
34000.0 35000.0 707809.6102248236 0.0
35000.0 36000.0 79925.26184606955 3000.0
36000.0 37000.0 663033.7381539304 0.0
37000.0 38000.0 74401.27427392465 4400.0
38000.0 39000.0 692039.5195429005 0.0
39000.0 40000.0 512051.7047263399 4400.0
40000.0 41000.0 777783.7757773591 0.0
41000.0 42000.0 286674.60467945435 4400.0
42000.0 43000.0 734059.4498631016 0.0
43000.0 44000.0 359130.66112222365 4400.0
44000.0 45000.0 818343.4339272729 0.0
45000.0 46000.0 265371.75846867834 4400.0
46000.0 47000.0 840279.9154777051 0.0
47000.0 48000.0 325470.26924355305 4400.0
48000.0 49000.0 772268.1071899972 0.0
49000.0 50000.0 304989.56343666674 4400.0
50000.0 51000.0 672039.2299800626 0.0
51000.0 52000.0 377593.8997805218 4400.0
52000.0 53000.0 524387.3407741077 0.0
53000.0 54000.0 717038.209476023 4400.0
54000.0 55000.0 768420.0822132747 0.0
55000.0 56000.0 428901.39077004744 4400.0
56000.0 57000.0 726687.5604371665 0.0
57000.0 58000.0 397915.1724175931 4400.0
58000.0 59000.0 647752.3019453756 0.0
59000.0 60000.0 453471.54198967793 4400.0
60000.0 61000.0 681857.922104331 0.0
61000.0 62000.0 481387.5192956075 4400.0
62000.0 63000.0 816158.5271951635 0.0
63000.0 64000.0 281085.4005633205 4400.0
64000.0 65000.0 808344.7840420037 0.0
65000.0 66000.0 298982.81634022034 4400.0
66000.0 67000.0 648545.116196957 0.0
67000.0 68000.0 421899.80499907926 4400.0
68000.0 69000.0 794880.2154492467 0.0
69000.0 70000.0 385124.1941720657 4400.0
70000.0 71000.0 574341.0420154164 0.0
71000.0 72000.0 410938.2301573506 4400.0
72000.0 73000.0 894403.5144903869 0.0
73000.0 74000.0 721573.4718383532 4400.0
74000.0 75000.0 1012919.6324957506 4400.0
75000.0 76000.0 659618.5327309318 0.0
76000.0 77000.0 790157.4543154252 4400.0
77000.0 78000.0 512580.46225607296 4400.0
78000.0 79000.0 767918.2875775151 0.0
79000.0 80000.0 258566.77780296621 6500.0
80000.0 81000.0 799536.0009742596 0.0
81000.0 82000.0 895066.177141469 0.0
82000.0 83000.0 647686.7371321002 6500.0
83000.0 84000.0 870161.5109100784 0.0
84000.0 85000.0 938519.387603164 6500.0
85000.0 86000.0 842593.2224701911 0.0
86000.0 87000.0 581112.7295843416 6500.0
87000.0 88000.0 912209.230037215 0.0
88000.0 89000.0 816165.4175913406 6500.0
89000.0 90000.0 901266.8125675665 0.0
90000.0 91000.0 395270.52320869896 6500.0
91000.0 92000.0 934843.284378681 0.0
92000.0 93000.0 862023.0842803371 6500.0
93000.0 94000.0 884555.0606543873 0.0
94000.0 95000.0 775769.0193495889 6500.0
95000.0 96000.0 844370.6038971932 0.0
96000.0 97000.0 1032841.6832777614 6500.0
97000.0 98000.0 951729.8925899717 4400.0
98000.0 99000.0 662835.6771061858 0.0
99000.0 100000.0 588698.7035471078 4400.0
100000.0 101000.0 744103.528406328 0.0
101000.0 102000.0 918504.5480607625 4400.0
102000.0 103000.0 783823.6183194402 4400.0
103000.0 104000.0 754126.2534616779 0.0
104000.0 105000.0 921929.5210121274 4400.0
105000.0 106000.0 440172.18916815077 6500.0
106000.0 107000.0 814443.1435107911 0.0
107000.0 108000.0 863832.7459481249 0.0
108000.0 109000.0 644967.4328043485 6500.0
109000.0 110000.0 920528.3507212648 0.0
110000.0 111000.0 748238.2596060669 6500.0
111000.0 112000.0 840305.1771280858 0.0
112000.0 113000.0 0.0 0.0
113000.0 114000.0 39990.8369138491 6500.0
114000.0 115000.0 479753.4392341011 0.0
115000.0 116000.0 987214.7346593324 0.0
116000.0 117000.0 807323.7199073972 4400.0
117000.0 118000.0 933725.9161683065 4400.0
118000.0 119000.0 733531.1846710565 4400.0
119000.0 120000.0 1034407.8779214877 0.0
120000.0 121000.0 683777.8414599133 4400.0
121000.0 122000.0 508587.52180189075 6500.0
122000.0 123000.0 701635.5230584654 0.0
123000.0 124000.0 909945.2455264585 0.0
124000.0 125000.0 784756.8276707337 6500.0
125000.0 126000.0 928910.2195559021 0.0
126000.0 127000.0 771678.192233363 6500.0
127000.0 128000.0 913417.1687270673 0.0
128000.0 129000.0 687852.7409651263 6500.0
129000.0 130000.0 908815.5075686449 0.0
130000.0 131000.0 657173.6455084712 6500.0
131000.0 132000.0 927160.4766446454 0.0
132000.0 133000.0 113596.37980378773 0.0
133000.0 134000.0 77642.14256758458 6500.0
134000.0 135000.0 828081.1464327114 0.0
135000.0 136000.0 946033.8333669652 4400.0
136000.0 137000.0 766351.7333154671 0.0
137000.0 138000.0 207447.1914748532 4400.0
138000.0 139000.0 704792.7486627734 0.0
139000.0 140000.0 361463.19952697086 4400.0
140000.0 141000.0 583706.3351594164 0.0
141000.0 142000.0 781808.3894807986 4400.0
142000.0 143000.0 675934.4209525571 4400.0
143000.0 144000.0 904297.1032391106 0.0
144000.0 145000.0 345221.75582079147 0.0
145000.0 146000.0 110057.19650516435 4400.0
146000.0 147000.0 689266.1996128354 0.0
147000.0 148000.0 984083.637093449 4400.0
148000.0 149000.0 643637.885633798 4400.0
149000.0 150000.0 932801.9865642163 0.0
150000.0 151000.0 596499.9945574974 4400.0
151000.0 152000.0 953869.5609611156 4400.0
152000.0 153000.0 722914.5390719242 0.0
153000.0 154000.0 68953.96382281756 4400.0
154000.0 155000.0 726349.3506342685 0.0
155000.0 156000.0 949214.3770311015 4400.0
156000.0 157000.0 503602.30851181236 0.0
157000.0 158000.0 68257.97839265366 6500.0
158000.0 159000.0 725965.2651242432 0.0
159000.0 160000.0 977903.0288285456 6500.0
160000.0 161000.0 734666.2032915407 0.0
161000.0 162000.0 898944.3558763276 0.0
162000.0 163000.0 696593.7699351478 4400.0
163000.0 164000.0 839946.7730267675 4400.0
164000.0 165000.0 592315.2965833961 4400.0
165000.0 166000.0 970694.7691667457 0.0
166000.0 167000.0 862844.3377252945 4400.0
167000.0 168000.0 532230.5131041823 0.0
168000.0 169000.0 726702.5697652474 4400.0
169000.0 170000.0 548474.286931231 6500.0
170000.0 171000.0 818961.7578948261 0.0
171000.0 172000.0 731808.0943538505 0.0
172000.0 173000.0 0.0 0.0
173000.0 174000.0 23890.788694244104 6500.0
174000.0 175000.0 761400.7023737419 0.0
175000.0 176000.0 918145.8454990643 4400.0
176000.0 177000.0 510989.48027504206 0.0
177000.0 178000.0 526347.1831579077 4400.0
178000.0 179000.0 945484.0259435513 0.0
179000.0 180000.0 661250.0984256924 4400.0
180000.0 181000.0 690834.3862591914 0.0
181000.0 182000.0 99623.50886727317 4400.0
182000.0 183000.0 596803.985706358 0.0
183000.0 184000.0 999278.2194086006 4400.0
184000.0 185000.0 626922.775389333 0.0
185000.0 186000.0 89342.91795344668 4400.0
186000.0 187000.0 588752.5553890094 0.0
187000.0 188000.0 798917.0804534248 4400.0
188000.0 189000.0 756979.446204119 0.0
189000.0 190000.0 89136.42596654117 4400.0
190000.0 191000.0 603473.8470338781 0.0
191000.0 192000.0 870320.6681422597 4400.0
192000.0 193000.0 746282.3399610952 0.0
193000.0 194000.0 106236.2768752519 4400.0
194000.0 195000.0 605876.1515682739 0.0
195000.0 196000.0 863613.6178535939 4400.0
196000.0 197000.0 782091.2279157164 4400.0
197000.0 198000.0 904532.967169407 0.0
198000.0 199000.0 760078.8990903076 4400.0
199000.0 200000.0 615729.5784236749 4400.0
200000.0 201000.0 702230.6256262488 0.0
201000.0 202000.0 398269.0530130353 4400.0
202000.0 203000.0 570590.4050817781 4400.0
203000.0 204000.0 714591.354823821 4400.0
204000.0 205000.0 752795.8594412685 0.0
205000.0 206000.0 413430.98140649934 4400.0
206000.0 207000.0 691223.686709944 0.0
207000.0 208000.0 402969.9676890066 4400.0
208000.0 209000.0 729250.9816335049 0.0
209000.0 210000.0 475047.8175890917 4400.0
210000.0 211000.0 713142.2131598297 0.0
211000.0 212000.0 388810.3413378863 4400.0
212000.0 213000.0 689053.8017986029 0.0
213000.0 214000.0 413843.65978734946 4400.0
214000.0 215000.0 830608.2365643148 0.0
215000.0 216000.0 735561.6565182897 4400.0
216000.0 217000.0 782478.0512731123 4400.0
217000.0 218000.0 1006699.4047809999 0.0
218000.0 219000.0 622953.6263904246 4400.0
219000.0 220000.0 646314.5015918288 6500.0
220000.0 221000.0 637830.3811149447 0.0
221000.0 222000.0 993659.8352894266 0.0
222000.0 223000.0 684825.5012067631 6500.0
223000.0 224000.0 911865.8452909548 0.0
224000.0 225000.0 723541.1941606503 6500.0
225000.0 226000.0 893227.0542383782 0.0
226000.0 227000.0 811541.5926274748 6500.0
227000.0 228000.0 970575.4760547723 6500.0
228000.0 229000.0 624631.6844840917 0.0
229000.0 230000.0 947008.9257474745 0.0
230000.0 231000.0 829413.5929582004 6500.0
231000.0 232000.0 946073.9173411384 0.0
232000.0 233000.0 807127.5226935592 6500.0
233000.0 234000.0 812819.8315512837 0.0
234000.0 235000.0 683533.6509646641 6500.0
235000.0 236000.0 875230.2468848061 0.0
236000.0 237000.0 837132.2648482675 6500.0
237000.0 238000.0 867346.3307550674 0.0
238000.0 239000.0 944543.1056788357 6500.0
239000.0 240000.0 859075.1940473568 0.0
240000.0 241000.0 683071.5908667137 6500.0
241000.0 242000.0 905596.3218757212 0.0
242000.0 243000.0 247779.13701661097 6500.0
243000.0 244000.0 675848.1811732262 0.0
244000.0 245000.0 906914.2973193079 4400.0
245000.0 246000.0 992815.8047434761 0.0
246000.0 247000.0 756700.1451228813 4400.0
247000.0 248000.0 477535.2893327937 4400.0
248000.0 249000.0 929728.6896753208 0.0
249000.0 250000.0 308097.1687190016 4400.0
250000.0 251000.0 763417.4837062315 0.0
251000.0 252000.0 281686.37462090375 4400.0
252000.0 253000.0 815302.3125303215 0.0
253000.0 254000.0 380696.16228218516 4400.0
254000.0 255000.0 837448.4813956264 0.0
255000.0 256000.0 289236.84495235 4400.0
256000.0 257000.0 812630.019221374 0.0
257000.0 258000.0 259887.44561301247 4400.0
258000.0 259000.0 798454.9090112399 0.0
259000.0 260000.0 368921.96666675527 4400.0
260000.0 261000.0 748800.1368720091 0.0
261000.0 262000.0 431913.87751414615 4400.0
262000.0 263000.0 791558.1632945784 0.0
263000.0 264000.0 325891.298715685 4400.0
264000.0 265000.0 784038.4291611979 0.0
265000.0 266000.0 245089.16914976804 4400.0
266000.0 267000.0 774658.3079596679 0.0
267000.0 268000.0 804536.5112905247 4400.0
268000.0 269000.0 833940.3877555515 4400.0
269000.0 270000.0 1096491.1517796859 0.0
270000.0 271000.0 679243.5737377409 4400.0
271000.0 272000.0 713794.3623626799 4400.0
272000.0 273000.0 678310.9659909956 0.0
273000.0 274000.0 423930.3773280575 6500.0
274000.0 275000.0 822306.6576357526 0.0
275000.0 276000.0 864053.9965134972 6500.0
276000.0 277000.0 811463.1353173304 0.0
277000.0 278000.0 882426.8353022345 0.0
278000.0 279000.0 758937.0648743133 6500.0
279000.0 280000.0 906330.6602143934 0.0
280000.0 281000.0 749053.0358448019 6500.0
281000.0 282000.0 895646.8971075441 0.0
282000.0 283000.0 667219.6098748242 6500.0
283000.0 284000.0 912923.5510254817 0.0
284000.0 285000.0 846154.8175905924 6500.0
285000.0 286000.0 900121.5852466597 0.0
286000.0 287000.0 593650.2161737656 6500.0
287000.0 288000.0 857453.1896965529 0.0
288000.0 289000.0 904223.6384609892 6500.0
289000.0 290000.0 886996.1808497555 0.0
290000.0 291000.0 796075.6942610298 4400.0
291000.0 292000.0 542651.5640121554 4400.0
292000.0 293000.0 446869.5233937351 0.0
293000.0 294000.0 913152.4016317807 4400.0
294000.0 295000.0 719530.4552940497 4400.0
295000.0 296000.0 1084993.3678139923 0.0
296000.0 297000.0 833030.4431368797 4400.0
297000.0 298000.0 500842.6890756628 0.0
298000.0 299000.0 592305.51297545 6500.0
299000.0 300000.0 854484.8065562522 0.0
