ts te s_bytes_all avg_video_rate
0.0 1000.0 0.0 0.0
1000.0 2000.0 0.0 0.0
2000.0 3000.0 0.0 0.0
3000.0 4000.0 0.0 0.0
4000.0 5000.0 0.0 0.0
5000.0 6000.0 0.0 0.0
6000.0 7000.0 223923.91785820617 3000.0
7000.0 8000.0 658439.2841593637 3000.0
8000.0 9000.0 817146.4892189942 3000.0
9000.0 10000.0 973837.2967586677 3000.0
10000.0 11000.0 783602.9966098003 3000.0
11000.0 12000.0 744129.0245313498 3000.0
12000.0 13000.0 792431.1547889219 0.0
13000.0 14000.0 527340.559879466 3000.0
14000.0 15000.0 945994.4823279674 3000.0
15000.0 16000.0 905162.5684257684 3000.0
16000.0 17000.0 780232.663571166 3000.0
17000.0 18000.0 523578.6881409627 3000.0
18000.0 19000.0 1015196.9318255103 3000.0
19000.0 20000.0 483253.1932593165 0.0
20000.0 21000.0 317094.27517730155 3000.0
21000.0 22000.0 609759.4734672375 0.0
22000.0 23000.0 2915.0 0.0
23000.0 24000.0 0.0 0.0
24000.0 25000.0 227305.55103525854 4400.0
25000.0 26000.0 634675.8822353748 0.0
26000.0 27000.0 355782.6708059982 3000.0
27000.0 28000.0 560041.8959233684 0.0
28000.0 29000.0 253020.0183584467 3000.0
29000.0 30000.0 817722.0573493076 3000.0
30000.0 31000.0 792675.8834367696 3000.0
31000.0 32000.0 500162.0408554763 0.0
32000.0 33000.0 253255.7208452871 3000.0
33000.0 34000.0 494268.2791547129 0.0
34000.0 35000.0 241445.0963267318 3000.0
35000.0 36000.0 464918.7342972789 0.0
36000.0 37000.0 318480.14293353265 3000.0
37000.0 38000.0 562271.8045786478 0.0
38000.0 39000.0 237456.97548448114 3000.0
39000.0 40000.0 514819.2463793277 0.0
40000.0 41000.0 2917.0 0.0
41000.0 42000.0 0.0 0.0
42000.0 43000.0 268924.7542486948 3000.0
43000.0 44000.0 892505.0957450259 3000.0
44000.0 45000.0 554135.6217526207 3000.0
45000.0 46000.0 592585.5282536587 0.0
46000.0 47000.0 242684.56774717022 3000.0
47000.0 48000.0 531142.4322528298 0.0
48000.0 49000.0 242549.71786241577 3000.0
49000.0 50000.0 485682.846348145 0.0
50000.0 51000.0 311006.2925090063 3000.0
51000.0 52000.0 469242.14328043297 0.0
52000.0 53000.0 2916.0 0.0
53000.0 54000.0 0.0 0.0
54000.0 55000.0 261991.64118495284 3000.0
55000.0 56000.0 826914.3317384515 3000.0
56000.0 57000.0 887438.6946303756 3000.0
57000.0 58000.0 901534.1532639391 3000.0
58000.0 59000.0 430470.0256831841 3000.0
59000.0 60000.0 481433.06114428793 0.0
60000.0 61000.0 216623.0430705626 3000.0
61000.0 62000.0 565249.9107943028 0.0
62000.0 63000.0 189375.89031232696 6500.0
63000.0 64000.0 701990.3373227387 0.0
64000.0 65000.0 734883.1855213835 4400.0
65000.0 66000.0 722708.8026939223 0.0
66000.0 67000.0 333359.121697221 4400.0
67000.0 68000.0 934450.0166342374 0.0
68000.0 69000.0 81880.7843081137 4400.0
69000.0 70000.0 1012050.4424724414 0.0
70000.0 71000.0 228225.77263351635 4400.0
71000.0 72000.0 931774.9438457179 0.0
72000.0 73000.0 101503.84104832418 4400.0
73000.0 74000.0 861676.1587273341 0.0
74000.0 75000.0 390366.5657456614 4400.0
75000.0 76000.0 938601.0077231308 0.0
76000.0 77000.0 157875.20851300872 4400.0
77000.0 78000.0 897216.1501482248 0.0
78000.0 79000.0 246356.47109164234 4400.0
79000.0 80000.0 896492.5267365602 0.0
80000.0 81000.0 267236.94811770064 4400.0
81000.0 82000.0 896158.276175256 0.0
82000.0 83000.0 125199.54415301757 4400.0
83000.0 84000.0 900784.4046634546 0.0
84000.0 85000.0 246029.68297631957 4400.0
85000.0 86000.0 906974.7365064499 0.0
86000.0 87000.0 239754.82269916346 4400.0
87000.0 88000.0 890313.1756252551 0.0
88000.0 89000.0 151606.89241475766 4400.0
89000.0 90000.0 777517.3236360613 0.0
90000.0 91000.0 428015.41356432904 4400.0
91000.0 92000.0 812128.4582072562 0.0
92000.0 93000.0 391912.93599515397 4400.0
93000.0 94000.0 764247.9011151248 0.0
94000.0 95000.0 281970.18657301273 4400.0
95000.0 96000.0 512878.0135279667 0.0
96000.0 97000.0 689308.0254211925 4400.0
97000.0 98000.0 587920.2016270389 0.0
98000.0 99000.0 247512.9683159271 0.0
99000.0 100000.0 0.0 0.0
100000.0 101000.0 270040.41472393845 4400.0
101000.0 102000.0 663724.7913064902 0.0
102000.0 103000.0 472531.2746514429 4400.0
103000.0 104000.0 685043.7212207312 4400.0
104000.0 105000.0 920844.1290880054 0.0
105000.0 106000.0 807212.2331347808 4400.0
106000.0 107000.0 965194.8146712848 4400.0
107000.0 108000.0 702324.0322935159 4400.0
108000.0 109000.0 1087234.7996829106 0.0
109000.0 110000.0 782709.2037858763 4400.0
110000.0 111000.0 706821.7477872286 4400.0
111000.0 112000.0 580431.0213517557 0.0
112000.0 113000.0 464453.65633378713 4400.0
113000.0 114000.0 609605.556885188 0.0
114000.0 115000.0 365452.3233663995 4400.0
115000.0 116000.0 948873.3521376394 0.0
116000.0 117000.0 185340.2340586168 4400.0
117000.0 118000.0 918178.4995837212 0.0
118000.0 119000.0 291630.0489900892 4400.0
119000.0 120000.0 891012.7623169526 0.0
120000.0 121000.0 243987.7907946417 4400.0
121000.0 122000.0 835817.4659978228 0.0
122000.0 123000.0 254154.12583718088 0.0
123000.0 124000.0 347272.1147349573 4400.0
124000.0 125000.0 720638.3485765427 0.0
125000.0 126000.0 784265.1099781317 4400.0
126000.0 127000.0 463111.0170148272 4400.0
127000.0 128000.0 913786.7443282901 0.0
128000.0 129000.0 208709.54610654377 4400.0
129000.0 130000.0 928603.4521288709 0.0
130000.0 131000.0 170976.66713183653 4400.0
131000.0 132000.0 846636.8976877626 0.0
132000.0 133000.0 290279.0499081612 4400.0
133000.0 134000.0 888167.2071009986 0.0
134000.0 135000.0 311021.0262241611 4400.0
135000.0 136000.0 828168.3887610177 0.0
136000.0 137000.0 214456.43031789872 4400.0
137000.0 138000.0 846538.0946579602 0.0
138000.0 139000.0 418256.90167860815 4400.0
139000.0 140000.0 814174.6793914197 0.0
140000.0 141000.0 310887.0494626214 4400.0
141000.0 142000.0 634645.0514938168 0.0
142000.0 143000.0 502886.01542221254 4400.0
143000.0 144000.0 649627.745332784 0.0
144000.0 145000.0 451745.6886552222 4400.0
145000.0 146000.0 613818.4196749704 0.0
146000.0 147000.0 409822.149685769 4400.0
147000.0 148000.0 904704.3376578293 0.0
148000.0 149000.0 307677.6666759889 4400.0
149000.0 150000.0 982165.4676503064 4400.0
150000.0 151000.0 885991.2503740601 4400.0
151000.0 152000.0 897044.0686694714 0.0
152000.0 153000.0 554518.6047853335 4400.0
153000.0 154000.0 935922.2866854832 0.0
154000.0 155000.0 110800.91869239903 4400.0
155000.0 156000.0 951353.7670636282 0.0
156000.0 157000.0 278606.16065045976 4400.0
157000.0 158000.0 907824.9314142492 0.0
158000.0 159000.0 97916.36556147927 4400.0
159000.0 160000.0 913334.1159020329 0.0
160000.0 161000.0 283969.76647041325 4400.0
161000.0 162000.0 872767.1261693956 0.0
162000.0 163000.0 63810.37012208545 0.0
163000.0 164000.0 0.0 0.0
164000.0 165000.0 208131.27617015614 4400.0
165000.0 166000.0 522880.1346858196 0.0
166000.0 167000.0 585077.8113117566 4400.0
167000.0 168000.0 633327.2754569383 0.0
168000.0 169000.0 966406.3598297016 4400.0
169000.0 170000.0 376116.1425456277 0.0
170000.0 171000.0 231786.06639933016 4400.0
171000.0 172000.0 555790.0092492125 0.0
172000.0 173000.0 561308.6193875868 4400.0
173000.0 174000.0 616200.7178198595 0.0
174000.0 175000.0 537325.0795162963 4400.0
175000.0 176000.0 639832.2345026198 0.0
176000.0 177000.0 387202.50059531885 4400.0
177000.0 178000.0 634027.5285720334 0.0
178000.0 179000.0 523580.4172136447 4400.0
179000.0 180000.0 596954.7971779419 0.0
180000.0 181000.0 578055.0620566155 4400.0
181000.0 182000.0 654315.0248420488 4400.0
182000.0 183000.0 923497.2722042244 0.0
183000.0 184000.0 761861.4263509044 4400.0
184000.0 185000.0 899641.9383999533 4400.0
185000.0 186000.0 678456.9305446785 0.0
186000.0 187000.0 516392.32807962986 4400.0
187000.0 188000.0 661535.0064081523 0.0
188000.0 189000.0 382167.71283632814 4400.0
189000.0 190000.0 672261.6568028791 0.0
190000.0 191000.0 330622.4482169187 4400.0
191000.0 192000.0 925064.6566425196 0.0
192000.0 193000.0 177801.73867002188 4400.0
193000.0 194000.0 899567.6111657259 0.0
194000.0 195000.0 145215.10217860376 4400.0
195000.0 196000.0 898164.1208462425 0.0
196000.0 197000.0 201516.28813596166 4400.0
197000.0 198000.0 921516.099025026 0.0
198000.0 199000.0 875243.836675498 4400.0
199000.0 200000.0 787225.36866745 4400.0
200000.0 201000.0 922381.2348012475 4400.0
201000.0 202000.0 598509.3824224605 0.0
202000.0 203000.0 473399.3022573352 4400.0
203000.0 204000.0 642740.6848921564 0.0
204000.0 205000.0 392453.4513848106 4400.0
205000.0 206000.0 673640.097634053 0.0
206000.0 207000.0 493283.3832635877 4400.0
207000.0 208000.0 629952.6054239968 0.0
208000.0 209000.0 419939.67141554574 4400.0
209000.0 210000.0 573817.6463743567 0.0
210000.0 211000.0 572714.9307161563 4400.0
211000.0 212000.0 673311.8376550697 0.0
212000.0 213000.0 400447.08190154 4400.0
213000.0 214000.0 683601.8201660484 0.0
214000.0 215000.0 433706.2954365172 4400.0
215000.0 216000.0 678770.2387048157 0.0
216000.0 217000.0 329667.9862152713 4400.0
217000.0 218000.0 883309.174214917 0.0
218000.0 219000.0 182203.45397611885 4400.0
219000.0 220000.0 942451.8953273083 0.0
220000.0 221000.0 200277.22663346052 4400.0
221000.0 222000.0 920164.6247218298 0.0
222000.0 223000.0 211991.31811522838 4400.0
223000.0 224000.0 930501.3633629733 0.0
224000.0 225000.0 131762.6937999684 4400.0
225000.0 226000.0 804033.9322140637 0.0
226000.0 227000.0 486522.9413124391 4400.0
227000.0 228000.0 811994.5192211636 0.0
228000.0 229000.0 329261.6921877427 4400.0
229000.0 230000.0 560518.5559248236 0.0
230000.0 231000.0 462529.18486212275 4400.0
231000.0 232000.0 615485.9562394266 0.0
232000.0 233000.0 481247.55750777584 4400.0
233000.0 234000.0 602359.7586375321 0.0
234000.0 235000.0 470523.0251409946 4400.0
235000.0 236000.0 647257.2672791749 0.0
236000.0 237000.0 419982.7167657494 4400.0
237000.0 238000.0 789728.3636638157 0.0
238000.0 239000.0 172132.52904317513 4400.0
239000.0 240000.0 861778.6788139937 0.0
240000.0 241000.0 404983.39607523364 4400.0
241000.0 242000.0 802184.8754485729 0.0
242000.0 243000.0 135188.05627123397 0.0
243000.0 244000.0 847355.5074849249 4400.0
244000.0 245000.0 585057.8541677574 4400.0
245000.0 246000.0 826214.1957072373 0.0
246000.0 247000.0 856890.4541874353 4400.0
247000.0 248000.0 887737.7830704176 4400.0
248000.0 249000.0 575330.4612022286 4400.0
249000.0 250000.0 712601.7611709189 0.0
250000.0 251000.0 530840.5923112326 4400.0
251000.0 252000.0 632707.1539225043 0.0
252000.0 253000.0 561752.4946460924 4400.0
253000.0 254000.0 561991.5930628383 0.0
254000.0 255000.0 452493.35919276805 4400.0
255000.0 256000.0 625159.9495582245 0.0
256000.0 257000.0 472763.4724033456 4400.0
257000.0 258000.0 637521.9775165312 0.0
258000.0 259000.0 528581.7075441657 4400.0
259000.0 260000.0 623177.0027704673 0.0
260000.0 261000.0 456515.57182711345 4400.0
261000.0 262000.0 558655.0904340557 0.0
262000.0 263000.0 385139.01121070614 0.0
263000.0 264000.0 296337.07311940676 4400.0
264000.0 265000.0 681320.5272300588 0.0
265000.0 266000.0 786311.949896721 4400.0
266000.0 267000.0 652083.9439621922 4400.0
267000.0 268000.0 596783.0705269655 0.0
268000.0 269000.0 573933.6828914037 4400.0
269000.0 270000.0 567565.5948728658 0.0
270000.0 271000.0 468366.5758561168 4400.0
271000.0 272000.0 563782.6982153963 0.0
272000.0 273000.0 474829.82745401637 4400.0
273000.0 274000.0 648513.9740741162 0.0
274000.0 275000.0 502879.4413840763 4400.0
275000.0 276000.0 683827.2841040975 0.0
276000.0 277000.0 393994.44977747765 4400.0
277000.0 278000.0 589114.3500354644 0.0
278000.0 279000.0 620687.2778634842 4400.0
279000.0 280000.0 685845.2998529135 0.0
280000.0 281000.0 455126.7936225793 4400.0
281000.0 282000.0 675370.5625890736 0.0
282000.0 283000.0 296010.627238674 4400.0
283000.0 284000.0 882634.1180315843 0.0
284000.0 285000.0 171669.56746691107 4400.0
285000.0 286000.0 759071.6733719378 0.0
286000.0 287000.0 391247.4906215051 4400.0
287000.0 288000.0 890085.6565969461 0.0
288000.0 289000.0 250959.20782380368 4400.0
289000.0 290000.0 938112.9407493684 0.0
290000.0 291000.0 246502.15894894878 4400.0
291000.0 292000.0 760550.1818218952 0.0
292000.0 293000.0 242018.9917490484 4400.0
293000.0 294000.0 711238.4920749967 0.0
294000.0 295000.0 763305.0341709418 4400.0
295000.0 296000.0 803204.4501682023 4400.0
296000.0 297000.0 1011801.4060391535 0.0
297000.0 298000.0 746928.2650018216 4400.0
298000.0 299000.0 690395.1963682 4400.0
299000.0 300000.0 742262.1644276358 0.0
