ts te s_bytes_all avg_video_rate
0.0 1000.0 0.0 0.0
1000.0 2000.0 0.0 0.0
2000.0 3000.0 0.0 0.0
3000.0 4000.0 0.0 0.0
4000.0 5000.0 0.0 0.0
5000.0 6000.0 0.0 0.0
6000.0 7000.0 3992.115624389206 0.0
7000.0 8000.0 200229.79209230334 2300.0
8000.0 9000.0 398492.4490403031 0.0
9000.0 10000.0 527747.5950066876 840.0
10000.0 11000.0 383460.0189798756 840.0
11000.0 12000.0 328910.8471824001 840.0
12000.0 13000.0 273546.57893275266 840.0
13000.0 14000.0 345163.62694143807 840.0
14000.0 15000.0 357418.6245117724 840.0
15000.0 16000.0 193245.50516439156 840.0
16000.0 17000.0 219803.40030687838 1500.0
17000.0 18000.0 335360.26294368296 1500.0
18000.0 19000.0 342407.9690287248 0.0
19000.0 20000.0 121389.82977405534 1500.0
20000.0 21000.0 396582.54875922564 0.0
21000.0 22000.0 228344.93731562604 1500.0
22000.0 23000.0 173377.55199166597 0.0
23000.0 24000.0 343632.78613801714 1500.0
24000.0 25000.0 140254.5602658101 0.0
25000.0 26000.0 35647.0 0.0
26000.0 27000.0 16479.443071686437 0.0
27000.0 28000.0 19613.771485983652 0.0
28000.0 29000.0 219117.78975534934 288.0
29000.0 30000.0 74521.99568698055 0.0
30000.0 31000.0 326491.0142000325 1500.0
31000.0 32000.0 213522.3486762392 1500.0
32000.0 33000.0 339974.6371237283 0.0
33000.0 34000.0 2908.0 0.0
34000.0 35000.0 22.431276737482087 0.0
35000.0 36000.0 515538.1147880926 2300.0
36000.0 37000.0 92394.2127936873 0.0
37000.0 38000.0 633528.0210010404 2300.0
38000.0 39000.0 635617.4867892701 3000.0
39000.0 40000.0 869669.2176759171 3000.0
40000.0 41000.0 61551.515675255185 0.0
41000.0 42000.0 710513.5721280982 3000.0
42000.0 43000.0 45906.42787190178 0.0
43000.0 44000.0 719246.8512321134 3000.0
44000.0 45000.0 35241.148767886625 0.0
45000.0 46000.0 732885.6993858388 3000.0
46000.0 47000.0 56278.300614161104 0.0
47000.0 48000.0 2914.0 0.0
48000.0 49000.0 0.0 0.0
49000.0 50000.0 648437.5937608148 4400.0
50000.0 51000.0 418603.4382746909 0.0
51000.0 52000.0 597170.203429218 4400.0
52000.0 53000.0 623903.2233178297 0.0
53000.0 54000.0 816380.6883130216 3000.0
54000.0 55000.0 26272.852904425075 0.0
55000.0 56000.0 729199.8572543144 3000.0
56000.0 57000.0 38713.73102060812 0.0
57000.0 58000.0 685219.3136065708 3000.0
58000.0 59000.0 99514.59944716911 0.0
59000.0 60000.0 659558.0362276591 3000.0
60000.0 61000.0 99852.14227625552 0.0
61000.0 62000.0 638812.8113011996 3000.0
62000.0 63000.0 400116.7226194998 3000.0
63000.0 64000.0 911161.5724184334 3000.0
64000.0 65000.0 349857.329529778 0.0
65000.0 66000.0 612586.4816614966 3000.0
66000.0 67000.0 237247.40263701582 0.0
67000.0 68000.0 783657.5522697693 3000.0
68000.0 69000.0 33554.44773023079 0.0
69000.0 70000.0 751203.1748900602 3000.0
70000.0 71000.0 34789.82510993977 0.0
71000.0 72000.0 765218.2306403461 3000.0
72000.0 73000.0 36918.18094250506 0.0
73000.0 74000.0 772707.1010711379 3000.0
74000.0 75000.0 45188.48734601101 0.0
75000.0 76000.0 766199.1000718812 3000.0
76000.0 77000.0 36429.899928118786 0.0
77000.0 78000.0 781851.6652965244 3000.0
78000.0 79000.0 21560.334703475688 0.0
79000.0 80000.0 727029.6972860806 3000.0
80000.0 81000.0 42064.67038814621 0.0
81000.0 82000.0 762735.2249638352 3000.0
82000.0 83000.0 68587.40736193805 0.0
83000.0 84000.0 693986.2958466882 3000.0
84000.0 85000.0 131635.55768885373 0.0
85000.0 86000.0 597861.8805615426 3000.0
86000.0 87000.0 180897.84151465647 0.0
87000.0 88000.0 700307.9860671227 3000.0
88000.0 89000.0 98543.7259981815 0.0
89000.0 90000.0 628160.3859043424 3000.0
90000.0 91000.0 180039.6118243703 0.0
91000.0 92000.0 707764.0222576925 3000.0
92000.0 93000.0 68725.69233654955 0.0
93000.0 94000.0 593461.0612672267 3000.0
94000.0 95000.0 222254.35460864066 0.0
95000.0 96000.0 57134.58412413264 0.0
96000.0 97000.0 831.0 0.0
97000.0 98000.0 23390.246821155666 0.0
98000.0 99000.0 357432.5309617884 3000.0
99000.0 100000.0 553948.867938846 3000.0
100000.0 101000.0 896938.6553234966 3000.0
101000.0 102000.0 871331.9076580581 3000.0
102000.0 103000.0 877402.3228492372 3000.0
103000.0 104000.0 290513.62899592024 0.0
104000.0 105000.0 401859.4218750821 3000.0
105000.0 106000.0 651399.9622316338 3000.0
106000.0 107000.0 539274.8541352219 0.0
107000.0 108000.0 515711.08488242043 3000.0
108000.0 109000.0 203531.51632713983 0.0
109000.0 110000.0 589704.5668907725 3000.0
110000.0 111000.0 178029.14181534908 0.0
111000.0 112000.0 747229.6104364467 3000.0
112000.0 113000.0 60403.84317465827 0.0
113000.0 114000.0 584687.554595811 3000.0
114000.0 115000.0 180467.13276368688 0.0
115000.0 116000.0 587282.3709980814 3000.0
116000.0 117000.0 160228.7793251942 0.0
117000.0 118000.0 831418.2005884933 3000.0
118000.0 119000.0 574267.7843744378 0.0
119000.0 120000.0 882304.3437279632 3000.0
120000.0 121000.0 100448.67130910588 0.0
121000.0 122000.0 563775.6830006024 6500.0
122000.0 123000.0 753992.5662382968 0.0
123000.0 124000.0 688210.8441967538 6500.0
124000.0 125000.0 848553.9274001867 0.0
125000.0 126000.0 931766.5744040199 6500.0
126000.0 127000.0 858947.3605992333 0.0
127000.0 128000.0 979370.571438151 6500.0
128000.0 129000.0 825906.1801360145 0.0
129000.0 130000.0 777308.2896789872 6500.0
130000.0 131000.0 809268.2606202051 0.0
131000.0 132000.0 749997.0893713934 6500.0
132000.0 133000.0 793166.6171285491 0.0
133000.0 134000.0 526329.0357876068 0.0
134000.0 135000.0 0.0 0.0
135000.0 136000.0 644875.2923477835 6500.0
136000.0 137000.0 846258.8804854581 0.0
137000.0 138000.0 809505.7760584133 4400.0
138000.0 139000.0 851173.628677001 4400.0
139000.0 140000.0 793928.5385910595 4400.0
140000.0 141000.0 999538.3546874309 0.0
141000.0 142000.0 796473.4842452502 4400.0
142000.0 143000.0 531492.0449076034 0.0
143000.0 144000.0 2914.0 0.0
144000.0 145000.0 0.0 0.0
145000.0 146000.0 575300.4545056032 4400.0
146000.0 147000.0 881995.2713753174 4400.0
147000.0 148000.0 881871.6482925329 4400.0
148000.0 149000.0 885171.9937839104 0.0
149000.0 150000.0 716809.3435720324 4400.0
150000.0 151000.0 873079.8182845295 4400.0
151000.0 152000.0 782100.951329243 0.0
152000.0 153000.0 151802.5188568314 0.0
153000.0 154000.0 773312.6798750806 4400.0
154000.0 155000.0 493885.94029909116 4400.0
155000.0 156000.0 509014.8520973694 0.0
156000.0 157000.0 797908.0486011031 4400.0
157000.0 158000.0 836343.0987679742 4400.0
158000.0 159000.0 808561.5025689282 0.0
159000.0 160000.0 828107.9459380498 4400.0
160000.0 161000.0 613401.4742002626 0.0
161000.0 162000.0 31891.457652141045 0.0
162000.0 163000.0 0.0 0.0
163000.0 164000.0 634633.6612035747 6500.0
164000.0 165000.0 880714.3349859675 0.0
165000.0 166000.0 704517.2694169906 4400.0
166000.0 167000.0 592818.7343934673 0.0
167000.0 168000.0 26714.0 0.0
168000.0 169000.0 4698.0039260035755 0.0
169000.0 170000.0 98362.84357737181 0.0
170000.0 171000.0 553815.3536669051 3000.0
171000.0 172000.0 876698.8860029231 3000.0
172000.0 173000.0 705409.7781945467 3000.0
173000.0 174000.0 808991.2410588543 3000.0
174000.0 175000.0 699107.6635699389 3000.0
175000.0 176000.0 843194.8677385822 3000.0
176000.0 177000.0 133414.6860553503 0.0
177000.0 178000.0 748448.1490410481 3000.0
178000.0 179000.0 77925.78543756124 0.0
179000.0 180000.0 668048.0523819153 4400.0
180000.0 181000.0 346133.0853717724 0.0
181000.0 182000.0 751556.063080905 4400.0
182000.0 183000.0 418810.8791398598 0.0
183000.0 184000.0 867313.6527689078 4400.0
184000.0 185000.0 304218.0119045988 0.0
185000.0 186000.0 630588.1399541197 4400.0
186000.0 187000.0 515083.89826554374 0.0
187000.0 188000.0 677426.4247495952 4400.0
188000.0 189000.0 462655.5778779988 0.0
189000.0 190000.0 849198.603983193 6500.0
190000.0 191000.0 775375.7908481064 0.0
191000.0 192000.0 810487.139519426 6500.0
192000.0 193000.0 880223.4409097511 0.0
193000.0 194000.0 416842.85723426595 6500.0
194000.0 195000.0 826176.810603665 0.0
195000.0 196000.0 821474.8123898568 4400.0
196000.0 197000.0 857445.633659963 0.0
197000.0 198000.0 41889.86708747069 0.0
198000.0 199000.0 0.0 0.0
199000.0 200000.0 561613.3142306631 4400.0
200000.0 201000.0 721128.1961351113 4400.0
201000.0 202000.0 993099.2011842127 4400.0
202000.0 203000.0 840172.3696716295 0.0
203000.0 204000.0 919427.9992323422 4400.0
204000.0 205000.0 874492.8297652699 4400.0
205000.0 206000.0 782258.0897807714 4400.0
206000.0 207000.0 678494.0968956649 0.0
207000.0 208000.0 775030.0948810249 4400.0
208000.0 209000.0 764162.8082233102 0.0
209000.0 210000.0 638295.3950818243 6500.0
210000.0 211000.0 890653.724016798 0.0
211000.0 212000.0 558190.7092421405 6500.0
212000.0 213000.0 871216.2764742189 0.0
213000.0 214000.0 996914.495149384 6500.0
214000.0 215000.0 882825.2605346991 0.0
215000.0 216000.0 630841.9577849093 6500.0
216000.0 217000.0 814829.2364991917 0.0
217000.0 218000.0 421400.9452168341 0.0
218000.0 219000.0 0.0 0.0
219000.0 220000.0 731114.1738943693 6500.0
220000.0 221000.0 927213.4132723651 0.0
221000.0 222000.0 757979.7698231714 4400.0
222000.0 223000.0 406180.0912164574 0.0
223000.0 224000.0 699617.8620925515 4400.0
224000.0 225000.0 419934.13091723557 0.0
225000.0 226000.0 640475.7909714953 4400.0
226000.0 227000.0 439457.2934369108 0.0
227000.0 228000.0 750814.5073408957 4400.0
228000.0 229000.0 388129.3355447692 0.0
229000.0 230000.0 808733.5958470332 4400.0
230000.0 231000.0 369147.1436278285 0.0
231000.0 232000.0 771966.5438310491 4400.0
232000.0 233000.0 321091.65324566344 0.0
233000.0 234000.0 558540.9035539166 4400.0
234000.0 235000.0 536358.0583269687 0.0
235000.0 236000.0 701145.1131346651 4400.0
236000.0 237000.0 424045.8531640097 0.0
237000.0 238000.0 675173.0765251566 4400.0
238000.0 239000.0 492397.67682428495 0.0
239000.0 240000.0 679365.2378912375 4400.0
240000.0 241000.0 768174.5509571705 4400.0
241000.0 242000.0 706240.7566017571 4400.0
242000.0 243000.0 785129.9083511726 0.0
243000.0 244000.0 841353.5014927017 4400.0
244000.0 245000.0 805196.7803620937 0.0
245000.0 246000.0 463957.8326639758 4400.0
246000.0 247000.0 822653.5854028191 0.0
247000.0 248000.0 564085.4695683538 4400.0
248000.0 249000.0 797753.6376065196 4400.0
249000.0 250000.0 628565.5626919657 0.0
250000.0 251000.0 953512.9942204277 4400.0
251000.0 252000.0 408294.19559900794 0.0
252000.0 253000.0 0.0 0.0
253000.0 254000.0 808472.3316787013 4400.0
254000.0 255000.0 839189.7544538588 4400.0
255000.0 256000.0 741108.4846089098 6500.0
256000.0 257000.0 609080.0908317772 0.0
257000.0 258000.0 841489.8793004706 0.0
258000.0 259000.0 108584.45912628219 0.0
259000.0 260000.0 701622.3164682143 6500.0
260000.0 261000.0 838014.7800396685 0.0
261000.0 262000.0 853351.3282033588 4400.0
262000.0 263000.0 307074.5752887585 0.0
263000.0 264000.0 644520.6192634965 4400.0
264000.0 265000.0 494875.56549135345 0.0
265000.0 266000.0 634096.4590220122 4400.0
266000.0 267000.0 939373.2456685554 4400.0
267000.0 268000.0 840005.0189066473 4400.0
268000.0 269000.0 899491.4442362725 0.0
269000.0 270000.0 183489.64741166265 0.0
270000.0 271000.0 0.0 0.0
271000.0 272000.0 689537.0019296692 4400.0
272000.0 273000.0 341441.49191740854 0.0
273000.0 274000.0 561838.9054559619 4400.0
274000.0 275000.0 682607.4413442196 0.0
275000.0 276000.0 674124.5283757406 4400.0
276000.0 277000.0 452484.82541886624 0.0
277000.0 278000.0 521537.4818263734 4400.0
278000.0 279000.0 980021.5593228829 4400.0
279000.0 280000.0 898747.1463940004 4400.0
280000.0 281000.0 698531.2623301141 0.0
281000.0 282000.0 813469.8886960924 4400.0
282000.0 283000.0 573463.4669886708 0.0
283000.0 284000.0 677228.4455272543 4400.0
284000.0 285000.0 474002.14196126495 0.0
285000.0 286000.0 357108.08449699194 4400.0
286000.0 287000.0 791889.6745586032 0.0
287000.0 288000.0 745635.8766313079 4400.0
288000.0 289000.0 471627.5751710101 0.0
289000.0 290000.0 643300.969324196 4400.0
290000.0 291000.0 497772.369623489 0.0
291000.0 292000.0 649341.4237304847 4400.0
292000.0 293000.0 486599.7987484738 0.0
293000.0 294000.0 798031.0223386306 4400.0
294000.0 295000.0 396467.5433662511 0.0
295000.0 296000.0 516878.9713701716 4400.0
296000.0 297000.0 645428.1994786775 0.0
297000.0 298000.0 569775.9652823347 4400.0
298000.0 299000.0 714028.5125289478 0.0
299000.0 300000.0 510485.26266899676 4400.0
