ts te s_bytes_all avg_video_rate
0.0 1000.0 0.0 0.0
1000.0 2000.0 0.0 0.0
2000.0 3000.0 0.0 0.0
3000.0 4000.0 0.0 0.0
4000.0 5000.0 0.0 0.0
5000.0 6000.0 0.0 0.0
6000.0 7000.0 9073.53704327728 0.0
7000.0 8000.0 286857.1909051519 1500.0
8000.0 9000.0 230724.11141785135 0.0
9000.0 10000.0 158355.21604929707 288.0
10000.0 11000.0 207027.18848748555 288.0
11000.0 12000.0 284015.6618900743 288.0
12000.0 13000.0 237413.46456864045 288.0
13000.0 14000.0 13191.629638222197 0.0
14000.0 15000.0 0.0 0.0
15000.0 16000.0 29074.252903217726 0.0
16000.0 17000.0 9342.802488362104 0.0
17000.0 18000.0 182549.12437581783 840.0
18000.0 19000.0 125708.82023260233 0.0
19000.0 20000.0 170280.36827214516 840.0
20000.0 21000.0 182343.47301277454 1500.0
21000.0 22000.0 173519.81957969483 0.0
22000.0 23000.0 240013.20764190017 1500.0
23000.0 24000.0 322974.1314934853 0.0
24000.0 25000.0 253783.72325589773 1500.0
25000.0 26000.0 116268.27674410227 0.0
26000.0 27000.0 426691.12768587895 2300.0
27000.0 28000.0 215727.872314121 0.0
28000.0 29000.0 440489.8248229585 2300.0
29000.0 30000.0 277716.5256396001 3000.0
30000.0 31000.0 693466.6495374413 0.0
31000.0 32000.0 110474.63504676553 3000.0
32000.0 33000.0 769647.3649532344 0.0
33000.0 34000.0 514277.2004150966 3000.0
34000.0 35000.0 117027.79958490338 0.0
35000.0 36000.0 564045.2262444774 3000.0
36000.0 37000.0 286008.2288579604 3000.0
37000.0 38000.0 703832.5252496537 0.0
38000.0 39000.0 101512.00759809834 4400.0
39000.0 40000.0 737707.3868739621 0.0
40000.0 41000.0 892233.888648323 4400.0
41000.0 42000.0 548052.736527525 0.0
42000.0 43000.0 535189.1289940734 4400.0
43000.0 44000.0 687420.8110971232 4400.0
44000.0 45000.0 746735.5981350654 0.0
45000.0 46000.0 854300.3423663676 4400.0
46000.0 47000.0 446192.59484666405 0.0
47000.0 48000.0 719714.9070147552 4400.0
48000.0 49000.0 475953.5734671741 4400.0
49000.0 50000.0 735299.6429099407 0.0
50000.0 51000.0 434049.50899525464 4400.0
51000.0 52000.0 823543.1212215926 0.0
52000.0 53000.0 852044.8982033246 4400.0
53000.0 54000.0 671417.8727486642 0.0
54000.0 55000.0 468937.3338193574 4400.0
55000.0 56000.0 439518.74156189733 0.0
56000.0 57000.0 505718.7801373432 4400.0
57000.0 58000.0 826791.3052088852 4400.0
58000.0 59000.0 805970.7737541393 0.0
59000.0 60000.0 270180.77755469776 4400.0
60000.0 61000.0 817823.6986780389 0.0
61000.0 62000.0 849604.6608986271 4400.0
62000.0 63000.0 399810.92838701373 0.0
63000.0 64000.0 572945.3520749954 4400.0
64000.0 65000.0 787678.24884738 4400.0
65000.0 66000.0 761611.5413548627 0.0
66000.0 67000.0 792651.2489788728 4400.0
67000.0 68000.0 472073.4405526473 0.0
68000.0 69000.0 577540.7840317034 4400.0
69000.0 70000.0 802986.5151352428 4400.0
70000.0 71000.0 691655.4712176553 0.0
71000.0 72000.0 331461.17037891736 4400.0
72000.0 73000.0 820874.2583248054 0.0
73000.0 74000.0 845293.9151239203 4400.0
74000.0 75000.0 517417.05397899717 0.0
75000.0 76000.0 510505.6941525525 4400.0
76000.0 77000.0 477564.53921786265 0.0
77000.0 78000.0 609384.6532386517 4400.0
78000.0 79000.0 505947.9684701487 0.0
79000.0 80000.0 611692.5550022754 4400.0
80000.0 81000.0 482258.75389387493 0.0
81000.0 82000.0 654812.6647839659 4400.0
82000.0 83000.0 466797.64836561214 0.0
83000.0 84000.0 647969.6459395345 4400.0
84000.0 85000.0 452831.978758485 0.0
85000.0 86000.0 516201.8022934251 4400.0
86000.0 87000.0 501735.50180653005 0.0
87000.0 88000.0 767067.7548240488 4400.0
88000.0 89000.0 453328.8056358811 0.0
89000.0 90000.0 708854.9880073488 4400.0
90000.0 91000.0 392651.6525826508 0.0
91000.0 92000.0 515538.70099450555 4400.0
92000.0 93000.0 482647.34430506313 0.0
93000.0 94000.0 659676.7105400264 4400.0
94000.0 95000.0 505813.32620452566 0.0
95000.0 96000.0 584560.8342259371 4400.0
96000.0 97000.0 552919.3609751218 0.0
97000.0 98000.0 594829.7481058189 4400.0
98000.0 99000.0 884276.7579535028 4400.0
99000.0 100000.0 948942.5522289504 4400.0
100000.0 101000.0 707208.0995198409 0.0
101000.0 102000.0 838935.6965714027 4400.0
102000.0 103000.0 517550.13709601015 0.0
103000.0 104000.0 783803.5165130714 4400.0
104000.0 105000.0 491921.50273897406 0.0
105000.0 106000.0 657519.193349318 4400.0
106000.0 107000.0 453231.8802387221 0.0
107000.0 108000.0 680834.6353770897 4400.0
108000.0 109000.0 427820.272478466 0.0
109000.0 110000.0 615808.7221922827 4400.0
110000.0 111000.0 616107.4014185223 0.0
111000.0 112000.0 5706.0 0.0
112000.0 113000.0 2800.0 0.0
113000.0 114000.0 5104.467680150858 0.0
114000.0 115000.0 2103.7694483890605 0.0
115000.0 116000.0 7014.762871460082 0.0
116000.0 117000.0 1680.7111475520978 0.0
117000.0 118000.0 544457.3557289336 4400.0
118000.0 119000.0 539121.3989068015 1500.0
119000.0 120000.0 611568.4491147693 1500.0
120000.0 121000.0 616136.1933326077 1500.0
121000.0 122000.0 952078.794288191 1500.0
122000.0 123000.0 401321.09748114477 0.0
123000.0 124000.0 225789.81728299934 1500.0
124000.0 125000.0 192759.18271700066 0.0
125000.0 126000.0 396108.0 1500.0
126000.0 127000.0 0.0 0.0
127000.0 128000.0 371182.0 1500.0
128000.0 129000.0 0.0 0.0
129000.0 130000.0 402487.2119605823 1500.0
130000.0 131000.0 22513.788039417712 0.0
131000.0 132000.0 462235.996442485 2300.0
132000.0 133000.0 162781.1101214628 0.0
133000.0 134000.0 429590.8624933794 2300.0
134000.0 135000.0 111798.03094267279 0.0
135000.0 136000.0 514026.9461574231 2300.0
136000.0 137000.0 109965.0538425769 0.0
137000.0 138000.0 502604.99680167786 2300.0
138000.0 139000.0 112129.00319832211 0.0
139000.0 140000.0 619430.6323559794 2300.0
140000.0 141000.0 515172.0287220215 2300.0
141000.0 142000.0 527290.5054707347 2300.0
142000.0 143000.0 214244.83345126448 0.0
143000.0 144000.0 2908.0 0.0
144000.0 145000.0 0.0 0.0
145000.0 146000.0 542485.7293808411 2300.0
146000.0 147000.0 57077.27061915888 0.0
147000.0 148000.0 511363.1042841515 2300.0
148000.0 149000.0 481273.3654899295 2300.0
149000.0 150000.0 578061.7218638551 2300.0
150000.0 151000.0 135831.80836206386 0.0
151000.0 152000.0 444197.0772638368 2300.0
152000.0 153000.0 213055.14737032345 0.0
153000.0 154000.0 510354.40976370685 4400.0
154000.0 155000.0 447536.1962226386 0.0
155000.0 156000.0 676821.9272732153 4400.0
156000.0 157000.0 410317.3850827672 0.0
157000.0 158000.0 678025.3361762197 4400.0
158000.0 159000.0 398924.2713179905 0.0
159000.0 160000.0 572226.2014403974 4400.0
160000.0 161000.0 510477.072563289 0.0
161000.0 162000.0 672709.2990288493 4400.0
162000.0 163000.0 466601.767467694 0.0
163000.0 164000.0 511644.74839452386 4400.0
164000.0 165000.0 570906.0305516187 0.0
165000.0 166000.0 764534.3952612701 4400.0
166000.0 167000.0 431580.61556182185 0.0
167000.0 168000.0 624128.7773760443 4400.0
168000.0 169000.0 534843.2283030779 0.0
169000.0 170000.0 478082.18958055053 4400.0
170000.0 171000.0 635719.0808772563 0.0
171000.0 172000.0 445224.51231432485 4400.0
172000.0 173000.0 696888.6958510558 0.0
173000.0 174000.0 522993.29587949463 4400.0
174000.0 175000.0 531097.3390780333 0.0
175000.0 176000.0 388600.41872700234 4400.0
176000.0 177000.0 669544.6926897807 0.0
177000.0 178000.0 744002.8662829995 4400.0
178000.0 179000.0 431001.3066232839 0.0
179000.0 180000.0 692273.3938593604 4400.0
180000.0 181000.0 408266.8774908072 0.0
181000.0 182000.0 613542.497264151 4400.0
182000.0 183000.0 487767.62979254924 0.0
183000.0 184000.0 617952.3386605068 4400.0
184000.0 185000.0 451185.81452913966 0.0
185000.0 186000.0 702768.7521225279 4400.0
186000.0 187000.0 403327.30260147294 0.0
187000.0 188000.0 560518.258375304 4400.0
188000.0 189000.0 546495.8324741909 0.0
189000.0 190000.0 665397.1501498931 4400.0
190000.0 191000.0 490459.48977707804 0.0
191000.0 192000.0 580112.7383337546 4400.0
192000.0 193000.0 512103.7164106506 0.0
193000.0 194000.0 510814.252476609 4400.0
194000.0 195000.0 548318.186869266 0.0
195000.0 196000.0 474586.678669008 4400.0
196000.0 197000.0 870120.992843766 4400.0
197000.0 198000.0 892556.2902855233 0.0
198000.0 199000.0 790734.2446693094 4400.0
199000.0 200000.0 905732.5972019762 4400.0
200000.0 201000.0 539863.6863329951 0.0
201000.0 202000.0 643728.2916821992 4400.0
202000.0 203000.0 474517.2166153626 0.0
203000.0 204000.0 698461.874340567 4400.0
204000.0 205000.0 437299.2348420507 0.0
205000.0 206000.0 552208.4289047411 4400.0
206000.0 207000.0 560351.8937082124 0.0
207000.0 208000.0 682791.8045895845 4400.0
208000.0 209000.0 438389.81315079925 0.0
209000.0 210000.0 690014.0126861492 4400.0
210000.0 211000.0 628628.0631776566 0.0
211000.0 212000.0 580809.7716494793 4400.0
212000.0 213000.0 465626.58914029173 0.0
213000.0 214000.0 524116.08762858465 4400.0
214000.0 215000.0 558655.5074504525 0.0
215000.0 216000.0 547734.6617105866 4400.0
216000.0 217000.0 515222.1708168263 0.0
217000.0 218000.0 485776.3299451161 4400.0
218000.0 219000.0 784446.6683565406 0.0
219000.0 220000.0 771283.3640939419 4400.0
220000.0 221000.0 393308.6923292037 0.0
221000.0 222000.0 653527.5800609 4400.0
222000.0 223000.0 420226.6438260604 0.0
223000.0 224000.0 627561.9866535887 4400.0
224000.0 225000.0 476676.94704089686 0.0
225000.0 226000.0 651793.6865441856 4400.0
226000.0 227000.0 454624.6367057741 0.0
227000.0 228000.0 650869.6838994626 4400.0
228000.0 229000.0 443797.03209899284 0.0
229000.0 230000.0 617745.3547387193 4400.0
230000.0 231000.0 523360.098244457 0.0
231000.0 232000.0 643831.7154746626 4400.0
232000.0 233000.0 487079.1455014702 0.0
233000.0 234000.0 647591.8274094159 4400.0
234000.0 235000.0 481163.2182386988 0.0
235000.0 236000.0 667924.3879295855 4400.0
236000.0 237000.0 403098.7217671367 0.0
237000.0 238000.0 630319.1142462897 4400.0
238000.0 239000.0 492742.2176463993 0.0
239000.0 240000.0 671237.0036192291 4400.0
240000.0 241000.0 486702.5884129999 0.0
241000.0 242000.0 561141.0448367145 4400.0
242000.0 243000.0 553709.185522463 0.0
243000.0 244000.0 598792.7860716246 4400.0
244000.0 245000.0 852946.4794293843 4400.0
245000.0 246000.0 896434.6541543521 4400.0
246000.0 247000.0 807731.7304367934 0.0
247000.0 248000.0 686710.1499377008 4400.0
248000.0 249000.0 821428.8972207897 0.0
249000.0 250000.0 587425.882770438 4400.0
250000.0 251000.0 470135.61970846925 0.0
251000.0 252000.0 564511.3365885405 4400.0
252000.0 253000.0 560777.0840887019 0.0
253000.0 254000.0 652750.838356507 4400.0
254000.0 255000.0 456042.17105772515 0.0
255000.0 256000.0 495667.5880744819 4400.0
256000.0 257000.0 527980.4629052744 0.0
257000.0 258000.0 676709.3829895754 4400.0
258000.0 259000.0 493300.42362239835 0.0
259000.0 260000.0 494923.74666769605 4400.0
260000.0 261000.0 585028.1207402067 0.0
261000.0 262000.0 670518.1407830014 4400.0
262000.0 263000.0 517216.8965064641 0.0
263000.0 264000.0 615736.8852593179 4400.0
264000.0 265000.0 556964.4257216528 0.0
265000.0 266000.0 564561.8691389811 4400.0
266000.0 267000.0 554786.4711478653 0.0
267000.0 268000.0 486668.05740279885 4400.0
268000.0 269000.0 580313.9740320585 0.0
269000.0 270000.0 537530.1858210784 4400.0
270000.0 271000.0 658361.3622540098 0.0
271000.0 272000.0 582623.8925004196 4400.0
272000.0 273000.0 537418.2178328789 0.0
273000.0 274000.0 453894.64092712937 4400.0
274000.0 275000.0 629531.6237784694 0.0
275000.0 276000.0 432020.46865845745 4400.0
276000.0 277000.0 738895.3854978934 0.0
277000.0 278000.0 597738.9851057999 4400.0
278000.0 279000.0 466216.86006170954 0.0
279000.0 280000.0 547542.5081468225 4400.0
280000.0 281000.0 540664.5599101185 0.0
281000.0 282000.0 678449.804543048 4400.0
282000.0 283000.0 461750.3732170795 0.0
283000.0 284000.0 669639.9013024475 4400.0
284000.0 285000.0 524280.5566902963 0.0
285000.0 286000.0 661029.3733923798 4400.0
286000.0 287000.0 415355.496069135 0.0
287000.0 288000.0 631186.4645199322 4400.0
288000.0 289000.0 442532.16185466934 0.0
289000.0 290000.0 676464.3797876311 4400.0
290000.0 291000.0 489995.3542101509 0.0
291000.0 292000.0 672510.5981989495 4400.0
292000.0 293000.0 877621.5978946916 4400.0
293000.0 294000.0 939387.7904273006 4400.0
294000.0 295000.0 568449.5147519413 0.0
295000.0 296000.0 728567.2635280286 4400.0
296000.0 297000.0 579269.2928610605 0.0
297000.0 298000.0 659501.9104468556 4400.0
298000.0 299000.0 545431.7565412651 0.0
299000.0 300000.0 442270.5487468286 4400.0
