ts te s_bytes_all avg_video_rate
0.0 1000.0 0.0 0.0
1000.0 2000.0 0.0 0.0
2000.0 3000.0 0.0 0.0
3000.0 4000.0 0.0 0.0
4000.0 5000.0 0.0 0.0
5000.0 6000.0 208780.37107515056 2300.0
6000.0 7000.0 523351.65269980434 2300.0
7000.0 8000.0 886899.5348044104 2300.0
8000.0 9000.0 770782.2040744866 2300.0
9000.0 10000.0 869867.724974878 2300.0
10000.0 11000.0 691774.3420509263 2300.0
11000.0 12000.0 747179.0024326976 2300.0
12000.0 13000.0 910299.8943179073 2300.0
13000.0 14000.0 585082.9532688047 2300.0
14000.0 15000.0 354037.3203009344 0.0
15000.0 16000.0 191666.56552056767 4400.0
16000.0 17000.0 660609.1966298511 0.0
17000.0 18000.0 607968.8526073481 4400.0
18000.0 19000.0 680263.3075552029 0.0
19000.0 20000.0 352889.91699915973 4400.0
20000.0 21000.0 711945.8579720622 0.0
21000.0 22000.0 490568.94000294985 4400.0
22000.0 23000.0 698283.0282595392 0.0
23000.0 24000.0 368327.5081038526 4400.0
24000.0 25000.0 741105.0965045952 0.0
25000.0 26000.0 436424.39605684887 4400.0
26000.0 27000.0 572235.0788027308 0.0
27000.0 28000.0 436698.2605664994 4400.0
28000.0 29000.0 857534.1138096005 0.0
29000.0 30000.0 122132.14404948035 4400.0
30000.0 31000.0 927759.5724411836 0.0
31000.0 32000.0 212192.92333998074 4400.0
32000.0 33000.0 591786.4608040025 0.0
33000.0 34000.0 278109.7799745449 0.0
34000.0 35000.0 148311.74455906719 4400.0
35000.0 36000.0 771196.0179903994 0.0
36000.0 37000.0 849470.3902132009 4400.0
37000.0 38000.0 586372.0034946969 4400.0
38000.0 39000.0 906321.2511148659 0.0
39000.0 40000.0 376954.75865634024 4400.0
40000.0 41000.0 882462.3510901264 0.0
41000.0 42000.0 385568.5505070407 4400.0
42000.0 43000.0 696564.8844846186 0.0
43000.0 44000.0 422895.1980944 4400.0
44000.0 45000.0 673862.1933360735 0.0
45000.0 46000.0 473508.2795029849 4400.0
46000.0 47000.0 698422.5956547831 4400.0
47000.0 48000.0 922987.0655948063 0.0
48000.0 49000.0 798695.9281730237 4400.0
49000.0 50000.0 841236.3905713976 0.0
50000.0 51000.0 576381.2499552506 4400.0
51000.0 52000.0 666229.7717543633 4400.0
52000.0 53000.0 734670.7294334967 0.0
53000.0 54000.0 255438.64581906417 4400.0
54000.0 55000.0 940098.5565442531 0.0
55000.0 56000.0 285274.4228678549 4400.0
56000.0 57000.0 928350.4931793625 0.0
57000.0 58000.0 180305.67224436117 4400.0
58000.0 59000.0 870174.0276316912 0.0
59000.0 60000.0 106780.24809368324 4400.0
60000.0 61000.0 942706.1075818919 0.0
61000.0 62000.0 379624.2417368157 4400.0
62000.0 63000.0 881186.6134572511 0.0
63000.0 64000.0 356871.32629877876 4400.0
64000.0 65000.0 781821.080395661 0.0
65000.0 66000.0 289821.30986157554 4400.0
66000.0 67000.0 698747.8004379424 0.0
67000.0 68000.0 473177.44129588234 4400.0
68000.0 69000.0 837417.8068516364 0.0
69000.0 70000.0 127630.46810868828 4400.0
70000.0 71000.0 759426.7396192927 0.0
71000.0 72000.0 328690.64379337785 4400.0
72000.0 73000.0 762035.8107415716 0.0
73000.0 74000.0 614685.3071611426 4400.0
74000.0 75000.0 812151.9596783036 0.0
75000.0 76000.0 221450.39512772858 4400.0
76000.0 77000.0 656861.4970366994 0.0
77000.0 78000.0 465522.73808884516 4400.0
78000.0 79000.0 692270.903202551 0.0
79000.0 80000.0 445569.1358010173 4400.0
80000.0 81000.0 573595.685010544 0.0
81000.0 82000.0 504051.68355552235 4400.0
82000.0 83000.0 615484.7861466343 0.0
83000.0 84000.0 506832.38814296015 4400.0
84000.0 85000.0 658710.3676146999 0.0
85000.0 86000.0 482558.6750710354 4400.0
86000.0 87000.0 742403.4950759421 0.0
87000.0 88000.0 371740.09139519767 4400.0
88000.0 89000.0 729292.2957325088 0.0
89000.0 90000.0 347029.6601839138 4400.0
90000.0 91000.0 610488.7051372591 0.0
91000.0 92000.0 530193.9672042276 4400.0
92000.0 93000.0 589253.7476872213 0.0
93000.0 94000.0 439577.0764815759 4400.0
94000.0 95000.0 931096.7245378306 0.0
95000.0 96000.0 861982.9553096577 4400.0
96000.0 97000.0 918226.4288713685 4400.0
97000.0 98000.0 857684.9719130627 4400.0
98000.0 99000.0 577939.6176257513 0.0
99000.0 100000.0 516273.1147484797 4400.0
100000.0 101000.0 651190.007507957 0.0
101000.0 102000.0 447276.3454842027 4400.0
102000.0 103000.0 641319.1282630808 0.0
103000.0 104000.0 488012.3720625717 4400.0
104000.0 105000.0 640206.7850736955 0.0
105000.0 106000.0 460363.1419055826 4400.0
106000.0 107000.0 634346.180700164 0.0
107000.0 108000.0 415630.8698869888 4400.0
108000.0 109000.0 931301.8538528548 0.0
109000.0 110000.0 263575.6013402733 4400.0
110000.0 111000.0 962240.6470284959 0.0
111000.0 112000.0 97593.78963074733 4400.0
112000.0 113000.0 953418.6388155193 0.0
113000.0 114000.0 171150.4541646141 4400.0
114000.0 115000.0 966883.1990059371 0.0
115000.0 116000.0 343426.5260834649 4400.0
116000.0 117000.0 940994.8995560128 0.0
117000.0 118000.0 194511.82478759464 4400.0
118000.0 119000.0 931024.8452829681 0.0
119000.0 120000.0 196494.82256098898 4400.0
120000.0 121000.0 942226.2200111018 0.0
121000.0 122000.0 5642.662711931775 0.0
122000.0 123000.0 0.0 0.0
123000.0 124000.0 733526.887216605 4400.0
124000.0 125000.0 737683.8897092654 4400.0
125000.0 126000.0 776048.2602150502 4400.0
126000.0 127000.0 672580.7808264873 0.0
127000.0 128000.0 503038.0189617659 4400.0
128000.0 129000.0 684956.4868379196 0.0
129000.0 130000.0 423793.28068266367 4400.0
130000.0 131000.0 720745.5517664362 0.0
131000.0 132000.0 452402.9497909794 4400.0
132000.0 133000.0 703799.3129594638 0.0
133000.0 134000.0 418037.46485146496 4400.0
134000.0 135000.0 731823.7295987235 0.0
135000.0 136000.0 410670.42043809604 4400.0
136000.0 137000.0 757659.7777874417 0.0
137000.0 138000.0 359762.2550388839 4400.0
138000.0 139000.0 727404.515752852 0.0
139000.0 140000.0 1051714.7389055584 4400.0
140000.0 141000.0 768192.4208521391 4400.0
141000.0 142000.0 767254.4778598198 4400.0
142000.0 143000.0 738772.070443152 0.0
143000.0 144000.0 259335.70950523185 0.0
144000.0 145000.0 674785.9467527646 4400.0
145000.0 146000.0 624359.9418607089 6500.0
146000.0 147000.0 757618.7034312794 0.0
147000.0 148000.0 862815.3808253407 6500.0
148000.0 149000.0 609476.1303517539 0.0
149000.0 150000.0 973143.204431746 6500.0
150000.0 151000.0 826684.5598179249 0.0
151000.0 152000.0 686367.7962799864 0.0
152000.0 153000.0 728887.9626810739 4400.0
153000.0 154000.0 614103.9839266642 4400.0
154000.0 155000.0 599554.6660906342 0.0
155000.0 156000.0 683798.9145953567 4400.0
156000.0 157000.0 634685.9693090117 0.0
157000.0 158000.0 192042.83964575428 0.0
158000.0 159000.0 1159.4455653631478 0.0
159000.0 160000.0 41010.72200203932 4400.0
160000.0 161000.0 940907.6868004972 0.0
161000.0 162000.0 798085.9915926253 4400.0
162000.0 163000.0 896617.7074240544 4400.0
163000.0 164000.0 720408.0418151591 4400.0
164000.0 165000.0 786806.3107116127 0.0
165000.0 166000.0 838209.8878730802 4400.0
166000.0 167000.0 725139.2904495266 4400.0
167000.0 168000.0 1023538.5194400845 4400.0
168000.0 169000.0 634242.5518208519 0.0
169000.0 170000.0 666815.2411304306 4400.0
170000.0 171000.0 680496.5693945641 0.0
171000.0 172000.0 378704.38796950574 6500.0
172000.0 173000.0 809575.3869516994 0.0
173000.0 174000.0 823424.977907893 6500.0
174000.0 175000.0 770306.368876937 0.0
175000.0 176000.0 684062.8763622856 0.0
176000.0 177000.0 104604.2575669057 840.0
177000.0 178000.0 487843.1709089731 840.0
178000.0 179000.0 121204.6074359112 0.0
179000.0 180000.0 157660.48667969077 840.0
180000.0 181000.0 74749.51332030923 0.0
181000.0 182000.0 183701.89615770857 3000.0
182000.0 183000.0 590391.1784796078 0.0
183000.0 184000.0 203019.08107788424 3000.0
184000.0 185000.0 545569.3120699023 0.0
185000.0 186000.0 269860.4979783884 3000.0
186000.0 187000.0 510828.0342365086 0.0
187000.0 188000.0 222444.43290668746 3000.0
188000.0 189000.0 570231.6562595145 0.0
189000.0 190000.0 226912.8220640298 4400.0
190000.0 191000.0 702392.040091926 0.0
191000.0 192000.0 415180.4790010353 4400.0
192000.0 193000.0 599123.1025550303 0.0
193000.0 194000.0 518803.95862042485 4400.0
194000.0 195000.0 683547.9297547846 0.0
195000.0 196000.0 397460.66570369794 4400.0
196000.0 197000.0 649642.4412082741 0.0
197000.0 198000.0 484345.8189925847 4400.0
198000.0 199000.0 650285.35415454 0.0
199000.0 200000.0 491730.8967644238 4400.0
200000.0 201000.0 643027.3953630319 0.0
201000.0 202000.0 466034.47451286716 4400.0
202000.0 203000.0 677044.3100905875 0.0
203000.0 204000.0 260813.5328644722 4400.0
204000.0 205000.0 695202.2437487004 0.0
205000.0 206000.0 126474.44534338758 0.0
206000.0 207000.0 0.0 0.0
207000.0 208000.0 255880.3940856891 4400.0
208000.0 209000.0 705105.4227898598 0.0
209000.0 210000.0 1051228.272106921 4400.0
210000.0 211000.0 732774.2213356211 4400.0
211000.0 212000.0 940966.4055770072 4400.0
212000.0 213000.0 614556.1011436405 0.0
213000.0 214000.0 366538.9593588661 4400.0
214000.0 215000.0 647474.3678651283 0.0
215000.0 216000.0 482486.07388621516 4400.0
216000.0 217000.0 814142.7631028495 0.0
217000.0 218000.0 240559.1164893376 4400.0
218000.0 219000.0 877629.335317199 0.0
219000.0 220000.0 229138.43995413953 4400.0
220000.0 221000.0 918885.5612392713 0.0
221000.0 222000.0 212847.9702815949 4400.0
222000.0 223000.0 911926.1124382402 0.0
223000.0 224000.0 222953.7101092154 4400.0
224000.0 225000.0 923892.9483264581 0.0
225000.0 226000.0 129476.82459274626 4400.0
226000.0 227000.0 886945.7932051349 0.0
227000.0 228000.0 234649.5008263973 4400.0
228000.0 229000.0 901732.9024160181 0.0
229000.0 230000.0 431583.0987401764 4400.0
230000.0 231000.0 873078.7081335085 0.0
231000.0 232000.0 275573.1772490301 4400.0
232000.0 233000.0 732738.8116101157 0.0
233000.0 234000.0 389930.0062230699 4400.0
234000.0 235000.0 629359.6117678038 0.0
235000.0 236000.0 523648.06593809236 4400.0
236000.0 237000.0 669877.255210018 0.0
237000.0 238000.0 1074261.0213131597 4400.0
238000.0 239000.0 772889.4899945873 4400.0
239000.0 240000.0 831273.7215421915 4400.0
240000.0 241000.0 818624.0035947931 0.0
241000.0 242000.0 142378.8322359035 0.0
242000.0 243000.0 301305.77433001355 4400.0
243000.0 244000.0 870596.7810799427 4400.0
244000.0 245000.0 912601.2509451759 0.0
245000.0 246000.0 361685.19598205143 4400.0
246000.0 247000.0 867714.5659713447 0.0
247000.0 248000.0 144546.43169147172 0.0
248000.0 249000.0 0.0 0.0
249000.0 250000.0 200282.46935645203 4400.0
250000.0 251000.0 626053.715732019 0.0
251000.0 252000.0 1040528.4138308082 4400.0
252000.0 253000.0 799723.716968216 4400.0
253000.0 254000.0 708795.7140927669 0.0
254000.0 255000.0 688581.4295418756 4400.0
255000.0 256000.0 335989.5404778625 0.0
256000.0 257000.0 614.1993331462163 0.0
257000.0 258000.0 2297.8006668537837 0.0
258000.0 259000.0 0.0 0.0
259000.0 260000.0 2912.0 0.0
260000.0 261000.0 0.0 0.0
261000.0 262000.0 2912.0 0.0
262000.0 263000.0 604301.9729594267 4400.0
263000.0 264000.0 934925.5046914591 4400.0
264000.0 265000.0 1058847.0776410026 4400.0
265000.0 266000.0 1024356.6106704562 0.0
266000.0 267000.0 716616.1310136092 4400.0
267000.0 268000.0 1115747.9649484113 4400.0
268000.0 269000.0 840862.3746114364 4400.0
269000.0 270000.0 1035782.760463429 4400.0
270000.0 271000.0 705763.754926408 4400.0
271000.0 272000.0 725698.2114415502 0.0
272000.0 273000.0 926180.2684480273 4400.0
273000.0 274000.0 997833.7341172444 4400.0
274000.0 275000.0 714454.3576151293 0.0
275000.0 276000.0 948715.7151764212 4400.0
276000.0 277000.0 760834.5620294905 4400.0
277000.0 278000.0 787523.3674589643 4400.0
278000.0 279000.0 873760.2779479655 0.0
279000.0 280000.0 203491.35383956862 0.0
280000.0 281000.0 0.0 0.0
281000.0 282000.0 243705.60311598712 4400.0
282000.0 283000.0 700753.521180984 0.0
283000.0 284000.0 379567.2490846844 4400.0
284000.0 285000.0 705131.8413765931 0.0
285000.0 286000.0 1022795.4468564971 4400.0
286000.0 287000.0 749066.6448506049 4400.0
287000.0 288000.0 755296.6935346496 4400.0
288000.0 289000.0 953192.6167465762 0.0
289000.0 290000.0 167351.38325342385 0.0
290000.0 291000.0 586.1459925443811 0.0
291000.0 292000.0 2328.854007455619 0.0
292000.0 293000.0 0.0 0.0
293000.0 294000.0 2915.0 0.0
294000.0 295000.0 0.0 0.0
295000.0 296000.0 309984.0326813359 4400.0
296000.0 297000.0 762301.049453211 4400.0
297000.0 298000.0 859156.8218968586 0.0
298000.0 299000.0 809296.3717209557 4400.0
299000.0 300000.0 973218.8751232019 4400.0
300000.0 301000.0 328126.84912443673 0.0
