ts te s_bytes_all avg_video_rate
0.0 1000.0 0.0 0.0
1000.0 2000.0 0.0 0.0
2000.0 3000.0 0.0 0.0
3000.0 4000.0 0.0 0.0
4000.0 5000.0 0.0 0.0
5000.0 6000.0 0.0 0.0
6000.0 7000.0 32046.3891853304 2300.0
7000.0 8000.0 385825.14554611145 0.0
8000.0 9000.0 197863.30859508357 288.0
9000.0 10000.0 199410.1640097112 288.0
10000.0 11000.0 251671.11790171795 840.0
11000.0 12000.0 84740.70114279748 840.0
12000.0 13000.0 253948.70957850144 840.0
13000.0 14000.0 298841.6580841769 840.0
14000.0 15000.0 236095.409157085 840.0
15000.0 16000.0 225158.3967994845 840.0
16000.0 17000.0 2858.8900083089898 0.0
17000.0 18000.0 102047.51330665249 1500.0
18000.0 19000.0 300072.0160686186 0.0
19000.0 20000.0 266732.4721857429 1500.0
20000.0 21000.0 212146.82953902203 0.0
21000.0 22000.0 236928.3307940321 1500.0
22000.0 23000.0 127963.94809762284 0.0
23000.0 24000.0 37198.043634882364 1500.0
24000.0 25000.0 188044.30397901108 0.0
25000.0 26000.0 473704.75188455894 1500.0
26000.0 27000.0 143064.64276112686 0.0
27000.0 28000.0 390745.25774042075 1500.0
28000.0 29000.0 9516.52586284971 0.0
29000.0 30000.0 568140.4741371503 2300.0
30000.0 31000.0 6084.880178147845 0.0
31000.0 32000.0 719928.3431191621 3000.0
32000.0 33000.0 32901.28622598136 0.0
33000.0 34000.0 715018.0729860746 3000.0
34000.0 35000.0 62002.8223370288 0.0
35000.0 36000.0 768533.5477158385 3000.0
36000.0 37000.0 16675.94710611499 0.0
37000.0 38000.0 698690.2314242786 3000.0
38000.0 39000.0 35082.15300900721 0.0
39000.0 40000.0 783996.1437212046 3000.0
40000.0 41000.0 63934.62363411677 0.0
41000.0 42000.0 668563.9485430446 3000.0
42000.0 43000.0 39022.72458508247 0.0
43000.0 44000.0 725336.1948997601 3000.0
44000.0 45000.0 62231.35717960428 0.0
45000.0 46000.0 961183.1611703126 3000.0
46000.0 47000.0 553140.5489051784 0.0
47000.0 48000.0 710014.659032905 3000.0
48000.0 49000.0 77151.00861539818 0.0
49000.0 50000.0 781552.437431583 3000.0
50000.0 51000.0 13359.471696750466 0.0
51000.0 52000.0 839417.8298096278 6500.0
52000.0 53000.0 758270.269241883 0.0
53000.0 54000.0 702808.8987157661 6500.0
54000.0 55000.0 910349.2046536428 0.0
55000.0 56000.0 835137.8356922477 6500.0
56000.0 57000.0 761763.4350154911 0.0
57000.0 58000.0 797244.3561641515 6500.0
58000.0 59000.0 814569.3297083778 0.0
59000.0 60000.0 828040.4443971853 4400.0
60000.0 61000.0 321870.48469461175 0.0
61000.0 62000.0 724264.5601868484 4400.0
62000.0 63000.0 380120.59410172584 0.0
63000.0 64000.0 687279.2401349711 4400.0
64000.0 65000.0 471385.2684201318 0.0
65000.0 66000.0 721225.6724846507 4400.0
66000.0 67000.0 448780.4883076495 0.0
67000.0 68000.0 712026.6797365156 4400.0
68000.0 69000.0 350950.0726901796 0.0
69000.0 70000.0 588025.6825090756 4400.0
70000.0 71000.0 468702.24930743093 0.0
71000.0 72000.0 613680.0608032108 4400.0
72000.0 73000.0 477532.65948663617 0.0
73000.0 74000.0 686172.71096456 4400.0
74000.0 75000.0 567383.1198614714 0.0
75000.0 76000.0 644967.6459134291 4400.0
76000.0 77000.0 502208.2718528117 0.0
77000.0 78000.0 677544.836220309 4400.0
78000.0 79000.0 437622.8720027174 0.0
79000.0 80000.0 625328.8014370151 4400.0
80000.0 81000.0 536079.9288012461 0.0
81000.0 82000.0 672077.6026761534 4400.0
82000.0 83000.0 445273.77319116547 0.0
83000.0 84000.0 636015.9865019092 4400.0
84000.0 85000.0 538802.5415568069 0.0
85000.0 86000.0 657872.6858079351 4400.0
86000.0 87000.0 392605.0718633807 0.0
87000.0 88000.0 841729.7029160615 4400.0
88000.0 89000.0 304845.45178430807 0.0
89000.0 90000.0 735325.105432172 4400.0
90000.0 91000.0 908423.4482112473 4400.0
91000.0 92000.0 524906.5632267146 0.0
92000.0 93000.0 42229.78624211493 0.0
93000.0 94000.0 758444.3748218424 4400.0
94000.0 95000.0 946238.2380694996 4400.0
95000.0 96000.0 490562.600866543 0.0
96000.0 97000.0 43246.22334743183 0.0
97000.0 98000.0 776328.026350843 4400.0
98000.0 99000.0 949073.9455581155 4400.0
99000.0 100000.0 916366.8806365258 4400.0
100000.0 101000.0 678575.4721370456 0.0
101000.0 102000.0 770738.7162318197 4400.0
102000.0 103000.0 346699.66485082515 0.0
103000.0 104000.0 590999.9556033056 4400.0
104000.0 105000.0 504304.47048719984 0.0
105000.0 106000.0 800988.6331502006 4400.0
106000.0 107000.0 390513.0498482477 0.0
107000.0 108000.0 790172.7208314199 4400.0
108000.0 109000.0 357677.1563359988 0.0
109000.0 110000.0 434925.22913402214 4400.0
110000.0 111000.0 674423.639978076 0.0
111000.0 112000.0 730275.7560956482 4400.0
112000.0 113000.0 394617.459423275 0.0
113000.0 114000.0 814528.9148701088 4400.0
114000.0 115000.0 298074.0851298912 0.0
115000.0 116000.0 735133.8665082753 4400.0
116000.0 117000.0 367527.9716270791 0.0
117000.0 118000.0 809897.4128952693 4400.0
118000.0 119000.0 302479.58642481535 0.0
119000.0 120000.0 550967.594085119 4400.0
120000.0 121000.0 721399.0881847828 0.0
121000.0 122000.0 702111.4890191179 4400.0
122000.0 123000.0 397510.9220381997 0.0
123000.0 124000.0 167566.7755766504 4400.0
124000.0 125000.0 745607.9836717132 0.0
125000.0 126000.0 788885.4315433458 4400.0
126000.0 127000.0 563114.6822038584 0.0
127000.0 128000.0 672477.932193458 4400.0
128000.0 129000.0 408535.5790382125 0.0
129000.0 130000.0 679878.4720280563 4400.0
130000.0 131000.0 484193.65599132306 0.0
131000.0 132000.0 616004.4864970382 4400.0
132000.0 133000.0 448682.8379909561 0.0
133000.0 134000.0 685143.8641335492 4400.0
134000.0 135000.0 494422.0135007254 0.0
135000.0 136000.0 702886.4075320975 4400.0
136000.0 137000.0 491804.7324432896 0.0
137000.0 138000.0 678986.262610432 4400.0
138000.0 139000.0 368235.5640379287 0.0
139000.0 140000.0 597351.9557671439 4400.0
140000.0 141000.0 511625.40815967857 0.0
141000.0 142000.0 528100.1765804337 4400.0
142000.0 143000.0 581726.5631870145 0.0
143000.0 144000.0 676425.6956254344 4400.0
144000.0 145000.0 982871.1259188596 4400.0
145000.0 146000.0 941438.0273212923 4400.0
146000.0 147000.0 751926.5562433967 0.0
147000.0 148000.0 755858.3794767949 4400.0
148000.0 149000.0 468313.0516594323 0.0
149000.0 150000.0 714731.4664667116 4400.0
150000.0 151000.0 384888.9118170953 0.0
151000.0 152000.0 764691.7625270856 4400.0
152000.0 153000.0 393838.4715151708 0.0
153000.0 154000.0 659073.2504713071 4400.0
154000.0 155000.0 422158.3898506108 0.0
155000.0 156000.0 759979.1956372452 4400.0
156000.0 157000.0 381753.0 0.0
157000.0 158000.0 751697.4150786294 4400.0
158000.0 159000.0 351758.5849213706 0.0
159000.0 160000.0 698564.7438990541 4400.0
160000.0 161000.0 394388.6577295948 0.0
161000.0 162000.0 786518.3874340727 4400.0
162000.0 163000.0 387965.37780754437 0.0
163000.0 164000.0 798491.7756273808 4400.0
164000.0 165000.0 332001.88585233694 0.0
165000.0 166000.0 615301.7351423935 4400.0
166000.0 167000.0 460301.6558192592 4400.0
167000.0 168000.0 646637.9663155733 0.0
168000.0 169000.0 533799.1773200938 0.0
169000.0 170000.0 672496.8025895691 4400.0
170000.0 171000.0 361185.79943183734 0.0
171000.0 172000.0 570609.8187525015 4400.0
172000.0 173000.0 503606.6584727032 0.0
173000.0 174000.0 703715.6495042662 4400.0
174000.0 175000.0 492475.4890673134 0.0
175000.0 176000.0 622786.1450845021 4400.0
176000.0 177000.0 539622.2849576818 0.0
177000.0 178000.0 696099.3899518149 4400.0
178000.0 179000.0 368606.1686815886 0.0
179000.0 180000.0 33916.43055891836 4400.0
180000.0 181000.0 927241.3147078957 0.0
181000.0 182000.0 808536.4015307154 4400.0
182000.0 183000.0 481398.74954346614 0.0
183000.0 184000.0 706660.5398249977 4400.0
184000.0 185000.0 369605.30722898274 0.0
185000.0 186000.0 665404.3882197721 4400.0
186000.0 187000.0 499875.094233471 0.0
187000.0 188000.0 855471.8479399965 4400.0
188000.0 189000.0 307478.35677070264 0.0
189000.0 190000.0 759492.6905243295 4400.0
190000.0 191000.0 334527.30947567045 0.0
191000.0 192000.0 761579.0769313838 4400.0
192000.0 193000.0 878891.2817908989 4400.0
193000.0 194000.0 719466.7685211346 4400.0
194000.0 195000.0 867235.8145172386 0.0
195000.0 196000.0 700477.5898252062 4400.0
196000.0 197000.0 568520.222102893 0.0
197000.0 198000.0 736497.2463112447 4400.0
198000.0 199000.0 10463.534919611566 0.0
199000.0 200000.0 796453.246442036 4400.0
200000.0 201000.0 495812.1586665794 0.0
201000.0 202000.0 758687.2722946963 6500.0
202000.0 203000.0 754004.6757757755 0.0
203000.0 204000.0 670073.2718825225 6500.0
204000.0 205000.0 917848.9073801783 0.0
205000.0 206000.0 506585.08456629736 4400.0
206000.0 207000.0 666342.6188242346 0.0
207000.0 208000.0 829253.4340232036 4400.0
208000.0 209000.0 263347.7954683386 0.0
209000.0 210000.0 717099.7776360794 4400.0
210000.0 211000.0 424315.95696352236 0.0
211000.0 212000.0 697253.0140973491 4400.0
212000.0 213000.0 427808.2405453275 0.0
213000.0 214000.0 612520.4230153861 4400.0
214000.0 215000.0 537031.5253610911 0.0
215000.0 216000.0 649426.0369902158 4400.0
216000.0 217000.0 594223.0439816446 0.0
217000.0 218000.0 683270.5102339402 4400.0
218000.0 219000.0 342867.30500038713 0.0
219000.0 220000.0 725503.4716388978 4400.0
220000.0 221000.0 379262.93633593194 0.0
221000.0 222000.0 674928.0676779421 4400.0
222000.0 223000.0 489132.69027881115 0.0
223000.0 224000.0 719889.9875324342 4400.0
224000.0 225000.0 357332.01246756583 0.0
225000.0 226000.0 660296.8466298161 4400.0
226000.0 227000.0 431312.3513265738 0.0
227000.0 228000.0 687355.04095467 4400.0
228000.0 229000.0 438469.7814772057 0.0
229000.0 230000.0 863452.7922209153 4400.0
230000.0 231000.0 306691.5210855734 0.0
231000.0 232000.0 323215.0555139833 4400.0
232000.0 233000.0 757635.0687928053 0.0
233000.0 234000.0 730189.2682848163 4400.0
234000.0 235000.0 472492.6374292672 0.0
235000.0 236000.0 857726.8848746965 4400.0
236000.0 237000.0 258999.01752449956 0.0
237000.0 238000.0 702650.55030865 4400.0
238000.0 239000.0 922936.9618300148 4400.0
239000.0 240000.0 918942.491764309 4400.0
240000.0 241000.0 749529.7998292593 0.0
241000.0 242000.0 659757.9175960915 4400.0
242000.0 243000.0 623889.0125568529 0.0
243000.0 244000.0 414986.0726710411 4400.0
244000.0 245000.0 578572.6604738589 0.0
245000.0 246000.0 655318.9541047779 4400.0
246000.0 247000.0 821708.1431913736 0.0
247000.0 248000.0 641516.5244788573 4400.0
248000.0 249000.0 612915.7340743509 0.0
249000.0 250000.0 625894.642190446 4400.0
250000.0 251000.0 360013.1130033364 0.0
251000.0 252000.0 752387.3663849358 4400.0
252000.0 253000.0 338113.1857812687 0.0
253000.0 254000.0 594525.4167936223 4400.0
254000.0 255000.0 556395.3227737157 0.0
255000.0 256000.0 676984.4593543955 4400.0
256000.0 257000.0 451219.4047240197 0.0
257000.0 258000.0 672126.3432909986 4400.0
258000.0 259000.0 455957.6630203866 0.0
259000.0 260000.0 760052.8673355212 4400.0
260000.0 261000.0 323242.9694784024 0.0
261000.0 262000.0 788799.8790356538 4400.0
262000.0 263000.0 334157.90659800515 0.0
263000.0 264000.0 750952.480235094 4400.0
264000.0 265000.0 426375.1781553096 0.0
265000.0 266000.0 652376.4914164789 4400.0
266000.0 267000.0 466893.89000137965 0.0
267000.0 268000.0 614049.8365538858 4400.0
268000.0 269000.0 424030.52126002044 0.0
269000.0 270000.0 588537.5119639089 4400.0
270000.0 271000.0 576648.1197967397 0.0
271000.0 272000.0 656019.274935967 4400.0
272000.0 273000.0 460661.23663880595 0.0
273000.0 274000.0 624756.9677399521 4400.0
274000.0 275000.0 471963.88954838266 0.0
275000.0 276000.0 568475.3542741374 4400.0
276000.0 277000.0 554594.9853329381 0.0
277000.0 278000.0 507950.0618285655 4400.0
278000.0 279000.0 586837.2135335226 0.0
279000.0 280000.0 739866.5216976183 4400.0
280000.0 281000.0 379274.5935643579 0.0
281000.0 282000.0 594404.4990861876 4400.0
282000.0 283000.0 585508.709864366 0.0
283000.0 284000.0 434088.9013716885 4400.0
284000.0 285000.0 664091.7331693376 0.0
285000.0 286000.0 742568.7355821276 4400.0
286000.0 287000.0 332017.66369026084 0.0
287000.0 288000.0 776292.8221546492 4400.0
288000.0 289000.0 835028.4609735 4400.0
289000.0 290000.0 838161.038350356 4400.0
290000.0 291000.0 878242.8688496538 0.0
291000.0 292000.0 409519.94322266016 4400.0
292000.0 293000.0 725528.8664491809 0.0
293000.0 294000.0 558906.2586026051 4400.0
294000.0 295000.0 635123.7413973949 0.0
295000.0 296000.0 690327.6426920978 4400.0
296000.0 297000.0 352155.58058648393 0.0
297000.0 298000.0 692513.180882903 4400.0
298000.0 299000.0 498551.8614657183 0.0
299000.0 300000.0 799384.1424183561 4400.0
