ts te s_bytes_all avg_video_rate
0.0 1000.0 0.0 0.0
1000.0 2000.0 0.0 0.0
2000.0 3000.0 0.0 0.0
3000.0 4000.0 0.0 0.0
4000.0 5000.0 0.0 0.0
5000.0 6000.0 226408.59738678855 2300.0
6000.0 7000.0 588248.1770860656 2300.0
7000.0 8000.0 538504.8222426347 2300.0
8000.0 9000.0 497587.4032845111 2300.0
9000.0 10000.0 444379.31950298604 2300.0
10000.0 11000.0 760700.0249880804 2300.0
11000.0 12000.0 949916.5026384671 2300.0
12000.0 13000.0 835122.9797279962 2300.0
13000.0 14000.0 851666.7951705768 2300.0
14000.0 15000.0 407999.87577514484 2300.0
15000.0 16000.0 830522.2419715517 2300.0
16000.0 17000.0 430029.26022519707 0.0
17000.0 18000.0 225013.3312108823 4400.0
18000.0 19000.0 737215.7209512603 0.0
19000.0 20000.0 417797.51203025767 4400.0
20000.0 21000.0 804554.5038378679 4400.0
21000.0 22000.0 1078335.6478274628 0.0
22000.0 23000.0 641530.0218798071 4400.0
23000.0 24000.0 624177.2320545529 4400.0
24000.0 25000.0 850592.6429134444 0.0
25000.0 26000.0 491188.22313075117 4400.0
26000.0 27000.0 634707.8478771471 0.0
27000.0 28000.0 552037.6136945421 4400.0
28000.0 29000.0 700541.6968093854 0.0
29000.0 30000.0 348905.2036975334 6500.0
30000.0 31000.0 763444.318243346 0.0
31000.0 32000.0 882041.9917412193 6500.0
32000.0 33000.0 689963.6570088298 0.0
33000.0 34000.0 870858.4861062723 6500.0
34000.0 35000.0 874124.0694426544 0.0
35000.0 36000.0 907810.2463091452 6500.0
36000.0 37000.0 778410.871077218 0.0
37000.0 38000.0 841791.5108089647 6500.0
38000.0 39000.0 789194.4009038733 0.0
39000.0 40000.0 558912.8999476638 6500.0
40000.0 41000.0 760781.0623765376 0.0
41000.0 42000.0 899823.3196975457 0.0
42000.0 43000.0 674336.3785216219 6500.0
43000.0 44000.0 958861.383994006 6500.0
44000.0 45000.0 750294.218221321 0.0
45000.0 46000.0 926707.0702057972 6500.0
46000.0 47000.0 657658.0199364582 0.0
47000.0 48000.0 1049732.2133852553 0.0
48000.0 49000.0 757452.3283832856 6500.0
49000.0 50000.0 981437.7315906209 4400.0
50000.0 51000.0 805085.4160270148 4400.0
51000.0 52000.0 773624.4326005236 0.0
52000.0 53000.0 625398.8397291049 6500.0
53000.0 54000.0 927155.4742584898 0.0
54000.0 55000.0 784497.2825642198 6500.0
55000.0 56000.0 786040.429462615 0.0
56000.0 57000.0 606040.9673454367 6500.0
57000.0 58000.0 1104127.1452508953 0.0
58000.0 59000.0 679883.3652785349 6500.0
59000.0 60000.0 878328.7296448757 0.0
60000.0 61000.0 971418.0486396987 6500.0
61000.0 62000.0 810868.4606952888 0.0
62000.0 63000.0 796395.8177655886 6500.0
63000.0 64000.0 943768.5392625824 0.0
64000.0 65000.0 751478.3431912863 6500.0
65000.0 66000.0 941681.9728160815 0.0
66000.0 67000.0 664138.7991150549 6500.0
67000.0 68000.0 915087.6775222023 0.0
68000.0 69000.0 710831.0914336693 6500.0
69000.0 70000.0 971743.6270276585 0.0
70000.0 71000.0 839777.3150751987 6500.0
71000.0 72000.0 899762.9736510193 0.0
72000.0 73000.0 689132.5054600786 6500.0
73000.0 74000.0 700121.6178026571 0.0
74000.0 75000.0 833624.3828234697 6500.0
75000.0 76000.0 1040049.1035429761 0.0
76000.0 77000.0 888286.0482128789 6500.0
77000.0 78000.0 808474.8470109015 0.0
78000.0 79000.0 923679.104386286 6500.0
79000.0 80000.0 902787.6342404248 0.0
80000.0 81000.0 833478.072677461 6500.0
81000.0 82000.0 1022222.5282374901 6500.0
82000.0 83000.0 809932.4676587979 0.0
83000.0 84000.0 873061.0689024143 6500.0
84000.0 85000.0 705238.3688326697 0.0
85000.0 86000.0 932286.5572038983 0.0
86000.0 87000.0 774881.905036025 6500.0
87000.0 88000.0 866499.869109844 6500.0
88000.0 89000.0 899765.3721665792 0.0
89000.0 90000.0 878084.1001371657 6500.0
90000.0 91000.0 874426.5099150476 0.0
91000.0 92000.0 734963.6572854621 6500.0
92000.0 93000.0 834581.8817174024 0.0
93000.0 94000.0 986944.6807570701 6500.0
94000.0 95000.0 884908.8794778617 0.0
95000.0 96000.0 779292.6239785887 6500.0
96000.0 97000.0 675749.4889980888 0.0
97000.0 98000.0 964865.5150229025 6500.0
98000.0 99000.0 747227.458940096 0.0
99000.0 100000.0 1088075.9534028678 6500.0
100000.0 101000.0 800909.3751424677 0.0
101000.0 102000.0 957707.0787594017 4400.0
102000.0 103000.0 765950.6887592417 4400.0
103000.0 104000.0 730575.7775003945 0.0
104000.0 105000.0 683877.1620878216 4400.0
105000.0 106000.0 938435.2864901746 4400.0
106000.0 107000.0 618018.6858175939 0.0
107000.0 108000.0 564054.3418237348 6500.0
108000.0 109000.0 738693.8414997011 0.0
109000.0 110000.0 871255.9416511098 0.0
110000.0 111000.0 539674.1360703838 6500.0
111000.0 112000.0 896492.8934158011 0.0
112000.0 113000.0 825148.6671684643 6500.0
113000.0 114000.0 957858.9337546241 6500.0
114000.0 115000.0 687570.2729595078 0.0
115000.0 116000.0 908216.5929917732 0.0
116000.0 117000.0 714474.6631490919 6500.0
117000.0 118000.0 862726.3924766097 0.0
118000.0 119000.0 769077.2167880809 6500.0
119000.0 120000.0 911721.7100493868 0.0
120000.0 121000.0 591222.2893266797 6500.0
121000.0 122000.0 884862.212337594 0.0
122000.0 123000.0 723328.3151379668 6500.0
123000.0 124000.0 792052.7080451504 0.0
124000.0 125000.0 868081.9773621019 3000.0
125000.0 126000.0 605539.7796943639 3000.0
126000.0 127000.0 763503.3238606527 0.0
127000.0 128000.0 181831.05862695485 4400.0
128000.0 129000.0 630729.2464995101 0.0
129000.0 130000.0 483083.0066778067 4400.0
130000.0 131000.0 647915.7961930752 0.0
131000.0 132000.0 495282.9103903031 4400.0
132000.0 133000.0 624469.6292798211 0.0
133000.0 134000.0 297063.7611016786 0.0
134000.0 135000.0 0.0 0.0
135000.0 136000.0 304024.2015961998 4400.0
136000.0 137000.0 702566.8898834798 0.0
137000.0 138000.0 385570.7726842989 4400.0
138000.0 139000.0 899815.3554707095 4400.0
139000.0 140000.0 926339.730538175 0.0
140000.0 141000.0 509675.02503843524 4400.0
141000.0 142000.0 872569.6311177659 4400.0
142000.0 143000.0 793059.0293109718 0.0
143000.0 144000.0 992383.9405267984 4400.0
144000.0 145000.0 694392.5012059605 4400.0
145000.0 146000.0 878618.2768235237 0.0
146000.0 147000.0 532898.1254606784 6500.0
147000.0 148000.0 910249.642399461 0.0
148000.0 149000.0 753214.388208126 6500.0
149000.0 150000.0 837089.2621767638 0.0
150000.0 151000.0 942798.982189027 6500.0
151000.0 152000.0 862285.9667844861 0.0
152000.0 153000.0 693044.5432779549 6500.0
153000.0 154000.0 879237.6811397184 0.0
154000.0 155000.0 612227.2444183304 6500.0
155000.0 156000.0 955592.9399773598 0.0
156000.0 157000.0 766963.8950184158 6500.0
157000.0 158000.0 919547.5664139413 0.0
158000.0 159000.0 707625.4973782129 6500.0
159000.0 160000.0 810878.2443137362 0.0
160000.0 161000.0 738707.5304904857 6500.0
161000.0 162000.0 810269.2835785341 0.0
162000.0 163000.0 836670.5571775506 6500.0
163000.0 164000.0 943126.3847636261 0.0
164000.0 165000.0 908952.8785578429 6500.0
165000.0 166000.0 887031.4669608998 0.0
166000.0 167000.0 920670.4215090221 6500.0
167000.0 168000.0 945015.5315389 0.0
168000.0 169000.0 808034.8274504298 4400.0
169000.0 170000.0 671726.5519380055 4400.0
170000.0 171000.0 448025.82985980785 0.0
171000.0 172000.0 790058.7078677169 6500.0
172000.0 173000.0 850365.5399510144 0.0
173000.0 174000.0 666903.4433541956 0.0
174000.0 175000.0 390375.85048066586 4400.0
175000.0 176000.0 805242.289696468 4400.0
176000.0 177000.0 769631.5959876439 0.0
177000.0 178000.0 381267.7279740839 4400.0
178000.0 179000.0 643397.8806751842 0.0
179000.0 180000.0 464406.7834144092 6500.0
180000.0 181000.0 769018.9011950631 0.0
181000.0 182000.0 887530.9193597534 6500.0
182000.0 183000.0 695612.6014942697 0.0
183000.0 184000.0 965912.2057655553 6500.0
184000.0 185000.0 651583.0573772698 0.0
185000.0 186000.0 947825.2322615007 6500.0
186000.0 187000.0 716658.7366931159 0.0
187000.0 188000.0 776260.8422114463 6500.0
188000.0 189000.0 929079.0424824517 0.0
189000.0 190000.0 1041582.7826203419 6500.0
190000.0 191000.0 732762.898589305 0.0
191000.0 192000.0 1053609.3432654326 6500.0
192000.0 193000.0 814913.422047048 0.0
193000.0 194000.0 865751.1289215549 6500.0
194000.0 195000.0 747356.820381872 0.0
195000.0 196000.0 1154355.2497340254 6500.0
196000.0 197000.0 693635.2327917758 2300.0
197000.0 198000.0 622209.6467261332 2300.0
198000.0 199000.0 558298.5400607788 2300.0
199000.0 200000.0 470963.9794422889 0.0
200000.0 201000.0 548320.9749741489 4400.0
201000.0 202000.0 580596.5900095517 4400.0
202000.0 203000.0 708026.9457310803 0.0
203000.0 204000.0 233862.7018391702 4400.0
204000.0 205000.0 566012.7730846243 0.0
205000.0 206000.0 237919.4175452483 4400.0
206000.0 207000.0 727964.6084093109 0.0
207000.0 208000.0 391066.18891611265 4400.0
208000.0 209000.0 586896.9575198068 0.0
209000.0 210000.0 411295.05618446856 4400.0
210000.0 211000.0 570461.3734137552 0.0
211000.0 212000.0 348832.8250561443 4400.0
212000.0 213000.0 499832.0219394218 0.0
213000.0 214000.0 434599.93614193535 4400.0
214000.0 215000.0 668713.5789662886 0.0
215000.0 216000.0 498975.194543455 4400.0
216000.0 217000.0 573261.8532099053 0.0
217000.0 218000.0 440093.88939364936 4400.0
218000.0 219000.0 580055.2263006552 0.0
219000.0 220000.0 602790.1251901842 4400.0
220000.0 221000.0 634711.0448987421 0.0
221000.0 222000.0 338388.7497653888 4400.0
222000.0 223000.0 498574.55486217985 0.0
223000.0 224000.0 611456.8541520077 4400.0
224000.0 225000.0 597563.1618415974 0.0
225000.0 226000.0 564821.0560527315 4400.0
226000.0 227000.0 677898.8775833381 0.0
227000.0 228000.0 261680.79323827074 4400.0
228000.0 229000.0 535114.0528221431 0.0
229000.0 230000.0 408343.3676908625 4400.0
230000.0 231000.0 687982.1339340378 0.0
231000.0 232000.0 576577.9914677293 4400.0
232000.0 233000.0 652298.0080146021 0.0
233000.0 234000.0 583876.2258343347 4400.0
234000.0 235000.0 671246.7285023696 0.0
235000.0 236000.0 521628.8520510284 4400.0
236000.0 237000.0 611241.0332224809 0.0
237000.0 238000.0 354270.6521527186 6500.0
238000.0 239000.0 757662.7240858614 0.0
239000.0 240000.0 819959.9483615868 6500.0
240000.0 241000.0 849187.0155477416 0.0
241000.0 242000.0 927287.670603868 6500.0
242000.0 243000.0 898335.5834460172 0.0
243000.0 244000.0 749776.8313776404 6500.0
244000.0 245000.0 809955.3447396642 6500.0
245000.0 246000.0 774024.058489518 0.0
246000.0 247000.0 867181.636306867 0.0
247000.0 248000.0 999041.1219158659 6500.0
248000.0 249000.0 1065906.5556414868 6500.0
249000.0 250000.0 849716.4644003466 0.0
250000.0 251000.0 891538.3108657885 6500.0
251000.0 252000.0 847352.9044902252 0.0
252000.0 253000.0 698914.0276257186 6500.0
253000.0 254000.0 859189.4868105522 0.0
254000.0 255000.0 700652.9643302939 6500.0
255000.0 256000.0 1001204.8647224919 0.0
256000.0 257000.0 742341.8405236588 6500.0
257000.0 258000.0 955327.1492376718 6500.0
258000.0 259000.0 816594.6625988086 0.0
259000.0 260000.0 927802.1162293439 0.0
260000.0 261000.0 389833.75138598046 6500.0
261000.0 262000.0 847979.8438148666 0.0
262000.0 263000.0 683102.9009863385 6500.0
263000.0 264000.0 620680.5732832584 0.0
264000.0 265000.0 919674.5692963788 6500.0
265000.0 266000.0 1030067.211194195 0.0
266000.0 267000.0 835069.4912324846 6500.0
267000.0 268000.0 831230.6636112226 0.0
268000.0 269000.0 1017964.9246449131 6500.0
269000.0 270000.0 829060.7648542218 0.0
270000.0 271000.0 595032.5729241881 6500.0
271000.0 272000.0 941074.287225173 0.0
272000.0 273000.0 791336.9110927961 6500.0
273000.0 274000.0 1065420.39823376 0.0
274000.0 275000.0 762774.4546990772 6500.0
275000.0 276000.0 917358.8071243153 0.0
276000.0 277000.0 778385.4463296446 6500.0
277000.0 278000.0 993051.7081527397 6500.0
278000.0 279000.0 814914.8324280682 0.0
279000.0 280000.0 751238.1046377586 6500.0
280000.0 281000.0 744911.9401336868 0.0
281000.0 282000.0 859836.0285173309 0.0
282000.0 283000.0 594461.9029552154 6500.0
283000.0 284000.0 856481.4229337571 6500.0
284000.0 285000.0 998440.1092665446 0.0
285000.0 286000.0 990462.122269268 6500.0
286000.0 287000.0 606516.4465721974 0.0
287000.0 288000.0 1007642.8214612136 6500.0
288000.0 289000.0 931520.358612742 0.0
289000.0 290000.0 1034494.9752607819 4400.0
290000.0 291000.0 812409.2602735007 4400.0
291000.0 292000.0 878010.7615785116 0.0
292000.0 293000.0 665810.8988991786 4400.0
293000.0 294000.0 881285.8085732049 6500.0
294000.0 295000.0 722456.4928978098 0.0
295000.0 296000.0 865794.826176706 6500.0
296000.0 297000.0 706339.1816682796 0.0
297000.0 298000.0 962451.4700001595 6500.0
298000.0 299000.0 747673.6899196198 0.0
299000.0 300000.0 813035.3704342032 6500.0
300000.0 301000.0 128612.23563821048 0.0
