ts te s_bytes_all avg_video_rate
0.0 1000.0 0.0 0.0
1000.0 2000.0 0.0 0.0
2000.0 3000.0 0.0 0.0
3000.0 4000.0 0.0 0.0
4000.0 5000.0 0.0 0.0
5000.0 6000.0 6912.0 0.0
6000.0 7000.0 135243.03369333444 2300.0
7000.0 8000.0 629919.4450422825 2300.0
8000.0 9000.0 615050.519076279 2300.0
9000.0 10000.0 755706.4250657655 2300.0
10000.0 11000.0 836669.6414730896 2300.0
11000.0 12000.0 667399.605413839 2300.0
12000.0 13000.0 860836.0701037465 2300.0
13000.0 14000.0 492491.7975343803 2300.0
14000.0 15000.0 785227.6586742784 2300.0
15000.0 16000.0 848533.836704372 2300.0
16000.0 17000.0 638599.9672186325 2300.0
17000.0 18000.0 0.0 0.0
18000.0 19000.0 660263.5552951288 6500.0
19000.0 20000.0 1065136.4507588046 0.0
20000.0 21000.0 775886.8225837682 6500.0
21000.0 22000.0 976710.2563272163 6500.0
22000.0 23000.0 836960.4518947529 0.0
23000.0 24000.0 766385.1401030271 6500.0
24000.0 25000.0 922826.5812438353 0.0
25000.0 26000.0 661078.7417934671 6500.0
26000.0 27000.0 905502.5201620755 0.0
27000.0 28000.0 973935.8657180432 6500.0
28000.0 29000.0 797318.7028640097 0.0
29000.0 30000.0 522937.51919524727 0.0
30000.0 31000.0 2769.392060624408 0.0
31000.0 32000.0 374.08697371173696 0.0
32000.0 33000.0 94253.79536355524 4400.0
33000.0 34000.0 897168.6287639338 0.0
34000.0 35000.0 694274.3228100548 4400.0
35000.0 36000.0 885596.3550923013 4400.0
36000.0 37000.0 927110.8712550739 4400.0
37000.0 38000.0 769078.6279626263 0.0
38000.0 39000.0 886041.885940754 4400.0
39000.0 40000.0 905520.1116295082 4400.0
40000.0 41000.0 876682.3203048881 4400.0
41000.0 42000.0 626261.6864581376 0.0
42000.0 43000.0 417355.711637417 4400.0
43000.0 44000.0 859279.4127848934 0.0
44000.0 45000.0 898790.1057692878 4400.0
45000.0 46000.0 319038.077253857 0.0
46000.0 47000.0 75725.05390323345 6500.0
47000.0 48000.0 799579.2671543488 0.0
48000.0 49000.0 950655.7915889705 6500.0
49000.0 50000.0 881762.8548223116 0.0
50000.0 51000.0 875502.7259579332 6500.0
51000.0 52000.0 715848.5508874427 0.0
52000.0 53000.0 911101.7380157918 6500.0
53000.0 54000.0 797277.5295850369 0.0
54000.0 55000.0 963538.1033176843 6500.0
55000.0 56000.0 847067.7593123432 0.0
56000.0 57000.0 874908.4142104831 6500.0
57000.0 58000.0 853403.0153572443 0.0
58000.0 59000.0 714524.6439832307 6500.0
59000.0 60000.0 834963.1249906672 0.0
60000.0 61000.0 803345.9741457391 6500.0
61000.0 62000.0 870567.1227597233 0.0
62000.0 63000.0 818268.4281804461 6500.0
63000.0 64000.0 767455.8395061623 0.0
64000.0 65000.0 486852.2576696053 6500.0
65000.0 66000.0 975582.7851642004 0.0
66000.0 67000.0 883509.6366588582 6500.0
67000.0 68000.0 737690.8490902894 0.0
68000.0 69000.0 969053.5991087263 4400.0
69000.0 70000.0 742872.4334642496 4400.0
70000.0 71000.0 962275.2035177607 0.0
71000.0 72000.0 673752.3305926382 4400.0
72000.0 73000.0 701935.7423317468 4400.0
73000.0 74000.0 608789.1587063659 0.0
74000.0 75000.0 397939.0660167665 0.0
75000.0 76000.0 116.61064799433859 0.0
76000.0 77000.0 2794.3893520056613 0.0
77000.0 78000.0 206.27023832430865 0.0
78000.0 79000.0 5614.729761675691 4400.0
79000.0 80000.0 874686.430132567 0.0
80000.0 81000.0 935420.5944532333 4400.0
81000.0 82000.0 819217.9630863625 4400.0
82000.0 83000.0 736426.0074636985 4400.0
83000.0 84000.0 787650.4865748873 0.0
84000.0 85000.0 445085.7477630888 4400.0
85000.0 86000.0 714074.5224513634 0.0
86000.0 87000.0 377494.7145029972 4400.0
87000.0 88000.0 725974.1249465304 0.0
88000.0 89000.0 436520.0156322388 4400.0
89000.0 90000.0 685727.8351338793 0.0
90000.0 91000.0 360904.71025188087 4400.0
91000.0 92000.0 596368.0369631693 0.0
92000.0 93000.0 572131.7213631046 4400.0
93000.0 94000.0 646344.0478670658 0.0
94000.0 95000.0 401892.55607261276 4400.0
95000.0 96000.0 756387.3910979584 0.0
96000.0 97000.0 322346.09424336173 4400.0
97000.0 98000.0 911271.1689563319 0.0
98000.0 99000.0 793555.1397839244 4400.0
99000.0 100000.0 908756.2518650085 4400.0
100000.0 101000.0 792552.4325294928 4400.0
101000.0 102000.0 571509.2519743658 0.0
102000.0 103000.0 562118.0161206734 4400.0
103000.0 104000.0 701942.3903228648 0.0
104000.0 105000.0 997975.0276876341 4400.0
105000.0 106000.0 424870.32075970434 0.0
106000.0 107000.0 120508.59247410155 4400.0
107000.0 108000.0 692955.1545558572 0.0
108000.0 109000.0 340493.6416132329 6500.0
109000.0 110000.0 893919.6344043099 0.0
110000.0 111000.0 889440.4385875579 4400.0
111000.0 112000.0 550042.8531706068 0.0
112000.0 113000.0 306289.7519186074 4400.0
113000.0 114000.0 725822.5999540784 0.0
114000.0 115000.0 210154.86290181684 4400.0
115000.0 116000.0 119637.47041983118 0.0
116000.0 117000.0 13212.527040976085 0.0
117000.0 118000.0 886646.731949449 4400.0
118000.0 119000.0 829965.7312564197 4400.0
119000.0 120000.0 359874.87558364554 0.0
120000.0 121000.0 2760.1341695097135 0.0
121000.0 122000.0 312291.9131938195 6500.0
122000.0 123000.0 930591.0389529828 0.0
123000.0 124000.0 877688.3423547616 4400.0
124000.0 125000.0 940024.8285758452 4400.0
125000.0 126000.0 836652.0724589473 0.0
126000.0 127000.0 814246.8116717123 4400.0
127000.0 128000.0 635732.154926874 4400.0
128000.0 129000.0 709944.3634639522 4400.0
129000.0 130000.0 671904.5581612396 0.0
130000.0 131000.0 442343.9162398657 0.0
131000.0 132000.0 675230.4159194342 6500.0
132000.0 133000.0 824506.9966797484 0.0
133000.0 134000.0 899930.1012937386 6500.0
134000.0 135000.0 856920.2207502073 0.0
135000.0 136000.0 978715.8514374769 6500.0
136000.0 137000.0 662715.344459899 6500.0
137000.0 138000.0 878875.0794748329 0.0
138000.0 139000.0 726133.4436784205 6500.0
139000.0 140000.0 796421.2198274565 0.0
140000.0 141000.0 833368.0244169899 6500.0
141000.0 142000.0 904413.3204762978 0.0
142000.0 143000.0 675020.974548675 6500.0
143000.0 144000.0 883332.4677348936 0.0
144000.0 145000.0 767532.7074650638 6500.0
145000.0 146000.0 844845.9490257807 0.0
146000.0 147000.0 561482.5956904127 6500.0
147000.0 148000.0 850538.7524271094 0.0
148000.0 149000.0 545757.3000579809 6500.0
149000.0 150000.0 827832.0013555057 0.0
150000.0 151000.0 809539.3911532925 0.0
151000.0 152000.0 841031.4192169812 6500.0
152000.0 153000.0 989387.2321013566 6500.0
153000.0 154000.0 768757.4030670489 0.0
154000.0 155000.0 599945.3631419331 6500.0
155000.0 156000.0 858957.4869211294 0.0
156000.0 157000.0 854984.8067060938 4400.0
157000.0 158000.0 730602.8796912665 0.0
158000.0 159000.0 266868.3513943333 0.0
159000.0 160000.0 225816.85146439198 4400.0
160000.0 161000.0 909216.95603495 4400.0
161000.0 162000.0 524240.0287565995 0.0
162000.0 163000.0 545262.8867303897 4400.0
163000.0 164000.0 718276.7474325704 0.0
164000.0 165000.0 393544.28044445306 4400.0
165000.0 166000.0 640169.1029764654 0.0
166000.0 167000.0 505093.66286817787 4400.0
167000.0 168000.0 727444.3262743063 0.0
168000.0 169000.0 346604.22679118166 4400.0
169000.0 170000.0 645987.7842577216 0.0
170000.0 171000.0 956800.6120402452 4400.0
171000.0 172000.0 891148.7745417648 4400.0
172000.0 173000.0 826337.2910311454 0.0
173000.0 174000.0 762894.9463247056 4400.0
174000.0 175000.0 329093.59391703864 6500.0
175000.0 176000.0 848101.0647597751 0.0
176000.0 177000.0 757655.4140927178 6500.0
177000.0 178000.0 869114.7151736411 0.0
178000.0 179000.0 812194.4143742122 6500.0
179000.0 180000.0 885866.3251248817 0.0
180000.0 181000.0 670160.3400233653 6500.0
181000.0 182000.0 874237.1880514352 0.0
182000.0 183000.0 626012.3664005061 0.0
183000.0 184000.0 0.0 0.0
184000.0 185000.0 108956.38974564814 6500.0
185000.0 186000.0 898327.1008580925 0.0
186000.0 187000.0 813696.9113071989 6500.0
187000.0 188000.0 890590.1972576956 0.0
188000.0 189000.0 919116.5184608577 6500.0
189000.0 190000.0 853599.6371466158 0.0
190000.0 191000.0 911873.2684186803 6500.0
191000.0 192000.0 842370.9311815628 0.0
192000.0 193000.0 836122.662717511 4400.0
193000.0 194000.0 864143.2859178736 4400.0
194000.0 195000.0 796263.0447926197 0.0
195000.0 196000.0 744184.0020334816 4400.0
196000.0 197000.0 817217.9032326337 4400.0
197000.0 198000.0 694623.6379105648 4400.0
198000.0 199000.0 1079871.6694369682 4400.0
199000.0 200000.0 708054.3273994386 0.0
200000.0 201000.0 577989.8917996635 6500.0
201000.0 202000.0 729532.7938852451 0.0
202000.0 203000.0 853456.3741876908 6500.0
203000.0 204000.0 662126.8719577453 0.0
204000.0 205000.0 843469.8759327334 6500.0
205000.0 206000.0 726579.348340975 0.0
206000.0 207000.0 999669.7528221393 0.0
207000.0 208000.0 663566.889264252 6500.0
208000.0 209000.0 883931.7213738976 0.0
209000.0 210000.0 659715.1756998769 6500.0
210000.0 211000.0 890039.4392444816 0.0
211000.0 212000.0 737353.236713516 6500.0
212000.0 213000.0 936531.550385181 6500.0
213000.0 214000.0 583817.2132114462 0.0
214000.0 215000.0 962813.2366720138 0.0
215000.0 216000.0 567266.4946214263 6500.0
216000.0 217000.0 880971.394268952 0.0
217000.0 218000.0 411452.2518013215 0.0
218000.0 219000.0 105641.71978297242 6500.0
219000.0 220000.0 786964.7201237316 0.0
220000.0 221000.0 977805.5595768602 4400.0
221000.0 222000.0 730706.0575207293 0.0
222000.0 223000.0 949029.5949981434 4400.0
223000.0 224000.0 845714.8292151253 4400.0
224000.0 225000.0 600296.1342799219 4400.0
225000.0 226000.0 729801.2506211357 0.0
226000.0 227000.0 492428.42593559966 6500.0
227000.0 228000.0 753298.403547716 0.0
228000.0 229000.0 780337.3043980646 0.0
229000.0 230000.0 0.0 0.0
230000.0 231000.0 97960.69106867265 6500.0
231000.0 232000.0 875226.4908587977 0.0
232000.0 233000.0 916810.4163958668 4400.0
233000.0 234000.0 669498.2295974514 0.0
234000.0 235000.0 923816.285186904 4400.0
235000.0 236000.0 676143.0754547751 4400.0
236000.0 237000.0 953537.792502773 4400.0
237000.0 238000.0 656433.5087665712 0.0
238000.0 239000.0 397651.1471403867 4400.0
239000.0 240000.0 484522.1926268598 0.0
240000.0 241000.0 962910.0362637169 4400.0
241000.0 242000.0 795617.3911193882 4400.0
242000.0 243000.0 818056.9967977775 0.0
243000.0 244000.0 644129.6316953835 6500.0
244000.0 245000.0 814451.1145246755 0.0
245000.0 246000.0 0.0 0.0
246000.0 247000.0 105690.77008886164 6500.0
247000.0 248000.0 842544.1637668652 0.0
248000.0 249000.0 907687.4075965747 6500.0
249000.0 250000.0 694077.928454442 0.0
250000.0 251000.0 881821.3018008997 6500.0
251000.0 252000.0 806031.831436754 0.0
252000.0 253000.0 996823.5441250061 4400.0
253000.0 254000.0 736444.1679334487 0.0
254000.0 255000.0 961254.1821546305 4400.0
255000.0 256000.0 668390.1762623729 4400.0
256000.0 257000.0 875327.5687616783 6500.0
257000.0 258000.0 760521.9160198265 0.0
258000.0 259000.0 798754.5630232183 6500.0
259000.0 260000.0 835076.4365266707 0.0
260000.0 261000.0 746604.6335461654 6500.0
261000.0 262000.0 833194.6782208678 0.0
262000.0 263000.0 859773.0599007988 6500.0
263000.0 264000.0 863587.7276667013 0.0
264000.0 265000.0 824307.8925681743 6500.0
265000.0 266000.0 796135.2207856468 0.0
266000.0 267000.0 735182.2546974326 6500.0
267000.0 268000.0 766773.1317425154 0.0
268000.0 269000.0 589242.6164351307 6500.0
269000.0 270000.0 799382.8358061686 0.0
270000.0 271000.0 942891.9251638991 0.0
271000.0 272000.0 675912.6454183932 6500.0
272000.0 273000.0 763260.7693600187 0.0
273000.0 274000.0 799120.2744009779 6500.0
274000.0 275000.0 887554.1889313476 6500.0
275000.0 276000.0 728603.0203092555 0.0
276000.0 277000.0 971299.6603748209 0.0
277000.0 278000.0 605688.940175106 6500.0
278000.0 279000.0 898502.8338331545 0.0
279000.0 280000.0 676674.7767361098 6500.0
280000.0 281000.0 890660.9785678664 0.0
281000.0 282000.0 774652.2580801967 6500.0
282000.0 283000.0 872846.7355784961 0.0
283000.0 284000.0 230418.98374950662 0.0
284000.0 285000.0 108492.28871378239 6500.0
285000.0 286000.0 890869.958883424 0.0
286000.0 287000.0 1035641.1828913218 4400.0
287000.0 288000.0 770692.6085116162 4400.0
288000.0 289000.0 964381.4770720486 0.0
289000.0 290000.0 777316.5929553694 4400.0
290000.0 291000.0 850843.4826268248 4400.0
291000.0 292000.0 677250.1917207957 4400.0
292000.0 293000.0 869827.544654361 0.0
293000.0 294000.0 868413.4497303534 4400.0
294000.0 295000.0 643293.3201820645 0.0
295000.0 296000.0 778752.7074178883 4400.0
296000.0 297000.0 312400.14720259764 4400.0
297000.0 298000.0 794450.0329445734 0.0
298000.0 299000.0 376298.2264910353 6500.0
299000.0 300000.0 714124.1396812549 0.0
300000.0 301000.0 635534.6483206885 0.0
