ts te s_bytes_all avg_video_rate
0.0 1000.0 0.0 0.0
1000.0 2000.0 0.0 0.0
2000.0 3000.0 0.0 0.0
3000.0 4000.0 0.0 0.0
4000.0 5000.0 0.0 0.0
5000.0 6000.0 0.0 0.0
6000.0 7000.0 180876.6986500117 3000.0
7000.0 8000.0 383954.0626347064 288.0
8000.0 9000.0 167749.7857374976 288.0
9000.0 10000.0 218173.5949390394 288.0
10000.0 11000.0 331655.9269906938 288.0
11000.0 12000.0 61619.93104805118 0.0
12000.0 13000.0 78890.15547367625 480.0
13000.0 14000.0 171621.51739241762 0.0
14000.0 15000.0 93296.41996516769 480.0
15000.0 16000.0 110556.8366823449 0.0
16000.0 17000.0 101044.08854917888 2300.0
17000.0 18000.0 271943.6444788929 0.0
18000.0 19000.0 258449.03170912672 2300.0
19000.0 20000.0 270309.4731329778 0.0
20000.0 21000.0 638779.9459550969 2300.0
21000.0 22000.0 506111.17842481745 0.0
22000.0 23000.0 245497.39337846942 2300.0
23000.0 24000.0 363114.31485783344 0.0
24000.0 25000.0 242117.59973452336 8000.0
25000.0 26000.0 775682.5428356956 0.0
26000.0 27000.0 942847.2689041778 3000.0
27000.0 28000.0 1006148.5838640757 3000.0
28000.0 29000.0 535575.0046615276 3000.0
29000.0 30000.0 753736.0 0.0
30000.0 31000.0 311712.5931164299 3000.0
31000.0 32000.0 455334.2766799334 0.0
32000.0 33000.0 342812.8735840868 3000.0
33000.0 34000.0 438955.03435167135 0.0
34000.0 35000.0 156248.85425230593 3000.0
35000.0 36000.0 312503.3726558025 0.0
36000.0 37000.0 502397.4061570555 3000.0
37000.0 38000.0 485754.60413650953 0.0
38000.0 39000.0 337250.1182065463 3000.0
39000.0 40000.0 449771.9175958519 0.0
40000.0 41000.0 320745.08289606776 3000.0
41000.0 42000.0 543651.5048074379 0.0
42000.0 43000.0 277182.14981325215 3000.0
43000.0 44000.0 798769.8765672264 3000.0
44000.0 45000.0 825285.5601789346 3000.0
45000.0 46000.0 540304.8288461021 0.0
46000.0 47000.0 232469.04923281094 3000.0
47000.0 48000.0 468283.8969219751 0.0
48000.0 49000.0 268434.57386345055 6500.0
49000.0 50000.0 793931.9635333118 0.0
50000.0 51000.0 884306.4653123297 6500.0
51000.0 52000.0 771977.439165864 0.0
52000.0 53000.0 796374.6180756257 6500.0
53000.0 54000.0 885795.3804484113 0.0
54000.0 55000.0 949076.821350498 6500.0
55000.0 56000.0 768485.2760097941 0.0
56000.0 57000.0 659152.6701581785 6500.0
57000.0 58000.0 534673.4459907699 0.0
58000.0 59000.0 912214.8366054376 0.0
59000.0 60000.0 726415.3040945802 4400.0
60000.0 61000.0 817753.0673151774 4400.0
61000.0 62000.0 722746.0007509304 0.0
62000.0 63000.0 329224.13064516144 4400.0
63000.0 64000.0 581033.9924066389 0.0
64000.0 65000.0 526662.4080546122 4400.0
65000.0 66000.0 581661.0750405104 0.0
66000.0 67000.0 587015.7532285082 4400.0
67000.0 68000.0 583591.9606468056 0.0
68000.0 69000.0 499349.5959496563 4400.0
69000.0 70000.0 637565.8701391683 0.0
70000.0 71000.0 880281.1886831126 4400.0
71000.0 72000.0 868765.5271236512 4400.0
72000.0 73000.0 857840.3106907923 4400.0
73000.0 74000.0 623279.6460671667 0.0
74000.0 75000.0 389650.6786498566 0.0
75000.0 76000.0 0.0 0.0
76000.0 77000.0 271946.04219715256 6500.0
77000.0 78000.0 754891.2031542463 0.0
78000.0 79000.0 973240.4156699227 4400.0
79000.0 80000.0 600027.8331630619 0.0
80000.0 81000.0 1003036.1971273973 4400.0
81000.0 82000.0 804559.9907556383 4400.0
82000.0 83000.0 906834.6242921872 4400.0
83000.0 84000.0 565485.0030352338 0.0
84000.0 85000.0 559304.0614245898 4400.0
85000.0 86000.0 635555.8246071467 0.0
86000.0 87000.0 415307.81120845745 6500.0
87000.0 88000.0 720883.017807195 0.0
88000.0 89000.0 868967.6110558547 6500.0
89000.0 90000.0 928537.4798149571 0.0
90000.0 91000.0 813356.8846869592 0.0
91000.0 92000.0 0.0 0.0
92000.0 93000.0 350122.0635075391 4400.0
93000.0 94000.0 661363.936492461 0.0
94000.0 95000.0 308303.0573061725 4400.0
95000.0 96000.0 637065.714697211 0.0
96000.0 97000.0 994653.3437401492 4400.0
97000.0 98000.0 841854.0299228181 4400.0
98000.0 99000.0 935975.8563337792 4400.0
99000.0 100000.0 584862.2189561396 0.0
100000.0 101000.0 511562.82787486137 4400.0
101000.0 102000.0 584945.8587185314 0.0
102000.0 103000.0 552691.1883250813 4400.0
103000.0 104000.0 575954.013062552 0.0
104000.0 105000.0 509330.9391388326 4400.0
105000.0 106000.0 604371.1946893033 0.0
106000.0 107000.0 499390.3302465308 4400.0
107000.0 108000.0 667884.2734937025 0.0
108000.0 109000.0 510908.6304328189 4400.0
109000.0 110000.0 598362.5412553529 0.0
110000.0 111000.0 358731.9018317067 4400.0
111000.0 112000.0 576433.3610656753 0.0
112000.0 113000.0 334318.71890878165 4400.0
113000.0 114000.0 948791.5849972925 0.0
114000.0 115000.0 308550.8092833932 4400.0
115000.0 116000.0 913540.7323560982 0.0
116000.0 117000.0 93340.87336321609 4400.0
117000.0 118000.0 923419.2815377958 0.0
118000.0 119000.0 433465.9430453648 4400.0
119000.0 120000.0 888812.551451711 0.0
120000.0 121000.0 257419.85750032528 4400.0
121000.0 122000.0 809259.951875357 0.0
122000.0 123000.0 168400.50694482378 0.0
123000.0 124000.0 13700.884064064701 4400.0
124000.0 125000.0 811239.5288506771 0.0
125000.0 126000.0 923395.492172538 4400.0
126000.0 127000.0 687907.3660113652 4400.0
127000.0 128000.0 825923.3664599622 0.0
128000.0 129000.0 511584.7095131643 4400.0
129000.0 130000.0 594157.9237350553 0.0
130000.0 131000.0 520694.803638837 4400.0
131000.0 132000.0 627214.2340023833 0.0
132000.0 133000.0 435994.0829054371 4400.0
133000.0 134000.0 591184.9848268915 0.0
134000.0 135000.0 347634.53146424703 4400.0
135000.0 136000.0 932534.9250119992 0.0
136000.0 137000.0 322732.2788244699 4400.0
137000.0 138000.0 968293.4823979562 4400.0
138000.0 139000.0 573399.9013603603 0.0
139000.0 140000.0 948438.9109279288 4400.0
140000.0 141000.0 869559.7000096319 0.0
141000.0 142000.0 732876.6620738235 4400.0
142000.0 143000.0 798224.554078297 4400.0
143000.0 144000.0 557906.8851692983 0.0
144000.0 145000.0 450635.08519990876 4400.0
145000.0 146000.0 650318.2715765041 0.0
146000.0 147000.0 512711.85916779883 6500.0
147000.0 148000.0 815005.8109384846 0.0
148000.0 149000.0 783524.2922846426 6500.0
149000.0 150000.0 738139.7882177958 0.0
150000.0 151000.0 803568.618140076 6500.0
151000.0 152000.0 734407.47512208 0.0
152000.0 153000.0 861955.700510106 6500.0
153000.0 154000.0 841063.9886996442 0.0
154000.0 155000.0 959374.5901800552 6500.0
155000.0 156000.0 768761.6687860419 0.0
156000.0 157000.0 870594.0962886668 4400.0
157000.0 158000.0 566551.0768507542 0.0
158000.0 159000.0 500778.21302756027 4400.0
159000.0 160000.0 595701.6374024029 0.0
160000.0 161000.0 533152.4359227058 4400.0
161000.0 162000.0 584538.5355777798 0.0
162000.0 163000.0 577685.0025100573 4400.0
163000.0 164000.0 599343.4152842553 0.0
164000.0 165000.0 469577.39401115075 4400.0
165000.0 166000.0 674470.3449982622 0.0
166000.0 167000.0 576405.4146428951 4400.0
167000.0 168000.0 654320.1832766526 0.0
168000.0 169000.0 466924.1304980258 4400.0
169000.0 170000.0 601386.5297104241 0.0
170000.0 171000.0 294464.19622390013 4400.0
171000.0 172000.0 938594.5297531832 0.0
172000.0 173000.0 99603.41534442086 4400.0
173000.0 174000.0 900358.1084133589 0.0
174000.0 175000.0 404411.0848739722 4400.0
175000.0 176000.0 860914.3950380106 0.0
176000.0 177000.0 184938.19668738998 4400.0
177000.0 178000.0 899463.4403759342 0.0
178000.0 179000.0 323432.1252357076 4400.0
179000.0 180000.0 857467.2546936275 0.0
180000.0 181000.0 93865.46254228079 4400.0
181000.0 182000.0 905992.8898559931 0.0
182000.0 183000.0 314507.4892804342 4400.0
183000.0 184000.0 819719.3056147639 0.0
184000.0 185000.0 309350.8712713827 4400.0
185000.0 186000.0 568206.5132720233 0.0
186000.0 187000.0 545922.2578697103 4400.0
187000.0 188000.0 571258.0010337036 4400.0
188000.0 189000.0 933248.5946456688 0.0
189000.0 190000.0 742592.9939066702 4400.0
190000.0 191000.0 1086017.898409471 4400.0
191000.0 192000.0 560977.1487252283 0.0
192000.0 193000.0 601591.2418984126 4400.0
193000.0 194000.0 575270.5066360689 0.0
194000.0 195000.0 707317.2015439809 4400.0
195000.0 196000.0 569864.4433448451 0.0
196000.0 197000.0 443824.74515698024 4400.0
197000.0 198000.0 599336.6595343475 0.0
198000.0 199000.0 447436.56972230587 6500.0
199000.0 200000.0 866792.0878304839 0.0
200000.0 201000.0 848191.8620536723 6500.0
201000.0 202000.0 676840.2195240296 0.0
202000.0 203000.0 872988.0608236102 4400.0
203000.0 204000.0 587802.167819496 0.0
204000.0 205000.0 720465.0968228497 4400.0
205000.0 206000.0 665589.904455278 0.0
206000.0 207000.0 453254.3350714005 4400.0
207000.0 208000.0 601093.5406286344 0.0
208000.0 209000.0 450770.6219273262 4400.0
209000.0 210000.0 582865.062272086 0.0
210000.0 211000.0 520612.1994451039 4400.0
211000.0 212000.0 590312.5878730062 0.0
212000.0 213000.0 598407.3394754478 4400.0
213000.0 214000.0 648163.1869651981 0.0
214000.0 215000.0 453498.7289265566 4400.0
215000.0 216000.0 631663.3056518142 0.0
216000.0 217000.0 450414.1860966399 4400.0
217000.0 218000.0 831843.1182654381 0.0
218000.0 219000.0 169080.98848965636 4400.0
219000.0 220000.0 923711.831501308 0.0
220000.0 221000.0 356059.5557009498 4400.0
221000.0 222000.0 891723.5708477922 0.0
222000.0 223000.0 204283.6251771029 4400.0
223000.0 224000.0 966735.7797651849 0.0
224000.0 225000.0 253937.88623689004 4400.0
225000.0 226000.0 874027.0861540041 0.0
226000.0 227000.0 293393.8134441066 4400.0
227000.0 228000.0 846007.9860031062 0.0
228000.0 229000.0 211686.24761345936 4400.0
229000.0 230000.0 856114.189798391 4400.0
230000.0 231000.0 805855.7244413458 0.0
231000.0 232000.0 357726.70331635926 0.0
232000.0 233000.0 339175.1462841753 4400.0
233000.0 234000.0 636269.780013458 0.0
234000.0 235000.0 506681.52027543855 4400.0
235000.0 236000.0 703085.6071485596 4400.0
236000.0 237000.0 1104835.5060696593 0.0
237000.0 238000.0 806066.4973551675 4400.0
238000.0 239000.0 791913.207156203 4400.0
239000.0 240000.0 642398.8034418277 0.0
240000.0 241000.0 433069.0333011551 4400.0
241000.0 242000.0 743097.1733447618 0.0
242000.0 243000.0 313323.3804193634 4400.0
243000.0 244000.0 768932.7128351481 0.0
244000.0 245000.0 401937.2865846391 6500.0
245000.0 246000.0 851792.4852171179 0.0
246000.0 247000.0 919991.9464328941 6500.0
247000.0 248000.0 772647.5487814225 0.0
248000.0 249000.0 684206.4997129766 6500.0
249000.0 250000.0 774363.177700667 0.0
250000.0 251000.0 765036.9722947518 4400.0
251000.0 252000.0 614813.3514619365 0.0
252000.0 253000.0 654840.9213770849 4400.0
253000.0 254000.0 559341.0426933574 0.0
254000.0 255000.0 519263.43562726094 4400.0
255000.0 256000.0 599628.9881571564 0.0
256000.0 257000.0 288973.97631381743 4400.0
257000.0 258000.0 194213.01977732952 0.0
258000.0 259000.0 1012275.631119202 4400.0
259000.0 260000.0 652646.5014936725 0.0
260000.0 261000.0 495889.8085207437 4400.0
261000.0 262000.0 511806.5459820371 0.0
262000.0 263000.0 827586.7640926109 3000.0
263000.0 264000.0 414449.8491989314 0.0
264000.0 265000.0 315803.76538366283 3000.0
265000.0 266000.0 459084.666750317 0.0
266000.0 267000.0 344651.8009657827 3000.0
267000.0 268000.0 478136.03218196845 0.0
268000.0 269000.0 282845.06883949914 3000.0
269000.0 270000.0 497713.5456942428 0.0
270000.0 271000.0 302304.9350471611 3000.0
271000.0 272000.0 466766.0649528388 0.0
272000.0 273000.0 325397.5399540682 3000.0
273000.0 274000.0 463746.4221695931 0.0
274000.0 275000.0 317607.3607319827 3000.0
275000.0 276000.0 428409.6771443561 0.0
276000.0 277000.0 286036.139733813 3000.0
277000.0 278000.0 525165.1799369385 0.0
278000.0 279000.0 314912.8799318285 3000.0
279000.0 280000.0 468425.91818084975 0.0
280000.0 281000.0 319858.6270865086 3000.0
281000.0 282000.0 509293.42282936047 0.0
282000.0 283000.0 265906.833196724 3000.0
283000.0 284000.0 809422.6995201707 3000.0
284000.0 285000.0 681367.5499210317 3000.0
285000.0 286000.0 661588.7496627748 0.0
286000.0 287000.0 238694.04354298866 3000.0
287000.0 288000.0 494220.6838276963 0.0
288000.0 289000.0 357644.95422593114 6500.0
289000.0 290000.0 730444.874894989 0.0
290000.0 291000.0 888375.7105469928 6500.0
291000.0 292000.0 771815.4081949276 0.0
292000.0 293000.0 784812.6591760977 6500.0
293000.0 294000.0 740601.9887760056 0.0
294000.0 295000.0 965567.9028177145 4400.0
295000.0 296000.0 912889.4663964128 0.0
296000.0 297000.0 438606.9351204055 4400.0
297000.0 298000.0 881756.5163294504 0.0
298000.0 299000.0 66491.07118048471 4400.0
299000.0 300000.0 849315.5076014104 0.0
