ts te s_bytes_all avg_video_rate
0.0 1000.0 0.0 0.0
1000.0 2000.0 0.0 0.0
2000.0 3000.0 0.0 0.0
3000.0 4000.0 0.0 0.0
4000.0 5000.0 0.0 0.0
5000.0 6000.0 0.0 0.0
6000.0 7000.0 0.0 0.0
7000.0 8000.0 114325.55728677707 2300.0
8000.0 9000.0 180610.8673613858 288.0
9000.0 10000.0 189541.76431908563 288.0
10000.0 11000.0 125954.45400956554 288.0
11000.0 12000.0 137901.33253621 0.0
12000.0 13000.0 52194.41494952397 288.0
13000.0 14000.0 199439.04539348613 288.0
14000.0 15000.0 179892.72038015255 288.0
15000.0 16000.0 241386.51839742577 288.0
16000.0 17000.0 80286.65108015138 288.0
17000.0 18000.0 116446.0398611585 0.0
18000.0 19000.0 76130.18802404637 288.0
19000.0 20000.0 84620.44640103141 0.0
20000.0 21000.0 126379.39341551335 840.0
21000.0 22000.0 106345.60658448667 0.0
22000.0 23000.0 124626.9861925946 840.0
23000.0 24000.0 131085.0138074054 0.0
24000.0 25000.0 182491.01519615468 1500.0
25000.0 26000.0 250538.98480384532 0.0
26000.0 27000.0 380342.0 1500.0
27000.0 28000.0 2910.0 0.0
28000.0 29000.0 232413.86069819675 2300.0
29000.0 30000.0 371981.13930180325 0.0
30000.0 31000.0 421923.05060384277 3000.0
31000.0 32000.0 322593.94206435105 0.0
32000.0 33000.0 714665.0919076732 3000.0
33000.0 34000.0 125801.07604690608 0.0
34000.0 35000.0 642785.9070381594 3000.0
35000.0 36000.0 492207.7526233502 3000.0
36000.0 37000.0 415975.17971571744 0.0
37000.0 38000.0 22892.001546276504 0.0
38000.0 39000.0 679553.8657585391 3000.0
39000.0 40000.0 424664.8767595064 4400.0
40000.0 41000.0 557725.4259702602 0.0
41000.0 42000.0 478568.91495022643 4400.0
42000.0 43000.0 606333.3974454947 0.0
43000.0 44000.0 497139.59434001846 4400.0
44000.0 45000.0 587749.8818082575 0.0
45000.0 46000.0 466786.17519119015 4400.0
46000.0 47000.0 618153.9967102126 0.0
47000.0 48000.0 519385.0777345201 4400.0
48000.0 49000.0 585588.7177579147 0.0
49000.0 50000.0 539164.1144533034 4400.0
50000.0 51000.0 621968.4828603249 0.0
51000.0 52000.0 607857.0711598258 4400.0
52000.0 53000.0 597942.6341519187 0.0
53000.0 54000.0 463079.61545411276 4400.0
54000.0 55000.0 621870.5823018216 0.0
55000.0 56000.0 561355.997839856 4400.0
56000.0 57000.0 792559.3714996141 4400.0
57000.0 58000.0 828000.6822568693 0.0
58000.0 59000.0 226922.52204993655 0.0
59000.0 60000.0 679655.596799271 4400.0
60000.0 61000.0 405368.2957352017 0.0
61000.0 62000.0 833944.1222907142 4400.0
62000.0 63000.0 642462.9256501043 4400.0
63000.0 64000.0 590335.4047764246 0.0
64000.0 65000.0 496325.0768787196 4400.0
65000.0 66000.0 796215.4606409271 0.0
66000.0 67000.0 375778.4753991966 4400.0
67000.0 68000.0 696397.2128968191 0.0
68000.0 69000.0 444892.1152879343 4400.0
69000.0 70000.0 646053.5188001427 0.0
70000.0 71000.0 357286.9723379964 4400.0
71000.0 72000.0 640332.3195655952 0.0
72000.0 73000.0 704146.8015413902 4400.0
73000.0 74000.0 628824.4854503239 0.0
74000.0 75000.0 305791.0353571927 4400.0
75000.0 76000.0 785689.8594068821 0.0
76000.0 77000.0 749845.3984984932 4400.0
77000.0 78000.0 446725.0046638713 0.0
78000.0 79000.0 629166.9218474778 4400.0
79000.0 80000.0 559014.2964723617 0.0
80000.0 81000.0 597120.7722527601 4400.0
81000.0 82000.0 507991.2395743981 0.0
82000.0 83000.0 657621.5127052177 6500.0
83000.0 84000.0 979928.5828719982 6500.0
84000.0 85000.0 743513.7754168577 0.0
85000.0 86000.0 913052.2402885301 6500.0
86000.0 87000.0 730436.6255793665 0.0
87000.0 88000.0 921887.7760525424 6500.0
88000.0 89000.0 691474.6236862158 0.0
89000.0 90000.0 976861.917619932 6500.0
90000.0 91000.0 804990.6352951659 0.0
91000.0 92000.0 879475.8588731969 6500.0
92000.0 93000.0 805600.0777966902 0.0
93000.0 94000.0 871919.3342443856 6500.0
94000.0 95000.0 749563.6373694674 0.0
95000.0 96000.0 998028.454358987 6500.0
96000.0 97000.0 838715.5654296093 0.0
97000.0 98000.0 975537.7712088521 6500.0
98000.0 99000.0 830312.9264207913 0.0
99000.0 100000.0 907814.4867938759 6500.0
100000.0 101000.0 849604.8925512579 6500.0
101000.0 102000.0 916500.9461074148 0.0
102000.0 103000.0 809829.0472054483 0.0
103000.0 104000.0 720712.9562125928 6500.0
104000.0 105000.0 815086.9649112666 0.0
105000.0 106000.0 848266.1139210493 6500.0
106000.0 107000.0 896673.2539654277 6500.0
107000.0 108000.0 850727.423941014 0.0
108000.0 109000.0 1003725.5886541911 6500.0
109000.0 110000.0 644203.7875188258 0.0
110000.0 111000.0 826293.0561678554 6500.0
111000.0 112000.0 944416.9057055162 0.0
112000.0 113000.0 1009582.3553807844 6500.0
113000.0 114000.0 820426.1000307107 0.0
114000.0 115000.0 963628.5764536471 6500.0
115000.0 116000.0 825405.5220986999 0.0
116000.0 117000.0 865509.0330523961 6500.0
117000.0 118000.0 849601.388702627 0.0
118000.0 119000.0 839696.6639572241 6500.0
119000.0 120000.0 946988.5113155444 0.0
120000.0 121000.0 752335.9408620447 6500.0
121000.0 122000.0 885973.6983162476 0.0
122000.0 123000.0 816006.1272324398 6500.0
123000.0 124000.0 862921.3314421573 0.0
124000.0 125000.0 759681.1738445495 6500.0
125000.0 126000.0 943041.6007364938 0.0
126000.0 127000.0 560806.9794667573 6500.0
127000.0 128000.0 793348.2989248915 0.0
128000.0 129000.0 1152264.8117267678 6500.0
129000.0 130000.0 1026040.1043920408 6500.0
130000.0 131000.0 929417.4054459981 0.0
131000.0 132000.0 800510.7788787489 0.0
132000.0 133000.0 1082987.5192797168 6500.0
133000.0 134000.0 959478.3208875688 6500.0
134000.0 135000.0 769577.535153311 0.0
135000.0 136000.0 934268.1723804106 6500.0
136000.0 137000.0 697716.7774588009 0.0
137000.0 138000.0 1005232.7215168581 6500.0
138000.0 139000.0 629334.4707962133 0.0
139000.0 140000.0 1082135.6191986506 8000.0
140000.0 141000.0 784504.5320654436 0.0
141000.0 142000.0 999431.2187184602 0.0
142000.0 143000.0 918348.8377705887 8000.0
143000.0 144000.0 989322.7073303557 0.0
144000.0 145000.0 887463.3453536181 8000.0
145000.0 146000.0 934745.7481125393 0.0
146000.0 147000.0 998593.7858004767 8000.0
147000.0 148000.0 916894.6689937218 0.0
148000.0 149000.0 774235.9328057253 4400.0
149000.0 150000.0 996553.4560882952 0.0
150000.0 151000.0 800080.4657974497 4400.0
151000.0 152000.0 930579.3212344161 4400.0
152000.0 153000.0 786865.5419765369 4400.0
153000.0 154000.0 898578.821934104 0.0
154000.0 155000.0 175518.02608822947 0.0
155000.0 156000.0 450134.13846304716 6500.0
156000.0 157000.0 868946.3661236363 0.0
157000.0 158000.0 917667.6814363712 6500.0
158000.0 159000.0 806831.5603665588 0.0
159000.0 160000.0 836820.3120353539 6500.0
160000.0 161000.0 957658.5513603784 0.0
161000.0 162000.0 558423.2351779765 6500.0
162000.0 163000.0 886877.201776526 0.0
163000.0 164000.0 904895.4523873253 6500.0
164000.0 165000.0 824845.6364057153 0.0
165000.0 166000.0 813046.1891559067 6500.0
166000.0 167000.0 905652.8181050319 0.0
167000.0 168000.0 783393.8617495745 6500.0
168000.0 169000.0 823141.8813389358 0.0
169000.0 170000.0 1037607.1098464013 6500.0
170000.0 171000.0 945672.686670738 0.0
171000.0 172000.0 948954.2263005916 6500.0
172000.0 173000.0 981362.5238820193 6500.0
173000.0 174000.0 847358.302020561 0.0
174000.0 175000.0 959849.2093410239 6500.0
175000.0 176000.0 856434.9649752609 0.0
176000.0 177000.0 957730.7540789633 6500.0
177000.0 178000.0 947244.4154878332 0.0
178000.0 179000.0 777355.3428757661 6500.0
179000.0 180000.0 993072.5666445089 0.0
180000.0 181000.0 826880.2027924743 6500.0
181000.0 182000.0 1038873.1352216548 6500.0
182000.0 183000.0 729303.658590078 0.0
183000.0 184000.0 727174.0523586159 0.0
184000.0 185000.0 672419.2184822379 6500.0
185000.0 186000.0 1034862.8379428133 0.0
186000.0 187000.0 707785.6291076426 6500.0
187000.0 188000.0 850698.3530372479 6500.0
188000.0 189000.0 791910.4746115047 0.0
189000.0 190000.0 1050330.4818836912 6500.0
190000.0 191000.0 650896.6660112634 0.0
191000.0 192000.0 974122.7205983469 6500.0
192000.0 193000.0 746266.0601067685 0.0
193000.0 194000.0 944334.5995059605 6500.0
194000.0 195000.0 646112.4190921104 0.0
195000.0 196000.0 738827.5480274082 0.0
196000.0 197000.0 8393.478664325829 0.0
197000.0 198000.0 33317.47595985055 6500.0
198000.0 199000.0 734800.2181481806 0.0
199000.0 200000.0 956239.68290496 3000.0
200000.0 201000.0 385716.8678083959 0.0
201000.0 202000.0 1015497.086414839 3000.0
202000.0 203000.0 529616.0335163496 3000.0
203000.0 204000.0 902878.3872000602 3000.0
204000.0 205000.0 441134.499761946 4400.0
205000.0 206000.0 818127.2242452686 0.0
206000.0 207000.0 0.0 0.0
207000.0 208000.0 613070.0538989268 4400.0
208000.0 209000.0 837888.265061625 4400.0
209000.0 210000.0 635579.2157563309 0.0
210000.0 211000.0 394273.32356700103 4400.0
211000.0 212000.0 591414.4327684401 0.0
212000.0 213000.0 578473.5663708854 4400.0
213000.0 214000.0 635856.060926478 0.0
214000.0 215000.0 507719.0940531637 4400.0
215000.0 216000.0 596268.4695465704 0.0
216000.0 217000.0 457834.40253309975 4400.0
217000.0 218000.0 625904.1965804391 0.0
218000.0 219000.0 422014.20952261565 4400.0
219000.0 220000.0 733566.5174257627 0.0
220000.0 221000.0 807239.9836962845 4400.0
221000.0 222000.0 489567.6662199988 0.0
222000.0 223000.0 574519.9882081557 4400.0
223000.0 224000.0 451017.8555535766 0.0
224000.0 225000.0 658768.2653433327 4400.0
225000.0 226000.0 440009.21798519616 0.0
226000.0 227000.0 762244.2081375535 4400.0
227000.0 228000.0 392130.81302608695 0.0
228000.0 229000.0 706734.8503687076 4400.0
229000.0 230000.0 848906.9896536743 4400.0
230000.0 231000.0 629915.3537960943 0.0
231000.0 232000.0 340864.8392993188 4400.0
232000.0 233000.0 677697.9652978643 0.0
233000.0 234000.0 584329.2678566948 4400.0
234000.0 235000.0 637440.0869728798 0.0
235000.0 236000.0 488745.96852289233 6500.0
236000.0 237000.0 794482.2780288598 0.0
237000.0 238000.0 730663.9152419317 6500.0
238000.0 239000.0 717326.299856636 0.0
239000.0 240000.0 911698.2597304403 6500.0
240000.0 241000.0 696194.3148063205 0.0
241000.0 242000.0 924835.1403424216 6500.0
242000.0 243000.0 626436.6362104281 0.0
243000.0 244000.0 954372.4916043209 6500.0
244000.0 245000.0 852580.4098671656 0.0
245000.0 246000.0 991297.8689784703 6500.0
246000.0 247000.0 855036.0078381051 0.0
247000.0 248000.0 879587.4954673415 6500.0
248000.0 249000.0 850120.4948965104 0.0
249000.0 250000.0 994100.0164290328 6500.0
250000.0 251000.0 767209.2523974653 0.0
251000.0 252000.0 1004680.6314828049 6500.0
252000.0 253000.0 875194.2874825016 0.0
253000.0 254000.0 401141.49478813965 4400.0
254000.0 255000.0 587157.3146734516 0.0
255000.0 256000.0 860071.1332935956 4400.0
256000.0 257000.0 694630.7013008285 6500.0
257000.0 258000.0 715997.256633373 0.0
258000.0 259000.0 958991.1558932767 6500.0
259000.0 260000.0 792420.6894750334 0.0
260000.0 261000.0 791115.7054121511 6500.0
261000.0 262000.0 906475.841790874 0.0
262000.0 263000.0 920200.8594694444 6500.0
263000.0 264000.0 894278.4601903253 0.0
264000.0 265000.0 851613.12411181 6500.0
265000.0 266000.0 879122.0089105584 0.0
266000.0 267000.0 899563.7133731453 6500.0
267000.0 268000.0 1000458.9745837497 0.0
268000.0 269000.0 813677.3144675532 6500.0
269000.0 270000.0 1040972.1716294205 6500.0
270000.0 271000.0 792261.0077415141 0.0
271000.0 272000.0 869479.386581739 6500.0
272000.0 273000.0 817466.736305902 0.0
273000.0 274000.0 699875.3087999253 0.0
274000.0 275000.0 627568.5754229234 6500.0
275000.0 276000.0 993637.0354550369 0.0
276000.0 277000.0 799016.806275379 6500.0
277000.0 278000.0 879435.6628272145 0.0
278000.0 279000.0 769135.406582821 6500.0
279000.0 280000.0 960304.4751055036 0.0
280000.0 281000.0 549512.6590392829 6500.0
281000.0 282000.0 986328.5204814475 0.0
282000.0 283000.0 783396.6780179751 6500.0
283000.0 284000.0 806660.1320137352 6500.0
284000.0 285000.0 986744.3069454905 0.0
285000.0 286000.0 952167.0429332908 6500.0
286000.0 287000.0 730608.7771655162 0.0
287000.0 288000.0 1008435.8132333825 6500.0
288000.0 289000.0 697940.2277895972 0.0
289000.0 290000.0 930924.9311431859 6500.0
290000.0 291000.0 846583.1479712005 0.0
291000.0 292000.0 770818.6283710897 6500.0
292000.0 293000.0 916653.2909156011 0.0
293000.0 294000.0 790289.1464681791 6500.0
294000.0 295000.0 896834.6291685007 0.0
295000.0 296000.0 929925.5583673709 6500.0
296000.0 297000.0 828538.9871053055 0.0
297000.0 298000.0 882312.1726096749 6500.0
298000.0 299000.0 896641.8473471666 0.0
299000.0 300000.0 992279.4971932257 6500.0
300000.0 301000.0 158473.75601468663 0.0
