ts te s_bytes_all avg_video_rate
0.0 1000.0 0.0 0.0
1000.0 2000.0 0.0 0.0
2000.0 3000.0 0.0 0.0
3000.0 4000.0 0.0 0.0
4000.0 5000.0 0.0 0.0
5000.0 6000.0 0.0 0.0
6000.0 7000.0 929.8008658658938 0.0
7000.0 8000.0 526052.9731192673 2300.0
8000.0 9000.0 609184.5129584898 2300.0
9000.0 10000.0 654435.9156626507 2300.0
10000.0 11000.0 581987.3237434325 2300.0
11000.0 12000.0 449563.00033690874 2300.0
12000.0 13000.0 295541.8728317863 0.0
13000.0 14000.0 361635.23569307174 2300.0
14000.0 15000.0 334898.39978093386 0.0
15000.0 16000.0 421051.59064595896 2300.0
16000.0 17000.0 386616.5256521289 2300.0
17000.0 18000.0 251844.62420777165 0.0
18000.0 19000.0 177673.37486314357 0.0
19000.0 20000.0 303796.0647453782 1500.0
20000.0 21000.0 386922.5964848229 840.0
21000.0 22000.0 354529.62154425535 840.0
22000.0 23000.0 270184.06568079 840.0
23000.0 24000.0 312397.36010734964 840.0
24000.0 25000.0 273503.3987222872 840.0
25000.0 26000.0 202033.92201960104 840.0
26000.0 27000.0 190647.97811035145 0.0
27000.0 28000.0 0.8422237540938701 0.0
28000.0 29000.0 256120.21160160087 1500.0
29000.0 30000.0 540802.7883983991 1500.0
30000.0 31000.0 0.0 0.0
31000.0 32000.0 539950.1573907372 2300.0
32000.0 33000.0 24986.84260926274 0.0
33000.0 34000.0 246219.69362610028 3000.0
34000.0 35000.0 430424.49524002743 0.0
35000.0 36000.0 655203.8191186953 3000.0
36000.0 37000.0 235188.2296270557 0.0
37000.0 38000.0 539337.1044365774 3000.0
38000.0 39000.0 244460.72210821084 0.0
39000.0 40000.0 553153.230405179 3000.0
40000.0 41000.0 199862.70543815402 0.0
41000.0 42000.0 576270.0844427588 3000.0
42000.0 43000.0 224879.91555724118 0.0
43000.0 44000.0 551992.5824040626 4400.0
44000.0 45000.0 470544.1009716642 0.0
45000.0 46000.0 671180.5087753331 4400.0
46000.0 47000.0 449647.03961999615 0.0
47000.0 48000.0 678322.0569756634 4400.0
48000.0 49000.0 444801.99778513086 0.0
49000.0 50000.0 648101.230446951 4400.0
50000.0 51000.0 465112.6060466215 0.0
51000.0 52000.0 670435.8724424457 4400.0
52000.0 53000.0 473683.65902971546 0.0
53000.0 54000.0 649563.0734685058 4400.0
54000.0 55000.0 451888.7313514197 0.0
55000.0 56000.0 712406.8577063584 4400.0
56000.0 57000.0 490853.805817174 0.0
57000.0 58000.0 653511.8785914137 4400.0
58000.0 59000.0 752507.7281934551 4400.0
59000.0 60000.0 920152.1314540829 0.0
60000.0 61000.0 774925.0262971898 4400.0
61000.0 62000.0 888303.6712143366 4400.0
62000.0 63000.0 659784.4414084802 0.0
63000.0 64000.0 31396.92615707919 0.0
64000.0 65000.0 799210.8606747823 6500.0
65000.0 66000.0 954754.5124093016 6500.0
66000.0 67000.0 519811.35151135025 0.0
67000.0 68000.0 862904.5270047854 0.0
68000.0 69000.0 762458.1463921532 6500.0
69000.0 70000.0 893829.9521314368 0.0
70000.0 71000.0 835458.1621689574 6500.0
71000.0 72000.0 880327.1440200299 0.0
72000.0 73000.0 882315.0600283034 6500.0
73000.0 74000.0 988754.0895175613 6500.0
74000.0 75000.0 834323.5759787867 0.0
75000.0 76000.0 901395.1944832022 6500.0
76000.0 77000.0 773168.6360926493 0.0
77000.0 78000.0 937296.6534905739 6500.0
78000.0 79000.0 788704.284331852 0.0
79000.0 80000.0 939498.2664990544 6500.0
80000.0 81000.0 825366.165431062 0.0
81000.0 82000.0 849843.1492297924 6500.0
82000.0 83000.0 821207.1007518073 0.0
83000.0 84000.0 968299.1870813195 6500.0
84000.0 85000.0 831933.3446614144 0.0
85000.0 86000.0 948753.7397880296 6500.0
86000.0 87000.0 922976.3617406769 0.0
87000.0 88000.0 752167.1674913429 6500.0
88000.0 89000.0 805287.4038246663 6500.0
89000.0 90000.0 1063319.1983332592 0.0
90000.0 91000.0 961745.7312370844 6500.0
91000.0 92000.0 814820.5471069233 0.0
92000.0 93000.0 770701.6575505744 6500.0
93000.0 94000.0 590800.1832839098 0.0
94000.0 95000.0 825660.6166682409 6500.0
95000.0 96000.0 964898.8025125335 0.0
96000.0 97000.0 882715.1053288796 6500.0
97000.0 98000.0 934797.9852474479 0.0
98000.0 99000.0 946149.8086525239 6500.0
99000.0 100000.0 731102.2796001703 0.0
100000.0 101000.0 926849.3333248739 6500.0
101000.0 102000.0 895814.8787646572 0.0
102000.0 103000.0 830792.1110925265 6500.0
103000.0 104000.0 973979.503882958 0.0
104000.0 105000.0 961906.2435221684 6500.0
105000.0 106000.0 953831.5530426467 0.0
106000.0 107000.0 741964.0416095327 6500.0
107000.0 108000.0 176986.89052735415 6500.0
108000.0 109000.0 400325.56581976503 0.0
109000.0 110000.0 31402.567117303493 0.0
110000.0 111000.0 722789.8136636475 6500.0
111000.0 112000.0 1001776.6196297583 6500.0
112000.0 113000.0 808456.2906672028 0.0
113000.0 114000.0 1065509.4714407949 6500.0
114000.0 115000.0 825938.6437760338 0.0
115000.0 116000.0 701256.3568878346 6500.0
116000.0 117000.0 804639.8032547093 0.0
117000.0 118000.0 721366.2109769421 6500.0
118000.0 119000.0 708036.3237121617 0.0
119000.0 120000.0 988810.9287130116 6500.0
120000.0 121000.0 796348.513954202 0.0
121000.0 122000.0 927083.197036379 6500.0
122000.0 123000.0 807233.429436484 0.0
123000.0 124000.0 497398.43153556687 6500.0
124000.0 125000.0 167905.87943647258 0.0
125000.0 126000.0 885783.3496578766 0.0
126000.0 127000.0 966899.7711354911 6500.0
127000.0 128000.0 844267.0012941184 0.0
128000.0 129000.0 645684.7122475862 6500.0
129000.0 130000.0 668381.6986310803 0.0
130000.0 131000.0 787739.4796738109 4400.0
131000.0 132000.0 952440.5880304219 0.0
132000.0 133000.0 849437.0813457859 4400.0
133000.0 134000.0 1022459.9136571437 4400.0
134000.0 135000.0 866729.0302454166 4400.0
135000.0 136000.0 733849.5240235048 0.0
136000.0 137000.0 570668.4043357943 6500.0
137000.0 138000.0 692443.1209188924 0.0
138000.0 139000.0 678945.2106912455 6500.0
139000.0 140000.0 860446.7589630124 0.0
140000.0 141000.0 808651.9343906797 6500.0
141000.0 142000.0 778202.1120467973 0.0
142000.0 143000.0 871671.9248449043 6500.0
143000.0 144000.0 831552.8426685277 0.0
144000.0 145000.0 874490.4843211205 6500.0
145000.0 146000.0 846635.6007889819 0.0
146000.0 147000.0 574668.9677887268 6500.0
147000.0 148000.0 977462.5674669547 0.0
148000.0 149000.0 957343.4749870179 6500.0
149000.0 150000.0 857831.3237109497 0.0
150000.0 151000.0 796429.7516089727 6500.0
151000.0 152000.0 826317.2246479115 0.0
152000.0 153000.0 864941.1897965235 6500.0
153000.0 154000.0 920514.3018857195 0.0
154000.0 155000.0 760293.4440514036 6500.0
155000.0 156000.0 843660.8868314936 0.0
156000.0 157000.0 904233.5672717474 6500.0
157000.0 158000.0 845344.0043104904 0.0
158000.0 159000.0 928791.6118269935 6500.0
159000.0 160000.0 881450.2054924107 6500.0
160000.0 161000.0 731069.987267479 0.0
161000.0 162000.0 913465.7350953012 6500.0
162000.0 163000.0 613888.8478731164 0.0
163000.0 164000.0 854200.0291756542 0.0
164000.0 165000.0 888436.5298751763 6500.0
165000.0 166000.0 980308.4229135313 6500.0
166000.0 167000.0 869936.25649337 0.0
167000.0 168000.0 1058930.4027655097 6500.0
168000.0 169000.0 770630.8955168299 0.0
169000.0 170000.0 929654.5126356265 6500.0
170000.0 171000.0 769097.7360133379 0.0
171000.0 172000.0 813353.0713193811 6500.0
172000.0 173000.0 728151.6387992462 0.0
173000.0 174000.0 751444.9311013812 6500.0
174000.0 175000.0 718528.7131380746 0.0
175000.0 176000.0 930940.9976989229 6500.0
176000.0 177000.0 310710.8156004851 0.0
177000.0 178000.0 958414.7538803063 0.0
178000.0 179000.0 812441.9199696279 6500.0
179000.0 180000.0 834096.3722442453 0.0
180000.0 181000.0 972705.6839665691 6500.0
181000.0 182000.0 902513.6856176192 6500.0
182000.0 183000.0 917975.1266760875 0.0
183000.0 184000.0 1064122.0227590657 6500.0
184000.0 185000.0 786185.8906822351 0.0
185000.0 186000.0 968889.709740159 6500.0
186000.0 187000.0 789580.6437791325 0.0
187000.0 188000.0 1102320.162626292 6500.0
188000.0 189000.0 799275.5709804888 0.0
189000.0 190000.0 702633.2259726085 4400.0
190000.0 191000.0 724438.9216538793 0.0
191000.0 192000.0 546331.5649276911 4400.0
192000.0 193000.0 592684.514248257 0.0
193000.0 194000.0 464773.5419401262 6500.0
194000.0 195000.0 192659.61822517175 0.0
195000.0 196000.0 367485.25880123547 6500.0
196000.0 197000.0 32782.7411987645 0.0
197000.0 198000.0 440354.19391195965 6500.0
198000.0 199000.0 748104.1261995679 0.0
199000.0 200000.0 804874.0317982661 6500.0
200000.0 201000.0 815390.7646523918 0.0
201000.0 202000.0 878249.7314265117 6500.0
202000.0 203000.0 878506.9299118457 6500.0
203000.0 204000.0 817117.259485047 0.0
204000.0 205000.0 842384.8043776662 0.0
205000.0 206000.0 923639.6560822695 6500.0
206000.0 207000.0 906586.5021544747 6500.0
207000.0 208000.0 836370.2913961565 0.0
208000.0 209000.0 1101652.6823543003 6500.0
209000.0 210000.0 739970.2943969076 0.0
210000.0 211000.0 780188.6199699811 6500.0
211000.0 212000.0 928069.1481898914 0.0
212000.0 213000.0 840562.4765170197 6500.0
213000.0 214000.0 640366.0559232972 0.0
214000.0 215000.0 870707.9363182889 6500.0
215000.0 216000.0 951818.571571365 0.0
216000.0 217000.0 846948.1515495415 6500.0
217000.0 218000.0 673920.2056478763 0.0
218000.0 219000.0 1027219.0549846774 6500.0
219000.0 220000.0 866070.6272585152 0.0
220000.0 221000.0 768505.6077979403 6500.0
221000.0 222000.0 786573.5023433844 0.0
222000.0 223000.0 910556.6488947326 6500.0
223000.0 224000.0 860844.5899492444 0.0
224000.0 225000.0 972012.8496300385 6500.0
225000.0 226000.0 883438.3221003218 0.0
226000.0 227000.0 413668.18635560886 6500.0
227000.0 228000.0 670328.9459568044 0.0
228000.0 229000.0 768368.627188049 4400.0
229000.0 230000.0 840308.0235630376 0.0
230000.0 231000.0 944957.7022088559 4400.0
231000.0 232000.0 948865.7424577167 4400.0
232000.0 233000.0 689275.5043553207 0.0
233000.0 234000.0 900173.802750393 4400.0
234000.0 235000.0 628637.4184420762 4400.0
235000.0 236000.0 559196.885923385 0.0
236000.0 237000.0 600488.9558794278 4400.0
237000.0 238000.0 580716.7697332108 0.0
238000.0 239000.0 480898.75569692976 4400.0
239000.0 240000.0 570061.4351675707 0.0
240000.0 241000.0 653702.9725110622 4400.0
241000.0 242000.0 794855.6350170712 0.0
242000.0 243000.0 108688.82988513507 4400.0
243000.0 244000.0 770923.1033490542 0.0
244000.0 245000.0 388027.0667658108 4400.0
245000.0 246000.0 882168.5286183117 0.0
246000.0 247000.0 840033.010891795 6500.0
247000.0 248000.0 966837.2121396465 6500.0
248000.0 249000.0 621217.745495963 0.0
249000.0 250000.0 911492.5676804608 6500.0
250000.0 251000.0 661888.1951777628 0.0
251000.0 252000.0 873153.3945549933 0.0
252000.0 253000.0 307913.9253045028 6500.0
253000.0 254000.0 907064.8152742434 0.0
254000.0 255000.0 975042.275360836 6500.0
255000.0 256000.0 835825.4778881232 0.0
256000.0 257000.0 718648.2511617435 6500.0
257000.0 258000.0 873860.4474790723 0.0
258000.0 259000.0 856702.3022808281 6500.0
259000.0 260000.0 882401.3002543944 0.0
260000.0 261000.0 871456.1958498743 6500.0
261000.0 262000.0 1008668.1335430405 0.0
262000.0 263000.0 958604.5324727644 6500.0
263000.0 264000.0 956704.1328347278 6500.0
264000.0 265000.0 808361.7168667751 0.0
265000.0 266000.0 1104208.5869427319 6500.0
266000.0 267000.0 733402.6610086244 0.0
267000.0 268000.0 936084.4150434928 6500.0
268000.0 269000.0 793230.8527739947 0.0
269000.0 270000.0 1003231.7083208417 6500.0
270000.0 271000.0 848506.1664595148 0.0
271000.0 272000.0 409037.4483209407 0.0
272000.0 273000.0 554.0 0.0
273000.0 274000.0 35742.0 0.0
274000.0 275000.0 539968.209847409 6500.0
275000.0 276000.0 955897.6734132182 4400.0
276000.0 277000.0 726148.6935855906 0.0
277000.0 278000.0 915323.4758310548 4400.0
278000.0 279000.0 852801.6280356245 4400.0
279000.0 280000.0 722236.3969747254 0.0
280000.0 281000.0 900984.3285775268 4400.0
281000.0 282000.0 940747.6346709665 4400.0
282000.0 283000.0 839826.6674722007 4400.0
283000.0 284000.0 604537.660848048 0.0
284000.0 285000.0 693479.2537249611 4400.0
285000.0 286000.0 629166.6443481904 0.0
286000.0 287000.0 413344.5292592789 4400.0
287000.0 288000.0 570796.5439458136 0.0
288000.0 289000.0 641135.0021257952 4400.0
289000.0 290000.0 823542.3269552574 4400.0
290000.0 291000.0 650204.4577190656 0.0
291000.0 292000.0 317595.7044277993 0.0
292000.0 293000.0 504341.7218154982 4400.0
293000.0 294000.0 569158.5198263044 0.0
294000.0 295000.0 752383.7716062105 4400.0
295000.0 296000.0 419442.1781257057 0.0
296000.0 297000.0 726904.5316812855 4400.0
297000.0 298000.0 300129.4451824695 0.0
298000.0 299000.0 0.0 0.0
299000.0 300000.0 659627.0691368716 4400.0
300000.0 301000.0 313354.9308631284 0.0
