ts te s_bytes_all avg_video_rate
0.0 1000.0 0.0 0.0
1000.0 2000.0 0.0 0.0
2000.0 3000.0 0.0 0.0
3000.0 4000.0 0.0 0.0
4000.0 5000.0 0.0 0.0
5000.0 6000.0 0.0 0.0
6000.0 7000.0 4592.220772182837 0.0
7000.0 8000.0 348335.35806913226 2300.0
8000.0 9000.0 320310.70274089696 840.0
9000.0 10000.0 406359.9476518695 840.0
10000.0 11000.0 400876.92887710035 840.0
11000.0 12000.0 416425.2026213432 840.0
12000.0 13000.0 317019.4048704727 840.0
13000.0 14000.0 221583.1068943086 840.0
14000.0 15000.0 230810.17569559935 840.0
15000.0 16000.0 209813.95180709416 0.0
16000.0 17000.0 0.0 0.0
17000.0 18000.0 46996.72887182682 840.0
18000.0 19000.0 171369.66809550294 0.0
19000.0 20000.0 178235.23948086466 480.0
20000.0 21000.0 151072.36355180558 0.0
21000.0 22000.0 7347.17872820859 0.0
22000.0 23000.0 196970.15004585014 480.0
23000.0 24000.0 14864.67122594128 0.0
24000.0 25000.0 128955.0 480.0
25000.0 26000.0 150285.0 480.0
26000.0 27000.0 0.0 0.0
27000.0 28000.0 139117.59538131682 480.0
28000.0 29000.0 11743.404618683184 0.0
29000.0 30000.0 448184.27282958454 1500.0
30000.0 31000.0 1351.7271704154437 0.0
31000.0 32000.0 381842.2717537527 1500.0
32000.0 33000.0 17507.728246247294 0.0
33000.0 34000.0 456555.7442006649 2300.0
34000.0 35000.0 137814.25579933508 0.0
35000.0 36000.0 484381.30835725245 3000.0
36000.0 37000.0 711007.4989755168 3000.0
37000.0 38000.0 774302.2940666273 3000.0
38000.0 39000.0 354028.2377441122 0.0
39000.0 40000.0 335487.9834130816 3000.0
40000.0 41000.0 453288.67744340975 0.0
41000.0 42000.0 350839.2431043911 6500.0
42000.0 43000.0 750796.8749266809 0.0
43000.0 44000.0 1048074.026097263 6500.0
44000.0 45000.0 850557.6769248019 0.0
45000.0 46000.0 857948.4220895248 6500.0
46000.0 47000.0 818202.027464352 0.0
47000.0 48000.0 734781.439659822 6500.0
48000.0 49000.0 920664.6147023751 0.0
49000.0 50000.0 604221.532077923 6500.0
50000.0 51000.0 558898.9295943431 0.0
51000.0 52000.0 777371.2133585231 0.0
52000.0 53000.0 0.0 0.0
53000.0 54000.0 74896.86450581139 4400.0
54000.0 55000.0 592095.942216821 0.0
55000.0 56000.0 950199.8959705376 4400.0
56000.0 57000.0 563559.0828166541 0.0
57000.0 58000.0 575112.3426607762 4400.0
58000.0 59000.0 486687.46134617995 0.0
59000.0 60000.0 740109.4043494407 3000.0
60000.0 61000.0 307495.493498384 0.0
61000.0 62000.0 478268.9624411245 3000.0
62000.0 63000.0 241896.95260865992 0.0
63000.0 64000.0 11408.46720753053 0.0
64000.0 65000.0 6985.948707846062 0.0
65000.0 66000.0 27949.04735568849 0.0
66000.0 67000.0 261408.77204638196 3000.0
67000.0 68000.0 903308.8240869492 3000.0
68000.0 69000.0 633124.3795661152 3000.0
69000.0 70000.0 878417.1410970134 3000.0
70000.0 71000.0 344184.01751808566 0.0
71000.0 72000.0 570060.0405633575 3000.0
72000.0 73000.0 214043.95943664244 0.0
73000.0 74000.0 372384.7066973895 3000.0
74000.0 75000.0 602872.7360243263 3000.0
75000.0 76000.0 624340.5572782842 0.0
76000.0 77000.0 0.0 0.0
77000.0 78000.0 468947.4432244895 3000.0
78000.0 79000.0 615128.0866986972 3000.0
79000.0 80000.0 484761.47007681325 0.0
80000.0 81000.0 0.0 0.0
81000.0 82000.0 459053.96475166874 3000.0
82000.0 83000.0 698922.2375923484 3000.0
83000.0 84000.0 878347.7228514383 3000.0
84000.0 85000.0 830292.1333564157 3000.0
85000.0 86000.0 622396.8655870187 3000.0
86000.0 87000.0 362646.07586111024 0.0
87000.0 88000.0 2911.0 0.0
88000.0 89000.0 0.0 0.0
89000.0 90000.0 508399.4652093658 6500.0
90000.0 91000.0 810101.8988397783 0.0
91000.0 92000.0 933420.7148281 4400.0
92000.0 93000.0 782856.923424643 4400.0
93000.0 94000.0 692554.4084035007 0.0
94000.0 95000.0 875405.7883882942 4400.0
95000.0 96000.0 780847.8446789363 4400.0
96000.0 97000.0 500574.2915555679 0.0
97000.0 98000.0 705979.6854166122 4400.0
98000.0 99000.0 562539.9108023976 0.0
99000.0 100000.0 662335.8810226092 4400.0
100000.0 101000.0 515182.6033290266 0.0
101000.0 102000.0 591941.6583251035 4400.0
102000.0 103000.0 458495.7704809408 0.0
103000.0 104000.0 601483.8691177232 4400.0
104000.0 105000.0 553384.3616835999 0.0
105000.0 106000.0 657825.3857105555 4400.0
106000.0 107000.0 506457.60481508856 0.0
107000.0 108000.0 480168.22233735735 4400.0
108000.0 109000.0 662594.9457947202 0.0
109000.0 110000.0 459703.7378022046 4400.0
110000.0 111000.0 690354.4706180478 0.0
111000.0 112000.0 481382.8370124279 4400.0
112000.0 113000.0 695135.3601110802 0.0
113000.0 114000.0 470361.0687408329 4400.0
114000.0 115000.0 742281.3737623215 0.0
115000.0 116000.0 471074.5988128197 4400.0
116000.0 117000.0 697077.1555019575 0.0
117000.0 118000.0 335705.3331701502 4400.0
118000.0 119000.0 831306.573760745 0.0
119000.0 120000.0 461823.31190269033 4400.0
120000.0 121000.0 733785.058397934 0.0
121000.0 122000.0 298882.16903775814 4400.0
122000.0 123000.0 673174.0247599834 0.0
123000.0 124000.0 456569.4010848304 4400.0
124000.0 125000.0 813299.7319955978 0.0
125000.0 126000.0 356906.5398953788 4400.0
126000.0 127000.0 873014.8880633354 4400.0
127000.0 128000.0 660574.6045399763 0.0
128000.0 129000.0 313973.5268660068 0.0
129000.0 130000.0 536341.4896257147 4400.0
130000.0 131000.0 980280.7703202 4400.0
131000.0 132000.0 822845.3627557917 4400.0
132000.0 133000.0 777332.1665990502 0.0
133000.0 134000.0 743198.749119608 4400.0
134000.0 135000.0 490006.98461493064 0.0
135000.0 136000.0 601686.1470018971 4400.0
136000.0 137000.0 519953.38882844825 0.0
137000.0 138000.0 143000.9411343592 0.0
138000.0 139000.0 0.0 0.0
139000.0 140000.0 510136.64288122987 6500.0
140000.0 141000.0 830798.1308886814 0.0
141000.0 142000.0 891959.2266667278 4400.0
142000.0 143000.0 802966.6516041413 4400.0
143000.0 144000.0 918710.5111479114 0.0
144000.0 145000.0 699333.1399537965 4400.0
145000.0 146000.0 838493.0792081141 4400.0
146000.0 147000.0 677897.6176493977 0.0
147000.0 148000.0 565373.0733842838 4400.0
148000.0 149000.0 571971.9266157162 0.0
149000.0 150000.0 522047.81209035276 4400.0
150000.0 151000.0 478820.38251045696 0.0
151000.0 152000.0 622563.5660703894 4400.0
152000.0 153000.0 513876.1740251153 0.0
153000.0 154000.0 566991.2547937436 4400.0
154000.0 155000.0 554644.7899203503 0.0
155000.0 156000.0 537478.8293823209 4400.0
156000.0 157000.0 558245.1819502618 0.0
157000.0 158000.0 597450.6604973514 4400.0
158000.0 159000.0 560673.3992780162 0.0
159000.0 160000.0 553089.2104632382 4400.0
160000.0 161000.0 653029.7474981165 0.0
161000.0 162000.0 319606.9620813389 4400.0
162000.0 163000.0 810370.7577298057 0.0
163000.0 164000.0 412925.17966088664 4400.0
164000.0 165000.0 785191.7885595267 0.0
165000.0 166000.0 399232.26606763783 4400.0
166000.0 167000.0 746763.1536567974 0.0
167000.0 168000.0 404454.6454657388 4400.0
168000.0 169000.0 660380.2382985551 0.0
169000.0 170000.0 479467.9462925066 4400.0
170000.0 171000.0 516047.6458151921 0.0
171000.0 172000.0 634489.1553987212 4400.0
172000.0 173000.0 468598.02306861465 0.0
173000.0 174000.0 582860.1286738565 4400.0
174000.0 175000.0 503103.73824945313 0.0
175000.0 176000.0 662202.0984502252 4400.0
176000.0 177000.0 536449.8657267293 0.0
177000.0 178000.0 622871.3411597909 4400.0
178000.0 179000.0 753159.7345829533 4400.0
179000.0 180000.0 644308.5669503852 0.0
180000.0 181000.0 1038448.7585513637 4400.0
181000.0 182000.0 851892.9479058906 4400.0
182000.0 183000.0 780521.6085310216 0.0
183000.0 184000.0 514913.90526921407 4400.0
184000.0 185000.0 542722.4726134022 0.0
185000.0 186000.0 643547.5821826053 6500.0
186000.0 187000.0 840663.0422605777 0.0
187000.0 188000.0 810242.2676101897 6500.0
188000.0 189000.0 846736.129149598 0.0
189000.0 190000.0 936971.0016562766 6500.0
190000.0 191000.0 787564.420107315 0.0
191000.0 192000.0 814764.0519513779 6500.0
192000.0 193000.0 853964.7855035722 0.0
193000.0 194000.0 788848.1035889692 6500.0
194000.0 195000.0 855662.762078759 0.0
195000.0 196000.0 817448.5949814054 6500.0
196000.0 197000.0 871331.0812166021 0.0
197000.0 198000.0 785679.4993171318 6500.0
198000.0 199000.0 840229.1035934367 0.0
199000.0 200000.0 814860.801841668 6500.0
200000.0 201000.0 843563.1106192659 0.0
201000.0 202000.0 846357.0108183338 6500.0
202000.0 203000.0 867589.421223114 0.0
203000.0 204000.0 279047.29306048114 0.0
204000.0 205000.0 0.0 0.0
205000.0 206000.0 460264.9539722127 4400.0
206000.0 207000.0 780656.3353989979 4400.0
207000.0 208000.0 867929.1269116399 0.0
208000.0 209000.0 182661.58371714957 0.0
209000.0 210000.0 534364.751655905 4400.0
210000.0 211000.0 874791.1301618435 4400.0
211000.0 212000.0 805072.0784279008 0.0
212000.0 213000.0 834900.8603321314 4400.0
213000.0 214000.0 883485.4202537541 4400.0
214000.0 215000.0 471564.2184969136 0.0
215000.0 216000.0 691738.1342113728 4400.0
216000.0 217000.0 501308.9096743466 0.0
217000.0 218000.0 581093.5805021059 4400.0
218000.0 219000.0 545390.7673702092 0.0
219000.0 220000.0 686144.8614733788 4400.0
220000.0 221000.0 469810.917744916 0.0
221000.0 222000.0 648212.0311406569 4400.0
222000.0 223000.0 517688.7575227381 0.0
223000.0 224000.0 590562.9502033317 4400.0
224000.0 225000.0 734427.0791108153 4400.0
225000.0 226000.0 1099563.2921075283 0.0
226000.0 227000.0 686272.4649200999 4400.0
227000.0 228000.0 870418.3574624481 4400.0
228000.0 229000.0 770367.5197946695 0.0
229000.0 230000.0 554618.7687470239 4400.0
230000.0 231000.0 505418.42459020193 0.0
231000.0 232000.0 631053.5525043639 6500.0
232000.0 233000.0 837165.2179494475 0.0
233000.0 234000.0 827864.6927606502 6500.0
234000.0 235000.0 737220.8209258039 0.0
235000.0 236000.0 747048.6462991685 6500.0
236000.0 237000.0 818173.5969571492 0.0
237000.0 238000.0 960421.8846193076 6500.0
238000.0 239000.0 765203.2390911453 0.0
239000.0 240000.0 805637.5317326977 6500.0
240000.0 241000.0 862362.3534206436 0.0
241000.0 242000.0 653555.7159819207 6500.0
242000.0 243000.0 756141.4397931696 0.0
243000.0 244000.0 1022551.8467782303 6500.0
244000.0 245000.0 788238.6808195796 0.0
245000.0 246000.0 592504.3039913853 4400.0
246000.0 247000.0 863218.5285329017 0.0
247000.0 248000.0 622931.0174379195 4400.0
248000.0 249000.0 551330.6545002245 0.0
249000.0 250000.0 431508.8209650651 4400.0
250000.0 251000.0 495246.06893226155 0.0
251000.0 252000.0 711233.3511176013 4400.0
252000.0 253000.0 479835.423083058 0.0
253000.0 254000.0 539691.0773064721 4400.0
254000.0 255000.0 500240.4707523718 0.0
255000.0 256000.0 595606.5219801659 4400.0
256000.0 257000.0 590591.6723901606 0.0
257000.0 258000.0 646695.6606507162 4400.0
258000.0 259000.0 453944.2928466941 0.0
259000.0 260000.0 592941.1892860556 4400.0
260000.0 261000.0 625945.9530003204 0.0
261000.0 262000.0 539146.4818721382 4400.0
262000.0 263000.0 634001.4432406774 0.0
263000.0 264000.0 62546.572576241946 0.0
264000.0 265000.0 0.0 0.0
265000.0 266000.0 520461.7539044561 4400.0
266000.0 267000.0 702074.062932654 4400.0
267000.0 268000.0 723947.7431237876 0.0
268000.0 269000.0 800748.3768962324 4400.0
269000.0 270000.0 843266.6033668098 4400.0
270000.0 271000.0 726251.8656449831 0.0
271000.0 272000.0 276388.5941310771 0.0
272000.0 273000.0 0.0 0.0
273000.0 274000.0 398359.0380244484 4400.0
274000.0 275000.0 607159.8688803478 0.0
275000.0 276000.0 901883.0357456045 4400.0
276000.0 277000.0 855837.6449244048 4400.0
277000.0 278000.0 919521.3442903004 4400.0
278000.0 279000.0 664053.4684897996 0.0
279000.0 280000.0 663197.1288351668 4400.0
280000.0 281000.0 857360.0684205554 4400.0
281000.0 282000.0 934115.9052625599 0.0
282000.0 283000.0 789258.5073371876 4400.0
283000.0 284000.0 832930.5049770268 4400.0
284000.0 285000.0 459919.90343774774 0.0
285000.0 286000.0 609319.1896221641 4400.0
286000.0 287000.0 460668.07771379617 0.0
287000.0 288000.0 672909.6736003638 6500.0
288000.0 289000.0 801686.2847562896 0.0
289000.0 290000.0 741959.9665521674 6500.0
290000.0 291000.0 749312.045123779 0.0
291000.0 292000.0 809179.9628173162 6500.0
292000.0 293000.0 771609.6036440586 0.0
293000.0 294000.0 838865.8265424338 6500.0
294000.0 295000.0 845222.3032491126 0.0
295000.0 296000.0 820277.9453512963 6500.0
296000.0 297000.0 879999.3600124589 0.0
297000.0 298000.0 374386.3423896137 0.0
298000.0 299000.0 0.0 0.0
299000.0 300000.0 504722.4839821686 4400.0
