ts te s_bytes_all avg_video_rate
0.0 1000.0 0.0 0.0
1000.0 2000.0 0.0 0.0
2000.0 3000.0 0.0 0.0
3000.0 4000.0 0.0 0.0
4000.0 5000.0 0.0 0.0
5000.0 6000.0 0.0 0.0
6000.0 7000.0 101863.7946495743 2300.0
7000.0 8000.0 359457.27531188936 0.0
8000.0 9000.0 675999.9541804075 2300.0
9000.0 10000.0 875381.8790399815 1500.0
10000.0 11000.0 683138.4290271209 1500.0
11000.0 12000.0 593440.6182046244 1500.0
12000.0 13000.0 908666.4634154668 1500.0
13000.0 14000.0 290125.58617093525 0.0
14000.0 15000.0 387118.70490731526 1500.0
15000.0 16000.0 27232.29509268475 0.0
16000.0 17000.0 18008.67478770538 0.0
17000.0 18000.0 752302.2508710512 4400.0
18000.0 19000.0 353111.44499804947 4400.0
19000.0 20000.0 775312.8250214414 0.0
20000.0 21000.0 319070.5262682419 4400.0
21000.0 22000.0 775218.0569444526 0.0
22000.0 23000.0 388052.68911551236 4400.0
23000.0 24000.0 866775.0078488042 0.0
24000.0 25000.0 337005.20416349266 4400.0
25000.0 26000.0 929736.3686856998 0.0
26000.0 27000.0 787558.2424282628 4400.0
27000.0 28000.0 837832.1181520672 4400.0
28000.0 29000.0 741230.7046502216 0.0
29000.0 30000.0 206482.92334254214 4400.0
30000.0 31000.0 803780.9320177969 0.0
31000.0 32000.0 605376.50013779 4400.0
32000.0 33000.0 616105.8410283602 0.0
33000.0 34000.0 643903.7874379014 4400.0
34000.0 35000.0 391736.6371767797 0.0
35000.0 36000.0 702767.1184061306 4400.0
36000.0 37000.0 322392.2412898574 0.0
37000.0 38000.0 674600.0739844332 4400.0
38000.0 39000.0 488850.03170179005 4400.0
39000.0 40000.0 854683.000248046 0.0
40000.0 41000.0 385972.68968355964 4400.0
41000.0 42000.0 856191.9386763879 0.0
42000.0 43000.0 188559.67021301758 4400.0
43000.0 44000.0 840984.0555812528 0.0
44000.0 45000.0 340569.72995284223 6500.0
45000.0 46000.0 717358.7962496656 0.0
46000.0 47000.0 883095.1867914913 6500.0
47000.0 48000.0 706553.8184593495 0.0
48000.0 49000.0 874701.4908392014 6500.0
49000.0 50000.0 605109.7699487472 0.0
50000.0 51000.0 924472.9427591346 6500.0
51000.0 52000.0 841827.566953885 0.0
52000.0 53000.0 895104.0590418782 0.0
53000.0 54000.0 526412.7215560616 6500.0
54000.0 55000.0 909374.0469152378 0.0
55000.0 56000.0 611033.5631663185 6500.0
56000.0 57000.0 903946.1686581499 0.0
57000.0 58000.0 873863.8851053292 6500.0
58000.0 59000.0 873374.4845216488 0.0
59000.0 60000.0 363045.1133729446 6500.0
60000.0 61000.0 899950.317091175 0.0
61000.0 62000.0 697106.269314684 6500.0
62000.0 63000.0 668295.1455868483 0.0
63000.0 64000.0 905573.7506892225 6500.0
64000.0 65000.0 805692.2610461436 0.0
65000.0 66000.0 905716.4485572532 4400.0
66000.0 67000.0 957459.6968687533 0.0
67000.0 68000.0 989290.7569962133 4400.0
68000.0 69000.0 935861.0504586645 4400.0
69000.0 70000.0 898572.1447278833 4400.0
70000.0 71000.0 806480.1601645923 0.0
71000.0 72000.0 216586.6981460427 6500.0
72000.0 73000.0 752262.5496169929 0.0
73000.0 74000.0 732598.8388111643 6500.0
74000.0 75000.0 929945.8511233683 0.0
75000.0 76000.0 855397.4862703336 6500.0
76000.0 77000.0 749953.8010438433 0.0
77000.0 78000.0 837573.8933885976 6500.0
78000.0 79000.0 653375.6866023246 0.0
79000.0 80000.0 899961.2943433651 6500.0
80000.0 81000.0 633245.8969351302 0.0
81000.0 82000.0 901443.4359120141 6500.0
82000.0 83000.0 635509.7350213161 0.0
83000.0 84000.0 1010633.9944820096 6500.0
84000.0 85000.0 733616.1780794979 0.0
85000.0 86000.0 922314.2428731935 6500.0
86000.0 87000.0 469059.2307907111 0.0
87000.0 88000.0 873181.855569411 0.0
88000.0 89000.0 910895.3132736674 6500.0
89000.0 90000.0 878150.4981565562 6500.0
90000.0 91000.0 937542.351075314 0.0
91000.0 92000.0 1009812.8222555963 6500.0
92000.0 93000.0 797563.7307629852 0.0
93000.0 94000.0 853238.6246380091 6500.0
94000.0 95000.0 935675.6676637828 0.0
95000.0 96000.0 785252.1845366654 6500.0
96000.0 97000.0 956539.6013528282 0.0
97000.0 98000.0 807397.919586882 6500.0
98000.0 99000.0 935192.5427596279 0.0
99000.0 100000.0 915536.4429488038 6500.0
100000.0 101000.0 844481.271565291 0.0
101000.0 102000.0 687098.1995286171 6500.0
102000.0 103000.0 929208.2206136474 0.0
103000.0 104000.0 940494.1685890848 6500.0
104000.0 105000.0 851151.6115628607 6500.0
105000.0 106000.0 553484.2163745567 0.0
106000.0 107000.0 949492.0234218563 0.0
107000.0 108000.0 634778.5116394432 6500.0
108000.0 109000.0 951607.3443132967 0.0
109000.0 110000.0 803318.6154814407 6500.0
110000.0 111000.0 924036.1557758349 0.0
111000.0 112000.0 689359.8397241647 6500.0
112000.0 113000.0 942286.7991781246 0.0
113000.0 114000.0 936861.7436417224 6500.0
114000.0 115000.0 922215.9532057961 0.0
115000.0 116000.0 625459.1683430088 6500.0
116000.0 117000.0 980352.3447245758 0.0
117000.0 118000.0 886277.7503244058 6500.0
118000.0 119000.0 842361.3850850407 6500.0
119000.0 120000.0 974494.523188465 0.0
120000.0 121000.0 737317.1570228945 6500.0
121000.0 122000.0 965202.5239479255 0.0
122000.0 123000.0 683054.363312534 0.0
123000.0 124000.0 229332.88348237856 2300.0
124000.0 125000.0 582031.9415132503 2300.0
125000.0 126000.0 509815.6292477537 2300.0
126000.0 127000.0 516594.3439711811 0.0
127000.0 128000.0 307949.54801997496 3000.0
128000.0 129000.0 582772.200149102 0.0
129000.0 130000.0 131672.03984408188 4400.0
130000.0 131000.0 754463.5344549286 0.0
131000.0 132000.0 902757.9828314113 4400.0
132000.0 133000.0 504902.6039368391 0.0
133000.0 134000.0 648904.1731467237 4400.0
134000.0 135000.0 404467.517893799 0.0
135000.0 136000.0 725127.8999969476 4400.0
136000.0 137000.0 528544.3354866715 4400.0
137000.0 138000.0 687272.0234293403 0.0
138000.0 139000.0 427438.9888121651 4400.0
139000.0 140000.0 572286.9529961002 0.0
140000.0 141000.0 562130.4531630661 4400.0
141000.0 142000.0 661241.9221016952 0.0
142000.0 143000.0 390842.55923806276 4400.0
143000.0 144000.0 618806.6106507952 0.0
144000.0 145000.0 578431.2156511673 4400.0
145000.0 146000.0 735503.2736672411 0.0
146000.0 147000.0 309591.71850836097 4400.0
147000.0 148000.0 688541.6842779585 0.0
148000.0 149000.0 405855.6400868664 4400.0
149000.0 150000.0 788901.1798160836 0.0
150000.0 151000.0 341512.39419401035 4400.0
151000.0 152000.0 799556.1177689803 0.0
152000.0 153000.0 329123.95456665667 4400.0
153000.0 154000.0 840070.5517243575 0.0
154000.0 155000.0 62160.43708910272 4400.0
155000.0 156000.0 851135.6165507026 0.0
156000.0 157000.0 362398.5239541296 4400.0
157000.0 158000.0 803508.3015863403 0.0
158000.0 159000.0 418566.512258811 4400.0
159000.0 160000.0 641731.5280874632 0.0
160000.0 161000.0 937620.0538557597 4400.0
161000.0 162000.0 788086.4940376838 6500.0
162000.0 163000.0 744576.8498926063 0.0
163000.0 164000.0 655726.6488208603 0.0
164000.0 165000.0 246869.88320475793 6500.0
165000.0 166000.0 703431.4936281657 0.0
166000.0 167000.0 645009.2171029139 6500.0
167000.0 168000.0 973872.7747744292 0.0
168000.0 169000.0 897962.3399570032 6500.0
169000.0 170000.0 802685.7007467179 0.0
170000.0 171000.0 763752.3497594972 6500.0
171000.0 172000.0 917324.9664721609 0.0
172000.0 173000.0 811209.4828072548 6500.0
173000.0 174000.0 815724.7753681967 0.0
174000.0 175000.0 922443.1177459708 6500.0
175000.0 176000.0 918956.0621804809 0.0
176000.0 177000.0 534997.8362524508 0.0
177000.0 178000.0 0.0 0.0
178000.0 179000.0 411514.1666470264 6500.0
179000.0 180000.0 777107.4707560611 0.0
180000.0 181000.0 1003491.1665461765 4400.0
181000.0 182000.0 850831.958292864 4400.0
182000.0 183000.0 924598.560173353 4400.0
183000.0 184000.0 788517.2382834206 0.0
184000.0 185000.0 1097738.553550647 4400.0
185000.0 186000.0 826111.584467734 4400.0
186000.0 187000.0 486905.95953845145 6500.0
187000.0 188000.0 897061.5453363955 0.0
188000.0 189000.0 773591.6637274054 0.0
189000.0 190000.0 593380.889594448 6500.0
190000.0 191000.0 914529.1074039014 0.0
191000.0 192000.0 550872.9075836743 6500.0
192000.0 193000.0 920616.3066505188 0.0
193000.0 194000.0 897840.7840888442 6500.0
194000.0 195000.0 835661.518052507 0.0
195000.0 196000.0 607480.534328635 6500.0
196000.0 197000.0 884428.3746982487 0.0
197000.0 198000.0 933763.5961054234 6500.0
198000.0 199000.0 695978.5301256481 6500.0
199000.0 200000.0 765223.5613396224 0.0
200000.0 201000.0 917027.2089944353 6500.0
201000.0 202000.0 834436.241677166 0.0
202000.0 203000.0 832851.489895202 6500.0
203000.0 204000.0 685765.8066296619 0.0
204000.0 205000.0 985576.0722819318 0.0
205000.0 206000.0 716138.4671229038 6500.0
206000.0 207000.0 914700.0912413694 0.0
207000.0 208000.0 502439.3081142572 6500.0
208000.0 209000.0 927038.8747405835 0.0
209000.0 210000.0 927251.9651363243 6500.0
210000.0 211000.0 827341.3873965407 0.0
211000.0 212000.0 810167.9551403126 6500.0
212000.0 213000.0 974327.4660672387 0.0
213000.0 214000.0 736975.8035967315 6500.0
214000.0 215000.0 901672.2445834916 0.0
215000.0 216000.0 917333.5300412216 6500.0
216000.0 217000.0 935221.8007177534 4400.0
217000.0 218000.0 957190.9009408144 4400.0
218000.0 219000.0 827225.8844059897 0.0
219000.0 220000.0 433975.18705183914 6500.0
220000.0 221000.0 967929.469255809 0.0
221000.0 222000.0 921939.8026877398 6500.0
222000.0 223000.0 893933.3187414826 0.0
223000.0 224000.0 748412.2757441378 6500.0
224000.0 225000.0 779974.9653442409 0.0
225000.0 226000.0 744748.4455385803 6500.0
226000.0 227000.0 786128.9586025935 0.0
227000.0 228000.0 766534.1010186423 6500.0
228000.0 229000.0 649660.5941983147 0.0
229000.0 230000.0 938272.6097546141 6500.0
230000.0 231000.0 753336.7868042322 0.0
231000.0 232000.0 840002.6170363098 6500.0
232000.0 233000.0 744275.4778511415 0.0
233000.0 234000.0 885257.7706999842 6500.0
234000.0 235000.0 865035.1146088298 0.0
235000.0 236000.0 667769.963098937 6500.0
236000.0 237000.0 934496.90280622 0.0
237000.0 238000.0 829476.1421171422 6500.0
238000.0 239000.0 853503.7688613731 0.0
239000.0 240000.0 861141.4138015086 6500.0
240000.0 241000.0 946114.8989690258 0.0
241000.0 242000.0 664747.9278698738 6500.0
242000.0 243000.0 727856.0646804714 0.0
243000.0 244000.0 846755.0151326623 6500.0
244000.0 245000.0 908310.913036172 0.0
245000.0 246000.0 765594.6840405259 6500.0
246000.0 247000.0 1012046.0694501386 0.0
247000.0 248000.0 721780.9126975319 6500.0
248000.0 249000.0 951786.8506389154 0.0
249000.0 250000.0 741681.7743673463 6500.0
250000.0 251000.0 924941.8364740523 0.0
251000.0 252000.0 678434.815009268 6500.0
252000.0 253000.0 804006.0762818838 0.0
253000.0 254000.0 657594.1652128908 6500.0
254000.0 255000.0 922612.5571005847 0.0
255000.0 256000.0 1070150.459098217 8000.0
256000.0 257000.0 859499.1002245088 0.0
257000.0 258000.0 973432.2968734392 4400.0
258000.0 259000.0 724193.8467029053 0.0
259000.0 260000.0 860032.1317324264 4400.0
260000.0 261000.0 991949.2676286884 4400.0
261000.0 262000.0 748927.815732293 6500.0
262000.0 263000.0 719254.6530312557 0.0
263000.0 264000.0 808130.0217357422 6500.0
264000.0 265000.0 961281.1442767004 0.0
265000.0 266000.0 707765.7022471505 6500.0
266000.0 267000.0 899470.0867442731 0.0
267000.0 268000.0 679547.7477786139 6500.0
268000.0 269000.0 971168.5438560682 0.0
269000.0 270000.0 632263.4597377679 0.0
270000.0 271000.0 2912.0 0.0
271000.0 272000.0 0.0 0.0
272000.0 273000.0 516036.94151312293 6500.0
273000.0 274000.0 912411.38837768 0.0
274000.0 275000.0 911129.9298887633 4400.0
275000.0 276000.0 894647.1063422728 4400.0
276000.0 277000.0 779314.4042793053 4400.0
277000.0 278000.0 958444.6548020779 0.0
278000.0 279000.0 1008187.848495382 4400.0
279000.0 280000.0 731356.6074527598 4400.0
280000.0 281000.0 607655.3419821663 6500.0
281000.0 282000.0 744517.334911378 0.0
282000.0 283000.0 891536.7995348311 6500.0
283000.0 284000.0 664495.9287034627 0.0
284000.0 285000.0 916632.4016176161 0.0
285000.0 286000.0 631068.9599927963 6500.0
286000.0 287000.0 936154.3154664518 0.0
287000.0 288000.0 381817.06538044696 6500.0
288000.0 289000.0 943366.3025394198 0.0
289000.0 290000.0 707763.0143871765 6500.0
290000.0 291000.0 956449.2550311603 0.0
291000.0 292000.0 634246.4686917705 6500.0
292000.0 293000.0 1003637.8474593349 0.0
293000.0 294000.0 856325.3742691744 6500.0
294000.0 295000.0 1007776.3771099885 0.0
295000.0 296000.0 739835.251850734 6500.0
296000.0 297000.0 790845.3636432012 6500.0
297000.0 298000.0 850193.4608755975 6500.0
298000.0 299000.0 959956.1407204386 0.0
299000.0 300000.0 554615.8306709467 6500.0
300000.0 301000.0 442160.28401054395 0.0
