ts te s_bytes_all avg_video_rate
0.0 1000.0 0.0 0.0
1000.0 2000.0 0.0 0.0
2000.0 3000.0 0.0 0.0
3000.0 4000.0 0.0 0.0
4000.0 5000.0 0.0 0.0
5000.0 6000.0 0.0 0.0
6000.0 7000.0 48774.413017269755 840.0
7000.0 8000.0 206056.45767283754 840.0
8000.0 9000.0 343431.97244206 480.0
9000.0 10000.0 223287.37769657295 480.0
10000.0 11000.0 334706.2632267684 480.0
11000.0 12000.0 212143.422318229 480.0
12000.0 13000.0 108700.09362626237 0.0
13000.0 14000.0 222338.3828185681 3000.0
14000.0 15000.0 504236.1167005453 0.0
15000.0 16000.0 539217.3601162294 3000.0
16000.0 17000.0 354059.3515281159 0.0
17000.0 18000.0 477676.52618105814 3000.0
18000.0 19000.0 423727.40098968893 3000.0
19000.0 20000.0 516091.06952829915 0.0
20000.0 21000.0 427502.4979683389 3000.0
21000.0 22000.0 504346.864072997 0.0
22000.0 23000.0 265666.64401626325 3000.0
23000.0 24000.0 535434.8281473224 0.0
24000.0 25000.0 599711.8661136362 3000.0
25000.0 26000.0 286667.0918189375 0.0
26000.0 27000.0 65943.35508713516 3000.0
27000.0 28000.0 466889.64491286484 0.0
28000.0 29000.0 304233.3232759113 3000.0
29000.0 30000.0 510795.0645547786 0.0
30000.0 31000.0 530080.8934418692 3000.0
31000.0 32000.0 444500.72422862786 3000.0
32000.0 33000.0 518279.71038650715 0.0
33000.0 34000.0 537716.7169579489 3000.0
34000.0 35000.0 499603.6795478501 0.0
35000.0 36000.0 448244.2853792265 3000.0
36000.0 37000.0 516530.14497698 0.0
37000.0 38000.0 486377.4572503004 3000.0
38000.0 39000.0 376358.3696692027 3000.0
39000.0 40000.0 365796.8140606649 0.0
40000.0 41000.0 429802.3569119785 3000.0
41000.0 42000.0 180018.71922166477 0.0
42000.0 43000.0 584841.7182863832 3000.0
43000.0 44000.0 499143.05758626136 0.0
44000.0 45000.0 538888.0010571526 3000.0
45000.0 46000.0 553943.3683512752 0.0
46000.0 47000.0 64433.5948554167 0.0
47000.0 48000.0 0.0 0.0
48000.0 49000.0 360235.4409312814 3000.0
49000.0 50000.0 539887.2866892427 1500.0
50000.0 51000.0 278189.2875561445 0.0
51000.0 52000.0 87837.98482333132 1500.0
52000.0 53000.0 440768.99848063005 1500.0
53000.0 54000.0 108530.77831643478 0.0
54000.0 55000.0 351600.2232029352 0.0
55000.0 56000.0 234255.50839960435 1500.0
56000.0 57000.0 488328.32368218584 1500.0
57000.0 58000.0 498761.31838679 1500.0
58000.0 59000.0 338113.8315315003 1500.0
59000.0 60000.0 91490.57415452297 0.0
60000.0 61000.0 321452.4438453965 0.0
61000.0 62000.0 0.0 0.0
62000.0 63000.0 56177.14786805584 3000.0
63000.0 64000.0 350162.8555183582 0.0
64000.0 65000.0 469826.359258089 3000.0
65000.0 66000.0 529555.0350245174 0.0
66000.0 67000.0 220389.74256474813 1500.0
67000.0 68000.0 288508.02642678976 0.0
68000.0 69000.0 420393.1791707328 1500.0
69000.0 70000.0 352005.9138519245 1500.0
70000.0 71000.0 116805.3777392101 2300.0
71000.0 72000.0 441930.7095696979 0.0
72000.0 73000.0 93386.83946089337 2300.0
73000.0 74000.0 357547.0844115881 0.0
74000.0 75000.0 229081.55125155413 0.0
75000.0 76000.0 548371.1348883221 3000.0
76000.0 77000.0 238454.04299551863 0.0
77000.0 78000.0 495763.8344222613 3000.0
78000.0 79000.0 302027.39219483215 3000.0
79000.0 80000.0 520293.110488828 3000.0
80000.0 81000.0 303267.0396977322 3000.0
81000.0 82000.0 498754.7696021908 0.0
82000.0 83000.0 280309.12257287785 3000.0
83000.0 84000.0 527397.0061748365 0.0
84000.0 85000.0 197263.7248464411 0.0
85000.0 86000.0 393970.98163896205 3000.0
86000.0 87000.0 492504.66521438473 3000.0
87000.0 88000.0 538723.4914839175 0.0
88000.0 89000.0 213327.48155917044 3000.0
89000.0 90000.0 540414.6958400728 0.0
90000.0 91000.0 271174.7944397783 3000.0
91000.0 92000.0 538282.5086066792 0.0
92000.0 93000.0 212613.38121703512 0.0
93000.0 94000.0 462650.7883711465 3000.0
94000.0 95000.0 324874.54148800287 3000.0
95000.0 96000.0 571491.2282856429 0.0
96000.0 97000.0 220398.44185520773 0.0
97000.0 98000.0 314371.18138322316 3000.0
98000.0 99000.0 452202.7616116722 0.0
99000.0 100000.0 510640.98904106417 3000.0
100000.0 101000.0 361729.4523529472 3000.0
101000.0 102000.0 552608.1381830252 0.0
102000.0 103000.0 220851.4774280681 0.0
103000.0 104000.0 405856.93662069924 3000.0
104000.0 105000.0 341975.67108287965 3000.0
105000.0 106000.0 392316.199545615 0.0
106000.0 107000.0 518619.53872145165 0.0
107000.0 108000.0 589574.481935896 3000.0
108000.0 109000.0 268744.17209345853 1500.0
109000.0 110000.0 475662.7605540373 1500.0
110000.0 111000.0 320444.2394459627 1500.0
111000.0 112000.0 387138.80852012464 0.0
112000.0 113000.0 44553.51610374117 3000.0
113000.0 114000.0 365483.8023238848 0.0
114000.0 115000.0 446446.9243756584 3000.0
115000.0 116000.0 404895.77081217984 0.0
116000.0 117000.0 461545.2657026432 3000.0
117000.0 118000.0 510256.990391946 0.0
118000.0 119000.0 246846.921769822 0.0
119000.0 120000.0 559860.3859476511 3000.0
120000.0 121000.0 246997.59838949525 3000.0
121000.0 122000.0 372018.0481268766 0.0
122000.0 123000.0 375563.967535977 0.0
123000.0 124000.0 485961.597600947 3000.0
124000.0 125000.0 412121.87855687755 0.0
125000.0 126000.0 376982.3313601207 3000.0
126000.0 127000.0 466482.834137515 3000.0
127000.0 128000.0 443364.5264021404 0.0
128000.0 129000.0 332072.5865890578 3000.0
129000.0 130000.0 512429.7666693745 0.0
130000.0 131000.0 224837.52905415933 0.0
131000.0 132000.0 335037.02188508003 3000.0
132000.0 133000.0 447762.2352054297 0.0
133000.0 134000.0 412909.64925011434 3000.0
134000.0 135000.0 307745.0798623739 0.0
135000.0 136000.0 599801.7458109803 3000.0
136000.0 137000.0 296267.2176158294 1500.0
137000.0 138000.0 369376.1966257988 1500.0
138000.0 139000.0 116465.37201809179 1500.0
139000.0 140000.0 463605.4462565174 1500.0
140000.0 141000.0 424869.25420554884 0.0
141000.0 142000.0 335375.5387586185 3000.0
142000.0 143000.0 445423.2924585527 0.0
143000.0 144000.0 374420.9052403885 3000.0
144000.0 145000.0 489965.7676193319 0.0
145000.0 146000.0 314918.5159509898 3000.0
146000.0 147000.0 338960.05745692796 0.0
147000.0 148000.0 374578.7562046993 3000.0
148000.0 149000.0 361574.8551489406 0.0
149000.0 150000.0 438743.341533791 3000.0
150000.0 151000.0 459678.38490813546 0.0
151000.0 152000.0 442810.00941380585 3000.0
152000.0 153000.0 585011.6783887448 0.0
153000.0 154000.0 505585.405553945 3000.0
154000.0 155000.0 375470.8332951615 0.0
155000.0 156000.0 381031.19896398025 3000.0
156000.0 157000.0 377588.89746612206 0.0
157000.0 158000.0 441894.8895213198 3000.0
158000.0 159000.0 288087.38296654035 0.0
159000.0 160000.0 423731.8425502111 3000.0
160000.0 161000.0 412859.962083285 3000.0
161000.0 162000.0 398533.75494636246 0.0
162000.0 163000.0 342971.46046418924 0.0
163000.0 164000.0 346917.6366641515 3000.0
164000.0 165000.0 383005.56288921 0.0
165000.0 166000.0 448300.58287032397 3000.0
166000.0 167000.0 493044.03504275513 3000.0
167000.0 168000.0 508032.3196051842 0.0
168000.0 169000.0 207877.8983632452 0.0
169000.0 170000.0 339787.39932344604 3000.0
170000.0 171000.0 350826.0211588602 0.0
171000.0 172000.0 459362.90542643226 3000.0
172000.0 173000.0 405412.8531034826 3000.0
173000.0 174000.0 557710.3651289765 0.0
174000.0 175000.0 183930.64102219508 0.0
175000.0 176000.0 496707.6055199259 3000.0
176000.0 177000.0 324264.17388181156 0.0
177000.0 178000.0 466212.07971472933 3000.0
178000.0 179000.0 382309.0225322704 3000.0
179000.0 180000.0 516976.480427763 0.0
180000.0 181000.0 249917.4173252372 0.0
181000.0 182000.0 373087.5468048834 3000.0
182000.0 183000.0 414835.59829386405 0.0
183000.0 184000.0 522543.4792645583 3000.0
184000.0 185000.0 306942.7932220107 3000.0
185000.0 186000.0 516165.49522799934 0.0
186000.0 187000.0 262092.6502022538 3000.0
187000.0 188000.0 455423.9690921771 0.0
188000.0 189000.0 582583.0922950155 3000.0
189000.0 190000.0 514672.6728424951 3000.0
190000.0 191000.0 537159.1437704067 0.0
191000.0 192000.0 534333.292966882 3000.0
192000.0 193000.0 461622.0613666767 0.0
193000.0 194000.0 229988.82528686026 3000.0
194000.0 195000.0 614604.0790987653 0.0
195000.0 196000.0 432375.03687492816 3000.0
196000.0 197000.0 433777.8157562544 0.0
197000.0 198000.0 92070.93791411565 4400.0
198000.0 199000.0 364698.55596382526 0.0
199000.0 200000.0 571397.7209536453 0.0
200000.0 201000.0 397445.39937406423 4400.0
201000.0 202000.0 545600.1101584758 0.0
202000.0 203000.0 472101.74823378626 4400.0
203000.0 204000.0 644013.7807738537 0.0
204000.0 205000.0 455858.6611115419 4400.0
205000.0 206000.0 251253.52724099826 0.0
206000.0 207000.0 463003.53926564247 0.0
207000.0 208000.0 481286.8205760537 2300.0
208000.0 209000.0 683920.0945264123 2300.0
209000.0 210000.0 430136.1889291294 0.0
210000.0 211000.0 474435.1862309018 2300.0
211000.0 212000.0 116867.17638152326 2300.0
212000.0 213000.0 432452.6436760308 0.0
213000.0 214000.0 285318.5308122403 0.0
214000.0 215000.0 2935.8255117289095 0.0
215000.0 216000.0 0.0 0.0
216000.0 217000.0 0.0 0.0
217000.0 218000.0 290894.7524586578 1500.0
218000.0 219000.0 355853.4505390788 1500.0
219000.0 220000.0 501361.0869557198 1500.0
220000.0 221000.0 387594.4194915426 0.0
221000.0 222000.0 387944.2323505804 1500.0
222000.0 223000.0 97650.66379840476 1500.0
223000.0 224000.0 174445.40440491 0.0
224000.0 225000.0 203214.3969115498 0.0
225000.0 226000.0 475050.86623379745 3000.0
226000.0 227000.0 359163.9311726407 0.0
227000.0 228000.0 458522.19675125787 3000.0
228000.0 229000.0 399802.48378379253 3000.0
229000.0 230000.0 533991.1074682013 0.0
230000.0 231000.0 209946.00767986634 0.0
231000.0 232000.0 395918.14251073246 3000.0
232000.0 233000.0 310173.4936399191 0.0
233000.0 234000.0 504380.2921462434 3000.0
234000.0 235000.0 534529.6151697871 3000.0
235000.0 236000.0 548645.2975564417 0.0
236000.0 237000.0 558925.4462947665 3000.0
237000.0 238000.0 525886.6747296001 0.0
238000.0 239000.0 462464.11816660874 3000.0
239000.0 240000.0 583468.9285104708 3000.0
240000.0 241000.0 424700.6475416063 0.0
241000.0 242000.0 357272.4884695001 3000.0
242000.0 243000.0 427810.8723841403 0.0
243000.0 244000.0 329550.3520830278 3000.0
244000.0 245000.0 306835.19695992547 0.0
245000.0 246000.0 387592.90037967317 0.0
246000.0 247000.0 541637.2790914131 3000.0
247000.0 248000.0 474736.593877641 3000.0
248000.0 249000.0 406558.3287493511 0.0
249000.0 250000.0 201915.331739152 0.0
250000.0 251000.0 12480.47501758471 0.0
251000.0 252000.0 480894.69838057534 3000.0
252000.0 253000.0 243535.8852593452 0.0
253000.0 254000.0 404692.3931770105 3000.0
254000.0 255000.0 390015.5464795467 0.0
255000.0 256000.0 347590.7024084639 2300.0
256000.0 257000.0 307374.98945103073 2300.0
257000.0 258000.0 378213.80859854666 0.0
258000.0 259000.0 167463.50122789622 0.0
259000.0 260000.0 255159.9632587838 2300.0
260000.0 261000.0 518671.9165084418 2300.0
261000.0 262000.0 429957.38760992436 2300.0
262000.0 263000.0 396668.7745083785 0.0
263000.0 264000.0 291122.7175775805 2300.0
264000.0 265000.0 287003.2794060254 0.0
265000.0 266000.0 514862.0320026551 2300.0
266000.0 267000.0 311194.92912821064 0.0
267000.0 268000.0 232960.15400645096 2300.0
268000.0 269000.0 367193.97868468385 0.0
269000.0 270000.0 173015.66809374548 0.0
270000.0 271000.0 219203.36051309557 480.0
271000.0 272000.0 223358.83870202414 480.0
272000.0 273000.0 36919.80989201789 480.0
273000.0 274000.0 110610.19010798211 0.0
274000.0 275000.0 2913.0 0.0
275000.0 276000.0 0.0 0.0
276000.0 277000.0 13008.387979767838 0.0
277000.0 278000.0 382447.35956536536 1500.0
278000.0 279000.0 7483.252454866787 1500.0
279000.0 280000.0 403736.5014232712 1500.0
280000.0 281000.0 353344.91945115663 0.0
281000.0 282000.0 30599.579125572185 0.0
282000.0 283000.0 15654.160223675646 0.0
283000.0 284000.0 157409.1804330207 1500.0
284000.0 285000.0 420782.1208901336 1500.0
285000.0 286000.0 264706.1009759436 1500.0
286000.0 287000.0 470679.3035688842 1500.0
287000.0 288000.0 291360.1339083422 0.0
288000.0 289000.0 11950.118399386909 1500.0
289000.0 290000.0 56695.88160061309 0.0
290000.0 291000.0 531871.7031186698 1500.0
291000.0 292000.0 301797.98268242204 3000.0
292000.0 293000.0 547142.4460396449 0.0
293000.0 294000.0 403231.5102238666 3000.0
294000.0 295000.0 380275.80661590997 0.0
295000.0 296000.0 152015.53722723146 3000.0
296000.0 297000.0 498137.41842974926 0.0
297000.0 298000.0 603043.388431011 3000.0
298000.0 299000.0 388449.20723149506 0.0
299000.0 300000.0 0.0 0.0
300000.0 301000.0 0.0 0.0
