ts te s_bytes_all avg_video_rate
0.0 1000.0 0.0 0.0
1000.0 2000.0 0.0 0.0
2000.0 3000.0 0.0 0.0
3000.0 4000.0 0.0 0.0
4000.0 5000.0 0.0 0.0
5000.0 6000.0 0.0 0.0
6000.0 7000.0 6912.0 0.0
7000.0 8000.0 334395.0227021394 1500.0
8000.0 9000.0 100126.97729786058 1500.0
9000.0 10000.0 315325.7616524314 0.0
10000.0 11000.0 460116.3543774657 1500.0
11000.0 12000.0 592877.5127719298 1500.0
12000.0 13000.0 432835.41399048606 1500.0
13000.0 14000.0 445471.90444963943 1500.0
14000.0 15000.0 272666.6141656376 1500.0
15000.0 16000.0 638908.0580346459 1500.0
16000.0 17000.0 425717.6813615341 1500.0
17000.0 18000.0 373500.2953213786 1500.0
18000.0 19000.0 408839.76746077416 1500.0
19000.0 20000.0 527847.1363880711 1500.0
20000.0 21000.0 124063.5000260061 0.0
21000.0 22000.0 433073.1737879545 3000.0
22000.0 23000.0 574282.194468157 3000.0
23000.0 24000.0 366248.0534933604 0.0
24000.0 25000.0 400600.1498238093 3000.0
25000.0 26000.0 384641.453374519 0.0
26000.0 27000.0 385879.42065168015 3000.0
27000.0 28000.0 452026.61006922263 0.0
28000.0 29000.0 475358.1727872823 3000.0
29000.0 30000.0 500201.34173884266 3000.0
30000.0 31000.0 516951.02929115295 0.0
31000.0 32000.0 370194.6901733178 3000.0
32000.0 33000.0 415498.1293674691 0.0
33000.0 34000.0 638072.2463399771 3000.0
34000.0 35000.0 377273.2848318805 0.0
35000.0 36000.0 448079.19564891 3000.0
36000.0 37000.0 329634.5987687432 0.0
37000.0 38000.0 366637.48078349116 3000.0
38000.0 39000.0 385039.86634929915 0.0
39000.0 40000.0 407163.71199848433 3000.0
40000.0 41000.0 493201.783784749 3000.0
41000.0 42000.0 487539.0000533243 0.0
42000.0 43000.0 467422.5094812593 3000.0
43000.0 44000.0 551352.3663172654 0.0
44000.0 45000.0 509788.9585970018 3000.0
45000.0 46000.0 515720.49116351316 3000.0
46000.0 47000.0 446229.7061954202 0.0
47000.0 48000.0 228119.38065991364 0.0
48000.0 49000.0 0.0 0.0
49000.0 50000.0 2912.0 0.0
50000.0 51000.0 0.0 0.0
51000.0 52000.0 2912.0 0.0
52000.0 53000.0 0.0 0.0
53000.0 54000.0 215879.99586401973 2300.0
54000.0 55000.0 410156.6689062596 2300.0
55000.0 56000.0 367666.82416721946 0.0
56000.0 57000.0 589254.911188774 2300.0
57000.0 58000.0 516295.79152955185 2300.0
58000.0 59000.0 449550.84576885006 2300.0
59000.0 60000.0 546242.232879721 2300.0
60000.0 61000.0 459407.5479134783 0.0
61000.0 62000.0 454505.8119156123 2300.0
62000.0 63000.0 234931.74004777224 0.0
63000.0 64000.0 375093.6708269013 2300.0
64000.0 65000.0 449077.4618575581 2300.0
65000.0 66000.0 614763.3196563506 2300.0
66000.0 67000.0 352261.45390188356 0.0
67000.0 68000.0 401907.4201136734 3000.0
68000.0 69000.0 407225.2056973787 0.0
69000.0 70000.0 445741.00587794796 3000.0
70000.0 71000.0 312644.7955950343 0.0
71000.0 72000.0 364566.2245769035 3000.0
72000.0 73000.0 402072.1309791743 0.0
73000.0 74000.0 428746.0881424827 3000.0
74000.0 75000.0 385433.65140677476 0.0
75000.0 76000.0 435984.43678177125 3000.0
76000.0 77000.0 377690.6962132022 0.0
77000.0 78000.0 297223.52585229196 3000.0
78000.0 79000.0 411094.6964030851 0.0
79000.0 80000.0 376814.62386760884 3000.0
80000.0 81000.0 500248.70073910785 0.0
81000.0 82000.0 355464.90939727414 3000.0
82000.0 83000.0 382658.55794264807 0.0
83000.0 84000.0 456054.3392074079 3000.0
84000.0 85000.0 359868.13661830587 0.0
85000.0 86000.0 410866.7629271667 3000.0
86000.0 87000.0 377072.7325767386 0.0
87000.0 88000.0 398687.9547605299 3000.0
88000.0 89000.0 459252.45959123614 3000.0
89000.0 90000.0 370480.9875292847 0.0
90000.0 91000.0 381546.8877356062 0.0
91000.0 92000.0 620217.3759247027 3000.0
92000.0 93000.0 472127.9948094331 3000.0
93000.0 94000.0 549682.9048423031 3000.0
94000.0 95000.0 497887.6861618943 0.0
95000.0 96000.0 301674.1778158342 0.0
96000.0 97000.0 450708.5862337265 3000.0
97000.0 98000.0 512792.01056136296 3000.0
98000.0 99000.0 467116.46216441854 0.0
99000.0 100000.0 225649.684040387 0.0
100000.0 101000.0 537356.4887229411 3000.0
101000.0 102000.0 394021.07904633274 3000.0
102000.0 103000.0 548276.9443058177 0.0
103000.0 104000.0 77200.85208053433 3000.0
104000.0 105000.0 441771.7341033263 0.0
105000.0 106000.0 575987.9116161779 3000.0
106000.0 107000.0 432162.1609445113 0.0
107000.0 108000.0 344006.5503348564 3000.0
108000.0 109000.0 487971.305340187 0.0
109000.0 110000.0 322699.18965944834 3000.0
110000.0 111000.0 409965.99381717807 0.0
111000.0 112000.0 454444.32941888843 3000.0
112000.0 113000.0 350894.8858032459 0.0
113000.0 114000.0 424502.5476757766 3000.0
114000.0 115000.0 359090.07377358887 0.0
115000.0 116000.0 391091.39008103474 3000.0
116000.0 117000.0 384378.89061063435 0.0
117000.0 118000.0 410995.18354048295 3000.0
118000.0 119000.0 386425.01756058924 0.0
119000.0 120000.0 430159.4651401066 3000.0
120000.0 121000.0 353868.5287880113 0.0
121000.0 122000.0 478104.8873627641 3000.0
122000.0 123000.0 382921.8890032077 0.0
123000.0 124000.0 392276.28216919355 3000.0
124000.0 125000.0 376805.8330177214 0.0
125000.0 126000.0 417321.10845777113 3000.0
126000.0 127000.0 353703.1013808455 0.0
127000.0 128000.0 368165.76137090987 3000.0
128000.0 129000.0 397505.1036345624 0.0
129000.0 130000.0 435577.14507754036 3000.0
130000.0 131000.0 389083.29672348057 0.0
131000.0 132000.0 357436.9010291083 3000.0
132000.0 133000.0 440633.3328191616 0.0
133000.0 134000.0 343787.36956752965 3000.0
134000.0 135000.0 414125.2315622573 0.0
135000.0 136000.0 217382.53160191074 0.0
136000.0 137000.0 250801.85795338036 840.0
137000.0 138000.0 316203.4327915111 840.0
138000.0 139000.0 277738.4045321075 840.0
139000.0 140000.0 57177.918070717074 0.0
140000.0 141000.0 424654.0 1500.0
141000.0 142000.0 29334.268191550997 0.0
142000.0 143000.0 357370.83737391944 1500.0
143000.0 144000.0 6217.894434529602 0.0
144000.0 145000.0 457964.66744668083 2300.0
145000.0 146000.0 182370.67228606698 0.0
146000.0 147000.0 338867.6275408993 2300.0
147000.0 148000.0 474234.837172413 2300.0
148000.0 149000.0 285726.66719979706 0.0
149000.0 150000.0 198858.67120687215 2300.0
150000.0 151000.0 306376.2671763209 0.0
151000.0 152000.0 403148.8967987405 2300.0
152000.0 153000.0 328390.7019190155 0.0
153000.0 154000.0 424969.79801537714 2300.0
154000.0 155000.0 247426.26723434014 0.0
155000.0 156000.0 312964.24816175486 2300.0
156000.0 157000.0 242243.96392283356 0.0
157000.0 158000.0 307509.45273817965 3000.0
158000.0 159000.0 442907.70545821596 0.0
159000.0 160000.0 493716.8269986137 3000.0
160000.0 161000.0 387024.18364086025 0.0
161000.0 162000.0 449927.47049697465 3000.0
162000.0 163000.0 361176.5519059542 0.0
163000.0 164000.0 419802.7609681475 3000.0
164000.0 165000.0 363801.04630709265 0.0
165000.0 166000.0 417683.1004444219 3000.0
166000.0 167000.0 331594.9475385011 0.0
167000.0 168000.0 128373.9499583941 0.0
168000.0 169000.0 63548.71408963725 288.0
169000.0 170000.0 224537.00337389536 288.0
170000.0 171000.0 0.0 0.0
171000.0 172000.0 2912.0 0.0
172000.0 173000.0 0.0 0.0
173000.0 174000.0 100560.0 288.0
174000.0 175000.0 17.543006116201166 0.0
175000.0 176000.0 359875.64148885384 1500.0
176000.0 177000.0 132161.04754179268 1500.0
177000.0 178000.0 508062.71361169714 1500.0
178000.0 179000.0 233558.74992925132 0.0
179000.0 180000.0 300185.1358600623 1500.0
180000.0 181000.0 146894.04439902824 0.0
181000.0 182000.0 316801.1533956522 1500.0
182000.0 183000.0 116992.97076754607 0.0
183000.0 184000.0 314832.1249585621 2300.0
184000.0 185000.0 458026.5548111564 2300.0
185000.0 186000.0 533767.3131394621 2300.0
186000.0 187000.0 389504.08864545054 0.0
187000.0 188000.0 151453.91844536876 0.0
188000.0 189000.0 355488.3506766936 2300.0
189000.0 190000.0 351746.21225361666 3000.0
190000.0 191000.0 242286.52027991312 0.0
191000.0 192000.0 515038.745160036 0.0
192000.0 193000.0 397590.9873311453 3000.0
193000.0 194000.0 510420.43779518764 3000.0
194000.0 195000.0 427428.48469709867 0.0
195000.0 196000.0 507856.4374765743 3000.0
196000.0 197000.0 491271.1523129143 0.0
197000.0 198000.0 355866.90045137564 3000.0
198000.0 199000.0 387647.57178203587 0.0
199000.0 200000.0 440378.9120401688 3000.0
200000.0 201000.0 410442.00278648623 0.0
201000.0 202000.0 415231.6767594055 3000.0
202000.0 203000.0 389217.26206994336 0.0
203000.0 204000.0 343476.6156031088 3000.0
204000.0 205000.0 414263.9203212313 0.0
205000.0 206000.0 510893.9559003429 3000.0
206000.0 207000.0 376230.3217896044 0.0
207000.0 208000.0 464621.0055290144 3000.0
208000.0 209000.0 328057.5800676542 0.0
209000.0 210000.0 388749.8841523155 3000.0
210000.0 211000.0 353677.6198661446 0.0
211000.0 212000.0 431322.2610507968 3000.0
212000.0 213000.0 350231.57096418296 0.0
213000.0 214000.0 371175.63964758924 3000.0
214000.0 215000.0 350599.0071815047 0.0
215000.0 216000.0 410544.4247842394 3000.0
216000.0 217000.0 385203.400609914 0.0
217000.0 218000.0 115988.13865976172 0.0
218000.0 219000.0 0.0 0.0
219000.0 220000.0 303391.3676507473 3000.0
220000.0 221000.0 374506.67620132724 0.0
221000.0 222000.0 389190.9505737082 1500.0
222000.0 223000.0 419616.1797285534 1500.0
223000.0 224000.0 344615.11579068896 1500.0
224000.0 225000.0 187526.27805204556 0.0
225000.0 226000.0 29.432002929230265 0.0
226000.0 227000.0 0.0 0.0
227000.0 228000.0 2913.0 0.0
228000.0 229000.0 0.0 0.0
229000.0 230000.0 67912.61351382098 1500.0
230000.0 231000.0 284632.25725542975 1500.0
231000.0 232000.0 483058.4062076701 1500.0
232000.0 233000.0 427999.634296371 1500.0
233000.0 234000.0 492062.360664938 1500.0
234000.0 235000.0 533296.3535131894 1500.0
235000.0 236000.0 209528.52079516355 0.0
236000.0 237000.0 300559.6121341343 3000.0
237000.0 238000.0 485565.43703272153 3000.0
238000.0 239000.0 463867.6732634634 0.0
239000.0 240000.0 502533.5930311237 3000.0
240000.0 241000.0 524774.9698885707 0.0
241000.0 242000.0 150780.5684034035 0.0
242000.0 243000.0 189606.86536568776 3000.0
243000.0 244000.0 441176.24343619443 0.0
244000.0 245000.0 169253.89119811772 0.0
245000.0 246000.0 284304.0655469595 3000.0
246000.0 247000.0 408078.3501441874 0.0
247000.0 248000.0 390911.53662568063 3000.0
248000.0 249000.0 389598.3840440639 0.0
249000.0 250000.0 454297.18384475727 3000.0
250000.0 251000.0 358697.7189817698 0.0
251000.0 252000.0 269728.90937909385 3000.0
252000.0 253000.0 434318.3950658888 0.0
253000.0 254000.0 376408.45636759873 1500.0
254000.0 255000.0 356800.6774526319 1500.0
255000.0 256000.0 396796.74315628235 1500.0
256000.0 257000.0 213183.42616031814 0.0
257000.0 258000.0 367587.251569703 3000.0
258000.0 259000.0 351835.9133640735 0.0
259000.0 260000.0 390967.16827063495 3000.0
260000.0 261000.0 374410.37935564574 0.0
261000.0 262000.0 302416.07104755973 3000.0
262000.0 263000.0 429256.8256487453 0.0
263000.0 264000.0 416436.6453508553 3000.0
264000.0 265000.0 408409.27258455387 0.0
265000.0 266000.0 472957.021200919 3000.0
266000.0 267000.0 362907.5134326588 0.0
267000.0 268000.0 88584.09140541834 0.0
268000.0 269000.0 0.0 0.0
269000.0 270000.0 2915.0 0.0
270000.0 271000.0 0.0 0.0
271000.0 272000.0 2915.0 0.0
272000.0 273000.0 0.0 0.0
273000.0 274000.0 2915.0 0.0
274000.0 275000.0 24388.870198050914 2300.0
275000.0 276000.0 448297.91764532763 0.0
276000.0 277000.0 327806.1125912917 2300.0
277000.0 278000.0 541292.4051755466 2300.0
278000.0 279000.0 390186.73212676944 0.0
279000.0 280000.0 478933.7109617351 2300.0
280000.0 281000.0 405985.2100876559 2300.0
281000.0 282000.0 419957.62147007725 2300.0
282000.0 283000.0 420969.2924108473 0.0
283000.0 284000.0 531566.7703480923 2300.0
284000.0 285000.0 424068.409836019 2300.0
285000.0 286000.0 478190.31217497925 2300.0
286000.0 287000.0 488509.75319844944 0.0
287000.0 288000.0 427154.71038085653 2300.0
288000.0 289000.0 522652.46803234925 2300.0
289000.0 290000.0 425710.21510812 2300.0
290000.0 291000.0 501152.996902655 0.0
291000.0 292000.0 425786.2712480875 2300.0
292000.0 293000.0 502529.6557733547 2300.0
293000.0 294000.0 427076.15526435536 2300.0
294000.0 295000.0 464288.226108148 0.0
295000.0 296000.0 374384.10134534293 3000.0
296000.0 297000.0 412867.36748824734 0.0
297000.0 298000.0 451232.7951618954 3000.0
298000.0 299000.0 359340.3740555261 0.0
299000.0 300000.0 403890.33837539214 3000.0
300000.0 301000.0 132971.2065308279 0.0
