ts te s_bytes_all avg_video_rate
0.0 1000.0 0.0 0.0
1000.0 2000.0 0.0 0.0
2000.0 3000.0 0.0 0.0
3000.0 4000.0 0.0 0.0
4000.0 5000.0 0.0 0.0
5000.0 6000.0 288963.24191290804 1500.0
6000.0 7000.0 411791.5974774213 1500.0
7000.0 8000.0 413223.4428481255 1500.0
8000.0 9000.0 430078.25081317034 1500.0
9000.0 10000.0 511895.08990497456 1500.0
10000.0 11000.0 263523.1302228714 1500.0
11000.0 12000.0 496094.29654443543 1500.0
12000.0 13000.0 577000.6324852277 1500.0
13000.0 14000.0 505064.2431123683 1500.0
14000.0 15000.0 381489.4189156822 1500.0
15000.0 16000.0 309564.7235125007 0.0
16000.0 17000.0 241264.60017784277 1500.0
17000.0 18000.0 177585.332072472 0.0
18000.0 19000.0 0.0 0.0
19000.0 20000.0 196384.77782631537 1500.0
20000.0 21000.0 167197.7880144925 0.0
21000.0 22000.0 234500.4474205115 1500.0
22000.0 23000.0 301468.59492555464 1500.0
23000.0 24000.0 290222.391813126 0.0
24000.0 25000.0 0.0 0.0
25000.0 26000.0 171450.70746889286 1500.0
26000.0 27000.0 242108.29253110714 0.0
27000.0 28000.0 207504.10246442823 1500.0
28000.0 29000.0 419483.383829834 1500.0
29000.0 30000.0 490578.18154828914 1500.0
30000.0 31000.0 143865.28348491437 0.0
31000.0 32000.0 253313.98547225527 1500.0
32000.0 33000.0 178314.6034062493 0.0
33000.0 34000.0 233561.3305892563 1500.0
34000.0 35000.0 153617.58766467357 0.0
35000.0 36000.0 243087.87507311042 1500.0
36000.0 37000.0 202357.31012515235 0.0
37000.0 38000.0 128337.50783149392 1500.0
38000.0 39000.0 341893.68512317515 1500.0
39000.0 40000.0 339541.16338716797 0.0
40000.0 41000.0 0.0 0.0
41000.0 42000.0 236674.3253123105 1500.0
42000.0 43000.0 164292.72423931878 0.0
43000.0 44000.0 221701.52860151223 1500.0
44000.0 45000.0 478926.4661194012 1500.0
45000.0 46000.0 100011.95572745729 0.0
46000.0 47000.0 0.0 0.0
47000.0 48000.0 140695.6320696902 1500.0
48000.0 49000.0 283336.2988824483 1500.0
49000.0 50000.0 580138.702293559 1500.0
50000.0 51000.0 172919.62824224116 0.0
51000.0 52000.0 30514.73851206139 0.0
52000.0 53000.0 0.0 0.0
53000.0 54000.0 217230.23754943666 1500.0
54000.0 55000.0 179562.76245056337 0.0
55000.0 56000.0 215110.8149764504 1500.0
56000.0 57000.0 182461.0562250592 0.0
57000.0 58000.0 269986.78827011987 1500.0
58000.0 59000.0 147067.34052837046 0.0
59000.0 60000.0 215558.20495783852 1500.0
60000.0 61000.0 177910.8513797569 0.0
61000.0 62000.0 194901.1388782248 1500.0
62000.0 63000.0 228629.8047841798 0.0
63000.0 64000.0 212887.89395895984 1500.0
64000.0 65000.0 212394.33015807607 0.0
65000.0 66000.0 267062.22345632676 1500.0
66000.0 67000.0 494087.24804440537 1500.0
67000.0 68000.0 396541.92816148757 1500.0
68000.0 69000.0 106270.3762207443 0.0
69000.0 70000.0 2914.0 0.0
70000.0 71000.0 0.0 0.0
71000.0 72000.0 228586.8736045371 1500.0
72000.0 73000.0 185767.55016819583 0.0
73000.0 74000.0 208456.06255035213 1500.0
74000.0 75000.0 410032.7342935056 1500.0
75000.0 76000.0 205406.7793834093 0.0
76000.0 77000.0 0.0 0.0
77000.0 78000.0 237549.5606880644 1500.0
78000.0 79000.0 149021.6067673365 0.0
79000.0 80000.0 256048.77616853762 1500.0
80000.0 81000.0 488740.7406868625 1500.0
81000.0 82000.0 317522.5650962674 1500.0
82000.0 83000.0 143179.90356414026 0.0
83000.0 84000.0 268837.2651475882 1500.0
84000.0 85000.0 152020.58188120314 0.0
85000.0 86000.0 2913.0 0.0
86000.0 87000.0 0.0 0.0
87000.0 88000.0 207860.15432753038 1500.0
88000.0 89000.0 337944.6776650514 1500.0
89000.0 90000.0 503113.8493324667 1500.0
90000.0 91000.0 122411.31867495147 0.0
91000.0 92000.0 212902.1083947177 1500.0
92000.0 93000.0 140832.63044310504 0.0
93000.0 94000.0 240775.24454080508 1500.0
94000.0 95000.0 166248.59483035174 0.0
95000.0 96000.0 228193.49369654633 1500.0
96000.0 97000.0 439676.4705518975 1500.0
97000.0 98000.0 325677.3188784821 1500.0
98000.0 99000.0 258550.13866409444 0.0
99000.0 100000.0 216353.61712986854 1500.0
100000.0 101000.0 190760.55267933983 0.0
101000.0 102000.0 232311.04297740606 3000.0
102000.0 103000.0 321356.0234247712 0.0
103000.0 104000.0 388208.94036874524 3000.0
104000.0 105000.0 402944.2287268162 0.0
105000.0 106000.0 359251.0983879148 3000.0
106000.0 107000.0 352639.8272009265 0.0
107000.0 108000.0 473687.16802958667 3000.0
108000.0 109000.0 340965.0754599623 0.0
109000.0 110000.0 96954.42561466263 0.0
110000.0 111000.0 0.0 0.0
111000.0 112000.0 206185.59518496448 2300.0
112000.0 113000.0 287310.7225664014 0.0
113000.0 114000.0 321685.2002493069 2300.0
114000.0 115000.0 334627.3312425509 0.0
115000.0 116000.0 168353.64364416237 2300.0
116000.0 117000.0 471313.28815385106 0.0
117000.0 118000.0 156263.29723116508 2300.0
118000.0 119000.0 446424.0026564138 2300.0
119000.0 120000.0 573817.8402727394 0.0
120000.0 121000.0 432083.07043057185 2300.0
121000.0 122000.0 237359.00836787288 0.0
122000.0 123000.0 0.0 0.0
123000.0 124000.0 213161.7048033987 2300.0
124000.0 125000.0 417773.45005032513 2300.0
125000.0 126000.0 506977.3485301786 0.0
126000.0 127000.0 474716.00384400587 2300.0
127000.0 128000.0 208525.49277209173 0.0
128000.0 129000.0 0.0 0.0
129000.0 130000.0 217321.9344918469 2300.0
130000.0 131000.0 391143.5218640908 2300.0
131000.0 132000.0 718370.9560324176 2300.0
132000.0 133000.0 294886.6803007546 0.0
133000.0 134000.0 122284.90731089016 0.0
134000.0 135000.0 0.0 0.0
135000.0 136000.0 251626.7887706273 2300.0
136000.0 137000.0 294890.44705491496 0.0
137000.0 138000.0 75830.76417445771 0.0
138000.0 139000.0 69222.2297513709 2300.0
139000.0 140000.0 450249.1907472544 2300.0
140000.0 141000.0 529916.7546062315 0.0
141000.0 142000.0 466571.7881705192 2300.0
142000.0 143000.0 516777.42246763984 2300.0
143000.0 144000.0 446139.62913351256 0.0
144000.0 145000.0 3561.98512347161 0.0
145000.0 146000.0 171915.8610843191 2300.0
146000.0 147000.0 437456.8818428855 2300.0
147000.0 148000.0 524356.1144400692 2300.0
148000.0 149000.0 408201.6156872206 0.0
149000.0 150000.0 442071.4847224204 2300.0
150000.0 151000.0 291590.825754907 0.0
151000.0 152000.0 266618.2794853277 2300.0
152000.0 153000.0 307051.95006570115 0.0
153000.0 154000.0 356955.35222552664 2300.0
154000.0 155000.0 267619.78061343596 0.0
155000.0 156000.0 304885.1155852857 2300.0
156000.0 157000.0 281026.3188959068 0.0
157000.0 158000.0 301613.8797543264 2300.0
158000.0 159000.0 302102.79164161556 0.0
159000.0 160000.0 317683.9544390219 2300.0
160000.0 161000.0 275203.0183652101 0.0
161000.0 162000.0 322615.8478961177 2300.0
162000.0 163000.0 295841.96161198645 0.0
163000.0 164000.0 181037.32547892473 2300.0
164000.0 165000.0 478615.0314107366 0.0
165000.0 166000.0 189136.6788925113 2300.0
166000.0 167000.0 434658.93010654324 0.0
167000.0 168000.0 255757.25488679236 2300.0
168000.0 169000.0 383044.45712109277 2300.0
169000.0 170000.0 551893.6487708472 2300.0
170000.0 171000.0 431997.8160995206 0.0
171000.0 172000.0 432100.0838651558 2300.0
172000.0 173000.0 274587.3787075875 0.0
173000.0 174000.0 321094.13158654067 2300.0
174000.0 175000.0 272434.4176520784 0.0
175000.0 176000.0 320064.7433009091 2300.0
176000.0 177000.0 281056.37090750656 0.0
177000.0 178000.0 287576.7112006138 2300.0
178000.0 179000.0 312629.6683967763 0.0
179000.0 180000.0 304974.53462700406 2300.0
180000.0 181000.0 285249.7401796554 0.0
181000.0 182000.0 319716.24176753766 2300.0
182000.0 183000.0 263372.35922673525 0.0
183000.0 184000.0 188292.7769184592 2300.0
184000.0 185000.0 536852.0862612859 0.0
185000.0 186000.0 189312.164413828 2300.0
186000.0 187000.0 445054.13765914075 0.0
187000.0 188000.0 35273.27645093272 2300.0
188000.0 189000.0 506028.79160109157 0.0
189000.0 190000.0 255493.1049909393 2300.0
190000.0 191000.0 286700.8208458288 0.0
191000.0 192000.0 101221.07597238863 0.0
192000.0 193000.0 17.206589751685932 0.0
193000.0 194000.0 91473.27164508906 2300.0
194000.0 195000.0 377327.04806955263 2300.0
195000.0 196000.0 571976.7262303054 0.0
196000.0 197000.0 528693.1213584848 2300.0
197000.0 198000.0 501962.215802838 2300.0
198000.0 199000.0 222635.04106000927 0.0
199000.0 200000.0 46805.575833721 0.0
200000.0 201000.0 24.0 0.0
201000.0 202000.0 2916.0 0.0
202000.0 203000.0 0.0 0.0
203000.0 204000.0 2916.0 0.0
204000.0 205000.0 0.0 0.0
205000.0 206000.0 111452.38666480017 2300.0
206000.0 207000.0 343199.92020282825 0.0
207000.0 208000.0 394973.3304096878 288.0
208000.0 209000.0 92966.36272268381 288.0
209000.0 210000.0 2912.0 0.0
210000.0 211000.0 0.0 0.0
211000.0 212000.0 2912.0 0.0
212000.0 213000.0 0.0 0.0
213000.0 214000.0 4312.0 0.0
214000.0 215000.0 0.0 0.0
215000.0 216000.0 202296.26292965093 288.0
216000.0 217000.0 251462.54133270163 288.0
217000.0 218000.0 140028.80786451418 416.0
218000.0 219000.0 84558.38787313327 0.0
219000.0 220000.0 2910.0 0.0
220000.0 221000.0 0.0 0.0
221000.0 222000.0 205375.28797962013 480.0
222000.0 223000.0 79463.44336065977 0.0
223000.0 224000.0 127494.36879173365 480.0
224000.0 225000.0 26836.800046562057 0.0
225000.0 226000.0 7252.480447201973 0.0
226000.0 227000.0 4385.106858222865 0.0
227000.0 228000.0 7299.512515999529 0.0
228000.0 229000.0 5600.0 0.0
229000.0 230000.0 137418.98613371202 480.0
230000.0 231000.0 9391.457406989339 0.0
231000.0 232000.0 216339.82997248136 480.0
232000.0 233000.0 137267.62700003415 480.0
233000.0 234000.0 124757.62808744484 0.0
234000.0 235000.0 121675.47139933829 480.0
235000.0 236000.0 143011.65738178487 480.0
236000.0 237000.0 17356.342618215105 0.0
237000.0 238000.0 144662.0 480.0
238000.0 239000.0 0.0 0.0
239000.0 240000.0 122530.0 480.0
240000.0 241000.0 0.0 0.0
241000.0 242000.0 94414.80171996164 480.0
242000.0 243000.0 50367.198280038356 0.0
243000.0 244000.0 229797.576938775 4400.0
244000.0 245000.0 512284.2886075253 0.0
245000.0 246000.0 541813.3718121235 4400.0
246000.0 247000.0 508613.0082646698 0.0
247000.0 248000.0 633189.3286372479 4400.0
248000.0 249000.0 407788.50658722105 0.0
249000.0 250000.0 550558.5094438948 4400.0
250000.0 251000.0 658987.453489343 0.0
251000.0 252000.0 612374.0507632041 4400.0
252000.0 253000.0 592954.5561717583 0.0
253000.0 254000.0 542748.6537887861 4400.0
254000.0 255000.0 589830.641464693 0.0
255000.0 256000.0 628684.9266550414 4400.0
256000.0 257000.0 632467.1324344362 0.0
257000.0 258000.0 513915.76182034623 4400.0
258000.0 259000.0 620460.9661419033 0.0
259000.0 260000.0 517070.6413279423 0.0
260000.0 261000.0 558326.6651373828 4400.0
261000.0 262000.0 569039.4493899419 0.0
262000.0 263000.0 510035.4493531823 4400.0
263000.0 264000.0 433979.34803142695 0.0
264000.0 265000.0 546683.9010396145 4400.0
265000.0 266000.0 706206.651483003 0.0
266000.0 267000.0 541342.192464042 4400.0
267000.0 268000.0 576732.4437012551 0.0
268000.0 269000.0 527467.8470530431 4400.0
269000.0 270000.0 653117.9115329399 0.0
270000.0 271000.0 568338.16676064 0.0
271000.0 272000.0 639404.8223349117 4400.0
272000.0 273000.0 563493.8856613142 0.0
273000.0 274000.0 309887.8917083914 0.0
274000.0 275000.0 0.0 0.0
275000.0 276000.0 4314.0 0.0
276000.0 277000.0 0.0 0.0
277000.0 278000.0 190135.57593245193 3000.0
278000.0 279000.0 431121.17905943637 2300.0
279000.0 280000.0 448833.76610451104 0.0
280000.0 281000.0 479110.3593680769 2300.0
281000.0 282000.0 555169.8091472643 2300.0
282000.0 283000.0 422541.68632285256 0.0
283000.0 284000.0 568583.5291609275 1500.0
284000.0 285000.0 362097.6270384073 1500.0
285000.0 286000.0 379633.33031731145 1500.0
286000.0 287000.0 419165.1375487605 1500.0
287000.0 288000.0 141289.03194865325 0.0
288000.0 289000.0 490181.3047555239 1500.0
289000.0 290000.0 431504.2214813203 1500.0
290000.0 291000.0 158531.4418145025 0.0
291000.0 292000.0 227681.24465835787 1500.0
292000.0 293000.0 191843.16410855623 0.0
293000.0 294000.0 234899.03533039516 3000.0
294000.0 295000.0 397242.80567286693 0.0
295000.0 296000.0 454150.96902596916 3000.0
296000.0 297000.0 336860.9170623913 0.0
297000.0 298000.0 385961.6615941331 3000.0
298000.0 299000.0 377898.25059186475 0.0
299000.0 300000.0 332638.05044511793 3000.0
300000.0 301000.0 169835.90151034747 0.0
