ts te s_bytes_all avg_video_rate
0.0 1000.0 0.0 0.0
1000.0 2000.0 0.0 0.0
2000.0 3000.0 0.0 0.0
3000.0 4000.0 0.0 0.0
4000.0 5000.0 0.0 0.0
5000.0 6000.0 0.0 0.0
6000.0 7000.0 6912.0 0.0
7000.0 8000.0 286497.36502745195 1500.0
8000.0 9000.0 272249.7862065103 840.0
9000.0 10000.0 307703.28346154117 480.0
10000.0 11000.0 329254.4963874286 480.0
11000.0 12000.0 304985.1429076154 480.0
12000.0 13000.0 407157.0281613886 480.0
13000.0 14000.0 2709.89784806399 0.0
14000.0 15000.0 148991.0 480.0
15000.0 16000.0 243099.8204885858 2300.0
16000.0 17000.0 296748.88327938656 0.0
17000.0 18000.0 412463.73347350274 2300.0
18000.0 19000.0 217027.93871187593 0.0
19000.0 20000.0 449110.8305430573 2300.0
20000.0 21000.0 324888.49497219775 2300.0
21000.0 22000.0 366550.6789579088 0.0
22000.0 23000.0 418339.8386861036 2300.0
23000.0 24000.0 287042.5719258611 0.0
24000.0 25000.0 381195.19565287145 3000.0
25000.0 26000.0 364513.44442828954 3000.0
26000.0 27000.0 348299.4197989561 0.0
27000.0 28000.0 414339.2399169783 3000.0
28000.0 29000.0 389407.38751298777 0.0
29000.0 30000.0 458691.72558615863 3000.0
30000.0 31000.0 416910.22068116535 0.0
31000.0 32000.0 425200.7631016426 3000.0
32000.0 33000.0 375589.16017761605 0.0
33000.0 34000.0 413590.41451107815 3000.0
34000.0 35000.0 360806.9943661165 0.0
35000.0 36000.0 379838.16779804655 3000.0
36000.0 37000.0 329338.7493389166 0.0
37000.0 38000.0 353173.62843416433 3000.0
38000.0 39000.0 417493.32113725663 0.0
39000.0 40000.0 470596.78510007646 3000.0
40000.0 41000.0 410403.73875436105 0.0
41000.0 42000.0 369596.98695395 3000.0
42000.0 43000.0 352617.2433873969 0.0
43000.0 44000.0 410635.0649258316 3000.0
44000.0 45000.0 385589.4066715514 0.0
45000.0 46000.0 376418.6655636418 3000.0
46000.0 47000.0 350493.5029846056 0.0
47000.0 48000.0 396184.53785081767 3000.0
48000.0 49000.0 407613.9079015709 0.0
49000.0 50000.0 365675.2069393765 3000.0
50000.0 51000.0 373715.7073130622 0.0
51000.0 52000.0 463911.84647176357 3000.0
52000.0 53000.0 459484.869480252 3000.0
53000.0 54000.0 495580.9863981064 0.0
54000.0 55000.0 518155.472507181 3000.0
55000.0 56000.0 463985.37479392654 0.0
56000.0 57000.0 499728.68812966347 3000.0
57000.0 58000.0 598517.5028441033 3000.0
58000.0 59000.0 385357.6160374251 0.0
59000.0 60000.0 389467.885974172 3000.0
60000.0 61000.0 351473.30832396215 0.0
61000.0 62000.0 378482.2626608476 3000.0
62000.0 63000.0 395678.431003457 0.0
63000.0 64000.0 393583.697054433 3000.0
64000.0 65000.0 377959.3358704087 0.0
65000.0 66000.0 452218.26372162346 3000.0
66000.0 67000.0 337155.48951519583 0.0
67000.0 68000.0 311429.74644939153 3000.0
68000.0 69000.0 367511.4622299734 0.0
69000.0 70000.0 478758.661213026 3000.0
70000.0 71000.0 401649.52940420195 0.0
71000.0 72000.0 371469.3460363699 3000.0
72000.0 73000.0 390969.18704599433 0.0
73000.0 74000.0 392702.1259037656 3000.0
74000.0 75000.0 359897.17581365595 0.0
75000.0 76000.0 420094.3724386223 3000.0
76000.0 77000.0 368125.57363025774 0.0
77000.0 78000.0 344189.6242251713 3000.0
78000.0 79000.0 381392.35641239514 0.0
79000.0 80000.0 433769.36380858155 3000.0
80000.0 81000.0 351381.01751559903 0.0
81000.0 82000.0 358682.8966557436 3000.0
82000.0 83000.0 407082.93989892193 0.0
83000.0 84000.0 438614.06447158015 3000.0
84000.0 85000.0 376368.622383332 0.0
85000.0 86000.0 449112.48277161195 3000.0
86000.0 87000.0 381927.34620477306 0.0
87000.0 88000.0 364137.3307881257 3000.0
88000.0 89000.0 372876.52192856936 0.0
89000.0 90000.0 396227.3301912643 3000.0
90000.0 91000.0 390542.9768479798 0.0
91000.0 92000.0 430640.6098551523 3000.0
92000.0 93000.0 395763.15002871165 0.0
93000.0 94000.0 344322.36977363983 3000.0
94000.0 95000.0 376310.91668802325 0.0
95000.0 96000.0 438983.1579649032 3000.0
96000.0 97000.0 358470.24683122215 0.0
97000.0 98000.0 367273.9480880707 3000.0
98000.0 99000.0 363797.68581169046 0.0
99000.0 100000.0 410748.50725836883 3000.0
100000.0 101000.0 471022.30267006916 0.0
101000.0 102000.0 460287.57337582577 3000.0
102000.0 103000.0 463696.38100236544 3000.0
103000.0 104000.0 457619.40303655074 0.0
104000.0 105000.0 469324.85211034096 3000.0
105000.0 106000.0 590039.4149325928 3000.0
106000.0 107000.0 451446.30356356443 0.0
107000.0 108000.0 321476.05445049406 3000.0
108000.0 109000.0 357189.22294279287 0.0
109000.0 110000.0 458341.4587887215 3000.0
110000.0 111000.0 416156.2743487244 0.0
111000.0 112000.0 392236.5152374648 3000.0
112000.0 113000.0 408111.75163605827 0.0
113000.0 114000.0 309946.1243381185 3000.0
114000.0 115000.0 478661.06650200917 0.0
115000.0 116000.0 364351.9033395046 3000.0
116000.0 117000.0 386710.0449242333 0.0
117000.0 118000.0 408379.683656898 3000.0
118000.0 119000.0 367676.215655745 0.0
119000.0 120000.0 390674.04793328216 3000.0
120000.0 121000.0 390390.9538656943 0.0
121000.0 122000.0 399321.005712764 3000.0
122000.0 123000.0 384436.4912152636 0.0
123000.0 124000.0 212097.8995787451 0.0
124000.0 125000.0 0.0 0.0
125000.0 126000.0 265428.95565709454 3000.0
126000.0 127000.0 351402.843330574 0.0
127000.0 128000.0 350870.8846036856 2300.0
128000.0 129000.0 301863.1866388051 0.0
129000.0 130000.0 234825.6937834128 2300.0
130000.0 131000.0 373188.39597748755 0.0
131000.0 132000.0 208605.84152995615 2300.0
132000.0 133000.0 513862.2861588793 2300.0
133000.0 134000.0 341706.00658732024 0.0
134000.0 135000.0 511707.72570009786 2300.0
135000.0 136000.0 485367.0802070046 2300.0
136000.0 137000.0 290570.02872045303 0.0
137000.0 138000.0 348140.61851005297 2300.0
138000.0 139000.0 282660.9564500848 0.0
139000.0 140000.0 318407.8786724641 3000.0
140000.0 141000.0 341850.2445532935 0.0
141000.0 142000.0 375896.4012125141 3000.0
142000.0 143000.0 366784.890511011 0.0
143000.0 144000.0 399467.90968392044 3000.0
144000.0 145000.0 333017.3835134926 0.0
145000.0 146000.0 313419.7604944976 3000.0
146000.0 147000.0 387579.1922789909 0.0
147000.0 148000.0 419550.57371139224 3000.0
148000.0 149000.0 333839.58807922166 0.0
149000.0 150000.0 373939.7529549317 3000.0
150000.0 151000.0 390732.0501483608 0.0
151000.0 152000.0 387001.44421383634 3000.0
152000.0 153000.0 398424.27129007236 0.0
153000.0 154000.0 431734.93927972054 3000.0
154000.0 155000.0 316283.4317354779 0.0
155000.0 156000.0 356404.426886578 3000.0
156000.0 157000.0 465005.7047529818 0.0
157000.0 158000.0 578214.3064382017 3000.0
158000.0 159000.0 488866.592108123 3000.0
159000.0 160000.0 405378.609699531 0.0
160000.0 161000.0 482440.8458217559 3000.0
161000.0 162000.0 483626.7230864106 3000.0
162000.0 163000.0 427086.84752788197 0.0
163000.0 164000.0 469169.05153915856 3000.0
164000.0 165000.0 382947.6611674094 0.0
165000.0 166000.0 407551.671749635 3000.0
166000.0 167000.0 361902.097233521 0.0
167000.0 168000.0 392563.8912673878 3000.0
168000.0 169000.0 329351.140814757 0.0
169000.0 170000.0 370906.6590987745 3000.0
170000.0 171000.0 376930.7360314887 0.0
171000.0 172000.0 155735.81858829802 0.0
172000.0 173000.0 0.0 0.0
173000.0 174000.0 222131.7842867393 3000.0
174000.0 175000.0 448692.7158392531 0.0
175000.0 176000.0 422061.3045485317 2300.0
176000.0 177000.0 412705.93053801294 2300.0
177000.0 178000.0 579114.9588685837 2300.0
178000.0 179000.0 384030.74234288034 0.0
179000.0 180000.0 494834.5358273558 2300.0
180000.0 181000.0 381027.0602506814 0.0
181000.0 182000.0 367670.31246230076 3000.0
182000.0 183000.0 387266.42501682433 0.0
183000.0 184000.0 433324.07756461017 3000.0
184000.0 185000.0 356893.92145834 0.0
185000.0 186000.0 378069.51190623775 3000.0
186000.0 187000.0 381564.179809637 0.0
187000.0 188000.0 312055.57971558126 3000.0
188000.0 189000.0 364762.0214031337 0.0
189000.0 190000.0 493483.16830913734 3000.0
190000.0 191000.0 412809.2842341926 0.0
191000.0 192000.0 367639.9807320883 3000.0
192000.0 193000.0 320573.9397517068 0.0
193000.0 194000.0 397237.6816153751 3000.0
194000.0 195000.0 349987.30308241345 0.0
195000.0 196000.0 378344.3978749291 3000.0
196000.0 197000.0 389171.11445869424 0.0
197000.0 198000.0 412790.59403031744 3000.0
198000.0 199000.0 489187.54619085655 3000.0
199000.0 200000.0 500440.03201320645 0.0
200000.0 201000.0 515266.5977725773 3000.0
201000.0 202000.0 533213.2337981276 0.0
202000.0 203000.0 479061.23633073835 3000.0
203000.0 204000.0 571477.3429714732 3000.0
204000.0 205000.0 347500.4922951961 0.0
205000.0 206000.0 324206.06215601554 3000.0
206000.0 207000.0 381384.81175819505 0.0
207000.0 208000.0 494022.17750439607 3000.0
208000.0 209000.0 405322.6143648337 0.0
209000.0 210000.0 329715.35034455673 3000.0
210000.0 211000.0 364105.1565909159 0.0
211000.0 212000.0 445373.5571053279 3000.0
212000.0 213000.0 398943.73727495223 0.0
213000.0 214000.0 375285.6643805817 3000.0
214000.0 215000.0 369140.63270636485 0.0
215000.0 216000.0 400224.99433193216 3000.0
216000.0 217000.0 340149.4345425827 0.0
217000.0 218000.0 340393.95369285706 3000.0
218000.0 219000.0 367627.2330857318 0.0
219000.0 220000.0 443183.0257485142 3000.0
220000.0 221000.0 367956.9352540934 0.0
221000.0 222000.0 378925.1826861934 3000.0
222000.0 223000.0 411141.6975803841 0.0
223000.0 224000.0 529456.3748152077 3000.0
224000.0 225000.0 372318.0707587794 0.0
225000.0 226000.0 372292.0221786811 3000.0
226000.0 227000.0 357162.21100941545 0.0
227000.0 228000.0 360314.6756802564 3000.0
228000.0 229000.0 388582.0677340295 0.0
229000.0 230000.0 418250.3629172913 3000.0
230000.0 231000.0 365217.6893973325 0.0
231000.0 232000.0 390160.1481867402 3000.0
232000.0 233000.0 371953.29719646566 0.0
233000.0 234000.0 380433.3262828391 3000.0
234000.0 235000.0 384665.56097411504 0.0
235000.0 236000.0 410855.1575046374 3000.0
236000.0 237000.0 379135.6226157504 0.0
237000.0 238000.0 430419.4081450557 3000.0
238000.0 239000.0 388119.926527817 0.0
239000.0 240000.0 189908.84966742477 0.0
240000.0 241000.0 0.0 0.0
241000.0 242000.0 182994.97665083135 3000.0
242000.0 243000.0 379320.65064491774 0.0
243000.0 244000.0 619832.5741448839 1500.0
244000.0 245000.0 364507.7345201776 0.0
245000.0 246000.0 520760.7068668139 1500.0
246000.0 247000.0 304694.71542745014 0.0
247000.0 248000.0 110147.46932716949 0.0
248000.0 249000.0 416751.0179155455 3000.0
249000.0 250000.0 376472.668661127 3000.0
250000.0 251000.0 474382.15838124935 0.0
251000.0 252000.0 417773.3874520442 3000.0
252000.0 253000.0 478258.26454511477 0.0
253000.0 254000.0 325218.7124735249 3000.0
254000.0 255000.0 377586.56396810117 0.0
255000.0 256000.0 404233.20958027896 3000.0
256000.0 257000.0 385501.43646168883 0.0
257000.0 258000.0 390636.0399141634 3000.0
258000.0 259000.0 358982.1991315419 0.0
259000.0 260000.0 412987.8913264271 3000.0
260000.0 261000.0 399919.7996943258 0.0
261000.0 262000.0 402016.29906487593 3000.0
262000.0 263000.0 368192.90421303734 0.0
263000.0 264000.0 351009.7148066042 3000.0
264000.0 265000.0 399669.85657022824 0.0
265000.0 266000.0 217426.04825787706 0.0
266000.0 267000.0 0.0 0.0
267000.0 268000.0 178889.47803927498 3000.0
268000.0 269000.0 379163.5383938436 0.0
269000.0 270000.0 513281.0568172884 2300.0
270000.0 271000.0 460605.4122964673 2300.0
271000.0 272000.0 405131.7876047696 2300.0
272000.0 273000.0 363424.2710148494 0.0
273000.0 274000.0 402432.08943154226 1500.0
274000.0 275000.0 319055.36640196457 0.0
275000.0 276000.0 162082.27729591157 1500.0
276000.0 277000.0 228835.72270408843 0.0
277000.0 278000.0 203720.93340637238 3000.0
278000.0 279000.0 334489.35987932223 0.0
279000.0 280000.0 359606.18026743236 3000.0
280000.0 281000.0 395962.74914614105 0.0
281000.0 282000.0 402177.0352095983 3000.0
282000.0 283000.0 372317.7400531756 0.0
283000.0 284000.0 394331.37521437294 3000.0
284000.0 285000.0 408722.12463483965 0.0
285000.0 286000.0 420562.5910353226 3000.0
286000.0 287000.0 387589.07831273344 0.0
287000.0 288000.0 355927.9384159375 3000.0
288000.0 289000.0 378503.61743813433 0.0
289000.0 290000.0 410509.0848361738 3000.0
290000.0 291000.0 388410.38709480764 0.0
291000.0 292000.0 414856.64082725334 3000.0
292000.0 293000.0 357665.6160480715 0.0
293000.0 294000.0 382585.40001553844 3000.0
294000.0 295000.0 491326.3968455728 0.0
295000.0 296000.0 464083.8444927375 3000.0
296000.0 297000.0 383583.95633022813 3000.0
297000.0 298000.0 560682.118498727 0.0
298000.0 299000.0 582982.2945860953 3000.0
299000.0 300000.0 497116.68433887855 3000.0
300000.0 301000.0 114426.85307253344 0.0
