ts te s_bytes_all avg_video_rate
0.0 1000.0 0.0 0.0
1000.0 2000.0 0.0 0.0
2000.0 3000.0 0.0 0.0
3000.0 4000.0 0.0 0.0
4000.0 5000.0 0.0 0.0
5000.0 6000.0 0.0 0.0
6000.0 7000.0 0.0 0.0
7000.0 8000.0 0.0 0.0
8000.0 9000.0 0.0 0.0
9000.0 10000.0 0.0 0.0
10000.0 11000.0 0.0 0.0
11000.0 12000.0 0.0 0.0
12000.0 13000.0 0.0 0.0
13000.0 14000.0 0.0 0.0
14000.0 15000.0 0.0 0.0
15000.0 16000.0 0.0 0.0
16000.0 17000.0 0.0 0.0
17000.0 18000.0 0.0 0.0
18000.0 19000.0 0.0 0.0
19000.0 20000.0 0.0 0.0
20000.0 21000.0 0.0 0.0
21000.0 22000.0 0.0 0.0
22000.0 23000.0 3520.0 0.0
23000.0 24000.0 862.8245719627078 0.0
24000.0 25000.0 8572.046540947631 288.0
25000.0 26000.0 124054.0807751247 0.0
26000.0 27000.0 29351.048111964963 0.0
27000.0 28000.0 3771.538736863255 0.0
28000.0 29000.0 6177.172020497228 0.0
29000.0 30000.0 7640.63327518123 0.0
30000.0 31000.0 2099.723017171035 0.0
31000.0 32000.0 3430.932950287252 0.0
32000.0 33000.0 2648.706688785518 0.0
33000.0 34000.0 69019.16455348786 288.0
34000.0 35000.0 114946.49855743321 288.0
35000.0 36000.0 113997.68381862527 288.0
36000.0 37000.0 127961.15344864578 288.0
37000.0 38000.0 84763.69790074625 288.0
38000.0 39000.0 96964.58502503899 288.0
39000.0 40000.0 91670.02425344921 288.0
40000.0 41000.0 93126.33662948181 0.0
41000.0 42000.0 132192.390149151 288.0
42000.0 43000.0 126228.5798608255 288.0
43000.0 44000.0 139782.71226351135 288.0
44000.0 45000.0 150395.30097649098 288.0
45000.0 46000.0 170363.54551682403 288.0
46000.0 47000.0 105378.80413164287 288.0
47000.0 48000.0 8468.68135102348 0.0
48000.0 49000.0 160119.27417455407 480.0
49000.0 50000.0 137143.80892308505 480.0
50000.0 51000.0 79450.44404069228 0.0
51000.0 52000.0 81590.80262902947 480.0
52000.0 53000.0 102517.6486665356 0.0
53000.0 54000.0 161710.35330739693 480.0
54000.0 55000.0 8788.803133543493 0.0
55000.0 56000.0 222948.69112840225 480.0
56000.0 57000.0 58054.27231578002 0.0
57000.0 58000.0 17501.68555907913 0.0
58000.0 59000.0 45749.912173148135 0.0
59000.0 60000.0 76121.35103309333 288.0
60000.0 61000.0 60388.20068426939 288.0
61000.0 62000.0 98355.06461323382 288.0
62000.0 63000.0 111163.08359477622 288.0
63000.0 64000.0 72052.77340479787 288.0
64000.0 65000.0 61554.86813871713 0.0
65000.0 66000.0 78208.06367190191 288.0
66000.0 67000.0 37044.93641507265 0.0
67000.0 68000.0 96078.09726772814 288.0
68000.0 69000.0 5077.0780879342055 0.0
69000.0 70000.0 78001.18064017087 288.0
70000.0 71000.0 63308.87867705194 288.0
71000.0 72000.0 58749.862594843 0.0
72000.0 73000.0 60611.197110953275 288.0
73000.0 74000.0 90722.52316144515 288.0
74000.0 75000.0 91774.27972760158 0.0
75000.0 76000.0 53286.75778535125 288.0
76000.0 77000.0 51330.024478696054 0.0
77000.0 78000.0 85681.25733882909 288.0
78000.0 79000.0 9525.899750830196 0.0
79000.0 80000.0 48782.52051482245 480.0
80000.0 81000.0 165091.63026552158 480.0
81000.0 82000.0 96619.90986594938 0.0
82000.0 83000.0 81849.51808332812 840.0
83000.0 84000.0 98653.73275052494 0.0
84000.0 85000.0 167168.38614208606 840.0
85000.0 86000.0 87854.36302406086 0.0
86000.0 87000.0 215983.0 840.0
87000.0 88000.0 0.0 0.0
88000.0 89000.0 331622.9510147136 1500.0
89000.0 90000.0 298828.03555853135 1500.0
90000.0 91000.0 279953.77709516266 0.0
91000.0 92000.0 179564.3114002859 1500.0
92000.0 93000.0 239567.23066521224 0.0
93000.0 94000.0 30601.694266094182 0.0
94000.0 95000.0 30785.31366029157 288.0
95000.0 96000.0 270588.3206304782 288.0
96000.0 97000.0 99293.90172140955 288.0
97000.0 98000.0 11981.463987820676 0.0
98000.0 99000.0 127280.19690944997 840.0
99000.0 100000.0 90457.80309055003 0.0
100000.0 101000.0 321524.41222015116 840.0
101000.0 102000.0 4787.587779848842 0.0
102000.0 103000.0 344710.07669349934 1500.0
103000.0 104000.0 58289.8466805871 0.0
104000.0 105000.0 369096.34132412955 1500.0
105000.0 106000.0 248889.8707254643 1500.0
106000.0 107000.0 232387.91525786743 0.0
107000.0 108000.0 396320.12997109105 1500.0
108000.0 109000.0 30625.610677699646 0.0
109000.0 110000.0 388770.81371597445 1500.0
110000.0 111000.0 202276.03211726874 1500.0
111000.0 112000.0 253896.3628364184 0.0
112000.0 113000.0 202112.70324683597 1500.0
113000.0 114000.0 394555.77539858315 0.0
114000.0 115000.0 353016.5213545809 1500.0
115000.0 116000.0 0.0 0.0
116000.0 117000.0 466033.0493803611 2300.0
117000.0 118000.0 415364.30192116456 2300.0
118000.0 119000.0 387605.9266793438 0.0
119000.0 120000.0 202744.66288604063 2300.0
120000.0 121000.0 438880.14397875697 2300.0
121000.0 122000.0 478377.27153309406 0.0
122000.0 123000.0 107489.64362123879 0.0
123000.0 124000.0 313262.58949945687 2300.0
124000.0 125000.0 561290.2518588621 2300.0
125000.0 126000.0 438851.1586416811 0.0
126000.0 127000.0 206424.29514567726 2300.0
127000.0 128000.0 420942.0213762877 2300.0
128000.0 129000.0 390345.16310185427 0.0
129000.0 130000.0 214250.52037618082 0.0
130000.0 131000.0 276245.50724683295 2300.0
131000.0 132000.0 572875.201671298 2300.0
132000.0 133000.0 348790.65908328805 0.0
133000.0 134000.0 396699.13882345136 2300.0
134000.0 135000.0 390882.7197151247 0.0
135000.0 136000.0 504523.34827517334 2300.0
136000.0 137000.0 168514.69497014116 0.0
137000.0 138000.0 464914.09143250115 2300.0
138000.0 139000.0 338137.69119327393 2300.0
139000.0 140000.0 331956.32136766484 0.0
140000.0 141000.0 248849.77267599042 3000.0
141000.0 142000.0 419192.89667692885 0.0
142000.0 143000.0 486130.72095318954 3000.0
143000.0 144000.0 510181.38219486753 0.0
144000.0 145000.0 353991.50632243854 3000.0
145000.0 146000.0 426073.6253083795 0.0
146000.0 147000.0 435961.43678203446 3000.0
147000.0 148000.0 486400.2608066585 3000.0
148000.0 149000.0 560997.6791890572 0.0
149000.0 150000.0 330655.0139449582 0.0
150000.0 151000.0 374780.7404071638 3000.0
151000.0 152000.0 340930.37353840726 0.0
152000.0 153000.0 437522.4848304757 2300.0
153000.0 154000.0 255687.87982274283 2300.0
154000.0 155000.0 540435.8717407277 0.0
155000.0 156000.0 305107.0160415097 3000.0
156000.0 157000.0 460411.1445476627 0.0
157000.0 158000.0 49859.82043805802 0.0
158000.0 159000.0 468886.29037023196 3000.0
159000.0 160000.0 507673.3151925687 0.0
160000.0 161000.0 425744.59092139185 3000.0
161000.0 162000.0 495617.50996202434 3000.0
162000.0 163000.0 414768.26626829826 0.0
163000.0 164000.0 376294.2558867902 3000.0
164000.0 165000.0 438604.66855727055 0.0
165000.0 166000.0 425767.2236835362 3000.0
166000.0 167000.0 339144.9001379453 0.0
167000.0 168000.0 444348.7527368376 3000.0
168000.0 169000.0 482127.1802717469 0.0
169000.0 170000.0 426935.6525209343 3000.0
170000.0 171000.0 511931.34082356683 3000.0
171000.0 172000.0 478874.1190436021 0.0
172000.0 173000.0 342491.0972329719 3000.0
173000.0 174000.0 242850.83639028293 0.0
174000.0 175000.0 560744.8803096836 3000.0
175000.0 176000.0 498547.5250920907 0.0
176000.0 177000.0 316822.5945982256 0.0
177000.0 178000.0 372741.6836489044 3000.0
178000.0 179000.0 387258.07879768533 0.0
179000.0 180000.0 40800.237553410254 0.0
180000.0 181000.0 331515.0263601807 3000.0
181000.0 182000.0 563998.4923341381 3000.0
182000.0 183000.0 567284.0233328372 0.0
183000.0 184000.0 543903.9750639768 3000.0
184000.0 185000.0 328444.4488837355 0.0
185000.0 186000.0 510500.4041166131 3000.0
186000.0 187000.0 527133.2804835953 3000.0
187000.0 188000.0 590483.1857960257 0.0
188000.0 189000.0 425459.39125335164 4400.0
189000.0 190000.0 508175.33566490095 0.0
190000.0 191000.0 521341.11254760966 4400.0
191000.0 192000.0 514585.9935494328 0.0
192000.0 193000.0 540261.0497010546 4400.0
193000.0 194000.0 282063.5514021485 0.0
194000.0 195000.0 499661.6245839297 1500.0
195000.0 196000.0 400951.39765450545 0.0
196000.0 197000.0 471208.74771269335 2300.0
197000.0 198000.0 194547.67373369224 0.0
198000.0 199000.0 470806.00834920484 2300.0
199000.0 200000.0 190771.8040518426 0.0
200000.0 201000.0 507564.07913051225 2300.0
201000.0 202000.0 72158.75706412035 0.0
202000.0 203000.0 487706.3315916359 2300.0
203000.0 204000.0 162953.3056382625 0.0
204000.0 205000.0 453867.8808834941 2300.0
205000.0 206000.0 417480.26241432386 3000.0
206000.0 207000.0 478760.6523460476 0.0
207000.0 208000.0 222064.66780432285 3000.0
208000.0 209000.0 540469.8392525899 0.0
209000.0 210000.0 291790.01619280444 3000.0
210000.0 211000.0 523627.81474532175 0.0
211000.0 212000.0 193255.95030338975 3000.0
212000.0 213000.0 507283.70182641177 0.0
213000.0 214000.0 272662.0926252844 3000.0
214000.0 215000.0 610177.4808065075 0.0
215000.0 216000.0 320186.7703307925 3000.0
216000.0 217000.0 537366.2256135356 0.0
217000.0 218000.0 391360.435120154 3000.0
218000.0 219000.0 414814.3492806764 0.0
219000.0 220000.0 474297.19079268095 3000.0
220000.0 221000.0 218950.25205219272 0.0
221000.0 222000.0 562411.1013122543 3000.0
222000.0 223000.0 238379.58667233013 0.0
223000.0 224000.0 545786.2462946472 3000.0
224000.0 225000.0 257178.51466731564 0.0
225000.0 226000.0 543982.1021773655 3000.0
226000.0 227000.0 220455.88159771866 0.0
227000.0 228000.0 536468.9130404409 3000.0
228000.0 229000.0 232930.38891030027 0.0
229000.0 230000.0 502587.4554093421 3000.0
230000.0 231000.0 493803.0790595132 3000.0
231000.0 232000.0 437902.69770545576 0.0
232000.0 233000.0 360349.79760781175 3000.0
233000.0 234000.0 424680.8395090137 0.0
234000.0 235000.0 396773.1530402551 3000.0
235000.0 236000.0 432655.3570898953 0.0
236000.0 237000.0 356892.3483581516 3000.0
237000.0 238000.0 427685.59013471974 0.0
238000.0 239000.0 361429.65826273337 3000.0
239000.0 240000.0 439205.460252183 0.0
240000.0 241000.0 472501.23004047276 3000.0
241000.0 242000.0 476862.3694740159 0.0
242000.0 243000.0 411810.4085366068 3000.0
243000.0 244000.0 426057.2765285523 0.0
244000.0 245000.0 505436.5189424682 3000.0
245000.0 246000.0 433870.0654215656 0.0
246000.0 247000.0 466380.8956945233 3000.0
247000.0 248000.0 361577.41881672246 0.0
248000.0 249000.0 514647.58808242343 3000.0
249000.0 250000.0 401174.4749706721 4400.0
250000.0 251000.0 543576.891695116 0.0
251000.0 252000.0 473216.8595358703 0.0
252000.0 253000.0 478305.5677787558 4400.0
253000.0 254000.0 554593.6781701887 0.0
254000.0 255000.0 432056.2538294498 4400.0
255000.0 256000.0 371757.23947737133 0.0
256000.0 257000.0 455141.53075266175 0.0
257000.0 258000.0 348079.97876058635 1500.0
258000.0 259000.0 53975.00565193627 0.0
259000.0 260000.0 401510.73351895914 1500.0
260000.0 261000.0 214414.70987932375 0.0
261000.0 262000.0 481178.7889336294 1500.0
262000.0 263000.0 400698.85886601533 1500.0
263000.0 264000.0 419069.2114436776 0.0
264000.0 265000.0 424905.372919009 1500.0
265000.0 266000.0 361273.3187874496 1500.0
266000.0 267000.0 6296.183507050251 0.0
267000.0 268000.0 464843.8594381417 3000.0
268000.0 269000.0 47280.92462667695 0.0
269000.0 270000.0 511691.0324281311 3000.0
270000.0 271000.0 22354.0 0.0
271000.0 272000.0 441404.0295213804 3000.0
272000.0 273000.0 71173.97047861965 0.0
273000.0 274000.0 402810.0 3000.0
274000.0 275000.0 8868.255501950303 0.0
275000.0 276000.0 411072.7444980497 3000.0
276000.0 277000.0 177671.891983807 3000.0
277000.0 278000.0 235334.108016193 0.0
278000.0 279000.0 160132.13635766754 3000.0
279000.0 280000.0 262981.8636423325 0.0
280000.0 281000.0 211974.00697611758 3000.0
281000.0 282000.0 220085.33071441128 0.0
282000.0 283000.0 191970.74916084067 3000.0
283000.0 284000.0 218481.9131486305 0.0
284000.0 285000.0 176762.92431424715 3000.0
285000.0 286000.0 192097.07568575285 0.0
286000.0 287000.0 334367.26529977063 3000.0
287000.0 288000.0 95039.7347002294 0.0
288000.0 289000.0 161582.95810575667 3000.0
289000.0 290000.0 170643.0418942433 0.0
290000.0 291000.0 362592.4973341771 840.0
291000.0 292000.0 16421.502665822925 0.0
292000.0 293000.0 245213.90794477778 1500.0
293000.0 294000.0 10002.092055222205 0.0
294000.0 295000.0 404026.34369146236 2300.0
295000.0 296000.0 47065.65630853765 0.0
296000.0 297000.0 372742.7780156401 2300.0
297000.0 298000.0 850.2219843598997 0.0
298000.0 299000.0 416321.0 2300.0
299000.0 300000.0 0.0 0.0
300000.0 301000.0 0.0 0.0
