ts te s_bytes_all avg_video_rate
0.0 1000.0 0.0 0.0
1000.0 2000.0 0.0 0.0
2000.0 3000.0 0.0 0.0
3000.0 4000.0 0.0 0.0
4000.0 5000.0 0.0 0.0
5000.0 6000.0 0.0 0.0
6000.0 7000.0 0.0 0.0
7000.0 8000.0 0.0 0.0
8000.0 9000.0 0.0 0.0
9000.0 10000.0 0.0 0.0
10000.0 11000.0 0.0 0.0
11000.0 12000.0 0.0 0.0
12000.0 13000.0 0.0 0.0
13000.0 14000.0 0.0 0.0
14000.0 15000.0 0.0 0.0
15000.0 16000.0 0.0 0.0
16000.0 17000.0 11533.778605187068 0.0
17000.0 18000.0 288237.2427971334 1500.0
18000.0 19000.0 209102.48002446283 0.0
19000.0 20000.0 297769.56274740584 480.0
20000.0 21000.0 263158.3026171102 480.0
21000.0 22000.0 102087.58508814847 0.0
22000.0 23000.0 10572.993539939798 0.0
23000.0 24000.0 7496.2205053512225 0.0
24000.0 25000.0 2664.3904504305974 0.0
25000.0 26000.0 6870.811193367479 0.0
26000.0 27000.0 2748.740567866709 0.0
27000.0 28000.0 5605.422289571832 0.0
28000.0 29000.0 48081.666631118576 480.0
29000.0 30000.0 154106.4500172189 288.0
30000.0 31000.0 110208.36799406154 0.0
31000.0 32000.0 158700.86811634636 288.0
32000.0 33000.0 55595.245607280325 0.0
33000.0 34000.0 76219.67131743582 288.0
34000.0 35000.0 233031.73863697366 288.0
35000.0 36000.0 214727.60112106436 288.0
36000.0 37000.0 133588.32710549995 0.0
37000.0 38000.0 136844.5330270251 288.0
38000.0 39000.0 0.0 0.0
39000.0 40000.0 140136.38850758158 1500.0
40000.0 41000.0 248987.73097013083 0.0
41000.0 42000.0 350726.17057158676 1500.0
42000.0 43000.0 336710.72082422907 1500.0
43000.0 44000.0 338030.7988387517 0.0
44000.0 45000.0 214358.23080783495 1500.0
45000.0 46000.0 139910.95947988512 0.0
46000.0 47000.0 70625.2053759108 1500.0
47000.0 48000.0 302188.1621526344 0.0
48000.0 49000.0 318625.7114520787 1500.0
49000.0 50000.0 158968.92101937608 0.0
50000.0 51000.0 241284.78746093667 1500.0
51000.0 52000.0 173798.21253906333 0.0
52000.0 53000.0 240256.59509840017 2300.0
53000.0 54000.0 326970.08744945505 0.0
54000.0 55000.0 339088.1520690652 2300.0
55000.0 56000.0 373735.16538307955 0.0
56000.0 57000.0 167104.39124746766 2300.0
57000.0 58000.0 384147.1230459928 2300.0
58000.0 59000.0 538650.4305827033 0.0
59000.0 60000.0 178145.24182080224 0.0
60000.0 61000.0 508322.4125463728 2300.0
61000.0 62000.0 117432.11976857614 0.0
62000.0 63000.0 405908.8726498626 2300.0
63000.0 64000.0 118530.05575510867 0.0
64000.0 65000.0 491117.135316821 3000.0
65000.0 66000.0 320007.3625637315 0.0
66000.0 67000.0 550943.6126047008 3000.0
67000.0 68000.0 396653.485314584 3000.0
68000.0 69000.0 514766.7667551144 0.0
69000.0 70000.0 387502.5732864249 3000.0
70000.0 71000.0 455389.41674173705 0.0
71000.0 72000.0 30739.769505334803 0.0
72000.0 73000.0 378006.27079976734 3000.0
73000.0 74000.0 516563.99986088264 3000.0
74000.0 75000.0 440987.9401891008 0.0
75000.0 76000.0 394326.43209272035 3000.0
76000.0 77000.0 467831.2111033039 0.0
77000.0 78000.0 400698.3966431692 3000.0
78000.0 79000.0 456208.3296273985 0.0
79000.0 80000.0 525020.8519748268 3000.0
80000.0 81000.0 266829.88417439576 0.0
81000.0 82000.0 544372.103446975 3000.0
82000.0 83000.0 244564.81058212498 0.0
83000.0 84000.0 272864.9570520894 3000.0
84000.0 85000.0 431548.9952547406 0.0
85000.0 86000.0 628540.5647892277 3000.0
86000.0 87000.0 338838.7049810574 0.0
87000.0 88000.0 574868.7132178609 3000.0
88000.0 89000.0 346040.3098973357 3000.0
89000.0 90000.0 466140.4674516433 0.0
90000.0 91000.0 420766.670658991 3000.0
91000.0 92000.0 484885.85938977415 0.0
92000.0 93000.0 353904.4607722007 3000.0
93000.0 94000.0 555869.332730796 0.0
94000.0 95000.0 18592.96380428316 0.0
95000.0 96000.0 521356.35192083666 3000.0
96000.0 97000.0 528894.4600975906 3000.0
97000.0 98000.0 445001.22319508484 0.0
98000.0 99000.0 491832.842516674 3000.0
99000.0 100000.0 426365.1222698138 0.0
100000.0 101000.0 256730.39430267224 3000.0
101000.0 102000.0 400490.7827361345 0.0
102000.0 103000.0 384505.5355707019 3000.0
103000.0 104000.0 511183.28739049146 0.0
104000.0 105000.0 253684.55990415157 3000.0
105000.0 106000.0 414985.34696372674 0.0
106000.0 107000.0 655075.1276408334 3000.0
107000.0 108000.0 239773.88161659313 0.0
108000.0 109000.0 401711.5910743585 3000.0
109000.0 110000.0 521405.3837814246 0.0
110000.0 111000.0 562061.4485837796 3000.0
111000.0 112000.0 257606.87953330658 0.0
112000.0 113000.0 514404.7415378705 3000.0
113000.0 114000.0 488282.411894941 3000.0
114000.0 115000.0 529651.571641188 0.0
115000.0 116000.0 63596.3669987479 0.0
116000.0 117000.0 202378.33452511753 3000.0
117000.0 118000.0 571037.0395777159 0.0
118000.0 119000.0 598190.5977411532 3000.0
119000.0 120000.0 568002.0275077551 3000.0
120000.0 121000.0 348220.0139989985 0.0
121000.0 122000.0 297008.4742736903 4400.0
122000.0 123000.0 419937.33406490856 0.0
123000.0 124000.0 417659.2933104228 0.0
124000.0 125000.0 364356.4880713164 0.0
125000.0 126000.0 378890.7534849976 2026.6666666666667
126000.0 127000.0 185334.86571317105 840.0
127000.0 128000.0 325559.9605323637 4400.0
128000.0 129000.0 483176.7713473889 0.0
129000.0 130000.0 507545.8082252163 0.0
130000.0 131000.0 542009.682926837 8000.0
131000.0 132000.0 696698.2073748133 8000.0
132000.0 133000.0 446965.9205733171 0.0
133000.0 134000.0 492560.89573980065 3000.0
134000.0 135000.0 448765.69385796227 0.0
135000.0 136000.0 682358.7182802969 3000.0
136000.0 137000.0 533857.5563525606 3000.0
137000.0 138000.0 556006.0317031787 3000.0
138000.0 139000.0 588291.6479751456 0.0
139000.0 140000.0 599746.4897914979 3000.0
140000.0 141000.0 483195.6593428966 3000.0
141000.0 142000.0 528554.7470474273 0.0
142000.0 143000.0 498254.3285256497 0.0
143000.0 144000.0 436397.81006638723 3000.0
144000.0 145000.0 212417.07541805733 840.0
145000.0 146000.0 326873.4614790344 840.0
146000.0 147000.0 360772.8098917559 840.0
147000.0 148000.0 394846.7709225001 840.0
148000.0 149000.0 500805.6430731713 840.0
149000.0 150000.0 205758.7761125726 0.0
150000.0 151000.0 231885.10722142516 3000.0
151000.0 152000.0 418285.9009402548 0.0
152000.0 153000.0 560499.333135815 3000.0
153000.0 154000.0 356493.175175083 0.0
154000.0 155000.0 433520.7306248221 3000.0
155000.0 156000.0 409650.04631340597 0.0
156000.0 157000.0 501131.9144707048 3000.0
157000.0 158000.0 237493.87345385866 0.0
158000.0 159000.0 22383.747803304454 0.0
159000.0 160000.0 35547.63633010348 288.0
160000.0 161000.0 243250.77007865737 288.0
161000.0 162000.0 78983.99693639413 480.0
162000.0 163000.0 106364.76751617131 0.0
163000.0 164000.0 28634.876459016265 0.0
164000.0 165000.0 197362.12354098374 840.0
165000.0 166000.0 30784.35385213645 0.0
166000.0 167000.0 200758.64614786356 840.0
167000.0 168000.0 246681.52277164915 1500.0
168000.0 169000.0 136152.47722835082 0.0
169000.0 170000.0 241376.58648341734 1500.0
170000.0 171000.0 150483.41351658266 0.0
171000.0 172000.0 374435.2284339888 1500.0
172000.0 173000.0 15546.771566011164 0.0
173000.0 174000.0 248554.78385893733 2300.0
174000.0 175000.0 334163.06469949224 0.0
175000.0 176000.0 442849.82946248504 2300.0
176000.0 177000.0 189564.24925964433 0.0
177000.0 178000.0 396402.07854244474 2300.0
178000.0 179000.0 212946.34904743306 0.0
179000.0 180000.0 528497.7040545399 2300.0
180000.0 181000.0 98676.98419038497 0.0
181000.0 182000.0 501073.03649285395 2300.0
182000.0 183000.0 178316.92039178452 0.0
183000.0 184000.0 521043.19976672094 3000.0
184000.0 185000.0 257841.44196524782 0.0
185000.0 186000.0 596181.6498049801 3000.0
186000.0 187000.0 281179.86525552016 0.0
187000.0 188000.0 509892.4178694199 3000.0
188000.0 189000.0 399596.6430220669 3000.0
189000.0 190000.0 480081.39555854694 0.0
190000.0 191000.0 159738.88663345968 3000.0
191000.0 192000.0 285682.0719871461 0.0
192000.0 193000.0 357532.78013467067 0.0
193000.0 194000.0 480347.5691534441 3000.0
194000.0 195000.0 286431.6297209098 0.0
195000.0 196000.0 541478.4986635204 3000.0
196000.0 197000.0 465634.60537102364 3000.0
197000.0 198000.0 513557.009669877 0.0
198000.0 199000.0 487789.70937073044 2300.0
199000.0 200000.0 429188.2409674977 0.0
200000.0 201000.0 357526.84810673003 2300.0
201000.0 202000.0 314814.8473062905 0.0
202000.0 203000.0 431862.3389682563 3000.0
203000.0 204000.0 293007.418094173 0.0
204000.0 205000.0 112372.00419907154 3000.0
205000.0 206000.0 481334.8122415761 0.0
206000.0 207000.0 487138.4386209116 3000.0
207000.0 208000.0 435995.12486903707 3000.0
208000.0 209000.0 386009.76000663644 0.0
209000.0 210000.0 457379.3546155845 0.0
210000.0 211000.0 461025.5768740517 3000.0
211000.0 212000.0 387997.2068281537 0.0
212000.0 213000.0 545779.593831057 3000.0
213000.0 214000.0 472051.7953598654 3000.0
214000.0 215000.0 495441.8399142864 0.0
215000.0 216000.0 480938.0825696677 3000.0
216000.0 217000.0 399173.3422190005 0.0
217000.0 218000.0 327830.56844642985 3000.0
218000.0 219000.0 387434.345959867 0.0
219000.0 220000.0 397689.82146779815 3000.0
220000.0 221000.0 367404.5846595253 0.0
221000.0 222000.0 281802.14240476175 3000.0
222000.0 223000.0 454315.9905583171 0.0
223000.0 224000.0 470745.5691788115 3000.0
224000.0 225000.0 297051.4647940672 0.0
225000.0 226000.0 404345.5800976815 3000.0
226000.0 227000.0 376054.89982946106 0.0
227000.0 228000.0 567333.1684677865 3000.0
228000.0 229000.0 409138.4556982441 3000.0
229000.0 230000.0 527946.0831272022 0.0
230000.0 231000.0 230972.78113804688 1500.0
231000.0 232000.0 609531.6267650367 1500.0
232000.0 233000.0 273512.7214588948 0.0
233000.0 234000.0 421908.1964089364 1500.0
234000.0 235000.0 40196.460033761294 0.0
235000.0 236000.0 477862.0781254466 3000.0
236000.0 237000.0 235083.40668224668 3000.0
237000.0 238000.0 532808.9426175981 0.0
238000.0 239000.0 184737.98015592844 0.0
239000.0 240000.0 520343.33415259677 3000.0
240000.0 241000.0 560401.0240087351 3000.0
241000.0 242000.0 437615.0923819859 0.0
242000.0 243000.0 507336.8860803667 3000.0
243000.0 244000.0 537342.9053339172 0.0
244000.0 245000.0 248570.59140807166 3000.0
245000.0 246000.0 424431.1220570485 0.0
246000.0 247000.0 130193.43288965306 0.0
247000.0 248000.0 5826.789592501588 0.0
248000.0 249000.0 209365.55660604435 288.0
249000.0 250000.0 104053.39787409815 0.0
250000.0 251000.0 96990.0 288.0
251000.0 252000.0 29896.91030779634 0.0
252000.0 253000.0 210160.08969220368 840.0
253000.0 254000.0 13189.989204958427 0.0
254000.0 255000.0 412297.2803280211 1500.0
255000.0 256000.0 22740.874853644695 0.0
256000.0 257000.0 391857.8556133758 1500.0
257000.0 258000.0 23950.316988750776 0.0
258000.0 259000.0 388512.68301124923 1500.0
259000.0 260000.0 28770.380088593414 0.0
260000.0 261000.0 504507.20404777135 2300.0
261000.0 262000.0 69373.64306815423 0.0
262000.0 263000.0 396009.8279804133 2300.0
263000.0 264000.0 449206.2315173402 2300.0
264000.0 265000.0 334226.7132977275 0.0
265000.0 266000.0 240808.2094140425 2300.0
266000.0 267000.0 299980.19116126065 0.0
267000.0 268000.0 444017.275694267 2300.0
268000.0 269000.0 187523.95654161228 0.0
269000.0 270000.0 307161.3610365289 3000.0
270000.0 271000.0 381322.74543210684 0.0
271000.0 272000.0 486574.63419146615 3000.0
272000.0 273000.0 311767.7567413923 0.0
273000.0 274000.0 441056.53993279615 3000.0
274000.0 275000.0 348983.54909047985 0.0
275000.0 276000.0 572748.866952452 3000.0
276000.0 277000.0 175406.2476479372 0.0
277000.0 278000.0 515310.6107020372 3000.0
278000.0 279000.0 284628.66238899995 0.0
279000.0 280000.0 514999.72547973465 3000.0
280000.0 281000.0 321872.9814248754 0.0
281000.0 282000.0 542230.7226511118 3000.0
282000.0 283000.0 230289.14903121238 0.0
283000.0 284000.0 528135.931364398 3000.0
284000.0 285000.0 555508.4635652218 3000.0
285000.0 286000.0 469168.419556067 0.0
286000.0 287000.0 0.0 0.0
287000.0 288000.0 514525.5884294148 3000.0
288000.0 289000.0 547133.8671950516 3000.0
289000.0 290000.0 474399.5443755336 0.0
290000.0 291000.0 256695.59481968448 3000.0
291000.0 292000.0 386083.3813345453 0.0
292000.0 293000.0 368736.86322386167 3000.0
293000.0 294000.0 487466.06101397466 0.0
294000.0 295000.0 464895.7955471678 3000.0
295000.0 296000.0 306083.3040607661 0.0
296000.0 297000.0 532437.1254100768 3000.0
297000.0 298000.0 345002.87458992325 0.0
298000.0 299000.0 253449.83216821443 3000.0
299000.0 300000.0 459328.00520155556 0.0
300000.0 301000.0 134913.16263022998 3000.0
