ts te s_bytes_all avg_video_rate
0.0 1000.0 0.0 0.0
1000.0 2000.0 0.0 0.0
2000.0 3000.0 0.0 0.0
3000.0 4000.0 0.0 0.0
4000.0 5000.0 0.0 0.0
5000.0 6000.0 3715.235435624477 0.0
6000.0 7000.0 121465.40682032485 840.0
7000.0 8000.0 167669.3149549183 0.0
8000.0 9000.0 128019.17025392452 288.0
9000.0 10000.0 52275.552287833714 0.0
10000.0 11000.0 89939.11783802308 288.0
11000.0 12000.0 86719.54760587667 0.0
12000.0 13000.0 72473.6944857848 288.0
13000.0 14000.0 134582.60485191728 0.0
14000.0 15000.0 48231.703128655616 0.0
15000.0 16000.0 7466.62385088884 0.0
16000.0 17000.0 27098.153802512643 0.0
17000.0 18000.0 129136.5503948904 288.0
18000.0 19000.0 187096.62863940216 288.0
19000.0 20000.0 73792.48590013958 288.0
20000.0 21000.0 111411.08234432718 288.0
21000.0 22000.0 125468.57724111885 288.0
22000.0 23000.0 191140.6914516293 288.0
23000.0 24000.0 8246.540196932841 0.0
24000.0 25000.0 105958.87710204592 288.0
25000.0 26000.0 108644.68139990655 288.0
26000.0 27000.0 146426.88270100037 288.0
27000.0 28000.0 141164.4628226682 288.0
28000.0 29000.0 128166.92779083748 288.0
29000.0 30000.0 27495.134930570883 0.0
30000.0 31000.0 106201.37779101549 288.0
31000.0 32000.0 136132.51752700674 288.0
32000.0 33000.0 69550.09660835726 0.0
33000.0 34000.0 30362.820030583025 288.0
34000.0 35000.0 109358.19178686176 0.0
35000.0 36000.0 144339.34802442128 288.0
36000.0 37000.0 2909.0 0.0
37000.0 38000.0 65320.48264276807 288.0
38000.0 39000.0 94483.87311079071 288.0
39000.0 40000.0 97570.4343921608 0.0
40000.0 41000.0 116573.15175029635 288.0
41000.0 42000.0 27893.423594136668 0.0
42000.0 43000.0 80867.98625782848 288.0
43000.0 44000.0 93623.33858052363 288.0
44000.0 45000.0 60888.3096714953 0.0
45000.0 46000.0 29644.66465524164 288.0
46000.0 47000.0 120587.33534475838 0.0
47000.0 48000.0 81189.05587833717 288.0
48000.0 49000.0 20859.94412166284 0.0
49000.0 50000.0 83298.08751479021 288.0
50000.0 51000.0 74314.46259267593 288.0
51000.0 52000.0 74570.44989253386 0.0
52000.0 53000.0 51002.81175529091 480.0
53000.0 54000.0 132786.84352002078 0.0
54000.0 55000.0 2830.344724688311 0.0
55000.0 56000.0 114066.49653279925 480.0
56000.0 57000.0 169444.50346720073 480.0
57000.0 58000.0 66918.35615777859 480.0
58000.0 59000.0 109094.64384222143 0.0
59000.0 60000.0 42844.18156175069 840.0
60000.0 61000.0 107794.81843824932 0.0
61000.0 62000.0 203172.10025156403 840.0
62000.0 63000.0 64900.89974843597 0.0
63000.0 64000.0 156558.62020084163 840.0
64000.0 65000.0 97479.64990837884 1500.0
65000.0 66000.0 255942.56929184776 0.0
66000.0 67000.0 174695.05616681837 1500.0
67000.0 68000.0 314165.10443211335 0.0
68000.0 69000.0 350329.7564085499 1500.0
69000.0 70000.0 5144.2435914501175 0.0
70000.0 71000.0 369992.0 1500.0
71000.0 72000.0 99374.85690008537 2300.0
72000.0 73000.0 530395.2105278303 0.0
73000.0 74000.0 240004.80435671078 2300.0
74000.0 75000.0 502179.1963478948 0.0
75000.0 76000.0 397891.79590250144 2300.0
76000.0 77000.0 220671.47408897808 0.0
77000.0 78000.0 343638.70809265366 2300.0
78000.0 79000.0 413457.6838118613 2300.0
79000.0 80000.0 392002.7873193936 0.0
80000.0 81000.0 192960.02203959506 2300.0
81000.0 82000.0 438770.54267629475 0.0
82000.0 83000.0 410852.6327789633 2300.0
83000.0 84000.0 231419.15801349678 0.0
84000.0 85000.0 440778.3912761818 3000.0
85000.0 86000.0 327035.5582398515 0.0
86000.0 87000.0 541199.4398762106 3000.0
87000.0 88000.0 303014.6313343934 0.0
88000.0 89000.0 464478.99905041064 3000.0
89000.0 90000.0 259907.1395127364 0.0
90000.0 91000.0 457738.64130917017 3000.0
91000.0 92000.0 322749.59934692987 0.0
92000.0 93000.0 480329.3581758506 3000.0
93000.0 94000.0 333347.8955115958 0.0
94000.0 95000.0 482853.7960317427 3000.0
95000.0 96000.0 446208.35608040134 3000.0
96000.0 97000.0 480087.9922873543 0.0
97000.0 98000.0 513927.386692957 3000.0
98000.0 99000.0 595795.6177229824 0.0
99000.0 100000.0 508888.83664039336 3000.0
100000.0 101000.0 581043.3204936805 3000.0
101000.0 102000.0 318575.2746652105 0.0
102000.0 103000.0 179207.64509342422 3000.0
103000.0 104000.0 511611.04070653545 0.0
104000.0 105000.0 383949.4817325241 3000.0
105000.0 106000.0 547254.4178513956 0.0
106000.0 107000.0 482085.07374589174 3000.0
107000.0 108000.0 428891.2337659169 0.0
108000.0 109000.0 2914.0 0.0
109000.0 110000.0 0.0 0.0
110000.0 111000.0 425622.32277207344 3000.0
111000.0 112000.0 544554.1925581744 3000.0
112000.0 113000.0 527491.6172127388 0.0
113000.0 114000.0 67322.8674570133 0.0
114000.0 115000.0 410190.7893054542 3000.0
115000.0 116000.0 515955.2760978863 3000.0
116000.0 117000.0 533562.1042259099 0.0
117000.0 118000.0 628944.1790227297 3000.0
118000.0 119000.0 549573.8538577132 3000.0
119000.0 120000.0 400021.7354213745 0.0
120000.0 121000.0 457300.80629850243 3000.0
121000.0 122000.0 332176.7517194703 0.0
122000.0 123000.0 471484.32430536 3000.0
123000.0 124000.0 329407.1280257397 0.0
124000.0 125000.0 433985.7577046463 3000.0
125000.0 126000.0 381924.4732047697 0.0
126000.0 127000.0 482356.68239833816 3000.0
127000.0 128000.0 302272.99476414133 0.0
128000.0 129000.0 471025.8149647141 3000.0
129000.0 130000.0 273986.4712855038 0.0
130000.0 131000.0 458877.85742454836 3000.0
131000.0 132000.0 360570.80462744035 0.0
132000.0 133000.0 73683.1953457576 0.0
133000.0 134000.0 0.0 0.0
134000.0 135000.0 408030.09034783696 3000.0
135000.0 136000.0 322850.78889328166 0.0
136000.0 137000.0 477282.1968028566 3000.0
137000.0 138000.0 259394.2214881786 0.0
138000.0 139000.0 449265.12550582964 3000.0
139000.0 140000.0 361034.5277884308 0.0
140000.0 141000.0 469346.2373970234 3000.0
141000.0 142000.0 300286.08470564923 0.0
142000.0 143000.0 430598.08007699886 3000.0
143000.0 144000.0 485298.7536278657 3000.0
144000.0 145000.0 478608.01910129044 0.0
145000.0 146000.0 570591.3031306749 3000.0
146000.0 147000.0 603387.5676640021 2300.0
147000.0 148000.0 437219.1026008612 0.0
148000.0 149000.0 367093.3615003062 2300.0
149000.0 150000.0 272835.53936891357 0.0
150000.0 151000.0 407698.75441067363 2300.0
151000.0 152000.0 204748.25716984342 0.0
152000.0 153000.0 417809.3933614046 2300.0
153000.0 154000.0 170812.27315328567 0.0
154000.0 155000.0 361698.05773718626 2300.0
155000.0 156000.0 246173.46240883312 0.0
156000.0 157000.0 434808.4873170402 2300.0
157000.0 158000.0 161361.11789273968 0.0
158000.0 159000.0 344802.2926267732 2300.0
159000.0 160000.0 231667.02487633668 0.0
160000.0 161000.0 411233.5597521291 2300.0
161000.0 162000.0 208958.48106861295 0.0
162000.0 163000.0 391330.30327372823 2300.0
163000.0 164000.0 204784.1201850414 0.0
164000.0 165000.0 394471.1963774079 2300.0
165000.0 166000.0 240115.80674113857 0.0
166000.0 167000.0 290764.5914050439 2300.0
167000.0 168000.0 316488.9043721081 0.0
168000.0 169000.0 302675.1878115269 2300.0
169000.0 170000.0 582330.4679287138 2300.0
170000.0 171000.0 556290.2967990694 2300.0
171000.0 172000.0 338115.5078681527 0.0
172000.0 173000.0 408218.1378979659 2300.0
173000.0 174000.0 188586.99284931598 0.0
174000.0 175000.0 443000.5337789258 3000.0
175000.0 176000.0 304595.5529372615 0.0
176000.0 177000.0 481114.57632070273 3000.0
177000.0 178000.0 298822.22126319265 0.0
178000.0 179000.0 450898.5017531103 3000.0
179000.0 180000.0 347480.5379612701 0.0
180000.0 181000.0 528461.6192668325 3000.0
181000.0 182000.0 334224.8470874637 0.0
182000.0 183000.0 482642.83417359454 3000.0
183000.0 184000.0 259692.76938894647 0.0
184000.0 185000.0 448303.2211973735 3000.0
185000.0 186000.0 359127.7840334093 0.0
186000.0 187000.0 508565.3911973019 3000.0
187000.0 188000.0 297971.05717528646 0.0
188000.0 189000.0 421080.1420835949 3000.0
189000.0 190000.0 337312.0839941361 0.0
190000.0 191000.0 450291.8049339655 3000.0
191000.0 192000.0 325431.6020999681 0.0
192000.0 193000.0 470740.72277416434 3000.0
193000.0 194000.0 309558.2347640269 0.0
194000.0 195000.0 442897.1340271907 3000.0
195000.0 196000.0 314668.7336324018 0.0
196000.0 197000.0 438316.38047461724 3000.0
197000.0 198000.0 341878.1467393729 0.0
198000.0 199000.0 484627.24569554895 3000.0
199000.0 200000.0 321899.1941146811 0.0
200000.0 201000.0 446752.23626578925 3000.0
201000.0 202000.0 302794.51442696806 0.0
202000.0 203000.0 489833.0174099504 3000.0
203000.0 204000.0 221581.5769819057 0.0
204000.0 205000.0 447797.80782742554 3000.0
205000.0 206000.0 345250.84707919264 0.0
206000.0 207000.0 505561.7203035824 3000.0
207000.0 208000.0 304450.9106728952 0.0
208000.0 209000.0 455156.8328532932 3000.0
209000.0 210000.0 259224.26223187533 0.0
210000.0 211000.0 446632.8480223371 3000.0
211000.0 212000.0 313514.7730608408 0.0
212000.0 213000.0 471063.1962788708 3000.0
213000.0 214000.0 324683.5755224688 0.0
214000.0 215000.0 466504.7568241742 3000.0
215000.0 216000.0 297411.8852581051 0.0
216000.0 217000.0 485419.6988722873 3000.0
217000.0 218000.0 511607.8543935764 3000.0
218000.0 219000.0 498004.4022773605 0.0
219000.0 220000.0 436859.7227634401 3000.0
220000.0 221000.0 598937.4897468484 3000.0
221000.0 222000.0 468432.1757003892 0.0
222000.0 223000.0 597993.260444713 3000.0
223000.0 224000.0 446732.85183341976 0.0
224000.0 225000.0 441793.0294420591 2300.0
225000.0 226000.0 211562.1636075356 0.0
226000.0 227000.0 441510.4987052557 2300.0
227000.0 228000.0 200825.50703217607 0.0
228000.0 229000.0 400186.92286487215 3000.0
229000.0 230000.0 320556.8910239615 0.0
230000.0 231000.0 378464.11119539576 3000.0
231000.0 232000.0 346160.9054015453 0.0
232000.0 233000.0 441742.52384934 3000.0
233000.0 234000.0 416551.95188010525 0.0
234000.0 235000.0 365920.867869229 3000.0
235000.0 236000.0 384046.93354084675 0.0
236000.0 237000.0 534953.0044526241 3000.0
237000.0 238000.0 358133.3952928518 0.0
238000.0 239000.0 467116.15346472146 3000.0
239000.0 240000.0 346147.0908104152 0.0
240000.0 241000.0 352111.08958239015 3000.0
241000.0 242000.0 324437.37121941027 0.0
242000.0 243000.0 400735.10739004205 3000.0
243000.0 244000.0 368014.6023069262 0.0
244000.0 245000.0 350612.7304052746 3000.0
245000.0 246000.0 435554.65213236096 0.0
246000.0 247000.0 491294.63874684175 3000.0
247000.0 248000.0 332346.82397498854 0.0
248000.0 249000.0 500525.9972529309 3000.0
249000.0 250000.0 259480.66758674273 0.0
250000.0 251000.0 427192.1617005076 3000.0
251000.0 252000.0 289411.4970708741 0.0
252000.0 253000.0 459226.2898572149 3000.0
253000.0 254000.0 307676.7750480661 0.0
254000.0 255000.0 461744.5031531824 3000.0
255000.0 256000.0 192675.72414002076 0.0
256000.0 257000.0 415967.11014607584 3000.0
257000.0 258000.0 395612.6817920828 0.0
258000.0 259000.0 496165.31366476114 3000.0
259000.0 260000.0 303994.6942541251 0.0
260000.0 261000.0 464812.8195854819 3000.0
261000.0 262000.0 265910.8833227066 0.0
262000.0 263000.0 451726.3756535573 3000.0
263000.0 264000.0 484615.2645748295 3000.0
264000.0 265000.0 668832.5099585748 0.0
265000.0 266000.0 191893.99984297605 0.0
266000.0 267000.0 406006.78983884695 2300.0
267000.0 268000.0 538789.2217975755 2300.0
268000.0 269000.0 529043.2613508317 2300.0
269000.0 270000.0 304345.9890873963 0.0
270000.0 271000.0 401273.7352791276 2300.0
271000.0 272000.0 224203.2049807359 0.0
272000.0 273000.0 458129.4291738293 3000.0
273000.0 274000.0 318445.07609366614 0.0
274000.0 275000.0 469459.1201531334 3000.0
275000.0 276000.0 323578.2080005897 0.0
276000.0 277000.0 391416.73395498184 3000.0
277000.0 278000.0 258264.76146947005 0.0
278000.0 279000.0 404554.39187168685 3000.0
279000.0 280000.0 413215.20002795896 0.0
280000.0 281000.0 367850.61664492835 3000.0
281000.0 282000.0 412800.7011186491 0.0
282000.0 283000.0 504022.3436231249 3000.0
283000.0 284000.0 269285.44661247893 0.0
284000.0 285000.0 437186.11726150993 3000.0
285000.0 286000.0 353946.2583927247 0.0
286000.0 287000.0 479597.92735875875 3000.0
287000.0 288000.0 331077.9964567437 0.0
288000.0 289000.0 479155.7423108772 3000.0
289000.0 290000.0 282191.4880839199 0.0
290000.0 291000.0 448071.6757270247 3000.0
291000.0 292000.0 351102.21101309615 0.0
292000.0 293000.0 509481.2440753646 3000.0
293000.0 294000.0 314212.1840759701 0.0
294000.0 295000.0 493250.23051392287 3000.0
295000.0 296000.0 335465.4480064474 0.0
296000.0 297000.0 504313.5065287914 3000.0
297000.0 298000.0 277867.45959053794 0.0
298000.0 299000.0 450482.65438923595 3000.0
299000.0 300000.0 331541.4260791202 0.0
300000.0 301000.0 62485.199056943275 0.0
