ts te s_bytes_all avg_video_rate
0.0 1000.0 0.0 0.0
1000.0 2000.0 0.0 0.0
2000.0 3000.0 0.0 0.0
3000.0 4000.0 0.0 0.0
4000.0 5000.0 0.0 0.0
5000.0 6000.0 0.0 0.0
6000.0 7000.0 0.0 0.0
7000.0 8000.0 0.0 0.0
8000.0 9000.0 13479.18639362353 0.0
9000.0 10000.0 172377.5924618258 1500.0
10000.0 11000.0 258339.9150244536 0.0
11000.0 12000.0 243043.07863713958 480.0
12000.0 13000.0 140303.86534670135 480.0
13000.0 14000.0 246952.83287397903 288.0
14000.0 15000.0 218689.66053473053 288.0
15000.0 16000.0 256467.46194236836 288.0
16000.0 17000.0 164031.32365638888 288.0
17000.0 18000.0 99962.65011241664 840.0
18000.0 19000.0 189998.1332592115 0.0
19000.0 20000.0 169077.19461778086 840.0
20000.0 21000.0 162678.5161604839 0.0
21000.0 22000.0 19315.588978896383 0.0
22000.0 23000.0 0.0 0.0
23000.0 24000.0 152835.190824024 840.0
24000.0 25000.0 294970.51914711273 840.0
25000.0 26000.0 209824.48839042627 480.0
26000.0 27000.0 108675.47243088015 0.0
27000.0 28000.0 99088.50676936118 480.0
28000.0 29000.0 43781.8224381957 0.0
29000.0 30000.0 116401.01971076363 840.0
30000.0 31000.0 114936.72742481758 0.0
31000.0 32000.0 141416.43052866805 840.0
32000.0 33000.0 178242.82233575074 0.0
33000.0 34000.0 0.0 0.0
34000.0 35000.0 3736.7784584456203 0.0
35000.0 36000.0 275142.2215415544 660.0
36000.0 37000.0 105924.0 0.0
37000.0 38000.0 135693.93053841972 480.0
38000.0 39000.0 14102.069461580262 0.0
39000.0 40000.0 144246.30188443593 480.0
40000.0 41000.0 20775.698115564075 0.0
41000.0 42000.0 155029.67780840053 480.0
42000.0 43000.0 130195.89503546184 0.0
43000.0 44000.0 141754.15520433796 480.0
44000.0 45000.0 6560.271951799674 0.0
45000.0 46000.0 247731.67785926122 2300.0
46000.0 47000.0 268821.90934937506 0.0
47000.0 48000.0 285908.5387531888 2300.0
48000.0 49000.0 272243.891036569 0.0
49000.0 50000.0 351263.2790102417 2300.0
50000.0 51000.0 311166.0288771658 0.0
51000.0 52000.0 341404.2916150845 3000.0
52000.0 53000.0 331083.4675441249 0.0
53000.0 54000.0 346654.6932123469 3000.0
54000.0 55000.0 378098.7459385663 0.0
55000.0 56000.0 394875.14860464574 3000.0
56000.0 57000.0 393098.5946234355 0.0
57000.0 58000.0 446833.01134188427 3000.0
58000.0 59000.0 342642.7786189142 0.0
59000.0 60000.0 383649.55812178197 3000.0
60000.0 61000.0 383884.50307983067 0.0
61000.0 62000.0 367576.094190994 3000.0
62000.0 63000.0 366061.06420855 0.0
63000.0 64000.0 354915.5577633967 3000.0
64000.0 65000.0 376535.6937467139 0.0
65000.0 66000.0 398364.97002245113 3000.0
66000.0 67000.0 328055.4466368927 0.0
67000.0 68000.0 404525.91786183685 3000.0
68000.0 69000.0 351286.9068931368 0.0
69000.0 70000.0 348672.61603322986 3000.0
70000.0 71000.0 451085.75106586464 0.0
71000.0 72000.0 591056.4094741528 3000.0
72000.0 73000.0 480021.71708786266 2300.0
73000.0 74000.0 550719.4897506495 2300.0
74000.0 75000.0 312459.0010573837 0.0
75000.0 76000.0 357326.9809037569 3000.0
76000.0 77000.0 367384.8543644496 0.0
77000.0 78000.0 410456.53400059824 3000.0
78000.0 79000.0 370537.13648066716 0.0
79000.0 80000.0 347708.2799959102 3000.0
80000.0 81000.0 328258.60744506196 0.0
81000.0 82000.0 367787.2552715105 3000.0
82000.0 83000.0 384138.35669210146 0.0
83000.0 84000.0 424698.64000353875 3000.0
84000.0 85000.0 328282.48375253275 0.0
85000.0 86000.0 396445.6908917446 3000.0
86000.0 87000.0 362321.74384288024 0.0
87000.0 88000.0 379295.4139455087 3000.0
88000.0 89000.0 313851.4144516394 0.0
89000.0 90000.0 363970.53482440056 3000.0
90000.0 91000.0 389453.2097027338 0.0
91000.0 92000.0 438812.6799152825 3000.0
92000.0 93000.0 384033.6293664899 0.0
93000.0 94000.0 389918.3484057471 3000.0
94000.0 95000.0 389716.4954763132 0.0
95000.0 96000.0 362055.7539345249 3000.0
96000.0 97000.0 460203.61330965144 0.0
97000.0 98000.0 324804.16753692756 3000.0
98000.0 99000.0 356269.59273684485 0.0
99000.0 100000.0 367763.9001163685 3000.0
100000.0 101000.0 344974.8733378964 0.0
101000.0 102000.0 336164.044617149 3000.0
102000.0 103000.0 399017.544188292 0.0
103000.0 104000.0 419851.2743456755 3000.0
104000.0 105000.0 404452.6666977362 0.0
105000.0 106000.0 434095.5993520571 3000.0
106000.0 107000.0 394220.3802489645 0.0
107000.0 108000.0 366753.6609709223 3000.0
108000.0 109000.0 341369.95462619275 0.0
109000.0 110000.0 411241.25105784886 3000.0
110000.0 111000.0 370031.17951718334 0.0
111000.0 112000.0 428365.6588664913 3000.0
112000.0 113000.0 387141.35641456314 0.0
113000.0 114000.0 343776.35433844104 3000.0
114000.0 115000.0 382595.72912612534 3000.0
115000.0 116000.0 571908.3405316832 0.0
116000.0 117000.0 347709.06101606163 0.0
117000.0 118000.0 213381.86838215525 2300.0
118000.0 119000.0 414497.00738130056 2300.0
119000.0 120000.0 440850.9441011332 0.0
120000.0 121000.0 498481.7249383165 2300.0
121000.0 122000.0 489687.90578225814 2300.0
122000.0 123000.0 326784.54941483634 0.0
123000.0 124000.0 7774.476570357815 0.0
124000.0 125000.0 220085.91374975484 3000.0
125000.0 126000.0 506585.24643629056 3000.0
126000.0 127000.0 445062.97306831565 0.0
127000.0 128000.0 407839.0634444963 3000.0
128000.0 129000.0 465851.3267307848 0.0
129000.0 130000.0 384295.45374087483 3000.0
130000.0 131000.0 540242.946243732 0.0
131000.0 132000.0 301635.97942051705 3000.0
132000.0 133000.0 367367.7271777552 0.0
133000.0 134000.0 427120.55098362337 3000.0
134000.0 135000.0 395423.77527960716 0.0
135000.0 136000.0 345015.38555522263 3000.0
136000.0 137000.0 347397.5608987947 0.0
137000.0 138000.0 396138.30349405773 3000.0
138000.0 139000.0 397349.25498151436 0.0
139000.0 140000.0 399596.8207930452 3000.0
140000.0 141000.0 347618.4993000891 0.0
141000.0 142000.0 365926.50345557043 3000.0
142000.0 143000.0 389995.8459175062 0.0
143000.0 144000.0 438176.9565034879 3000.0
144000.0 145000.0 330363.1903984217 0.0
145000.0 146000.0 388193.4099487012 3000.0
146000.0 147000.0 354908.04802442045 0.0
147000.0 148000.0 419722.33271367475 3000.0
148000.0 149000.0 320129.8662383627 0.0
149000.0 150000.0 376948.4651511103 3000.0
150000.0 151000.0 407559.7940291988 0.0
151000.0 152000.0 410099.70091331727 3000.0
152000.0 153000.0 373856.263657107 0.0
153000.0 154000.0 425072.9424721494 3000.0
154000.0 155000.0 407581.17165303405 0.0
155000.0 156000.0 349852.1598318141 3000.0
156000.0 157000.0 454844.66521909036 0.0
157000.0 158000.0 405626.75745473424 3000.0
158000.0 159000.0 423415.37498201756 3000.0
159000.0 160000.0 628553.2655115956 0.0
160000.0 161000.0 93468.02805585282 0.0
161000.0 162000.0 253484.53721833747 3000.0
162000.0 163000.0 353315.0642167006 0.0
163000.0 164000.0 400792.57354210655 3000.0
164000.0 165000.0 370782.8062713505 0.0
165000.0 166000.0 352862.4231013509 2300.0
166000.0 167000.0 367691.4030474397 2300.0
167000.0 168000.0 665865.4287803664 2300.0
168000.0 169000.0 383144.1894123687 0.0
169000.0 170000.0 389880.55502689525 2300.0
170000.0 171000.0 398723.425982703 0.0
171000.0 172000.0 233373.4816621884 3000.0
172000.0 173000.0 369001.0286718681 0.0
173000.0 174000.0 390843.0630288059 3000.0
174000.0 175000.0 388590.4958902239 0.0
175000.0 176000.0 481895.61865189055 3000.0
176000.0 177000.0 370788.3952086998 0.0
177000.0 178000.0 347809.0681966491 3000.0
178000.0 179000.0 365700.68090485345 0.0
179000.0 180000.0 403481.70126121107 3000.0
180000.0 181000.0 378763.3042670771 0.0
181000.0 182000.0 372235.9697030287 3000.0
182000.0 183000.0 362687.60909366026 0.0
183000.0 184000.0 422687.4058626072 3000.0
184000.0 185000.0 379194.2511617844 0.0
185000.0 186000.0 382188.53608676424 3000.0
186000.0 187000.0 401382.52319090255 0.0
187000.0 188000.0 402716.3509147868 3000.0
188000.0 189000.0 345801.19357868546 0.0
189000.0 190000.0 403701.1223423416 3000.0
190000.0 191000.0 340494.75911738956 0.0
191000.0 192000.0 347890.4395136541 3000.0
192000.0 193000.0 398371.4113380353 0.0
193000.0 194000.0 333673.3551512591 3000.0
194000.0 195000.0 355262.5805259054 0.0
195000.0 196000.0 413658.32990620134 3000.0
196000.0 197000.0 490501.92582850694 0.0
197000.0 198000.0 355703.9934357855 3000.0
198000.0 199000.0 424209.0571281146 0.0
199000.0 200000.0 298019.0564314993 3000.0
200000.0 201000.0 382715.37211094477 0.0
201000.0 202000.0 351370.75250743265 3000.0
202000.0 203000.0 516262.77418080904 0.0
203000.0 204000.0 432140.7905875582 3000.0
204000.0 205000.0 366367.3478665197 0.0
205000.0 206000.0 405926.84193451476 3000.0
206000.0 207000.0 331804.15809658554 0.0
207000.0 208000.0 366839.60663977003 3000.0
208000.0 209000.0 368482.01949781936 0.0
209000.0 210000.0 416403.6182976933 3000.0
210000.0 211000.0 400437.9503062324 0.0
211000.0 212000.0 328123.36090219824 3000.0
212000.0 213000.0 416933.26121270185 0.0
213000.0 214000.0 558000.0805058676 3000.0
214000.0 215000.0 589444.898525197 2300.0
215000.0 216000.0 465170.94332538504 2300.0
216000.0 217000.0 761895.3095344673 0.0
217000.0 218000.0 242513.60167681304 2300.0
218000.0 219000.0 446630.197637492 0.0
219000.0 220000.0 280328.216260769 3000.0
220000.0 221000.0 387152.22512034106 0.0
221000.0 222000.0 377810.42512113653 3000.0
222000.0 223000.0 370608.96967739204 0.0
223000.0 224000.0 380453.80635663605 3000.0
224000.0 225000.0 342746.11266095215 0.0
225000.0 226000.0 388341.70266937313 3000.0
226000.0 227000.0 406250.9870419607 0.0
227000.0 228000.0 447590.2436502443 3000.0
228000.0 229000.0 349828.3372790571 0.0
229000.0 230000.0 344883.2496098537 3000.0
230000.0 231000.0 391253.4322341941 0.0
231000.0 232000.0 414371.2489139523 3000.0
232000.0 233000.0 366958.6646568071 0.0
233000.0 234000.0 417168.2191790086 3000.0
234000.0 235000.0 366069.3799564919 0.0
235000.0 236000.0 390068.8530623468 3000.0
236000.0 237000.0 387190.2302346843 0.0
237000.0 238000.0 419882.04408105696 3000.0
238000.0 239000.0 405330.91955635796 0.0
239000.0 240000.0 386975.68535818777 3000.0
240000.0 241000.0 343211.83680323506 0.0
241000.0 242000.0 397727.6510104085 3000.0
242000.0 243000.0 380965.3318949641 0.0
243000.0 244000.0 251710.06932688857 3000.0
244000.0 245000.0 348594.56818259554 0.0
245000.0 246000.0 379748.09728361823 0.0
246000.0 247000.0 317581.622627392 1500.0
247000.0 248000.0 239786.38667279927 1500.0
248000.0 249000.0 211182.48351729527 0.0
249000.0 250000.0 237635.19978063728 1500.0
250000.0 251000.0 175799.64493731674 0.0
251000.0 252000.0 237495.64434118703 3000.0
252000.0 253000.0 361602.6169303642 0.0
253000.0 254000.0 392638.13840528147 3000.0
254000.0 255000.0 362589.0345530668 0.0
255000.0 256000.0 157059.72105214643 0.0
256000.0 257000.0 0.0 0.0
257000.0 258000.0 237828.75463742236 2300.0
258000.0 259000.0 407811.88861520553 2300.0
259000.0 260000.0 541758.5250899644 0.0
260000.0 261000.0 473003.0497903817 2300.0
261000.0 262000.0 370773.5134141286 2300.0
262000.0 263000.0 400397.03185955156 2300.0
263000.0 264000.0 539522.2626886207 2300.0
264000.0 265000.0 508241.4946890579 0.0
265000.0 266000.0 474612.254026631 3000.0
266000.0 267000.0 381778.31998391007 0.0
267000.0 268000.0 326919.4442185473 3000.0
268000.0 269000.0 357656.3866505167 0.0
269000.0 270000.0 451691.18873177946 3000.0
270000.0 271000.0 384448.5603315129 0.0
271000.0 272000.0 304980.01980195445 3000.0
272000.0 273000.0 448579.0684462382 0.0
273000.0 274000.0 432475.05550265755 3000.0
274000.0 275000.0 402932.0778014901 0.0
275000.0 276000.0 390870.20110352826 3000.0
276000.0 277000.0 357197.8875255159 0.0
277000.0 278000.0 422048.5160981886 3000.0
278000.0 279000.0 379879.7550983196 0.0
279000.0 280000.0 383841.6626660862 3000.0
280000.0 281000.0 376368.0619997933 0.0
281000.0 282000.0 371079.84052000823 3000.0
282000.0 283000.0 357348.8709694308 0.0
283000.0 284000.0 444204.62549655495 3000.0
284000.0 285000.0 388874.34639036655 0.0
285000.0 286000.0 330776.8754518369 3000.0
286000.0 287000.0 440470.6165075371 0.0
287000.0 288000.0 195258.84389326337 0.0
288000.0 289000.0 0.0 0.0
289000.0 290000.0 286634.46230991965 3000.0
290000.0 291000.0 485180.75575133413 2300.0
291000.0 292000.0 598288.9173267317 2300.0
292000.0 293000.0 454048.82513121696 0.0
293000.0 294000.0 386734.15375136974 2300.0
294000.0 295000.0 305456.2343001833 0.0
295000.0 296000.0 327886.24806055904 2300.0
296000.0 297000.0 303109.870596598 0.0
297000.0 298000.0 293987.2692432721 2300.0
298000.0 299000.0 273358.30367822014 0.0
299000.0 300000.0 327225.71318941016 3000.0
300000.0 301000.0 205803.2466611852 0.0
