ts te s_bytes_all avg_video_rate
0.0 1000.0 0.0 0.0
1000.0 2000.0 0.0 0.0
2000.0 3000.0 0.0 0.0
3000.0 4000.0 0.0 0.0
4000.0 5000.0 0.0 0.0
5000.0 6000.0 0.0 0.0
6000.0 7000.0 200925.45068319718 1500.0
7000.0 8000.0 216904.9306081609 288.0
8000.0 9000.0 166480.35686189268 288.0
9000.0 10000.0 109926.44465533562 288.0
10000.0 11000.0 135281.71488327652 288.0
11000.0 12000.0 184724.9144562566 288.0
12000.0 13000.0 92227.1102681662 0.0
13000.0 14000.0 124309.489424199 0.0
14000.0 15000.0 144839.60123693233 288.0
15000.0 16000.0 27685.460795858675 0.0
16000.0 17000.0 97522.61662921561 480.0
17000.0 18000.0 59834.492179695604 0.0
18000.0 19000.0 77483.02740103818 480.0
19000.0 20000.0 58472.38991677496 0.0
20000.0 21000.0 92064.0 480.0
21000.0 22000.0 29563.727054037077 0.0
22000.0 23000.0 39202.272945962926 0.0
23000.0 24000.0 43339.69969327988 288.0
24000.0 25000.0 83311.64444439746 288.0
25000.0 26000.0 101084.56142749355 288.0
26000.0 27000.0 30670.270711840356 0.0
27000.0 28000.0 69314.82372298877 288.0
28000.0 29000.0 28731.62349938465 288.0
29000.0 30000.0 68369.37650061536 288.0
30000.0 31000.0 33122.97469389968 0.0
31000.0 32000.0 61579.02530610032 288.0
32000.0 33000.0 100166.0 288.0
33000.0 34000.0 0.0 0.0
34000.0 35000.0 145132.0 480.0
35000.0 36000.0 0.0 0.0
36000.0 37000.0 296903.0 840.0
37000.0 38000.0 151128.99960532488 840.0
38000.0 39000.0 92739.00039467511 0.0
39000.0 40000.0 195592.46023396205 1500.0
40000.0 41000.0 167283.53976603795 0.0
41000.0 42000.0 428513.0 1500.0
42000.0 43000.0 30719.149158720284 0.0
43000.0 44000.0 285492.8508412797 1500.0
44000.0 45000.0 393581.77679964644 1500.0
45000.0 46000.0 103198.85162778612 0.0
46000.0 47000.0 361241.3715725675 1500.0
47000.0 48000.0 0.0 0.0
48000.0 49000.0 448420.0 1500.0
49000.0 50000.0 182867.60245287255 2300.0
50000.0 51000.0 272871.2328136914 0.0
51000.0 52000.0 355638.60382326087 2300.0
52000.0 53000.0 354242.9210964117 0.0
53000.0 54000.0 467854.2752273649 2300.0
54000.0 55000.0 75098.36458639853 2300.0
55000.0 56000.0 484769.9278690211 2300.0
56000.0 57000.0 422053.9577299652 2300.0
57000.0 58000.0 269138.18619401514 0.0
58000.0 59000.0 283457.15856425907 2300.0
59000.0 60000.0 302018.24991939886 0.0
60000.0 61000.0 404626.3442892771 2300.0
61000.0 62000.0 251283.6987692888 0.0
62000.0 63000.0 313084.2699406174 2300.0
63000.0 64000.0 279417.6865280304 0.0
64000.0 65000.0 344811.4819611994 2300.0
65000.0 66000.0 295246.2137921738 0.0
66000.0 67000.0 61035.82444275383 0.0
67000.0 68000.0 1684.1214873368497 0.0
68000.0 69000.0 1226.8785126631503 0.0
69000.0 70000.0 16770.3121457232 0.0
70000.0 71000.0 209200.6320234106 2300.0
71000.0 72000.0 583904.8901694877 2300.0
72000.0 73000.0 509737.512277197 2300.0
73000.0 74000.0 390095.2765931235 0.0
74000.0 75000.0 106326.376791058 0.0
75000.0 76000.0 1342.0522209490127 0.0
76000.0 77000.0 1575.9477790509873 0.0
77000.0 78000.0 607.0488335268113 0.0
78000.0 79000.0 2310.9511664731886 0.0
79000.0 80000.0 139223.64538506098 2300.0
80000.0 81000.0 338613.68988638144 0.0
81000.0 82000.0 200368.2943401531 288.0
82000.0 83000.0 6246.370388404464 0.0
83000.0 84000.0 4200.0 0.0
84000.0 85000.0 6224.852996590715 0.0
85000.0 86000.0 3323.7212420034475 0.0
86000.0 87000.0 5886.775239016288 0.0
87000.0 88000.0 133607.74944818142 2300.0
88000.0 89000.0 414187.0655446978 288.0
89000.0 90000.0 355548.4135606356 336.0
90000.0 91000.0 343673.0653207766 840.0
91000.0 92000.0 25851.35664809815 0.0
92000.0 93000.0 385847.9087008455 2300.0
93000.0 94000.0 320285.59326854174 0.0
94000.0 95000.0 301871.8590764107 2300.0
95000.0 96000.0 277793.75812906603 0.0
96000.0 97000.0 375402.89041020226 2300.0
97000.0 98000.0 203229.59980819546 0.0
98000.0 99000.0 232673.85723579998 2300.0
99000.0 100000.0 301033.5050362635 0.0
100000.0 101000.0 343934.6840280891 2300.0
101000.0 102000.0 298883.4379005745 0.0
102000.0 103000.0 429902.32301537285 2300.0
103000.0 104000.0 328329.9118192843 2300.0
104000.0 105000.0 393852.56762848905 0.0
105000.0 106000.0 156378.10394286495 0.0
106000.0 107000.0 578457.5582482208 3000.0
107000.0 108000.0 184067.93329183277 0.0
108000.0 109000.0 544710.2377477532 3000.0
109000.0 110000.0 552418.459030101 3000.0
110000.0 111000.0 518380.81168209226 0.0
111000.0 112000.0 333331.06245840155 3000.0
112000.0 113000.0 358694.8458569939 0.0
113000.0 114000.0 347979.08111915283 3000.0
114000.0 115000.0 451814.41992576123 0.0
115000.0 116000.0 295862.59939218214 3000.0
116000.0 117000.0 400702.9466332755 0.0
117000.0 118000.0 544930.4357074117 3000.0
118000.0 119000.0 411486.3621251751 0.0
119000.0 120000.0 406961.0702639857 3000.0
120000.0 121000.0 510955.92847012583 0.0
121000.0 122000.0 472995.4231822416 3000.0
122000.0 123000.0 288569.7843314337 0.0
123000.0 124000.0 69316.04053385914 0.0
124000.0 125000.0 411421.0 3000.0
125000.0 126000.0 482851.4331592209 3000.0
126000.0 127000.0 542932.8834388539 0.0
127000.0 128000.0 532857.2677142775 3000.0
128000.0 129000.0 363888.652673739 0.0
129000.0 130000.0 428591.8675180628 3000.0
130000.0 131000.0 416739.6814781242 3000.0
131000.0 132000.0 515513.230442361 0.0
132000.0 133000.0 143000.98357536076 0.0
133000.0 134000.0 553517.4066700133 3000.0
134000.0 135000.0 361318.7121598248 0.0
135000.0 136000.0 401885.0609842071 3000.0
136000.0 137000.0 413811.3415927387 3000.0
137000.0 138000.0 391058.2252496554 0.0
138000.0 139000.0 442092.7821018809 3000.0
139000.0 140000.0 381356.2432611963 0.0
140000.0 141000.0 417043.1725966965 3000.0
141000.0 142000.0 363410.0784690137 0.0
142000.0 143000.0 481184.36551269173 3000.0
143000.0 144000.0 360695.2032285198 0.0
144000.0 145000.0 391337.94681486243 3000.0
145000.0 146000.0 359619.12688527524 0.0
146000.0 147000.0 435101.14312177483 3000.0
147000.0 148000.0 349338.074575466 3000.0
148000.0 149000.0 558260.1167761832 3000.0
149000.0 150000.0 299486.0 0.0
150000.0 151000.0 306583.99322822544 3000.0
151000.0 152000.0 424316.4955916846 3000.0
152000.0 153000.0 613143.5364276095 0.0
153000.0 154000.0 221794.71151398882 3000.0
154000.0 155000.0 601475.2632384916 3000.0
155000.0 156000.0 90278.0 3000.0
156000.0 157000.0 539618.0 0.0
157000.0 158000.0 452001.4556057733 3000.0
158000.0 159000.0 569717.5758759413 0.0
159000.0 160000.0 297131.1132388001 3000.0
160000.0 161000.0 521220.85527948535 0.0
161000.0 162000.0 49617.3068821767 0.0
162000.0 163000.0 488814.19366026216 3000.0
163000.0 164000.0 522709.4659820482 3000.0
164000.0 165000.0 526477.90825549 0.0
165000.0 166000.0 473711.26112522325 3000.0
166000.0 167000.0 388292.86409479985 0.0
167000.0 168000.0 285634.0873806814 3000.0
168000.0 169000.0 374392.52206687763 0.0
169000.0 170000.0 362252.1560187367 3000.0
170000.0 171000.0 383752.26810107246 0.0
171000.0 172000.0 407128.2116856841 3000.0
172000.0 173000.0 435923.0717106326 0.0
173000.0 174000.0 318209.2317914363 3000.0
174000.0 175000.0 516016.93580256443 3000.0
175000.0 176000.0 515644.863825032 0.0
176000.0 177000.0 156435.00471653728 0.0
177000.0 178000.0 547001.101389369 3000.0
178000.0 179000.0 241203.4890084873 0.0
179000.0 180000.0 508010.4806144346 3000.0
180000.0 181000.0 268589.8627429544 0.0
181000.0 182000.0 535264.5130899164 3000.0
182000.0 183000.0 511941.05913439085 3000.0
183000.0 184000.0 482595.1409211925 0.0
184000.0 185000.0 305326.5300902857 3000.0
185000.0 186000.0 400089.3059950839 0.0
186000.0 187000.0 136790.98224597826 3000.0
187000.0 188000.0 480704.1816686521 0.0
188000.0 189000.0 531625.0 3000.0
189000.0 190000.0 554677.0511110566 0.0
190000.0 191000.0 293693.7497454526 3000.0
191000.0 192000.0 361551.7436602363 0.0
192000.0 193000.0 429681.3946871151 3000.0
193000.0 194000.0 409236.5248098335 0.0
194000.0 195000.0 440286.55029567436 3000.0
195000.0 196000.0 355043.4896720471 0.0
196000.0 197000.0 380334.5124423294 3000.0
197000.0 198000.0 490484.7825768417 0.0
198000.0 199000.0 606731.1309828679 3000.0
199000.0 200000.0 249468.52832012423 0.0
200000.0 201000.0 462273.6227142809 3000.0
201000.0 202000.0 255435.70962618582 3000.0
202000.0 203000.0 565745.6532460673 0.0
203000.0 204000.0 215680.55610988731 0.0
204000.0 205000.0 575167.5432282052 3000.0
205000.0 206000.0 83042.45677179482 0.0
206000.0 207000.0 513594.17234023137 3000.0
207000.0 208000.0 575851.3002117556 3000.0
208000.0 209000.0 483560.61568467016 0.0
209000.0 210000.0 394249.4524061668 3000.0
210000.0 211000.0 464832.09981476085 0.0
211000.0 212000.0 305826.76616334845 3000.0
212000.0 213000.0 383426.7571984757 0.0
213000.0 214000.0 345921.88805334864 3000.0
214000.0 215000.0 415927.4576980778 0.0
215000.0 216000.0 442232.1125176478 3000.0
216000.0 217000.0 478294.34713920846 0.0
217000.0 218000.0 467197.0760440468 3000.0
218000.0 219000.0 225587.30786955263 0.0
219000.0 220000.0 376534.6947434761 3000.0
220000.0 221000.0 468701.95211523294 0.0
221000.0 222000.0 273390.481259131 3000.0
222000.0 223000.0 588524.0388776339 3000.0
223000.0 224000.0 458676.96940732957 0.0
224000.0 225000.0 430132.1438016163 3000.0
225000.0 226000.0 456501.74606207624 0.0
226000.0 227000.0 197318.62059221315 0.0
227000.0 228000.0 546920.2382568629 3000.0
228000.0 229000.0 353952.5855059349 0.0
229000.0 230000.0 424125.508026743 3000.0
230000.0 231000.0 204146.5615946441 3000.0
231000.0 232000.0 475267.1066158151 0.0
232000.0 233000.0 615661.6677281451 3000.0
233000.0 234000.0 463020.3658739713 0.0
234000.0 235000.0 408038.8469949242 3000.0
235000.0 236000.0 346291.8314287769 0.0
236000.0 237000.0 373416.15484319016 3000.0
237000.0 238000.0 421182.94738239195 0.0
238000.0 239000.0 437670.14934051444 3000.0
239000.0 240000.0 382328.08409448474 0.0
240000.0 241000.0 467361.8769272496 3000.0
241000.0 242000.0 452058.09196668107 0.0
242000.0 243000.0 45234.23161696207 3000.0
243000.0 244000.0 528867.8365753551 0.0
244000.0 245000.0 436946.818346123 3000.0
245000.0 246000.0 459058.43018191034 0.0
246000.0 247000.0 609486.5177551974 3000.0
247000.0 248000.0 421327.86986923416 3000.0
248000.0 249000.0 488662.10278062604 0.0
249000.0 250000.0 205360.29155894255 0.0
250000.0 251000.0 492173.9205684414 3000.0
251000.0 252000.0 266653.7590442109 3000.0
252000.0 253000.0 522255.2051226678 0.0
253000.0 254000.0 256481.56621734824 0.0
254000.0 255000.0 541940.8600499148 3000.0
255000.0 256000.0 479025.04268541693 3000.0
256000.0 257000.0 510171.53104732005 0.0
257000.0 258000.0 376127.6277172448 3000.0
258000.0 259000.0 432002.3722827552 0.0
259000.0 260000.0 291552.18887830374 3000.0
260000.0 261000.0 462074.8111216962 0.0
261000.0 262000.0 276822.0152618727 3000.0
262000.0 263000.0 410630.88319193455 0.0
263000.0 264000.0 400852.3210835563 3000.0
264000.0 265000.0 386348.94218908314 0.0
265000.0 266000.0 396837.6028429667 3000.0
266000.0 267000.0 416113.5701056514 0.0
267000.0 268000.0 413509.3673103553 3000.0
268000.0 269000.0 410703.7840799012 0.0
269000.0 270000.0 335849.3164475337 3000.0
270000.0 271000.0 543603.7603953131 0.0
271000.0 272000.0 527129.2559035724 3000.0
272000.0 273000.0 466304.00748964463 3000.0
273000.0 274000.0 436863.20185934234 3000.0
274000.0 275000.0 324717.18092967913 3000.0
275000.0 276000.0 425909.36492185347 0.0
276000.0 277000.0 322291.2005022407 3000.0
277000.0 278000.0 399863.4954222087 0.0
278000.0 279000.0 375519.3639617425 0.0
279000.0 280000.0 428755.3412893811 3000.0
280000.0 281000.0 212244.4032607378 3000.0
281000.0 282000.0 500272.0646823766 0.0
282000.0 283000.0 602665.2511873809 3000.0
283000.0 284000.0 473942.48876190966 0.0
284000.0 285000.0 652591.6843968756 3000.0
285000.0 286000.0 424224.13252288674 0.0
286000.0 287000.0 355350.90041369403 3000.0
287000.0 288000.0 389587.85355846 0.0
288000.0 289000.0 441076.3304814893 3000.0
289000.0 290000.0 364518.1721053346 0.0
290000.0 291000.0 471640.663015469 3000.0
291000.0 292000.0 330370.7038989846 0.0
292000.0 293000.0 395234.8666214824 3000.0
293000.0 294000.0 350015.52866357676 3000.0
294000.0 295000.0 591620.5169860835 3000.0
295000.0 296000.0 271106.46425542573 3000.0
296000.0 297000.0 563281.8737272003 0.0
297000.0 298000.0 266239.6460992422 0.0
298000.0 299000.0 559264.4801735575 3000.0
299000.0 300000.0 235684.7993908874 3000.0
