ts te s_bytes_all avg_video_rate
0.0 1000.0 0.0 0.0
1000.0 2000.0 0.0 0.0
2000.0 3000.0 0.0 0.0
3000.0 4000.0 0.0 0.0
4000.0 5000.0 0.0 0.0
5000.0 6000.0 0.0 0.0
6000.0 7000.0 0.0 0.0
7000.0 8000.0 12052.280150574206 0.0
8000.0 9000.0 154719.2242889807 1500.0
9000.0 10000.0 208834.53140299264 288.0
10000.0 11000.0 224381.4991268331 288.0
11000.0 12000.0 133699.34842338262 288.0
12000.0 13000.0 99407.0249762834 0.0
13000.0 14000.0 5911.816219962166 0.0
14000.0 15000.0 5424.60163247003 0.0
15000.0 16000.0 41736.141262799654 288.0
16000.0 17000.0 117654.55430207415 288.0
17000.0 18000.0 112352.07423590295 288.0
18000.0 19000.0 109921.11604982309 288.0
19000.0 20000.0 86780.86749356314 288.0
20000.0 21000.0 136855.8717182519 288.0
21000.0 22000.0 151165.4926900938 288.0
22000.0 23000.0 119807.20479742147 288.0
23000.0 24000.0 71611.21665583114 288.0
24000.0 25000.0 80693.13457275984 0.0
25000.0 26000.0 112518.93297244507 288.0
26000.0 27000.0 15872.542082197462 0.0
27000.0 28000.0 94800.03247698705 288.0
28000.0 29000.0 14746.789706428952 0.0
29000.0 30000.0 140999.4837135998 480.0
30000.0 31000.0 43853.36505669304 0.0
31000.0 32000.0 127460.44626006161 480.0
32000.0 33000.0 24697.407731587027 0.0
33000.0 34000.0 91332.39420444328 480.0
34000.0 35000.0 64844.60579555672 0.0
35000.0 36000.0 110289.12595709511 840.0
36000.0 37000.0 325897.50955325854 840.0
37000.0 38000.0 35672.364489646374 0.0
38000.0 39000.0 118033.99527951241 840.0
39000.0 40000.0 137754.0047204876 0.0
40000.0 41000.0 155367.708577788 840.0
41000.0 42000.0 94874.291422212 0.0
42000.0 43000.0 173234.6612511527 1500.0
43000.0 44000.0 185441.3387488473 0.0
44000.0 45000.0 181382.92652757475 1500.0
45000.0 46000.0 207111.07347242525 0.0
46000.0 47000.0 320456.72630420496 1500.0
47000.0 48000.0 110410.27369579508 0.0
48000.0 49000.0 294525.4702540374 2300.0
49000.0 50000.0 309033.8656816579 0.0
50000.0 51000.0 285387.6453762534 2300.0
51000.0 52000.0 287114.5935143529 0.0
52000.0 53000.0 447975.2444453253 2300.0
53000.0 54000.0 214575.80749157397 0.0
54000.0 55000.0 480293.097368453 2300.0
55000.0 56000.0 153181.27586834604 0.0
56000.0 57000.0 493855.75595467887 2300.0
57000.0 58000.0 326777.0889773228 2300.0
58000.0 59000.0 479321.25238620536 0.0
59000.0 60000.0 40631.90268179296 0.0
60000.0 61000.0 447885.56109608413 3000.0
61000.0 62000.0 554487.1665837772 3000.0
62000.0 63000.0 495187.8342308231 0.0
63000.0 64000.0 278252.23967123317 3000.0
64000.0 65000.0 417897.88946820947 0.0
65000.0 66000.0 323278.24495684804 3000.0
66000.0 67000.0 370602.35576420213 0.0
67000.0 68000.0 522041.19995212305 3000.0
68000.0 69000.0 404675.93993274245 0.0
69000.0 70000.0 279662.09533902584 3000.0
70000.0 71000.0 506487.8763065165 0.0
71000.0 72000.0 539391.4814925501 3000.0
72000.0 73000.0 420384.4896605829 0.0
73000.0 74000.0 422471.5166128962 3000.0
74000.0 75000.0 262386.96855775715 0.0
75000.0 76000.0 450389.47248932364 3000.0
76000.0 77000.0 457585.872954888 3000.0
77000.0 78000.0 559967.0951469921 0.0
78000.0 79000.0 252785.99537603967 0.0
79000.0 80000.0 391520.42942642927 3000.0
80000.0 81000.0 514987.78782207274 3000.0
81000.0 82000.0 560286.6244883945 0.0
82000.0 83000.0 143197.80158880015 0.0
83000.0 84000.0 433623.9581729499 3000.0
84000.0 85000.0 617241.3382960142 3000.0
85000.0 86000.0 425968.16873854276 0.0
86000.0 87000.0 85245.7932391991 0.0
87000.0 88000.0 427650.9264194191 3000.0
88000.0 89000.0 519255.9898695313 3000.0
89000.0 90000.0 496655.3691085543 0.0
90000.0 91000.0 366694.7619110292 3000.0
91000.0 92000.0 511710.4319600387 0.0
92000.0 93000.0 333951.5506152806 3000.0
93000.0 94000.0 333744.8484234096 0.0
94000.0 95000.0 465312.9016099422 3000.0
95000.0 96000.0 387433.67510694644 0.0
96000.0 97000.0 529241.9765120936 3000.0
97000.0 98000.0 261944.6182454392 0.0
98000.0 99000.0 487436.0082866349 3000.0
99000.0 100000.0 236948.50389873993 0.0
100000.0 101000.0 492601.935848772 3000.0
101000.0 102000.0 333566.6935562339 0.0
102000.0 103000.0 493734.2091572664 3000.0
103000.0 104000.0 258368.3949515244 0.0
104000.0 105000.0 508993.8874829294 3000.0
105000.0 106000.0 364993.84031538706 3000.0
106000.0 107000.0 556668.6127122733 0.0
107000.0 108000.0 207802.24222708185 0.0
108000.0 109000.0 487403.3624548026 3000.0
109000.0 110000.0 517818.1467653957 3000.0
110000.0 111000.0 518698.1376017781 0.0
111000.0 112000.0 273919.7532748588 3000.0
112000.0 113000.0 440055.2290576472 0.0
113000.0 114000.0 386680.97042311484 3000.0
114000.0 115000.0 433313.80333016475 0.0
115000.0 116000.0 289172.1262721562 3000.0
116000.0 117000.0 391048.4674484153 0.0
117000.0 118000.0 380149.8634604916 3000.0
118000.0 119000.0 465482.84086704516 0.0
119000.0 120000.0 589604.0306981076 3000.0
120000.0 121000.0 405892.99075409945 0.0
121000.0 122000.0 432410.8200304283 3000.0
122000.0 123000.0 416430.7893307243 0.0
123000.0 124000.0 284184.80634586094 3000.0
124000.0 125000.0 508987.1863523448 0.0
125000.0 126000.0 544535.41229945 3000.0
126000.0 127000.0 289733.3653291961 0.0
127000.0 128000.0 435418.2262125148 3000.0
128000.0 129000.0 504805.4234777458 3000.0
129000.0 130000.0 480152.41228899057 0.0
130000.0 131000.0 236002.6219319353 0.0
131000.0 132000.0 510088.1802693191 3000.0
132000.0 133000.0 478523.95042021363 3000.0
133000.0 134000.0 537321.7758382747 0.0
134000.0 135000.0 341162.62126398867 3000.0
135000.0 136000.0 386538.9154048464 0.0
136000.0 137000.0 320918.1991295822 3000.0
137000.0 138000.0 443368.6523581274 0.0
138000.0 139000.0 545832.0926477424 3000.0
139000.0 140000.0 378497.73224827193 0.0
140000.0 141000.0 276075.45089218265 3000.0
141000.0 142000.0 435131.8756665372 0.0
142000.0 143000.0 323848.3389012071 3000.0
143000.0 144000.0 417478.40394111595 0.0
144000.0 145000.0 478906.471719556 3000.0
145000.0 146000.0 321609.3338503848 0.0
146000.0 147000.0 520239.11639230856 3000.0
147000.0 148000.0 322838.527465528 0.0
148000.0 149000.0 474205.80292587786 3000.0
149000.0 150000.0 265479.2856398924 0.0
150000.0 151000.0 446937.08945367613 3000.0
151000.0 152000.0 378385.90373912477 3000.0
152000.0 153000.0 449037.7173841006 0.0
153000.0 154000.0 518629.08089485596 3000.0
154000.0 155000.0 500288.1312057727 0.0
155000.0 156000.0 344471.911445042 3000.0
156000.0 157000.0 498260.7108130256 0.0
157000.0 158000.0 128599.3664986319 0.0
158000.0 159000.0 413221.9581282715 3000.0
159000.0 160000.0 321180.84327570256 0.0
160000.0 161000.0 171855.4693552616 3000.0
161000.0 162000.0 462097.7689973781 0.0
162000.0 163000.0 451053.7366760035 3000.0
163000.0 164000.0 509745.0954372225 0.0
164000.0 165000.0 346912.6734272558 3000.0
165000.0 166000.0 550517.9745013902 3000.0
166000.0 167000.0 548112.965380514 0.0
167000.0 168000.0 547948.281618468 3000.0
168000.0 169000.0 367772.2618201483 0.0
169000.0 170000.0 404397.11774973804 3000.0
170000.0 171000.0 416220.72215456807 0.0
171000.0 172000.0 501462.54649358836 3000.0
172000.0 173000.0 299136.7775427398 0.0
173000.0 174000.0 437719.14708954707 3000.0
174000.0 175000.0 361702.5688360922 0.0
175000.0 176000.0 509409.6749485894 3000.0
176000.0 177000.0 294815.40342396166 0.0
177000.0 178000.0 414847.56725006085 3000.0
178000.0 179000.0 585557.5705397032 3000.0
179000.0 180000.0 502295.5646129847 0.0
180000.0 181000.0 391148.02099548676 3000.0
181000.0 182000.0 424465.1572542924 0.0
182000.0 183000.0 331984.3316142517 3000.0
183000.0 184000.0 518412.67552244104 0.0
184000.0 185000.0 234580.53228318325 0.0
185000.0 186000.0 342325.3470864326 3000.0
186000.0 187000.0 593593.3920429498 3000.0
187000.0 188000.0 394801.7033683659 0.0
188000.0 189000.0 419899.993944305 3000.0
189000.0 190000.0 322695.58848120365 0.0
190000.0 191000.0 511980.71221647976 3000.0
191000.0 192000.0 298091.062509139 0.0
192000.0 193000.0 252582.21802280645 3000.0
193000.0 194000.0 446789.50087642355 0.0
194000.0 195000.0 480725.6871129683 3000.0
195000.0 196000.0 395232.9326050834 0.0
196000.0 197000.0 155108.22139144575 2300.0
197000.0 198000.0 296028.83022978425 0.0
198000.0 199000.0 498590.7784777495 2300.0
199000.0 200000.0 288898.2122207706 0.0
200000.0 201000.0 397923.5629297099 2300.0
201000.0 202000.0 251837.9939152509 0.0
202000.0 203000.0 369444.6220912074 2300.0
203000.0 204000.0 482525.5762579691 2300.0
204000.0 205000.0 463819.1588826844 0.0
205000.0 206000.0 194083.017969638 4400.0
206000.0 207000.0 458295.5015644743 0.0
207000.0 208000.0 518082.0157707685 0.0
208000.0 209000.0 477034.6972873892 4400.0
209000.0 210000.0 528518.5492888312 0.0
210000.0 211000.0 407037.74133456417 4400.0
211000.0 212000.0 504209.43035636056 0.0
212000.0 213000.0 574665.3781592225 4400.0
213000.0 214000.0 448506.1974338774 0.0
214000.0 215000.0 561600.4533266715 4400.0
215000.0 216000.0 425961.9052738738 0.0
216000.0 217000.0 546433.8131807446 0.0
217000.0 218000.0 575527.6783390065 2300.0
218000.0 219000.0 694532.5813982468 2300.0
219000.0 220000.0 493577.03459724726 2300.0
220000.0 221000.0 427156.1229924815 0.0
221000.0 222000.0 510528.65162281826 3000.0
222000.0 223000.0 270463.6966531211 0.0
223000.0 224000.0 493009.01507473155 3000.0
224000.0 225000.0 334675.9172950844 0.0
225000.0 226000.0 483132.7109911953 3000.0
226000.0 227000.0 304037.7169813111 0.0
227000.0 228000.0 444819.0333252738 3000.0
228000.0 229000.0 335194.9314271084 0.0
229000.0 230000.0 319766.7646066939 3000.0
230000.0 231000.0 498812.8488181555 0.0
231000.0 232000.0 514989.9223090536 3000.0
232000.0 233000.0 592841.4255025556 3000.0
233000.0 234000.0 577137.629207452 0.0
234000.0 235000.0 207355.11632047384 0.0
235000.0 236000.0 4200.0 0.0
236000.0 237000.0 100592.69532167754 288.0
237000.0 238000.0 161519.78935931556 288.0
238000.0 239000.0 165575.5153190069 480.0
239000.0 240000.0 0.0 0.0
240000.0 241000.0 234416.0 840.0
241000.0 242000.0 0.0 0.0
242000.0 243000.0 212893.29066373943 840.0
243000.0 244000.0 28561.70933626056 0.0
244000.0 245000.0 408622.26385266375 1500.0
245000.0 246000.0 45700.54956944106 0.0
246000.0 247000.0 366794.7727031 2300.0
247000.0 248000.0 220609.83401011606 0.0
248000.0 249000.0 450413.9939655533 2300.0
249000.0 250000.0 129539.46964014819 0.0
250000.0 251000.0 438270.85385683854 2300.0
251000.0 252000.0 173930.01372602748 0.0
252000.0 253000.0 418254.0013750366 2300.0
253000.0 254000.0 348864.75000058836 2300.0
254000.0 255000.0 406832.91163518874 0.0
255000.0 256000.0 196284.20563482394 2300.0
256000.0 257000.0 392986.31837870454 0.0
257000.0 258000.0 312221.35441987123 3000.0
258000.0 259000.0 455614.3969592524 0.0
259000.0 260000.0 391296.11443115666 3000.0
260000.0 261000.0 410525.02532452927 0.0
261000.0 262000.0 279262.2609050263 3000.0
262000.0 263000.0 434044.76245413756 0.0
263000.0 264000.0 617548.320512903 3000.0
264000.0 265000.0 416431.82664489304 0.0
265000.0 266000.0 175926.05419213785 3000.0
266000.0 267000.0 477606.88044687384 0.0
267000.0 268000.0 612253.5591449068 3000.0
268000.0 269000.0 352018.10273564246 0.0
269000.0 270000.0 388819.4472488609 3000.0
270000.0 271000.0 563534.7995702997 3000.0
271000.0 272000.0 514368.9373880693 0.0
272000.0 273000.0 246612.7104426141 0.0
273000.0 274000.0 417652.672242159 3000.0
274000.0 275000.0 311747.8326681033 0.0
275000.0 276000.0 311509.48058223457 3000.0
276000.0 277000.0 508538.2971259137 0.0
277000.0 278000.0 523887.5881149359 3000.0
278000.0 279000.0 480340.9872190774 3000.0
279000.0 280000.0 401242.56428174535 0.0
280000.0 281000.0 234541.03557428642 0.0
281000.0 282000.0 400532.42783771205 3000.0
282000.0 283000.0 534960.4058721227 3000.0
283000.0 284000.0 510100.8401352834 0.0
284000.0 285000.0 319307.17468779476 3000.0
285000.0 286000.0 510154.99220629805 0.0
286000.0 287000.0 297034.1667106534 3000.0
287000.0 288000.0 460576.7030951958 0.0
288000.0 289000.0 547310.658127656 3000.0
289000.0 290000.0 328137.9879583366 0.0
290000.0 291000.0 479753.72871956974 3000.0
291000.0 292000.0 311962.1926770643 0.0
292000.0 293000.0 525910.2855286024 3000.0
293000.0 294000.0 349070.7697194227 0.0
294000.0 295000.0 516796.1230968005 3000.0
295000.0 296000.0 259391.80790158937 0.0
296000.0 297000.0 484809.06016451196 3000.0
297000.0 298000.0 291334.8130163003 0.0
298000.0 299000.0 492704.9667402562 3000.0
299000.0 300000.0 479089.21225296776 3000.0
300000.0 301000.0 100727.73457400143 0.0
