ts te s_bytes_all avg_video_rate
0.0 1000.0 0.0 0.0
1000.0 2000.0 0.0 0.0
2000.0 3000.0 0.0 0.0
3000.0 4000.0 0.0 0.0
4000.0 5000.0 0.0 0.0
5000.0 6000.0 6439.0 0.0
6000.0 7000.0 58100.629536008564 1500.0
7000.0 8000.0 395408.9188025388 1500.0
8000.0 9000.0 145233.8727453174 1500.0
9000.0 10000.0 475248.23614651593 1060.0
10000.0 11000.0 404111.735761918 840.0
11000.0 12000.0 455054.0668811207 840.0
12000.0 13000.0 290077.1888056375 840.0
13000.0 14000.0 249814.35132094307 840.0
14000.0 15000.0 7907.433648849644 0.0
15000.0 16000.0 423921.21660279424 2300.0
16000.0 17000.0 211047.62088627115 0.0
17000.0 18000.0 452219.09033759724 2300.0
18000.0 19000.0 168335.47799102555 0.0
19000.0 20000.0 462006.917764219 2300.0
20000.0 21000.0 83931.66612259539 0.0
21000.0 22000.0 397367.0369177693 2300.0
22000.0 23000.0 208363.31995088264 0.0
23000.0 24000.0 385047.2684842776 2300.0
24000.0 25000.0 273313.1212530341 0.0
25000.0 26000.0 495067.4304943766 2300.0
26000.0 27000.0 51193.91278526625 0.0
27000.0 28000.0 437008.57045947405 2300.0
28000.0 29000.0 174009.32387475084 0.0
29000.0 30000.0 455388.9323423701 2300.0
30000.0 31000.0 162091.66605125228 0.0
31000.0 32000.0 451037.6105571167 2300.0
32000.0 33000.0 145009.39358019398 0.0
33000.0 34000.0 474177.1239495055 2300.0
34000.0 35000.0 144431.7928294774 0.0
35000.0 36000.0 445748.2597056994 2300.0
36000.0 37000.0 106883.33358519408 0.0
37000.0 38000.0 375062.9752150496 2300.0
38000.0 39000.0 284589.194802338 0.0
39000.0 40000.0 370913.3835172165 2300.0
40000.0 41000.0 359816.2004304619 2300.0
41000.0 42000.0 409434.7258609409 0.0
42000.0 43000.0 3191.439488845258 0.0
43000.0 44000.0 3921.560511154742 0.0
44000.0 45000.0 5157.507409450211 0.0
45000.0 46000.0 2551.7713367608208 0.0
46000.0 47000.0 58428.39456000179 288.0
47000.0 48000.0 297690.92836259137 288.0
48000.0 49000.0 174110.80330784875 288.0
49000.0 50000.0 79560.59502334702 288.0
50000.0 51000.0 11754.849209010714 0.0
51000.0 52000.0 130877.15079098928 480.0
52000.0 53000.0 9576.29948562376 0.0
53000.0 54000.0 387834.4814963268 1500.0
54000.0 55000.0 18722.47765033934 0.0
55000.0 56000.0 517582.58327081 2300.0
56000.0 57000.0 56610.20833771202 0.0
57000.0 58000.0 528247.3596118398 2300.0
58000.0 59000.0 118299.17823970858 2300.0
59000.0 60000.0 510716.41190763965 0.0
60000.0 61000.0 98888.96597618586 0.0
61000.0 62000.0 444872.6547073348 2300.0
62000.0 63000.0 164935.3373638493 0.0
63000.0 64000.0 534442.4615626496 2300.0
64000.0 65000.0 69947.08375129702 0.0
65000.0 66000.0 489710.25347627635 2300.0
66000.0 67000.0 124968.74172006201 0.0
67000.0 68000.0 488815.663653331 2300.0
68000.0 69000.0 135053.5880332602 0.0
69000.0 70000.0 468238.6492675493 2300.0
70000.0 71000.0 107021.19051423315 0.0
71000.0 72000.0 376840.6481401078 3000.0
72000.0 73000.0 447857.3459863147 0.0
73000.0 74000.0 452926.8157982259 2300.0
74000.0 75000.0 169920.92256903677 0.0
75000.0 76000.0 457289.06850282254 2300.0
76000.0 77000.0 222660.59836487749 0.0
77000.0 78000.0 403248.8062320603 2300.0
78000.0 79000.0 249596.2043805259 0.0
79000.0 80000.0 466642.1458153104 2300.0
80000.0 81000.0 210072.1631152644 0.0
81000.0 82000.0 356237.4254124887 2300.0
82000.0 83000.0 263434.1971085844 0.0
83000.0 84000.0 351882.30555471685 2300.0
84000.0 85000.0 202952.40375683282 0.0
85000.0 86000.0 216570.4714725004 2300.0
86000.0 87000.0 343741.1682292514 0.0
87000.0 88000.0 71222.33585906905 0.0
88000.0 89000.0 5477.90021814767 0.0
89000.0 90000.0 3826.345823010014 0.0
90000.0 91000.0 5078.8863784267 0.0
91000.0 92000.0 2887.8466628721003 0.0
92000.0 93000.0 12977.879818562644 0.0
93000.0 94000.0 166001.15046370897 288.0
94000.0 95000.0 336949.38307365 288.0
95000.0 96000.0 206970.99123760356 288.0
96000.0 97000.0 14206.957940025117 0.0
97000.0 98000.0 94391.04205997489 288.0
98000.0 99000.0 12158.550850946292 0.0
99000.0 100000.0 423602.4491490537 1500.0
100000.0 101000.0 11179.421334500852 0.0
101000.0 102000.0 405094.57866549917 1500.0
102000.0 103000.0 12280.035157580363 0.0
103000.0 104000.0 397369.9648424196 1500.0
104000.0 105000.0 7980.25805604115 0.0
105000.0 106000.0 377977.74194395886 1500.0
106000.0 107000.0 13047.992565519757 0.0
107000.0 108000.0 448737.6233570256 2300.0
108000.0 109000.0 116026.91680243134 0.0
109000.0 110000.0 472091.79766174365 2300.0
110000.0 111000.0 84251.15968724444 0.0
111000.0 112000.0 415751.96467620746 2300.0
112000.0 113000.0 260996.42227861925 0.0
113000.0 114000.0 496073.46656724764 2300.0
114000.0 115000.0 100924.77181881272 0.0
115000.0 116000.0 464714.6048652647 2300.0
116000.0 117000.0 112650.43767109881 0.0
117000.0 118000.0 497539.0175763702 2300.0
118000.0 119000.0 147054.8244724144 0.0
119000.0 120000.0 431080.7141680246 2300.0
120000.0 121000.0 163903.78726897377 0.0
121000.0 122000.0 435873.70999166975 3000.0
122000.0 123000.0 290229.7885713319 0.0
123000.0 124000.0 0.0 0.0
124000.0 125000.0 297490.4084141074 1500.0
125000.0 126000.0 421305.3530597351 1500.0
126000.0 127000.0 131720.6755128511 0.0
127000.0 128000.0 378913.40045911656 1500.0
128000.0 129000.0 4521.162554189928 0.0
129000.0 130000.0 263699.4455457779 1500.0
130000.0 131000.0 146633.62308524392 1500.0
131000.0 132000.0 376304.38298224134 0.0
132000.0 133000.0 41923.026994677166 0.0
133000.0 134000.0 480630.1225168423 1500.0
134000.0 135000.0 193393.8681838053 0.0
135000.0 136000.0 210650.6019181206 1500.0
136000.0 137000.0 308394.6547155024 0.0
137000.0 138000.0 60035.81745922916 0.0
138000.0 139000.0 33520.70823696358 0.0
139000.0 140000.0 342418.7483615964 1500.0
140000.0 141000.0 217542.2920130152 0.0
141000.0 142000.0 348277.297066387 1500.0
142000.0 143000.0 373460.80156108865 0.0
143000.0 144000.0 428420.69573254784 1500.0
144000.0 145000.0 8223.639392357849 0.0
145000.0 146000.0 372071.16168399603 1500.0
146000.0 147000.0 11783.698766874702 0.0
147000.0 148000.0 388635.8941260448 3000.0
148000.0 149000.0 450390.94624833995 0.0
149000.0 150000.0 409459.0364365925 3000.0
150000.0 151000.0 365068.04905980045 0.0
151000.0 152000.0 524643.3647819367 3000.0
152000.0 153000.0 462068.37820168823 0.0
153000.0 154000.0 502248.2659418836 3000.0
154000.0 155000.0 303225.4789874465 0.0
155000.0 156000.0 0.0 0.0
156000.0 157000.0 4316.0 0.0
157000.0 158000.0 0.0 0.0
158000.0 159000.0 2916.0 0.0
159000.0 160000.0 46648.47939746316 840.0
160000.0 161000.0 283632.53886292415 840.0
161000.0 162000.0 268080.7295366578 840.0
162000.0 163000.0 380123.22833181085 840.0
163000.0 164000.0 291373.02387114405 0.0
164000.0 165000.0 2917.0 0.0
165000.0 166000.0 847.3995012655924 0.0
166000.0 167000.0 298930.0816690216 840.0
167000.0 168000.0 529972.6642436518 3000.0
168000.0 169000.0 432331.0440450735 0.0
169000.0 170000.0 87017.81054098751 0.0
170000.0 171000.0 3584.692997063372 0.0
171000.0 172000.0 462921.28626115975 3000.0
172000.0 173000.0 260488.55120686206 0.0
173000.0 174000.0 244981.5540155649 3000.0
174000.0 175000.0 484729.4078165639 0.0
175000.0 176000.0 77566.48052568293 0.0
176000.0 177000.0 5321.317408664034 0.0
177000.0 178000.0 60840.83655059655 0.0
178000.0 179000.0 310601.30187575286 1500.0
179000.0 180000.0 429030.95810578484 1500.0
180000.0 181000.0 403364.2017478419 1500.0
181000.0 182000.0 254814.01723117885 1500.0
182000.0 183000.0 203511.56652270813 0.0
183000.0 184000.0 375306.82773457584 1500.0
184000.0 185000.0 29438.441338635083 0.0
185000.0 186000.0 400175.55866136495 1500.0
186000.0 187000.0 1145.4992841088692 0.0
187000.0 188000.0 391442.59265889676 1500.0
188000.0 189000.0 357458.0881790123 0.0
189000.0 190000.0 465721.4988053719 1500.0
190000.0 191000.0 49516.429429338765 0.0
191000.0 192000.0 391966.8916432714 1500.0
192000.0 193000.0 9250.04626561264 0.0
193000.0 194000.0 523382.98966134293 3000.0
194000.0 195000.0 242906.9385156862 0.0
195000.0 196000.0 562909.0344045687 3000.0
196000.0 197000.0 272966.99115278944 0.0
197000.0 198000.0 479933.5169670267 3000.0
198000.0 199000.0 315692.5839222568 0.0
199000.0 200000.0 494891.73818208737 3000.0
200000.0 201000.0 315751.0936429763 0.0
201000.0 202000.0 368879.4086689327 3000.0
202000.0 203000.0 433393.95415533014 0.0
203000.0 204000.0 386695.99563245533 3000.0
204000.0 205000.0 338427.0980434535 0.0
205000.0 206000.0 572531.6081062636 3000.0
206000.0 207000.0 190940.45049015153 0.0
207000.0 208000.0 517703.081418278 3000.0
208000.0 209000.0 310039.71289913927 0.0
209000.0 210000.0 578778.2913731959 3000.0
210000.0 211000.0 274545.3902102565 3000.0
211000.0 212000.0 552941.0762881965 0.0
212000.0 213000.0 419564.0241424934 3000.0
213000.0 214000.0 425567.08252354583 0.0
214000.0 215000.0 530972.4711753511 3000.0
215000.0 216000.0 402743.4221586096 3000.0
216000.0 217000.0 313286.15522343206 0.0
217000.0 218000.0 506999.84477656794 3000.0
218000.0 219000.0 562024.3223325874 0.0
219000.0 220000.0 379997.1808708581 3000.0
220000.0 221000.0 276705.2588351345 0.0
221000.0 222000.0 362029.00867761194 3000.0
222000.0 223000.0 464282.30756318476 0.0
223000.0 224000.0 567476.8111749126 3000.0
224000.0 225000.0 479632.2895961943 0.0
225000.0 226000.0 150842.24122173048 0.0
226000.0 227000.0 307107.2958433103 3000.0
227000.0 228000.0 539745.0167947535 3000.0
228000.0 229000.0 582167.6614178047 0.0
229000.0 230000.0 517956.05035348155 3000.0
230000.0 231000.0 379122.5097633107 0.0
231000.0 232000.0 480264.51733883884 3000.0
232000.0 233000.0 341375.9222522523 0.0
233000.0 234000.0 401107.33454414736 3000.0
234000.0 235000.0 392352.36201660935 0.0
235000.0 236000.0 457232.0095621749 3000.0
236000.0 237000.0 326654.8998411024 0.0
237000.0 238000.0 396009.56244095415 3000.0
238000.0 239000.0 468418.25630611647 0.0
239000.0 240000.0 54354.18125292938 0.0
240000.0 241000.0 7010.23442363998 0.0
241000.0 242000.0 538983.3349233844 3000.0
242000.0 243000.0 335221.56250657846 0.0
243000.0 244000.0 527651.90648593 3000.0
244000.0 245000.0 464994.96037906536 3000.0
245000.0 246000.0 440771.52950734727 0.0
246000.0 247000.0 232159.28402901723 3000.0
247000.0 248000.0 521736.4378129406 0.0
248000.0 249000.0 404317.2080486551 3000.0
249000.0 250000.0 528431.3135523114 0.0
250000.0 251000.0 316560.02184739604 3000.0
251000.0 252000.0 493323.9239582096 0.0
252000.0 253000.0 341586.6989421159 3000.0
253000.0 254000.0 543455.9020926049 0.0
254000.0 255000.0 507874.82645150786 3000.0
255000.0 256000.0 525446.0445944801 3000.0
256000.0 257000.0 526660.6726737648 0.0
257000.0 258000.0 435268.39520900557 3000.0
258000.0 259000.0 632659.8792215531 3000.0
259000.0 260000.0 288421.96881186037 0.0
260000.0 261000.0 261703.0099968435 3000.0
261000.0 262000.0 505760.41548956005 0.0
262000.0 263000.0 459076.1928572726 3000.0
263000.0 264000.0 460893.154614965 0.0
264000.0 265000.0 605818.493903651 3000.0
265000.0 266000.0 479970.6666615257 3000.0
266000.0 267000.0 342443.74399157806 0.0
267000.0 268000.0 372419.03567050915 3000.0
268000.0 269000.0 543998.6582271949 0.0
269000.0 270000.0 527068.4364293201 3000.0
270000.0 271000.0 368684.6379508782 0.0
271000.0 272000.0 317874.7669737324 3000.0
272000.0 273000.0 520908.5721380178 0.0
273000.0 274000.0 407022.5681268082 3000.0
274000.0 275000.0 377787.8341260324 0.0
275000.0 276000.0 323776.6051825301 3000.0
276000.0 277000.0 467960.8274237045 0.0
277000.0 278000.0 525086.0843453429 3000.0
278000.0 279000.0 278999.1904191653 0.0
279000.0 280000.0 473405.2585560336 3000.0
280000.0 281000.0 338698.4298076935 0.0
281000.0 282000.0 427755.8657518985 3000.0
282000.0 283000.0 413614.6834345531 0.0
283000.0 284000.0 500879.3144994991 3000.0
284000.0 285000.0 279760.5045605639 0.0
285000.0 286000.0 476668.5595392586 3000.0
286000.0 287000.0 250791.4322592729 0.0
287000.0 288000.0 483537.39107555116 3000.0
288000.0 289000.0 286308.9291809145 0.0
289000.0 290000.0 513543.2246532949 3000.0
290000.0 291000.0 281976.7068593765 0.0
291000.0 292000.0 398523.06735232286 3000.0
292000.0 293000.0 457925.63246976695 0.0
293000.0 294000.0 10778.065705260908 3000.0
294000.0 295000.0 304871.3855985438 0.0
295000.0 296000.0 418330.5486961953 0.0
296000.0 297000.0 2915.0 0.0
297000.0 298000.0 0.0 0.0
298000.0 299000.0 2915.0 0.0
299000.0 300000.0 170315.47832143813 1500.0
300000.0 301000.0 114352.52167856188 0.0
