ts te s_bytes_all avg_video_rate
0.0 1000.0 0.0 0.0
1000.0 2000.0 0.0 0.0
2000.0 3000.0 0.0 0.0
3000.0 4000.0 0.0 0.0
4000.0 5000.0 0.0 0.0
5000.0 6000.0 0.0 0.0
6000.0 7000.0 110513.73023983337 0.0
7000.0 8000.0 369534.34989156795 1500.0
8000.0 9000.0 437181.7802694106 1500.0
9000.0 10000.0 352435.25073880755 840.0
10000.0 11000.0 390538.2351381981 840.0
11000.0 12000.0 292677.7599025406 840.0
12000.0 13000.0 247652.1712973945 840.0
13000.0 14000.0 376319.14674371516 840.0
14000.0 15000.0 343415.0943509629 840.0
15000.0 16000.0 332391.4814275694 840.0
16000.0 17000.0 0.0 0.0
17000.0 18000.0 367469.12422523607 2300.0
18000.0 19000.0 251340.07804477843 0.0
19000.0 20000.0 444858.6133718903 2300.0
20000.0 21000.0 164399.92874571698 0.0
21000.0 22000.0 383789.1695074424 3000.0
22000.0 23000.0 456920.0646435901 3000.0
23000.0 24000.0 375761.0674683537 0.0
24000.0 25000.0 449168.24242861936 3000.0
25000.0 26000.0 581887.3165492326 0.0
26000.0 27000.0 444237.15672329033 3000.0
27000.0 28000.0 373546.6274408442 0.0
28000.0 29000.0 646803.868679808 3000.0
29000.0 30000.0 512613.82560874766 3000.0
30000.0 31000.0 492648.3112534844 0.0
31000.0 32000.0 415655.0956653943 3000.0
32000.0 33000.0 501983.4067702792 0.0
33000.0 34000.0 584312.081811899 3000.0
34000.0 35000.0 373561.88736832875 0.0
35000.0 36000.0 430236.41883492033 2300.0
36000.0 37000.0 208223.83668827225 0.0
37000.0 38000.0 71806.78239232172 288.0
38000.0 39000.0 159800.53418198015 288.0
39000.0 40000.0 122637.56159556966 288.0
40000.0 41000.0 0.0 0.0
41000.0 42000.0 102259.0 288.0
42000.0 43000.0 0.0 0.0
43000.0 44000.0 130764.0 480.0
44000.0 45000.0 0.0 0.0
45000.0 46000.0 279876.5297957867 840.0
46000.0 47000.0 26442.470204213292 0.0
47000.0 48000.0 189503.0 840.0
48000.0 49000.0 22.262070485197903 0.0
49000.0 50000.0 395833.7379295148 1500.0
50000.0 51000.0 0.0 0.0
51000.0 52000.0 283053.9196585615 1500.0
52000.0 53000.0 117993.08034143847 0.0
53000.0 54000.0 344567.5479820466 1500.0
54000.0 55000.0 48468.452017953394 0.0
55000.0 56000.0 0.0 0.0
56000.0 57000.0 2633.458809864582 0.0
57000.0 58000.0 283.54119013541805 0.0
58000.0 59000.0 4784.217883876462 0.0
59000.0 60000.0 306540.11530176306 2300.0
60000.0 61000.0 541742.9560412735 2300.0
61000.0 62000.0 489805.30752058735 2300.0
62000.0 63000.0 448078.88362937636 0.0
63000.0 64000.0 460180.7684163522 2300.0
64000.0 65000.0 537394.2373128888 2300.0
65000.0 66000.0 359740.2717413696 2300.0
66000.0 67000.0 553406.4689595138 0.0
67000.0 68000.0 176458.94347744936 0.0
68000.0 69000.0 342308.3657577376 2300.0
69000.0 70000.0 580567.299939282 2300.0
70000.0 71000.0 341245.28935454093 0.0
71000.0 72000.0 41393.63991994821 0.0
72000.0 73000.0 2434.234744040577 0.0
73000.0 74000.0 4673.332223564688 0.0
74000.0 75000.0 1044.6677764353112 0.0
75000.0 76000.0 5718.0 0.0
76000.0 77000.0 230401.86793606175 288.0
77000.0 78000.0 282373.6458342121 288.0
78000.0 79000.0 214576.0787376428 288.0
79000.0 80000.0 5004.407492083409 0.0
80000.0 81000.0 2753.4595145862754 0.0
81000.0 82000.0 209993.54048541375 288.0
82000.0 83000.0 0.0 0.0
83000.0 84000.0 401629.0 1500.0
84000.0 85000.0 0.0 0.0
85000.0 86000.0 427285.31930567697 2300.0
86000.0 87000.0 154618.6681908213 0.0
87000.0 88000.0 385948.8748180116 2300.0
88000.0 89000.0 298590.04192797374 0.0
89000.0 90000.0 480061.82033300376 2300.0
90000.0 91000.0 61800.869558949336 0.0
91000.0 92000.0 356.40586556323456 0.0
92000.0 93000.0 0.0 0.0
93000.0 94000.0 513679.0113099722 2300.0
94000.0 95000.0 511968.4058717777 2300.0
95000.0 96000.0 452248.5828182501 2300.0
96000.0 97000.0 406453.1609595029 0.0
97000.0 98000.0 369384.57110810815 2300.0
98000.0 99000.0 439804.2274282327 2300.0
99000.0 100000.0 400345.5336361863 0.0
100000.0 101000.0 530664.1397108609 2300.0
101000.0 102000.0 280604.98668764 3000.0
102000.0 103000.0 356532.45524420287 0.0
103000.0 104000.0 407404.88613040047 3000.0
104000.0 105000.0 563619.280282193 0.0
105000.0 106000.0 122562.75881267256 0.0
106000.0 107000.0 0.0 0.0
107000.0 108000.0 480817.56930278556 3000.0
108000.0 109000.0 535937.2107271797 3000.0
109000.0 110000.0 616505.1484259504 3000.0
110000.0 111000.0 543428.694543164 0.0
111000.0 112000.0 413395.20062341756 3000.0
112000.0 113000.0 405153.4584385215 0.0
113000.0 114000.0 584730.0965626696 3000.0
114000.0 115000.0 342884.3314890478 0.0
115000.0 116000.0 335053.85785750434 3000.0
116000.0 117000.0 436925.9427711694 0.0
117000.0 118000.0 119717.48925859027 0.0
118000.0 119000.0 4748.742189012008 0.0
119000.0 120000.0 235704.40531188756 288.0
120000.0 121000.0 71478.37012013371 0.0
121000.0 122000.0 106138.48237896673 288.0
122000.0 123000.0 0.0 0.0
123000.0 124000.0 221630.19933628372 840.0
124000.0 125000.0 23015.80066371626 0.0
125000.0 126000.0 260888.0 840.0
126000.0 127000.0 0.0 0.0
127000.0 128000.0 244788.0 840.0
128000.0 129000.0 0.0 0.0
129000.0 130000.0 353045.47786041157 1500.0
130000.0 131000.0 2985.522139588421 0.0
131000.0 132000.0 345073.13380578754 1500.0
132000.0 133000.0 50591.866194212475 0.0
133000.0 134000.0 317933.12673726317 1500.0
134000.0 135000.0 93610.87326273682 0.0
135000.0 136000.0 366448.45838109584 2300.0
136000.0 137000.0 234740.68729441933 0.0
137000.0 138000.0 414529.06432588963 2300.0
138000.0 139000.0 173158.54516325827 0.0
139000.0 140000.0 43898.70137740467 0.0
140000.0 141000.0 163881.43294521252 288.0
141000.0 142000.0 214653.94696160275 288.0
142000.0 143000.0 70229.16355111703 288.0
143000.0 144000.0 2913.0 0.0
144000.0 145000.0 222399.4147743906 840.0
145000.0 146000.0 17313.24302136564 0.0
146000.0 147000.0 228814.74275992037 840.0
147000.0 148000.0 28294.59944432336 0.0
148000.0 149000.0 350427.92001529725 1500.0
149000.0 150000.0 196381.699163472 1500.0
150000.0 151000.0 225826.3808212308 0.0
151000.0 152000.0 2913.0 0.0
152000.0 153000.0 0.0 0.0
153000.0 154000.0 406979.3758263455 1500.0
154000.0 155000.0 384797.8873997436 1500.0
155000.0 156000.0 153910.72857473575 2300.0
156000.0 157000.0 311445.606251318 0.0
157000.0 158000.0 599232.0166212935 2300.0
158000.0 159000.0 198142.38532656364 0.0
159000.0 160000.0 341230.86254014453 2300.0
160000.0 161000.0 238117.43007435522 0.0
161000.0 162000.0 460276.12372605654 2300.0
162000.0 163000.0 147169.6014674384 0.0
163000.0 164000.0 345253.79723277356 2300.0
164000.0 165000.0 241743.599585521 0.0
165000.0 166000.0 479091.7717210263 3000.0
166000.0 167000.0 291125.6335374279 0.0
167000.0 168000.0 379664.04224497534 3000.0
168000.0 169000.0 305500.3760133444 0.0
169000.0 170000.0 485763.375297306 3000.0
170000.0 171000.0 283892.9578252047 0.0
171000.0 172000.0 466943.0739616928 3000.0
172000.0 173000.0 386305.8254525581 0.0
173000.0 174000.0 293486.3739197687 3000.0
174000.0 175000.0 417634.3404848308 0.0
175000.0 176000.0 490718.0294811857 3000.0
176000.0 177000.0 328919.71329171915 0.0
177000.0 178000.0 34593.072142670855 0.0
178000.0 179000.0 0.0 0.0
179000.0 180000.0 278372.70910317363 3000.0
180000.0 181000.0 376404.3118109122 0.0
181000.0 182000.0 483962.2716169778 3000.0
182000.0 183000.0 432409.0933890687 2300.0
183000.0 184000.0 466353.4412161365 0.0
184000.0 185000.0 593324.263969911 2300.0
185000.0 186000.0 537253.2044730273 2300.0
186000.0 187000.0 346799.3090875324 0.0
187000.0 188000.0 376723.4846438177 2300.0
188000.0 189000.0 289966.543755647 0.0
189000.0 190000.0 459103.42836016184 2300.0
190000.0 191000.0 103602.33849164538 0.0
191000.0 192000.0 3211.6000819884425 0.0
192000.0 193000.0 2681.4877432781445 0.0
193000.0 194000.0 235.51225672185535 0.0
194000.0 195000.0 4845.709747946281 0.0
195000.0 196000.0 434367.7537156049 3000.0
196000.0 197000.0 554856.732344536 3000.0
197000.0 198000.0 544570.7021398455 0.0
198000.0 199000.0 547125.9264412532 3000.0
199000.0 200000.0 428231.9874490339 3000.0
200000.0 201000.0 793749.3720013238 0.0
201000.0 202000.0 409895.81616045645 3000.0
202000.0 203000.0 491582.88551724696 0.0
203000.0 204000.0 543414.114482753 3000.0
204000.0 205000.0 452599.58733254776 3000.0
205000.0 206000.0 548449.1134642515 0.0
206000.0 207000.0 594771.9527901162 3000.0
207000.0 208000.0 517322.6753218392 3000.0
208000.0 209000.0 591052.6340690665 0.0
209000.0 210000.0 546167.6285441227 3000.0
210000.0 211000.0 304203.7856554154 0.0
211000.0 212000.0 355761.212170954 3000.0
212000.0 213000.0 417740.216570913 0.0
213000.0 214000.0 444196.0547822893 3000.0
214000.0 215000.0 476405.495342141 3000.0
215000.0 216000.0 395206.8338765242 0.0
216000.0 217000.0 632448.0688121112 3000.0
217000.0 218000.0 435826.58377941157 3000.0
218000.0 219000.0 684091.8396654655 0.0
219000.0 220000.0 546775.0929045412 3000.0
220000.0 221000.0 332118.03492241626 0.0
221000.0 222000.0 460548.83590802044 3000.0
222000.0 223000.0 320520.77061490354 0.0
223000.0 224000.0 503478.7960479134 3000.0
224000.0 225000.0 237867.84274235577 0.0
225000.0 226000.0 404587.2351615998 3000.0
226000.0 227000.0 225854.4389661582 0.0
227000.0 228000.0 477904.81448752445 3000.0
228000.0 229000.0 290802.0077018266 0.0
229000.0 230000.0 520846.3498429138 3000.0
230000.0 231000.0 124752.62884569379 0.0
231000.0 232000.0 514339.40300168796 3000.0
232000.0 233000.0 247142.33803836786 0.0
233000.0 234000.0 494012.26326937915 3000.0
234000.0 235000.0 313473.41823014396 0.0
235000.0 236000.0 489190.7552037055 3000.0
236000.0 237000.0 280809.5098160617 0.0
237000.0 238000.0 673725.7702052874 3000.0
238000.0 239000.0 376713.6315953379 0.0
239000.0 240000.0 413762.10968461103 3000.0
240000.0 241000.0 353251.65811147843 0.0
241000.0 242000.0 465146.218718373 3000.0
242000.0 243000.0 350697.0787657227 0.0
243000.0 244000.0 246476.35505204633 840.0
244000.0 245000.0 324406.61776674085 840.0
245000.0 246000.0 69336.34221802017 0.0
246000.0 247000.0 0.0 0.0
247000.0 248000.0 380992.1089949502 1500.0
248000.0 249000.0 15859.891005049774 0.0
249000.0 250000.0 370149.7977191546 1500.0
250000.0 251000.0 53413.20228084535 0.0
251000.0 252000.0 401198.0 1500.0
252000.0 253000.0 0.0 0.0
253000.0 254000.0 365084.71026253246 2300.0
254000.0 255000.0 251609.79654807164 0.0
255000.0 256000.0 487832.4454578556 2300.0
256000.0 257000.0 130368.66630398562 0.0
257000.0 258000.0 398301.25173134106 2300.0
258000.0 259000.0 324239.03427472897 2300.0
259000.0 260000.0 370997.47015261825 0.0
260000.0 261000.0 514694.46348091186 2300.0
261000.0 262000.0 472326.67745628115 2300.0
262000.0 263000.0 308566.82760110754 0.0
263000.0 264000.0 406519.6221718349 3000.0
264000.0 265000.0 396459.41234928207 0.0
265000.0 266000.0 496575.0911143977 3000.0
266000.0 267000.0 403932.60377913853 0.0
267000.0 268000.0 32719.927315912595 0.0
268000.0 269000.0 2640.6472879615967 0.0
269000.0 270000.0 140604.5362881789 3000.0
270000.0 271000.0 504462.01471802936 0.0
271000.0 272000.0 368055.04302617756 3000.0
272000.0 273000.0 504123.59507723455 0.0
273000.0 274000.0 533199.8840759355 3000.0
274000.0 275000.0 449420.1131184127 3000.0
275000.0 276000.0 508408.2797143748 0.0
276000.0 277000.0 580424.9698585427 3000.0
277000.0 278000.0 493186.13664480485 3000.0
278000.0 279000.0 509476.0064034235 0.0
279000.0 280000.0 541286.5612671231 3000.0
280000.0 281000.0 492270.92328169075 0.0
281000.0 282000.0 298221.0946463678 3000.0
282000.0 283000.0 513879.4855307872 0.0
283000.0 284000.0 411712.438199764 3000.0
284000.0 285000.0 233787.07503903966 0.0
285000.0 286000.0 448755.3681239532 2300.0
286000.0 287000.0 182744.33387798068 0.0
287000.0 288000.0 438405.7639456925 2300.0
288000.0 289000.0 155285.82555706156 0.0
289000.0 290000.0 448534.74487964413 3000.0
290000.0 291000.0 330181.7975940245 0.0
291000.0 292000.0 480539.9996098823 3000.0
292000.0 293000.0 268816.58351644914 0.0
293000.0 294000.0 437304.44503875996 3000.0
294000.0 295000.0 384361.10696748405 0.0
295000.0 296000.0 515132.48677509406 3000.0
296000.0 297000.0 268004.14810748206 0.0
297000.0 298000.0 500657.25240323954 3000.0
298000.0 299000.0 271899.1606745078 0.0
299000.0 300000.0 469907.1300401821 3000.0
300000.0 301000.0 96472.04871071398 0.0
