ts te s_bytes_all avg_video_rate
0.0 1000.0 0.0 0.0
1000.0 2000.0 0.0 0.0
2000.0 3000.0 0.0 0.0
3000.0 4000.0 0.0 0.0
4000.0 5000.0 0.0 0.0
5000.0 6000.0 0.0 0.0
6000.0 7000.0 102793.1527108548 1500.0
7000.0 8000.0 408383.6674147668 1500.0
8000.0 9000.0 355471.78790249943 1500.0
9000.0 10000.0 483681.8356986054 1500.0
10000.0 11000.0 545291.7375703983 1500.0
11000.0 12000.0 485234.54197384504 1500.0
12000.0 13000.0 293637.1965716075 1500.0
13000.0 14000.0 599214.157416995 1500.0
14000.0 15000.0 337620.4236723813 1500.0
15000.0 16000.0 546301.6665521332 1500.0
16000.0 17000.0 389733.0367572718 1500.0
17000.0 18000.0 300794.7957586415 0.0
18000.0 19000.0 72539.00971474282 3000.0
19000.0 20000.0 520837.9276215096 0.0
20000.0 21000.0 292067.14518215816 3000.0
21000.0 22000.0 515548.62507381744 0.0
22000.0 23000.0 192273.41521087545 3000.0
23000.0 24000.0 527357.8764771373 0.0
24000.0 25000.0 200674.00071975912 0.0
25000.0 26000.0 462551.7030505208 3000.0
26000.0 27000.0 332987.6436624486 3000.0
27000.0 28000.0 563206.0432617582 0.0
28000.0 29000.0 310144.1932786627 3000.0
29000.0 30000.0 420662.4167466097 0.0
30000.0 31000.0 312510.67743068124 3000.0
31000.0 32000.0 456196.58135975956 0.0
32000.0 33000.0 323530.34739548893 2300.0
33000.0 34000.0 328752.87310629856 0.0
34000.0 35000.0 306340.5207077717 2300.0
35000.0 36000.0 475231.0 0.0
36000.0 37000.0 61566.0 2300.0
37000.0 38000.0 483056.31299685035 0.0
38000.0 39000.0 152015.9676817084 2300.0
39000.0 40000.0 405663.32098869834 0.0
40000.0 41000.0 489220.3857134635 2300.0
41000.0 42000.0 374826.5942147451 0.0
42000.0 43000.0 397609.3783711391 2300.0
43000.0 44000.0 478303.5544817142 2300.0
44000.0 45000.0 431944.4180810875 2300.0
45000.0 46000.0 426499.5232108299 0.0
46000.0 47000.0 169476.5134530274 2300.0
47000.0 48000.0 377161.73325798195 0.0
48000.0 49000.0 257479.48532804791 3000.0
49000.0 50000.0 444436.5492722255 0.0
50000.0 51000.0 294818.3714268681 3000.0
51000.0 52000.0 407606.2705094272 0.0
52000.0 53000.0 399441.3129753485 3000.0
53000.0 54000.0 416051.8740030453 0.0
54000.0 55000.0 386556.34357352764 3000.0
55000.0 56000.0 414197.9186722543 0.0
56000.0 57000.0 332068.73216594657 3000.0
57000.0 58000.0 386040.07785126875 0.0
58000.0 59000.0 285456.3617707945 0.0
59000.0 60000.0 0.0 0.0
60000.0 61000.0 728.1418811397309 0.0
61000.0 62000.0 48833.059058975574 2300.0
62000.0 63000.0 426757.729863296 0.0
63000.0 64000.0 548484.6723559527 2300.0
64000.0 65000.0 396590.88918897073 2300.0
65000.0 66000.0 475492.1717099358 2300.0
66000.0 67000.0 429922.55031425646 0.0
67000.0 68000.0 342123.4313174816 2300.0
68000.0 69000.0 333172.5427012233 2300.0
69000.0 70000.0 280643.81160876807 0.0
70000.0 71000.0 312109.7437341473 2300.0
71000.0 72000.0 468521.3087487746 0.0
72000.0 73000.0 139812.8205532543 2300.0
73000.0 74000.0 425210.03197067895 0.0
74000.0 75000.0 141611.74592367766 2300.0
75000.0 76000.0 384773.38870232255 0.0
76000.0 77000.0 268210.0515164362 2300.0
77000.0 78000.0 294081.32690035267 0.0
78000.0 79000.0 624631.1782291443 2300.0
79000.0 80000.0 255220.40372121142 0.0
80000.0 81000.0 45279.30065218977 2300.0
81000.0 82000.0 349026.88442425 0.0
82000.0 83000.0 537469.1129452896 2300.0
83000.0 84000.0 261338.70197827066 0.0
84000.0 85000.0 50658.892126289145 2300.0
85000.0 86000.0 325505.0165006043 0.0
86000.0 87000.0 327860.1834436883 2300.0
87000.0 88000.0 309326.8588701158 0.0
88000.0 89000.0 290112.9914271284 2300.0
89000.0 90000.0 425588.7931427142 0.0
90000.0 91000.0 104000.94258905164 0.0
91000.0 92000.0 131904.14571680495 1500.0
92000.0 93000.0 304197.8166217042 0.0
93000.0 94000.0 106895.51072298423 1500.0
94000.0 95000.0 249666.39242449874 0.0
95000.0 96000.0 121841.77245192524 1500.0
96000.0 97000.0 209167.52996824402 0.0
97000.0 98000.0 286280.0465857389 1500.0
98000.0 99000.0 277230.0080364214 0.0
99000.0 100000.0 207379.15909210595 1500.0
100000.0 101000.0 271047.7570504654 1500.0
101000.0 102000.0 273325.1832295154 0.0
102000.0 103000.0 56058.65928683527 1500.0
103000.0 104000.0 335720.52466366574 0.0
104000.0 105000.0 46509.294095430276 1500.0
105000.0 106000.0 361018.26987876295 0.0
106000.0 107000.0 41605.22539809397 1500.0
107000.0 108000.0 311772.0266772118 0.0
108000.0 109000.0 53166.33208995915 1500.0
109000.0 110000.0 314842.6679100409 0.0
110000.0 111000.0 41006.035128089345 1500.0
111000.0 112000.0 350632.40423666424 1500.0
112000.0 113000.0 394313.17794043326 1500.0
113000.0 114000.0 342849.3595966794 0.0
114000.0 115000.0 129007.24786547439 1500.0
115000.0 116000.0 322805.69739578717 0.0
116000.0 117000.0 80511.50199539517 1500.0
117000.0 118000.0 340106.5758414771 0.0
118000.0 119000.0 20644.534372559498 1500.0
119000.0 120000.0 281049.4656274405 0.0
120000.0 121000.0 51907.63826088102 1500.0
121000.0 122000.0 352265.21122335625 0.0
122000.0 123000.0 62300.15051576267 0.0
123000.0 124000.0 200077.8372401831 1500.0
124000.0 125000.0 379487.60650303785 1500.0
125000.0 126000.0 182497.55625677906 0.0
126000.0 127000.0 56418.14772007417 1500.0
127000.0 128000.0 337517.66992186237 0.0
128000.0 129000.0 66726.23154986004 1500.0
129000.0 130000.0 317121.6409004585 0.0
130000.0 131000.0 30796.157678642943 1500.0
131000.0 132000.0 340019.152229102 0.0
132000.0 133000.0 53613.807693850584 1500.0
133000.0 134000.0 318295.56344014284 0.0
134000.0 135000.0 70219.56053860679 1500.0
135000.0 136000.0 304071.0683273998 0.0
136000.0 137000.0 53950.83833542445 1500.0
137000.0 138000.0 308072.1616645756 0.0
138000.0 139000.0 37048.040818249065 1500.0
139000.0 140000.0 307834.1873004693 0.0
140000.0 141000.0 95842.81802746048 1500.0
141000.0 142000.0 392704.95385382115 0.0
142000.0 143000.0 57932.08859392549 1500.0
143000.0 144000.0 337658.05513923476 0.0
144000.0 145000.0 53037.800608575475 1500.0
145000.0 146000.0 364698.0998989653 1500.0
146000.0 147000.0 349215.591703644 1500.0
147000.0 148000.0 417231.0977022744 0.0
148000.0 149000.0 55258.81686461615 1500.0
149000.0 150000.0 393761.4494887645 0.0
150000.0 151000.0 38924.55020916115 3000.0
151000.0 152000.0 422496.85442984593 0.0
152000.0 153000.0 302076.0630061898 3000.0
153000.0 154000.0 399087.98862408276 0.0
154000.0 155000.0 445666.3281999987 3000.0
155000.0 156000.0 364701.66635427944 0.0
156000.0 157000.0 412264.3953368594 3000.0
157000.0 158000.0 363683.5438221016 0.0
158000.0 159000.0 371002.5622201916 3000.0
159000.0 160000.0 415721.8869514225 0.0
160000.0 161000.0 379229.41611707537 3000.0
161000.0 162000.0 519636.55435693514 0.0
162000.0 163000.0 244652.51309691885 3000.0
163000.0 164000.0 511355.640483714 0.0
164000.0 165000.0 252335.7321844464 3000.0
165000.0 166000.0 495204.383325944 0.0
166000.0 167000.0 167598.9212808334 3000.0
167000.0 168000.0 573450.0 0.0
168000.0 169000.0 261399.0 3000.0
169000.0 170000.0 551552.1725013786 0.0
170000.0 171000.0 177431.17778108502 3000.0
171000.0 172000.0 546094.5729619901 0.0
172000.0 173000.0 219090.43206201162 3000.0
173000.0 174000.0 422818.8121071961 0.0
174000.0 175000.0 449038.1408379199 3000.0
175000.0 176000.0 582909.6910144836 0.0
176000.0 177000.0 119341.06462968551 3000.0
177000.0 178000.0 504132.5370909114 0.0
178000.0 179000.0 465066.30167817714 3000.0
179000.0 180000.0 563897.9657756444 0.0
180000.0 181000.0 104307.275153497 3000.0
181000.0 182000.0 401343.74716501596 0.0
182000.0 183000.0 436201.5120600718 3000.0
183000.0 184000.0 556965.1752483585 0.0
184000.0 185000.0 534778.0353472084 3000.0
185000.0 186000.0 493769.40295898926 3000.0
186000.0 187000.0 442713.97768784006 0.0
187000.0 188000.0 353082.75791048346 3000.0
188000.0 189000.0 564753.4741053629 0.0
189000.0 190000.0 545844.5252168609 3000.0
190000.0 191000.0 443853.91169541806 2300.0
191000.0 192000.0 329208.8872025663 0.0
192000.0 193000.0 237113.67953409767 0.0
193000.0 194000.0 30245.76111226937 2300.0
194000.0 195000.0 526279.0091614767 0.0
195000.0 196000.0 0.0 0.0
196000.0 197000.0 2912.0 0.0
197000.0 198000.0 0.0 0.0
198000.0 199000.0 123988.43008420157 2300.0
199000.0 200000.0 330955.07370497193 0.0
200000.0 201000.0 580165.9744036499 2300.0
201000.0 202000.0 481031.12586699706 2300.0
202000.0 203000.0 586758.9645052729 2300.0
203000.0 204000.0 421701.18458568107 2300.0
204000.0 205000.0 456027.6809377846 0.0
205000.0 206000.0 176785.49048609912 2300.0
206000.0 207000.0 417306.15793813136 0.0
207000.0 208000.0 316089.7803533019 2300.0
208000.0 209000.0 407769.9231335195 2300.0
209000.0 210000.0 415564.5459365374 0.0
210000.0 211000.0 210899.7625141876 2300.0
211000.0 212000.0 448870.99401525425 0.0
212000.0 213000.0 82223.91153440981 0.0
213000.0 214000.0 0.0 0.0
214000.0 215000.0 58282.84517124257 2300.0
215000.0 216000.0 364888.63390159723 0.0
216000.0 217000.0 148227.93290654983 2300.0
217000.0 218000.0 380552.3845863212 0.0
218000.0 219000.0 249060.80425389053 2300.0
219000.0 220000.0 465678.01687424356 0.0
220000.0 221000.0 446645.1012082271 2300.0
221000.0 222000.0 537248.1088817571 2300.0
222000.0 223000.0 450741.2773826383 2300.0
223000.0 224000.0 325050.7295424106 0.0
224000.0 225000.0 159310.78695976397 2300.0
225000.0 226000.0 369214.3860402439 0.0
226000.0 227000.0 317108.1921015429 2300.0
227000.0 228000.0 181907.80018957125 0.0
228000.0 229000.0 308436.0 2300.0
229000.0 230000.0 346579.08740856324 0.0
230000.0 231000.0 292702.91259143676 2300.0
231000.0 232000.0 475357.07038806553 0.0
232000.0 233000.0 180891.0474470507 2300.0
233000.0 234000.0 389523.18760085345 0.0
234000.0 235000.0 183061.12286363117 2300.0
235000.0 236000.0 386102.7099056394 0.0
236000.0 237000.0 83892.91197402462 0.0
237000.0 238000.0 371196.9566654536 2300.0
238000.0 239000.0 290418.228725485 2300.0
239000.0 240000.0 465539.22098893847 0.0
240000.0 241000.0 45689.937421779345 2300.0
241000.0 242000.0 489395.01074569114 0.0
242000.0 243000.0 117745.5952733875 0.0
243000.0 244000.0 387990.842484847 2300.0
244000.0 245000.0 190326.15751515303 2300.0
245000.0 246000.0 465399.848015049 0.0
246000.0 247000.0 209528.15198495105 2300.0
247000.0 248000.0 248631.56536175762 0.0
248000.0 249000.0 367856.46702965803 2300.0
249000.0 250000.0 430978.7296290264 0.0
250000.0 251000.0 234846.8100343595 2300.0
251000.0 252000.0 360892.71287072136 0.0
252000.0 253000.0 247432.8215509958 2300.0
253000.0 254000.0 363325.3552602579 0.0
254000.0 255000.0 613122.1718323682 2300.0
255000.0 256000.0 350580.0020687718 2300.0
256000.0 257000.0 567073.3462327748 2300.0
257000.0 258000.0 312203.1237219514 0.0
258000.0 259000.0 234641.66287617735 2300.0
259000.0 260000.0 328485.82158983214 0.0
260000.0 261000.0 243310.8668301458 2300.0
261000.0 262000.0 215863.05617820108 0.0
262000.0 263000.0 378065.87194542895 2300.0
263000.0 264000.0 427693.8453943536 0.0
264000.0 265000.0 125502.09615175682 2300.0
265000.0 266000.0 561660.1913441861 0.0
266000.0 267000.0 60018.48209727518 2300.0
267000.0 268000.0 434051.62186067016 0.0
268000.0 269000.0 109870.53413032262 2300.0
269000.0 270000.0 410671.7372153218 0.0
270000.0 271000.0 80553.40736963516 2300.0
271000.0 272000.0 306591.6994240503 0.0
272000.0 273000.0 267428.0 2300.0
273000.0 274000.0 424948.5644395783 0.0
274000.0 275000.0 191475.79853811552 2300.0
275000.0 276000.0 425362.406143489 0.0
276000.0 277000.0 158276.8222512891 2300.0
277000.0 278000.0 337608.16629952076 2300.0
278000.0 279000.0 610995.887524591 0.0
279000.0 280000.0 387673.10210605874 2300.0
280000.0 281000.0 376386.0647128636 2300.0
281000.0 282000.0 317220.54778988427 0.0
282000.0 283000.0 197375.7857374064 3000.0
283000.0 284000.0 503760.8781122103 0.0
284000.0 285000.0 275817.333869197 3000.0
285000.0 286000.0 331252.0477701755 0.0
286000.0 287000.0 477779.8670727831 3000.0
287000.0 288000.0 453555.1879481429 0.0
288000.0 289000.0 338241.4202419265 3000.0
289000.0 290000.0 391232.73094672273 0.0
290000.0 291000.0 430385.76107394806 3000.0
291000.0 292000.0 348535.13439728937 0.0
292000.0 293000.0 478662.9510325141 3000.0
293000.0 294000.0 491696.63323131745 0.0
294000.0 295000.0 274461.9225318822 3000.0
295000.0 296000.0 431506.70227208384 0.0
296000.0 297000.0 338832.1306876601 3000.0
297000.0 298000.0 354799.55000960204 0.0
298000.0 299000.0 415067.54622853344 3000.0
299000.0 300000.0 479672.0785806395 0.0
300000.0 301000.0 233553.9784505753 0.0
