ts te s_bytes_all avg_video_rate
0.0 1000.0 0.0 0.0
1000.0 2000.0 0.0 0.0
2000.0 3000.0 0.0 0.0
3000.0 4000.0 0.0 0.0
4000.0 5000.0 0.0 0.0
5000.0 6000.0 0.0 0.0
6000.0 7000.0 193161.03766014375 1500.0
7000.0 8000.0 159169.47163840823 288.0
8000.0 9000.0 152949.3198212564 288.0
9000.0 10000.0 146511.93958827376 288.0
10000.0 11000.0 109032.80609472767 288.0
11000.0 12000.0 80725.70205491845 0.0
12000.0 13000.0 6634.823007348853 0.0
13000.0 14000.0 4065.280544173646 0.0
14000.0 15000.0 7493.619590749279 0.0
15000.0 16000.0 4200.0 0.0
16000.0 17000.0 138055.27879486812 288.0
17000.0 18000.0 43015.063328834476 288.0
18000.0 19000.0 204352.1869845456 288.0
19000.0 20000.0 152800.21962148618 288.0
20000.0 21000.0 173769.43428324745 288.0
21000.0 22000.0 149361.94601134758 288.0
22000.0 23000.0 135753.67650247668 288.0
23000.0 24000.0 51359.58827603514 0.0
24000.0 25000.0 152328.17646096295 480.0
25000.0 26000.0 26710.429736195834 0.0
26000.0 27000.0 157699.93807816767 480.0
27000.0 28000.0 25175.666289788714 0.0
28000.0 29000.0 123361.92152709917 480.0
29000.0 30000.0 24657.473052432506 0.0
30000.0 31000.0 148945.00105251194 480.0
31000.0 32000.0 0.0 0.0
32000.0 33000.0 343989.21416696004 8000.0
33000.0 34000.0 525235.9492041295 8000.0
34000.0 35000.0 574889.3047838592 0.0
35000.0 36000.0 617228.0549562478 1500.0
36000.0 37000.0 430465.55437830207 1500.0
37000.0 38000.0 428039.85998782236 1500.0
38000.0 39000.0 449606.3398757535 1500.0
39000.0 40000.0 322756.3176026164 1500.0
40000.0 41000.0 260754.46255852902 0.0
41000.0 42000.0 152765.0410345181 1500.0
42000.0 43000.0 290678.9014512623 0.0
43000.0 44000.0 144083.7300157174 1500.0
44000.0 45000.0 223617.32575759912 0.0
45000.0 46000.0 167067.20702854398 1500.0
46000.0 47000.0 406183.8476970807 0.0
47000.0 48000.0 311965.66741759947 1500.0
48000.0 49000.0 120884.22208345933 0.0
49000.0 50000.0 482558.42208953435 4400.0
50000.0 51000.0 531521.1107091653 0.0
51000.0 52000.0 486857.37120635813 4400.0
52000.0 53000.0 537364.8808215681 0.0
53000.0 54000.0 391427.1848586864 4400.0
54000.0 55000.0 514877.49197586 0.0
55000.0 56000.0 603586.1749773748 4400.0
56000.0 57000.0 415741.4588102071 0.0
57000.0 58000.0 533315.4685821251 0.0
58000.0 59000.0 573144.9692751126 4400.0
59000.0 60000.0 543480.190466337 4400.0
60000.0 61000.0 558302.0083316364 0.0
61000.0 62000.0 511100.386588985 0.0
62000.0 63000.0 688288.7023470572 3000.0
63000.0 64000.0 517758.8763542933 2300.0
64000.0 65000.0 584148.6850341207 0.0
65000.0 66000.0 525156.8966772777 2300.0
66000.0 67000.0 448629.14785457513 2300.0
67000.0 68000.0 312818.57303972566 0.0
68000.0 69000.0 456354.5751475301 3000.0
69000.0 70000.0 302982.413660613 0.0
70000.0 71000.0 520549.34798684495 3000.0
71000.0 72000.0 243949.56495934766 0.0
72000.0 73000.0 499118.4449699244 3000.0
73000.0 74000.0 250164.8773228808 0.0
74000.0 75000.0 497581.8707013046 3000.0
75000.0 76000.0 109861.24176083542 0.0
76000.0 77000.0 471322.4373998333 3000.0
77000.0 78000.0 461773.27435374964 3000.0
78000.0 79000.0 507475.1845768326 0.0
79000.0 80000.0 449286.3073034765 3000.0
80000.0 81000.0 410441.96679073654 0.0
81000.0 82000.0 306788.19905937865 3000.0
82000.0 83000.0 454071.81298667326 0.0
83000.0 84000.0 367022.2950682786 3000.0
84000.0 85000.0 463156.0020346696 0.0
85000.0 86000.0 364246.8913258591 3000.0
86000.0 87000.0 491219.947356591 0.0
87000.0 88000.0 304960.92184670136 3000.0
88000.0 89000.0 451890.5647279605 0.0
89000.0 90000.0 473306.9215511529 3000.0
90000.0 91000.0 586317.8371787051 0.0
91000.0 92000.0 379220.8471224811 3000.0
92000.0 93000.0 487066.8541223952 0.0
93000.0 94000.0 221386.11674705593 3000.0
94000.0 95000.0 469914.95383139234 0.0
95000.0 96000.0 484201.263249713 3000.0
96000.0 97000.0 529545.7753684621 0.0
97000.0 98000.0 553266.2923205061 4400.0
98000.0 99000.0 538986.2360209483 4400.0
99000.0 100000.0 431456.5861564004 0.0
100000.0 101000.0 601293.0868162155 0.0
101000.0 102000.0 468186.78164940624 3000.0
102000.0 103000.0 353494.9570748376 0.0
103000.0 104000.0 482385.77000569704 3000.0
104000.0 105000.0 375952.85225931875 0.0
105000.0 106000.0 579467.970019801 3000.0
106000.0 107000.0 639770.8218978257 3000.0
107000.0 108000.0 512836.1316981485 0.0
108000.0 109000.0 411520.0288755754 4400.0
109000.0 110000.0 520228.7636863547 0.0
110000.0 111000.0 587646.2863554475 4400.0
111000.0 112000.0 511840.15719349345 0.0
112000.0 113000.0 468548.1404881513 4400.0
113000.0 114000.0 458974.5026679298 0.0
114000.0 115000.0 548550.1997442987 0.0
115000.0 116000.0 475631.2011936514 4400.0
116000.0 117000.0 557228.7678135339 0.0
117000.0 118000.0 483897.2619734011 4400.0
118000.0 119000.0 557543.04742624 0.0
119000.0 120000.0 451131.220486189 3000.0
120000.0 121000.0 488923.4470938641 0.0
121000.0 122000.0 612556.9773405376 3000.0
122000.0 123000.0 422398.52872915857 0.0
123000.0 124000.0 295219.76089424826 3000.0
124000.0 125000.0 533977.725407035 0.0
125000.0 126000.0 524820.9958774248 3000.0
126000.0 127000.0 698285.0636868896 3000.0
127000.0 128000.0 473450.8835530487 0.0
128000.0 129000.0 566270.7468170488 3000.0
129000.0 130000.0 390574.6796058216 4400.0
130000.0 131000.0 489218.5433540042 0.0
131000.0 132000.0 568123.996052224 4400.0
132000.0 133000.0 494290.9999371588 0.0
133000.0 134000.0 546182.4432658459 0.0
134000.0 135000.0 469454.3539075632 4400.0
135000.0 136000.0 512013.93858726544 0.0
136000.0 137000.0 378794.92331026774 4400.0
137000.0 138000.0 203238.73725065013 0.0
138000.0 139000.0 454320.1916668864 0.0
139000.0 140000.0 589755.1688109251 2300.0
140000.0 141000.0 687532.7661279155 2300.0
141000.0 142000.0 385096.0149890024 0.0
142000.0 143000.0 468717.54246766877 2300.0
143000.0 144000.0 547242.1870640381 2300.0
144000.0 145000.0 300161.9399117882 0.0
145000.0 146000.0 493870.59300707525 3000.0
146000.0 147000.0 279460.91279132874 0.0
147000.0 148000.0 522614.423286506 3000.0
148000.0 149000.0 267752.10849312396 0.0
149000.0 150000.0 484045.9772220543 3000.0
150000.0 151000.0 556997.2518341407 3000.0
151000.0 152000.0 443435.69932737364 0.0
152000.0 153000.0 168160.89238518526 0.0
153000.0 154000.0 465283.42524179554 3000.0
154000.0 155000.0 451381.3863683856 3000.0
155000.0 156000.0 359720.19416557037 0.0
156000.0 157000.0 557173.2288457904 3000.0
157000.0 158000.0 423034.1311431631 0.0
158000.0 159000.0 445935.16327414755 3000.0
159000.0 160000.0 347917.2968521378 0.0
160000.0 161000.0 434780.21950464626 3000.0
161000.0 162000.0 335565.7348131976 0.0
162000.0 163000.0 418095.3876825629 3000.0
163000.0 164000.0 358358.9069372749 0.0
164000.0 165000.0 414227.70677272044 3000.0
165000.0 166000.0 388627.56451996975 0.0
166000.0 167000.0 539850.7283000518 3000.0
167000.0 168000.0 272426.95136063936 0.0
168000.0 169000.0 508601.8294942489 3000.0
169000.0 170000.0 285514.9563338789 0.0
170000.0 171000.0 448448.1940153501 3000.0
171000.0 172000.0 291145.4087611625 0.0
172000.0 173000.0 342685.46314013354 3000.0
173000.0 174000.0 472213.1226896419 3000.0
174000.0 175000.0 635325.9657731098 0.0
175000.0 176000.0 406211.55449797935 3000.0
176000.0 177000.0 430913.4559284683 0.0
177000.0 178000.0 287991.44388871413 3000.0
178000.0 179000.0 445462.4848473046 0.0
179000.0 180000.0 407569.09394201235 3000.0
180000.0 181000.0 472883.5803514293 0.0
181000.0 182000.0 332413.53531321045 3000.0
182000.0 183000.0 455236.3198983865 0.0
183000.0 184000.0 319715.7568703848 3000.0
184000.0 185000.0 504490.7094681569 0.0
185000.0 186000.0 544691.1785795501 3000.0
186000.0 187000.0 468492.3510881355 0.0
187000.0 188000.0 504909.5517972935 3000.0
188000.0 189000.0 455945.1109698294 0.0
189000.0 190000.0 224886.34532508382 3000.0
190000.0 191000.0 473089.299160211 0.0
191000.0 192000.0 502136.9576067036 3000.0
192000.0 193000.0 437479.8737640082 3000.0
193000.0 194000.0 469428.82828539255 0.0
194000.0 195000.0 299180.08326954243 0.0
195000.0 196000.0 468100.621277499 3000.0
196000.0 197000.0 296199.3721681837 0.0
197000.0 198000.0 364574.61209419667 3000.0
198000.0 199000.0 488521.7417904892 3000.0
199000.0 200000.0 374614.96379297564 0.0
200000.0 201000.0 589734.5439157932 3000.0
201000.0 202000.0 394667.0152787875 0.0
202000.0 203000.0 352606.6147352997 3000.0
203000.0 204000.0 450461.1905560545 0.0
204000.0 205000.0 481549.4185918308 3000.0
205000.0 206000.0 370781.9064236614 0.0
206000.0 207000.0 298996.7728073854 3000.0
207000.0 208000.0 444553.2486216335 0.0
208000.0 209000.0 482245.8611196602 3000.0
209000.0 210000.0 344685.09227480646 0.0
210000.0 211000.0 409908.4531700617 3000.0
211000.0 212000.0 425721.4234768583 0.0
212000.0 213000.0 545041.7571871947 3000.0
213000.0 214000.0 278002.7214864336 0.0
214000.0 215000.0 456577.17903838516 3000.0
215000.0 216000.0 338298.28805604763 0.0
216000.0 217000.0 456554.30837500654 3000.0
217000.0 218000.0 315062.15646651934 0.0
218000.0 219000.0 478132.62961620145 3000.0
219000.0 220000.0 276442.97286697634 0.0
220000.0 221000.0 606102.1253739267 3000.0
221000.0 222000.0 493069.4577864348 3000.0
222000.0 223000.0 531357.4011160539 0.0
223000.0 224000.0 358295.81378168386 3000.0
224000.0 225000.0 478443.64528038265 0.0
225000.0 226000.0 89717.60761362914 0.0
226000.0 227000.0 146343.7816141639 3000.0
227000.0 228000.0 586089.0080202387 0.0
228000.0 229000.0 536267.0740881925 3000.0
229000.0 230000.0 543624.0978257542 3000.0
230000.0 231000.0 457450.8837258706 0.0
231000.0 232000.0 313989.13926480163 3000.0
232000.0 233000.0 447155.61235079647 0.0
233000.0 234000.0 294912.8187992405 3000.0
234000.0 235000.0 477933.60007590835 0.0
235000.0 236000.0 561479.2009572993 3000.0
236000.0 237000.0 467370.99290852965 0.0
237000.0 238000.0 444315.7613331211 3000.0
238000.0 239000.0 365222.81523926393 0.0
239000.0 240000.0 446472.6750610197 3000.0
240000.0 241000.0 342685.052369585 0.0
241000.0 242000.0 406851.4053165668 3000.0
242000.0 243000.0 433120.46611132525 0.0
243000.0 244000.0 284719.2629300449 3000.0
244000.0 245000.0 535920.3462837375 3000.0
245000.0 246000.0 436880.1973215241 0.0
246000.0 247000.0 376625.34922879457 0.0
247000.0 248000.0 424067.89047050773 3000.0
248000.0 249000.0 543935.2307654093 3000.0
249000.0 250000.0 410598.1788514482 0.0
250000.0 251000.0 298779.7195644819 3000.0
251000.0 252000.0 387376.0440253784 0.0
252000.0 253000.0 440395.5890417747 3000.0
253000.0 254000.0 414295.56141168106 0.0
254000.0 255000.0 375348.1240285126 3000.0
255000.0 256000.0 422460.7698363822 0.0
256000.0 257000.0 481833.49505804264 3000.0
257000.0 258000.0 449177.1627773814 0.0
258000.0 259000.0 331997.3813682228 3000.0
259000.0 260000.0 400005.82458035165 0.0
260000.0 261000.0 520152.0172460363 3000.0
261000.0 262000.0 382660.5157586872 0.0
262000.0 263000.0 503421.58166933456 3000.0
263000.0 264000.0 327512.787349341 0.0
264000.0 265000.0 507595.8072785733 3000.0
265000.0 266000.0 324507.9082479715 0.0
266000.0 267000.0 347170.62409797026 3000.0
267000.0 268000.0 534580.5445694829 0.0
268000.0 269000.0 538373.8050043078 3000.0
269000.0 270000.0 301086.0599183963 0.0
270000.0 271000.0 387295.9075815155 3000.0
271000.0 272000.0 540222.7419830691 3000.0
272000.0 273000.0 547593.2121264721 0.0
273000.0 274000.0 446485.63238497527 3000.0
274000.0 275000.0 507000.75548828696 0.0
275000.0 276000.0 312856.72611952265 3000.0
276000.0 277000.0 492338.8557212508 0.0
277000.0 278000.0 522947.7102519715 3000.0
278000.0 279000.0 386853.7522696016 0.0
279000.0 280000.0 215406.66146641236 3000.0
280000.0 281000.0 456460.9172131675 0.0
281000.0 282000.0 380233.2608853959 3000.0
282000.0 283000.0 535140.8738219116 0.0
283000.0 284000.0 521728.6402738582 3000.0
284000.0 285000.0 408695.7868090521 0.0
285000.0 286000.0 413788.87305261224 3000.0
286000.0 287000.0 356338.93762494327 0.0
287000.0 288000.0 339862.3666964287 3000.0
288000.0 289000.0 445473.48334716447 0.0
289000.0 290000.0 508717.47407652857 3000.0
290000.0 291000.0 339196.3833369272 0.0
291000.0 292000.0 435538.52906524355 3000.0
292000.0 293000.0 326018.8982845388 0.0
293000.0 294000.0 429180.69051438966 3000.0
294000.0 295000.0 590752.9379028141 3000.0
295000.0 296000.0 504682.7842185 0.0
296000.0 297000.0 371742.01302392076 3000.0
297000.0 298000.0 417948.63409817807 0.0
298000.0 299000.0 296525.6448773039 3000.0
299000.0 300000.0 505817.79951498716 0.0
300000.0 301000.0 162020.36685235423 0.0
