ts te s_bytes_all avg_video_rate
0.0 1000.0 0.0 0.0
1000.0 2000.0 0.0 0.0
2000.0 3000.0 0.0 0.0
3000.0 4000.0 0.0 0.0
4000.0 5000.0 0.0 0.0
5000.0 6000.0 0.0 0.0
6000.0 7000.0 0.0 0.0
7000.0 8000.0 2205.719797275227 0.0
8000.0 9000.0 9715.589932508168 0.0
9000.0 10000.0 6543.827410950801 0.0
10000.0 11000.0 6376.568466235174 0.0
11000.0 12000.0 74659.66023685367 480.0
12000.0 13000.0 38508.764034344626 0.0
13000.0 14000.0 106872.63110116095 0.0
14000.0 15000.0 209607.32644910255 288.0
15000.0 16000.0 184275.8908584852 288.0
16000.0 17000.0 176559.27554111832 288.0
17000.0 18000.0 199499.54193023505 288.0
18000.0 19000.0 203136.88971365118 288.0
19000.0 20000.0 139386.31452807912 288.0
20000.0 21000.0 60809.53397970256 840.0
21000.0 22000.0 213538.96649219072 0.0
22000.0 23000.0 134766.97048409499 840.0
23000.0 24000.0 195596.52904401172 0.0
24000.0 25000.0 176618.61493358723 1500.0
25000.0 26000.0 276062.5711028946 0.0
26000.0 27000.0 238322.44173576523 1500.0
27000.0 28000.0 316133.4809451829 1500.0
28000.0 29000.0 242293.23898772668 0.0
29000.0 30000.0 312379.5472835291 1500.0
30000.0 31000.0 302804.8142775495 1500.0
31000.0 32000.0 351143.85687397287 0.0
32000.0 33000.0 230774.41369874022 1500.0
33000.0 34000.0 265441.02016105177 0.0
34000.0 35000.0 49673.03791013193 1500.0
35000.0 36000.0 370430.62134453806 0.0
36000.0 37000.0 160937.82853608162 1500.0
37000.0 38000.0 320479.97007018095 1500.0
38000.0 39000.0 302653.14872490393 0.0
39000.0 40000.0 121487.38251302279 1500.0
40000.0 41000.0 270579.0109011407 0.0
41000.0 42000.0 285690.93375259975 2300.0
42000.0 43000.0 249811.71040086684 0.0
43000.0 44000.0 394713.01651370403 2300.0
44000.0 45000.0 393382.9435587427 2300.0
45000.0 46000.0 379727.0793269145 0.0
46000.0 47000.0 215306.20343741856 2300.0
47000.0 48000.0 418022.2252151031 0.0
48000.0 49000.0 300813.9765919093 2300.0
49000.0 50000.0 383164.29856163263 0.0
50000.0 51000.0 323753.08698954614 2300.0
51000.0 52000.0 348938.25792021817 2300.0
52000.0 53000.0 347604.2136194679 0.0
53000.0 54000.0 243055.67086614147 2300.0
54000.0 55000.0 400238.57906304084 0.0
55000.0 56000.0 409337.73890679586 2300.0
56000.0 57000.0 272128.06527589815 0.0
57000.0 58000.0 295906.53064232634 3000.0
58000.0 59000.0 456145.16699351044 3000.0
59000.0 60000.0 474614.1848508361 0.0
60000.0 61000.0 482413.7554462078 3000.0
61000.0 62000.0 418393.4975324264 0.0
62000.0 63000.0 393715.18500065635 3000.0
63000.0 64000.0 498747.97718312516 3000.0
64000.0 65000.0 423197.241338857 0.0
65000.0 66000.0 448433.1597119908 3000.0
66000.0 67000.0 392629.7592298119 0.0
67000.0 68000.0 356308.80441303755 3000.0
68000.0 69000.0 416079.3928355262 0.0
69000.0 70000.0 604277.2994832091 3000.0
70000.0 71000.0 351870.1791958442 0.0
71000.0 72000.0 379070.6672379495 3000.0
72000.0 73000.0 449299.8253123149 0.0
73000.0 74000.0 285090.8520576811 3000.0
74000.0 75000.0 423114.1680838283 0.0
75000.0 76000.0 448599.70658523013 3000.0
76000.0 77000.0 425403.642168168 0.0
77000.0 78000.0 449506.3515104009 3000.0
78000.0 79000.0 274570.2747106936 0.0
79000.0 80000.0 95220.37847636805 3000.0
80000.0 81000.0 0.0 0.0
81000.0 82000.0 326669.50187194796 4400.0
82000.0 83000.0 274270.18733040226 0.0
83000.0 84000.0 363253.6901085244 4400.0
84000.0 85000.0 484322.2145240992 0.0
85000.0 86000.0 405267.35378130537 4400.0
86000.0 87000.0 563088.3268223829 0.0
87000.0 88000.0 564068.6781837139 4400.0
88000.0 89000.0 512564.0086156225 0.0
89000.0 90000.0 581676.7150118696 4400.0
90000.0 91000.0 458446.1388337967 0.0
91000.0 92000.0 594796.2709286598 0.0
92000.0 93000.0 448158.7762916299 4400.0
93000.0 94000.0 533466.909433087 0.0
94000.0 95000.0 503796.49771700305 2300.0
95000.0 96000.0 421958.850898364 2300.0
96000.0 97000.0 273051.9016713007 0.0
97000.0 98000.0 500370.4706430582 2300.0
98000.0 99000.0 467705.9734082103 1500.0
99000.0 100000.0 297079.8991692137 0.0
100000.0 101000.0 294837.1609533351 1500.0
101000.0 102000.0 98081.94746986868 0.0
102000.0 103000.0 310829.10640371044 3000.0
103000.0 104000.0 527005.5793457519 3000.0
104000.0 105000.0 473424.50190281204 0.0
105000.0 106000.0 237467.38168772927 0.0
106000.0 107000.0 334675.7992379604 3000.0
107000.0 108000.0 422108.1577546409 0.0
108000.0 109000.0 0.0 0.0
109000.0 110000.0 92041.45090494184 3000.0
110000.0 111000.0 404869.9091038447 0.0
111000.0 112000.0 462157.582873843 3000.0
112000.0 113000.0 496163.5097026634 3000.0
113000.0 114000.0 621546.658236328 0.0
114000.0 115000.0 467617.39938886446 2300.0
115000.0 116000.0 646071.0590261851 2300.0
116000.0 117000.0 347272.43076332955 0.0
117000.0 118000.0 90171.74822022984 3000.0
118000.0 119000.0 311656.3223573754 0.0
119000.0 120000.0 436807.2136767021 3000.0
120000.0 121000.0 528740.7072936184 0.0
121000.0 122000.0 497036.1516181142 3000.0
122000.0 123000.0 480382.3207432189 3000.0
123000.0 124000.0 335965.11086373794 0.0
124000.0 125000.0 434030.8475855115 0.0
125000.0 126000.0 424046.7020306116 4400.0
126000.0 127000.0 527710.4945045608 0.0
127000.0 128000.0 426508.79342182685 4400.0
128000.0 129000.0 480738.81902211445 0.0
129000.0 130000.0 613292.0179231652 4400.0
130000.0 131000.0 465843.73010496655 0.0
131000.0 132000.0 539270.2329570283 4400.0
132000.0 133000.0 267328.343779117 0.0
133000.0 134000.0 554088.5371191583 0.0
134000.0 135000.0 535509.8704084407 4400.0
135000.0 136000.0 536078.4218553947 0.0
136000.0 137000.0 392200.8211485254 2300.0
137000.0 138000.0 615718.4877240782 2300.0
138000.0 139000.0 356492.34524849115 0.0
139000.0 140000.0 559084.7816191537 2300.0
140000.0 141000.0 164221.76174733875 3000.0
141000.0 142000.0 575401.8672628009 0.0
142000.0 143000.0 519911.6270819385 3000.0
143000.0 144000.0 397975.58125187573 0.0
144000.0 145000.0 386861.98094814626 3000.0
145000.0 146000.0 459041.10978259746 0.0
146000.0 147000.0 390368.0287715332 3000.0
147000.0 148000.0 403526.4772999568 0.0
148000.0 149000.0 293840.16602089594 3000.0
149000.0 150000.0 437878.9299501211 0.0
150000.0 151000.0 342969.10935954715 3000.0
151000.0 152000.0 510735.6967438564 3000.0
152000.0 153000.0 415731.56716714066 0.0
153000.0 154000.0 437120.00344544847 3000.0
154000.0 155000.0 411466.64734452014 0.0
155000.0 156000.0 259814.54564157306 0.0
156000.0 157000.0 370859.3228496952 3000.0
157000.0 158000.0 447095.6488670627 3000.0
158000.0 159000.0 396834.7846079832 0.0
159000.0 160000.0 450544.2767716218 3000.0
160000.0 161000.0 371075.97583288985 0.0
161000.0 162000.0 283405.07002631546 0.0
162000.0 163000.0 0.0 0.0
163000.0 164000.0 107082.52299956472 3000.0
164000.0 165000.0 436924.77913485153 0.0
165000.0 166000.0 624337.5738899484 3000.0
166000.0 167000.0 461939.6583665242 2300.0
167000.0 168000.0 592891.5084142347 2300.0
168000.0 169000.0 325956.32355963864 0.0
169000.0 170000.0 523292.45245189307 2300.0
170000.0 171000.0 207773.84897019397 0.0
171000.0 172000.0 320562.97749366844 3000.0
172000.0 173000.0 439673.17779903905 0.0
173000.0 174000.0 466960.281514975 3000.0
174000.0 175000.0 330008.8631969923 0.0
175000.0 176000.0 360744.9727085982 3000.0
176000.0 177000.0 401263.1531932583 3000.0
177000.0 178000.0 536692.4160702868 0.0
178000.0 179000.0 256392.89567194716 3000.0
179000.0 180000.0 564074.1901082717 0.0
180000.0 181000.0 465033.1133245566 3000.0
181000.0 182000.0 496231.4061044153 0.0
182000.0 183000.0 110898.48497268165 3000.0
183000.0 184000.0 471370.10671176144 0.0
184000.0 185000.0 513336.979240275 3000.0
185000.0 186000.0 449668.6402194123 0.0
186000.0 187000.0 72254.14274018868 3000.0
187000.0 188000.0 600030.0152136912 0.0
188000.0 189000.0 525699.0666864469 3000.0
189000.0 190000.0 447487.4413310556 0.0
190000.0 191000.0 118538.63414352358 3000.0
191000.0 192000.0 406687.41515571065 0.0
192000.0 193000.0 547583.2343212435 3000.0
193000.0 194000.0 375110.97406726854 0.0
194000.0 195000.0 336345.3688925353 3000.0
195000.0 196000.0 488137.9808933181 0.0
196000.0 197000.0 399924.82130667963 3000.0
197000.0 198000.0 372629.6184076054 0.0
198000.0 199000.0 242729.9320626698 3000.0
199000.0 200000.0 535949.1345592779 0.0
200000.0 201000.0 454867.98575480125 3000.0
201000.0 202000.0 394335.11422896996 0.0
202000.0 203000.0 280840.1558281704 3000.0
203000.0 204000.0 500376.67207287933 3000.0
204000.0 205000.0 431503.5620429313 0.0
205000.0 206000.0 438620.7589979948 3000.0
206000.0 207000.0 389736.3074158035 0.0
207000.0 208000.0 361506.0257528544 3000.0
208000.0 209000.0 442639.8482264783 0.0
209000.0 210000.0 215740.14018949878 3000.0
210000.0 211000.0 378252.89469969954 0.0
211000.0 212000.0 485190.0817719737 3000.0
212000.0 213000.0 395754.2149496981 0.0
213000.0 214000.0 373051.5257343838 3000.0
214000.0 215000.0 527198.5306690774 0.0
215000.0 216000.0 185729.97864779597 3000.0
216000.0 217000.0 291677.5748183554 0.0
217000.0 218000.0 626585.0792322787 3000.0
218000.0 219000.0 400798.3941957816 0.0
219000.0 220000.0 529621.9572701782 3000.0
220000.0 221000.0 339080.09160219214 0.0
221000.0 222000.0 422511.7894308883 3000.0
222000.0 223000.0 294003.79630003223 0.0
223000.0 224000.0 402200.8927720099 3000.0
224000.0 225000.0 494676.35202171694 3000.0
225000.0 226000.0 524284.4351054708 0.0
226000.0 227000.0 188132.82467752282 0.0
227000.0 228000.0 329910.92582983273 3000.0
228000.0 229000.0 482264.5865082674 0.0
229000.0 230000.0 444689.1944790151 3000.0
230000.0 231000.0 379151.0359366497 3000.0
231000.0 232000.0 531472.0953113181 0.0
232000.0 233000.0 321908.4535733608 3000.0
233000.0 234000.0 402530.92028111295 0.0
234000.0 235000.0 331582.1214659932 3000.0
235000.0 236000.0 442777.66798969364 0.0
236000.0 237000.0 316151.3748840742 3000.0
237000.0 238000.0 557971.9344089819 0.0
238000.0 239000.0 389350.2933705111 3000.0
239000.0 240000.0 484592.57271017856 0.0
240000.0 241000.0 196975.66994524797 3000.0
241000.0 242000.0 577965.3506950476 0.0
242000.0 243000.0 312090.4822331412 3000.0
243000.0 244000.0 435989.51463392784 0.0
244000.0 245000.0 472899.56557250035 3000.0
245000.0 246000.0 408862.9638921122 0.0
246000.0 247000.0 278429.90549768665 3000.0
247000.0 248000.0 513864.798904857 3000.0
248000.0 249000.0 402890.11958685104 0.0
249000.0 250000.0 361872.5583657543 3000.0
250000.0 251000.0 386205.7532042017 0.0
251000.0 252000.0 233231.94809326922 0.0
252000.0 253000.0 308948.92449770233 3000.0
253000.0 254000.0 458975.4366296058 0.0
254000.0 255000.0 541622.1419745808 3000.0
255000.0 256000.0 384388.94306443224 3000.0
256000.0 257000.0 391905.00128768 0.0
257000.0 258000.0 406969.9302121432 3000.0
258000.0 259000.0 401355.72835693014 0.0
259000.0 260000.0 359838.4053697977 3000.0
260000.0 261000.0 390480.00901098974 0.0
261000.0 262000.0 376609.7458728113 3000.0
262000.0 263000.0 441474.7542300071 0.0
263000.0 264000.0 530793.5536720452 3000.0
264000.0 265000.0 445764.11467587284 0.0
265000.0 266000.0 401666.9455768235 3000.0
266000.0 267000.0 420681.46788735036 0.0
267000.0 268000.0 270608.05089852854 3000.0
268000.0 269000.0 360506.0159770448 0.0
269000.0 270000.0 344781.5211710623 3000.0
270000.0 271000.0 441472.1966647258 0.0
271000.0 272000.0 429921.03389278235 3000.0
272000.0 273000.0 352865.5631160285 3000.0
273000.0 274000.0 530637.7404540762 0.0
274000.0 275000.0 424773.69497901783 3000.0
275000.0 276000.0 484488.4234971948 0.0
276000.0 277000.0 205132.50176912107 0.0
277000.0 278000.0 316068.47544267675 3000.0
278000.0 279000.0 497422.8768714332 3000.0
279000.0 280000.0 545836.1111702197 0.0
280000.0 281000.0 189700.5822633654 3000.0
281000.0 282000.0 502946.15623921785 0.0
282000.0 283000.0 403315.0442938915 3000.0
283000.0 284000.0 546877.9848884466 0.0
284000.0 285000.0 306211.81236825214 3000.0
285000.0 286000.0 531669.5851443856 0.0
286000.0 287000.0 79395.62889852904 0.0
287000.0 288000.0 17266.54500417691 0.0
288000.0 289000.0 388581.79150451056 3000.0
289000.0 290000.0 347159.93099564366 3000.0
290000.0 291000.0 476325.570543969 840.0
291000.0 292000.0 306069.470236094 840.0
292000.0 293000.0 302601.5041618536 840.0
293000.0 294000.0 230814.1875537523 0.0
294000.0 295000.0 246969.72993837876 2300.0
295000.0 296000.0 310595.6063928792 0.0
296000.0 297000.0 326284.34911844274 2300.0
297000.0 298000.0 462997.000132437 2300.0
298000.0 299000.0 349632.34570187086 0.0
299000.0 300000.0 190183.78810302596 3000.0
