ts te s_bytes_all avg_video_rate
0.0 1000.0 0.0 0.0
1000.0 2000.0 0.0 0.0
2000.0 3000.0 0.0 0.0
3000.0 4000.0 0.0 0.0
4000.0 5000.0 3073.6385515125185 0.0
5000.0 6000.0 199905.3493658207 1500.0
6000.0 7000.0 379963.96316440817 1500.0
7000.0 8000.0 462867.07618576114 1500.0
8000.0 9000.0 282946.97273249755 1500.0
9000.0 10000.0 526413.5724762884 1500.0
10000.0 11000.0 390616.90364816965 1500.0
11000.0 12000.0 444990.46420998755 1500.0
12000.0 13000.0 426605.6802181206 1500.0
13000.0 14000.0 479772.2320607508 1500.0
14000.0 15000.0 526682.0467256604 1500.0
15000.0 16000.0 407645.63497360377 1500.0
16000.0 17000.0 369880.87196115934 1500.0
17000.0 18000.0 531503.8967278482 0.0
18000.0 19000.0 17405.316700595897 3000.0
19000.0 20000.0 419443.66055662744 0.0
20000.0 21000.0 583017.8671420563 3000.0
21000.0 22000.0 452947.49132191984 0.0
22000.0 23000.0 436969.93986555777 3000.0
23000.0 24000.0 449985.5453730415 0.0
24000.0 25000.0 352694.9268624556 3000.0
25000.0 26000.0 508975.927368974 3000.0
26000.0 27000.0 410851.39651213825 0.0
27000.0 28000.0 434492.7243456158 3000.0
28000.0 29000.0 400556.4018490637 0.0
29000.0 30000.0 360563.13151739916 3000.0
30000.0 31000.0 385232.3828106159 0.0
31000.0 32000.0 455881.85089296254 3000.0
32000.0 33000.0 402241.7982168722 0.0
33000.0 34000.0 323370.8777776464 3000.0
34000.0 35000.0 402924.3307137425 0.0
35000.0 36000.0 318634.9183041103 3000.0
36000.0 37000.0 291554.39337789547 0.0
37000.0 38000.0 545006.934066114 3000.0
38000.0 39000.0 339932.93388787267 0.0
39000.0 40000.0 400218.676741558 3000.0
40000.0 41000.0 350163.9314981209 0.0
41000.0 42000.0 477068.04403187893 3000.0
42000.0 43000.0 397875.25928919134 0.0
43000.0 44000.0 419744.126246949 3000.0
44000.0 45000.0 399449.94903417083 0.0
45000.0 46000.0 413330.9605342891 3000.0
46000.0 47000.0 389665.75534092716 0.0
47000.0 48000.0 297709.5967073522 3000.0
48000.0 49000.0 337770.41182813584 0.0
49000.0 50000.0 472159.83198541607 3000.0
50000.0 51000.0 538367.8696282514 0.0
51000.0 52000.0 608112.2669967582 3000.0
52000.0 53000.0 629256.5100665156 3000.0
53000.0 54000.0 559042.6334393565 3000.0
54000.0 55000.0 399804.42322637676 0.0
55000.0 56000.0 231807.98576293245 3000.0
56000.0 57000.0 575178.2479341992 0.0
57000.0 58000.0 421872.96605738637 3000.0
58000.0 59000.0 379801.33475517976 0.0
59000.0 60000.0 362951.1261538819 3000.0
60000.0 61000.0 388160.7025596994 0.0
61000.0 62000.0 395954.62836695754 3000.0
62000.0 63000.0 412854.1024857592 0.0
63000.0 64000.0 381355.20226677204 3000.0
64000.0 65000.0 399262.89491172956 0.0
65000.0 66000.0 351605.14220237074 3000.0
66000.0 67000.0 409560.48091363796 0.0
67000.0 68000.0 236263.88656937974 0.0
68000.0 69000.0 225130.8874319741 3000.0
69000.0 70000.0 452817.3485639875 0.0
70000.0 71000.0 93225.76400403841 0.0
71000.0 72000.0 144678.11421872134 3000.0
72000.0 73000.0 372183.25442709913 0.0
73000.0 74000.0 588363.4020935413 3000.0
74000.0 75000.0 525241.8810884348 2300.0
75000.0 76000.0 389752.31412985746 0.0
76000.0 77000.0 559926.9964971909 2300.0
77000.0 78000.0 350025.51333003683 2300.0
78000.0 79000.0 338795.0632748334 0.0
79000.0 80000.0 317719.1293905885 3000.0
80000.0 81000.0 416110.8712459112 0.0
81000.0 82000.0 213051.46030378513 0.0
82000.0 83000.0 0.0 0.0
83000.0 84000.0 393691.0433408694 3000.0
84000.0 85000.0 533070.5516033035 3000.0
85000.0 86000.0 392895.0416225641 0.0
86000.0 87000.0 470890.8148872971 3000.0
87000.0 88000.0 626050.9817958839 3000.0
88000.0 89000.0 404692.90245300904 0.0
89000.0 90000.0 277789.2275556193 3000.0
90000.0 91000.0 491430.60736491496 0.0
91000.0 92000.0 257316.71421998198 3000.0
92000.0 93000.0 549726.0726362171 0.0
93000.0 94000.0 276861.5316675282 2300.0
94000.0 95000.0 479036.5391771491 0.0
95000.0 96000.0 57488.631576009735 0.0
96000.0 97000.0 76567.79413899026 2300.0
97000.0 98000.0 534580.8430258146 2300.0
98000.0 99000.0 537990.0678939621 0.0
99000.0 100000.0 55351.55106872505 2300.0
100000.0 101000.0 548749.6961416615 0.0
101000.0 102000.0 58582.77203546562 2300.0
102000.0 103000.0 544240.9596321986 0.0
103000.0 104000.0 78137.56045365518 2300.0
104000.0 105000.0 507412.6695118964 0.0
105000.0 106000.0 80238.42151180297 2300.0
106000.0 107000.0 514032.83642453374 0.0
107000.0 108000.0 136380.02280786546 2300.0
108000.0 109000.0 484679.338059478 2300.0
109000.0 110000.0 531365.6071109553 0.0
110000.0 111000.0 138810.20028264815 0.0
111000.0 112000.0 147749.91472359345 2300.0
112000.0 113000.0 391068.18950278946 2300.0
113000.0 114000.0 586584.8034357819 0.0
114000.0 115000.0 315564.1983863616 3000.0
115000.0 116000.0 503865.3268168787 0.0
116000.0 117000.0 355553.6410160954 3000.0
117000.0 118000.0 498221.1663760054 0.0
118000.0 119000.0 186707.4758701089 3000.0
119000.0 120000.0 539796.7138079334 0.0
120000.0 121000.0 507863.50048349996 3000.0
121000.0 122000.0 438511.17782058613 0.0
122000.0 123000.0 73699.75725382136 3000.0
123000.0 124000.0 296914.62969396485 0.0
124000.0 125000.0 544372.4069486547 3000.0
125000.0 126000.0 608093.5031490029 1500.0
126000.0 127000.0 317812.5092299438 0.0
127000.0 128000.0 86733.08548497845 0.0
128000.0 129000.0 0.0 0.0
129000.0 130000.0 150546.07736395355 1500.0
130000.0 131000.0 424027.65709638805 1500.0
131000.0 132000.0 245007.2655396585 0.0
132000.0 133000.0 0.0 0.0
133000.0 134000.0 139766.17010065066 1500.0
134000.0 135000.0 410906.56921504147 1500.0
135000.0 136000.0 256412.36033792773 1500.0
136000.0 137000.0 397476.90034638013 0.0
137000.0 138000.0 151800.68411273047 1500.0
138000.0 139000.0 264481.58707102045 0.0
139000.0 140000.0 175343.8100165773 3000.0
140000.0 141000.0 404389.4927658627 0.0
141000.0 142000.0 364215.3029384858 3000.0
142000.0 143000.0 371863.62986683205 0.0
143000.0 144000.0 413654.94447021384 3000.0
144000.0 145000.0 407272.19486266293 0.0
145000.0 146000.0 378818.319114734 3000.0
146000.0 147000.0 387971.10968183645 0.0
147000.0 148000.0 370073.190708164 3000.0
148000.0 149000.0 377276.44390579435 0.0
149000.0 150000.0 350206.14663485094 3000.0
150000.0 151000.0 358502.4014811043 0.0
151000.0 152000.0 392614.43851029023 3000.0
152000.0 153000.0 405451.8421069593 0.0
153000.0 154000.0 444828.0022623119 3000.0
154000.0 155000.0 391658.97746713896 0.0
155000.0 156000.0 371036.8590134899 3000.0
156000.0 157000.0 363670.8117879231 0.0
157000.0 158000.0 364469.43629358633 3000.0
158000.0 159000.0 400497.215239598 0.0
159000.0 160000.0 427487.9633651482 3000.0
160000.0 161000.0 469224.2226021667 3000.0
161000.0 162000.0 597225.2058967263 0.0
162000.0 163000.0 391860.96884168603 3000.0
163000.0 164000.0 549675.3497190403 0.0
164000.0 165000.0 383615.0734369545 3000.0
165000.0 166000.0 610229.5087162872 3000.0
166000.0 167000.0 379235.4921619983 0.0
167000.0 168000.0 321146.1574996953 3000.0
168000.0 169000.0 414406.46705326374 0.0
169000.0 170000.0 394232.9310107244 3000.0
170000.0 171000.0 354451.84074607096 0.0
171000.0 172000.0 492885.38285925565 3000.0
172000.0 173000.0 389469.7967711262 0.0
173000.0 174000.0 207004.79890636663 3000.0
174000.0 175000.0 327304.93595305306 0.0
175000.0 176000.0 534825.4858827367 3000.0
176000.0 177000.0 404558.84249710396 0.0
177000.0 178000.0 460073.2657673304 3000.0
178000.0 179000.0 348161.6331568533 0.0
179000.0 180000.0 257639.4202503329 3000.0
180000.0 181000.0 377216.7862074908 0.0
181000.0 182000.0 451565.7486943089 3000.0
182000.0 183000.0 372445.26541414345 0.0
183000.0 184000.0 414775.1602105771 3000.0
184000.0 185000.0 378121.91479817085 0.0
185000.0 186000.0 365656.36384015105 3000.0
186000.0 187000.0 395799.6671708579 0.0
187000.0 188000.0 369788.8904929248 3000.0
188000.0 189000.0 412496.03601111996 0.0
189000.0 190000.0 350267.08681473933 3000.0
190000.0 191000.0 397856.16502407746 0.0
191000.0 192000.0 212558.33191535008 0.0
192000.0 193000.0 0.0 0.0
193000.0 194000.0 2913.0 0.0
194000.0 195000.0 0.0 0.0
195000.0 196000.0 29848.925087493226 0.0
196000.0 197000.0 239271.11617181404 2300.0
197000.0 198000.0 505754.033699737 2300.0
198000.0 199000.0 521969.27209369175 2300.0
199000.0 200000.0 453732.4900640048 0.0
200000.0 201000.0 453255.61717070284 2300.0
201000.0 202000.0 458772.6852757799 2300.0
202000.0 203000.0 498474.2135017745 2300.0
203000.0 204000.0 505261.3293463674 2300.0
204000.0 205000.0 365159.34618411143 0.0
205000.0 206000.0 579289.9978089049 2300.0
206000.0 207000.0 370708.94742322934 2300.0
207000.0 208000.0 386289.0261723888 0.0
208000.0 209000.0 0.0 0.0
209000.0 210000.0 172554.61444400737 2300.0
210000.0 211000.0 352828.10354031745 0.0
211000.0 212000.0 230658.34730981232 3000.0
212000.0 213000.0 387668.0374682433 0.0
213000.0 214000.0 587609.3564916833 3000.0
214000.0 215000.0 513721.50844931084 3000.0
215000.0 216000.0 462552.9862159733 0.0
216000.0 217000.0 206369.04608065236 0.0
217000.0 218000.0 300869.1530324371 3000.0
218000.0 219000.0 504409.9508568174 3000.0
219000.0 220000.0 441500.2060236174 0.0
220000.0 221000.0 567182.5721563586 3000.0
221000.0 222000.0 549834.2591310181 2300.0
222000.0 223000.0 346303.11825533165 0.0
223000.0 224000.0 312578.62921020266 2300.0
224000.0 225000.0 301288.7514379841 0.0
225000.0 226000.0 211259.3598962328 0.0
226000.0 227000.0 0.0 0.0
227000.0 228000.0 2917.0 0.0
228000.0 229000.0 0.0 0.0
229000.0 230000.0 229210.5387515742 2300.0
230000.0 231000.0 352351.4612484258 0.0
231000.0 232000.0 1272.2392065581248 0.0
232000.0 233000.0 1642.760793441875 2300.0
233000.0 234000.0 303639.2386000812 0.0
234000.0 235000.0 444288.2454345223 2300.0
235000.0 236000.0 620867.1409342608 2300.0
236000.0 237000.0 502109.13129332755 2300.0
237000.0 238000.0 539502.6405817276 1500.0
238000.0 239000.0 520563.315313328 1500.0
239000.0 240000.0 510495.3953533789 1500.0
240000.0 241000.0 524175.72655935795 1500.0
241000.0 242000.0 118365.43453543645 0.0
242000.0 243000.0 447547.29356887034 3000.0
243000.0 244000.0 354034.2799511377 3000.0
244000.0 245000.0 534612.7946339122 0.0
245000.0 246000.0 291188.3475497833 3000.0
246000.0 247000.0 454003.7541322851 0.0
247000.0 248000.0 332798.55509102007 3000.0
248000.0 249000.0 342349.8658710629 0.0
249000.0 250000.0 408605.37882522057 3000.0
250000.0 251000.0 388329.4654706907 0.0
251000.0 252000.0 219104.70673015565 3000.0
252000.0 253000.0 376853.8261474763 0.0
253000.0 254000.0 414208.94196794287 3000.0
254000.0 255000.0 575823.15938322 0.0
255000.0 256000.0 314619.4046964536 3000.0
256000.0 257000.0 396211.88975178776 0.0
257000.0 258000.0 352749.1336627634 3000.0
258000.0 259000.0 357598.4187725424 0.0
259000.0 260000.0 483362.61516675557 3000.0
260000.0 261000.0 406311.0060099405 0.0
261000.0 262000.0 349526.67655513843 3000.0
262000.0 263000.0 415976.6893129021 0.0
263000.0 264000.0 231432.52814351823 0.0
264000.0 265000.0 0.0 0.0
265000.0 266000.0 174061.41989484013 3000.0
266000.0 267000.0 388312.14668456395 0.0
267000.0 268000.0 599219.5995217217 3000.0
268000.0 269000.0 353149.8338988742 0.0
269000.0 270000.0 151648.32181458076 2300.0
270000.0 271000.0 422668.9742902254 2300.0
271000.0 272000.0 569645.4910041431 0.0
272000.0 273000.0 468984.0555175704 2300.0
273000.0 274000.0 197556.15737348038 0.0
274000.0 275000.0 0.0 0.0
275000.0 276000.0 155038.09039207126 2300.0
276000.0 277000.0 371853.67645202385 2300.0
277000.0 278000.0 668837.5445821199 0.0
278000.0 279000.0 478387.83636375045 2300.0
279000.0 280000.0 126789.93300627542 2300.0
280000.0 281000.0 553137.0091757168 0.0
281000.0 282000.0 450840.4972870986 2300.0
282000.0 283000.0 466093.7954555795 2300.0
283000.0 284000.0 347297.19603896275 0.0
284000.0 285000.0 171195.74373914703 3000.0
285000.0 286000.0 540015.1805801577 0.0
286000.0 287000.0 431972.887353683 3000.0
287000.0 288000.0 513642.9523049403 3000.0
288000.0 289000.0 367220.7939094039 0.0
289000.0 290000.0 404753.6194500677 3000.0
290000.0 291000.0 342948.6002855678 0.0
291000.0 292000.0 380046.239015156 3000.0
292000.0 293000.0 345410.3012000737 0.0
293000.0 294000.0 555387.581030293 3000.0
294000.0 295000.0 428260.3904205677 0.0
295000.0 296000.0 418471.78178213065 3000.0
296000.0 297000.0 439593.6194357895 0.0
297000.0 298000.0 271628.06882316084 3000.0
298000.0 299000.0 400654.690743237 0.0
299000.0 300000.0 415306.8777599919 3000.0
300000.0 301000.0 166900.09341303378 0.0
