ts te s_bytes_all avg_video_rate
0.0 1000.0 0.0 0.0
1000.0 2000.0 0.0 0.0
2000.0 3000.0 0.0 0.0
3000.0 4000.0 0.0 0.0
4000.0 5000.0 0.0 0.0
5000.0 6000.0 0.0 0.0
6000.0 7000.0 0.0 0.0
7000.0 8000.0 317115.4500930184 1500.0
8000.0 9000.0 223790.60366675217 1500.0
9000.0 10000.0 533279.952327759 1500.0
10000.0 11000.0 514863.41074936313 1500.0
11000.0 12000.0 376717.9461993568 1500.0
12000.0 13000.0 568144.1977670264 1500.0
13000.0 14000.0 425370.80327154545 1500.0
14000.0 15000.0 614154.4739718426 1500.0
15000.0 16000.0 350965.82486907975 1500.0
16000.0 17000.0 518960.2240942684 1500.0
17000.0 18000.0 415282.10999895184 1500.0
18000.0 19000.0 347287.0029910361 0.0
19000.0 20000.0 2914.0 0.0
20000.0 21000.0 0.0 0.0
21000.0 22000.0 165258.9815975273 3000.0
22000.0 23000.0 395954.5402091654 0.0
23000.0 24000.0 492495.8710824908 1500.0
24000.0 25000.0 312437.1567257022 1500.0
25000.0 26000.0 336973.888373489 1500.0
26000.0 27000.0 227325.5620116253 0.0
27000.0 28000.0 2917.0 0.0
28000.0 29000.0 0.0 0.0
29000.0 30000.0 214689.62451441798 1500.0
30000.0 31000.0 465930.2841162981 1500.0
31000.0 32000.0 418940.49597270816 1500.0
32000.0 33000.0 173472.59539657578 0.0
33000.0 34000.0 0.0 0.0
34000.0 35000.0 1484.7018526869952 0.0
35000.0 36000.0 2490.4437965327397 0.0
36000.0 37000.0 1856.854350780265 0.0
37000.0 38000.0 57164.69528363103 0.0
38000.0 39000.0 271539.1365706966 1500.0
39000.0 40000.0 590096.6445546696 1500.0
40000.0 41000.0 378678.9989589838 1500.0
41000.0 42000.0 480398.74719460605 1500.0
42000.0 43000.0 215607.77743741297 0.0
43000.0 44000.0 241172.00084193528 1500.0
44000.0 45000.0 182459.99915806472 0.0
45000.0 46000.0 260514.34232527722 1500.0
46000.0 47000.0 188855.65767472278 0.0
47000.0 48000.0 209066.9483011595 1500.0
48000.0 49000.0 159974.5385790677 0.0
49000.0 50000.0 278922.30781510944 1500.0
50000.0 51000.0 177424.20530466342 0.0
51000.0 52000.0 260276.10217182044 1500.0
52000.0 53000.0 368327.6029043235 1500.0
53000.0 54000.0 323473.31967215263 1500.0
54000.0 55000.0 243047.97525170346 0.0
55000.0 56000.0 184294.02532789204 1500.0
56000.0 57000.0 187321.2295609465 0.0
57000.0 58000.0 324258.44079780334 3000.0
58000.0 59000.0 356544.1559137271 0.0
59000.0 60000.0 356857.1507618551 3000.0
60000.0 61000.0 331110.0266637577 0.0
61000.0 62000.0 376681.3340479236 3000.0
62000.0 63000.0 411539.03897531464 0.0
63000.0 64000.0 400113.98576385115 3000.0
64000.0 65000.0 310007.92675744975 0.0
65000.0 66000.0 425919.18642965273 1500.0
66000.0 67000.0 218973.49899982635 0.0
67000.0 68000.0 237829.03956815775 1500.0
68000.0 69000.0 147412.96043184225 0.0
69000.0 70000.0 248163.56608812825 1500.0
70000.0 71000.0 161294.521457113 0.0
71000.0 72000.0 247851.45981021028 1500.0
72000.0 73000.0 164873.4526445485 0.0
73000.0 74000.0 248246.633367727 1500.0
74000.0 75000.0 155928.366632273 0.0
75000.0 76000.0 245007.73808864297 1500.0
76000.0 77000.0 150558.16641374357 0.0
77000.0 78000.0 244660.25241147508 1500.0
78000.0 79000.0 162566.8617702285 0.0
79000.0 80000.0 267359.46940210374 1500.0
80000.0 81000.0 157280.51191380614 0.0
81000.0 82000.0 260900.22540429837 1500.0
82000.0 83000.0 151261.77459570163 0.0
83000.0 84000.0 245189.35156357088 1500.0
84000.0 85000.0 122584.87657519874 0.0
85000.0 86000.0 238454.41840560222 1500.0
86000.0 87000.0 129788.35345562817 0.0
87000.0 88000.0 2915.0 0.0
88000.0 89000.0 0.0 0.0
89000.0 90000.0 256008.5198842726 1500.0
90000.0 91000.0 364144.2905624138 1500.0
91000.0 92000.0 154643.18955331357 0.0
92000.0 93000.0 0.0 0.0
93000.0 94000.0 247612.8610467269 1500.0
94000.0 95000.0 142215.13895327307 0.0
95000.0 96000.0 249613.7744716054 1500.0
96000.0 97000.0 167324.9132412115 0.0
97000.0 98000.0 268006.87485842523 1500.0
98000.0 99000.0 389844.6074716779 1500.0
99000.0 100000.0 364385.2618529158 1500.0
100000.0 101000.0 179656.5681041642 0.0
101000.0 102000.0 273153.85682930064 1500.0
102000.0 103000.0 158354.14317069933 0.0
103000.0 104000.0 252610.85770001452 1500.0
104000.0 105000.0 157177.14229998548 0.0
105000.0 106000.0 264726.6091488432 1500.0
106000.0 107000.0 155002.3908511568 0.0
107000.0 108000.0 256203.43332685638 1500.0
108000.0 109000.0 212378.13041684547 0.0
109000.0 110000.0 248323.32366340666 1500.0
110000.0 111000.0 174778.11259289144 0.0
111000.0 112000.0 265551.3833519486 1500.0
112000.0 113000.0 397325.5330087229 1500.0
113000.0 114000.0 181678.08363932854 0.0
114000.0 115000.0 0.0 0.0
115000.0 116000.0 252771.66736997376 1500.0
116000.0 117000.0 366014.0808077328 1500.0
117000.0 118000.0 388638.94374709367 1500.0
118000.0 119000.0 179127.30807519972 0.0
119000.0 120000.0 247616.9702121649 1500.0
120000.0 121000.0 152972.93677155752 0.0
121000.0 122000.0 229071.0819354919 1500.0
122000.0 123000.0 139379.01108078568 0.0
123000.0 124000.0 43249.98243668033 1500.0
124000.0 125000.0 309082.2170137053 0.0
125000.0 126000.0 168477.9375244915 1500.0
126000.0 127000.0 396115.86302512285 0.0
127000.0 128000.0 174541.38605919498 1500.0
128000.0 129000.0 173198.58712063724 0.0
129000.0 130000.0 306210.7508889739 1500.0
130000.0 131000.0 138250.27593119393 0.0
131000.0 132000.0 211983.53263420344 1500.0
132000.0 133000.0 165150.31291732023 0.0
133000.0 134000.0 247339.39274421503 1500.0
134000.0 135000.0 162850.63982319142 0.0
135000.0 136000.0 233159.70988622363 1500.0
136000.0 137000.0 153782.4119948462 0.0
137000.0 138000.0 264235.64934378135 1500.0
138000.0 139000.0 160472.35065621865 0.0
139000.0 140000.0 249518.47481974744 1500.0
140000.0 141000.0 149322.52518025256 0.0
141000.0 142000.0 190389.92693417787 1500.0
142000.0 143000.0 187322.5994013031 0.0
143000.0 144000.0 318184.1962820088 1500.0
144000.0 145000.0 383801.1340491977 1500.0
145000.0 146000.0 320940.3357512763 1500.0
146000.0 147000.0 212737.80758203627 0.0
147000.0 148000.0 238650.716398613 1500.0
148000.0 149000.0 168281.28360138697 0.0
149000.0 150000.0 226347.2320041042 3000.0
150000.0 151000.0 373738.6244798349 0.0
151000.0 152000.0 358500.34960766375 3000.0
152000.0 153000.0 460190.8675098 0.0
153000.0 154000.0 446487.3523293353 3000.0
154000.0 155000.0 375112.23884475103 0.0
155000.0 156000.0 395335.471882241 3000.0
156000.0 157000.0 364453.7652906888 0.0
157000.0 158000.0 389054.79603868705 3000.0
158000.0 159000.0 363538.5900874043 0.0
159000.0 160000.0 388040.0763237466 3000.0
160000.0 161000.0 338684.87206931005 0.0
161000.0 162000.0 376575.489541519 3000.0
162000.0 163000.0 404033.9838468466 0.0
163000.0 164000.0 449469.40791265504 3000.0
164000.0 165000.0 359408.4813206759 0.0
165000.0 166000.0 401662.19236916804 3000.0
166000.0 167000.0 361783.25536099577 0.0
167000.0 168000.0 363007.91627627605 3000.0
168000.0 169000.0 386338.9383705524 0.0
169000.0 170000.0 413950.5525506447 3000.0
170000.0 171000.0 409923.8103156865 0.0
171000.0 172000.0 340643.6446680097 3000.0
172000.0 173000.0 475124.8744033306 0.0
173000.0 174000.0 250506.30163058406 3000.0
174000.0 175000.0 447767.7359511313 0.0
175000.0 176000.0 165687.0219361846 3000.0
176000.0 177000.0 544738.3508881914 0.0
177000.0 178000.0 302943.0803888736 2300.0
178000.0 179000.0 278418.03563390614 0.0
179000.0 180000.0 296419.99059219327 2300.0
180000.0 181000.0 322467.3034644896 0.0
181000.0 182000.0 315231.1730444964 2300.0
182000.0 183000.0 313643.6213404469 0.0
183000.0 184000.0 333771.239333736 2300.0
184000.0 185000.0 351756.1754800474 0.0
185000.0 186000.0 242338.39307040506 2300.0
186000.0 187000.0 350637.7938413869 0.0
187000.0 188000.0 148256.6021039424 2300.0
188000.0 189000.0 380590.3705750132 0.0
189000.0 190000.0 314368.43030689715 2300.0
190000.0 191000.0 470703.6057400389 2300.0
191000.0 192000.0 424846.5397034831 0.0
192000.0 193000.0 98520.45157062517 0.0
193000.0 194000.0 281346.2023408253 2300.0
194000.0 195000.0 251211.76773531383 0.0
195000.0 196000.0 318280.79573135916 2300.0
196000.0 197000.0 455388.5678039845 2300.0
197000.0 198000.0 536469.1321996447 2300.0
198000.0 199000.0 561215.4808641623 0.0
199000.0 200000.0 548992.4658103797 2300.0
200000.0 201000.0 332671.58751433046 0.0
201000.0 202000.0 296865.806452461 2300.0
202000.0 203000.0 276027.5085000598 0.0
203000.0 204000.0 320041.91703792755 2300.0
204000.0 205000.0 273196.9589496156 0.0
205000.0 206000.0 350888.1504238055 2300.0
206000.0 207000.0 308068.14401510387 0.0
207000.0 208000.0 339511.02529844514 2300.0
208000.0 209000.0 264304.1573143632 0.0
209000.0 210000.0 313286.79108369426 2300.0
210000.0 211000.0 323071.07791488606 0.0
211000.0 212000.0 264390.5515266166 2300.0
212000.0 213000.0 311539.2348632903 0.0
213000.0 214000.0 48920.67661973109 0.0
214000.0 215000.0 0.0 0.0
215000.0 216000.0 281119.47998458147 2300.0
216000.0 217000.0 503617.0433828125 2300.0
217000.0 218000.0 498866.476632606 0.0
218000.0 219000.0 0.0 0.0
219000.0 220000.0 277541.47445074207 2300.0
220000.0 221000.0 450156.51106588764 2300.0
221000.0 222000.0 538636.80529636 2300.0
222000.0 223000.0 376318.3053774933 0.0
223000.0 224000.0 416700.24370382074 2300.0
224000.0 225000.0 276899.2716091329 0.0
225000.0 226000.0 368150.2943239687 2300.0
226000.0 227000.0 281806.6505573099 0.0
227000.0 228000.0 39648.44361528466 0.0
228000.0 229000.0 0.0 0.0
229000.0 230000.0 249915.47015803403 2300.0
230000.0 231000.0 421157.6515033099 2300.0
231000.0 232000.0 576215.1218982043 2300.0
232000.0 233000.0 425172.92118860706 0.0
233000.0 234000.0 381644.10905841243 2300.0
234000.0 235000.0 270577.55537540297 0.0
235000.0 236000.0 206968.75659719476 2300.0
236000.0 237000.0 374605.7709136746 0.0
237000.0 238000.0 282825.48735123297 2300.0
238000.0 239000.0 591135.6697771513 2300.0
239000.0 240000.0 444423.48617877567 0.0
240000.0 241000.0 0.0 0.0
241000.0 242000.0 275623.5917135849 2300.0
242000.0 243000.0 352774.4082864151 0.0
243000.0 244000.0 0.0 0.0
244000.0 245000.0 2640.5889699942772 0.0
245000.0 246000.0 236381.27309958133 2300.0
246000.0 247000.0 566330.9045796603 2300.0
247000.0 248000.0 560721.47513705 2300.0
248000.0 249000.0 414875.8286335784 2300.0
249000.0 250000.0 576358.2502349862 0.0
250000.0 251000.0 393348.2105145268 2300.0
251000.0 252000.0 530073.018896678 2300.0
252000.0 253000.0 276029.77669033845 0.0
253000.0 254000.0 329888.6831545731 2300.0
254000.0 255000.0 300086.28315993416 0.0
255000.0 256000.0 317915.3325173281 2300.0
256000.0 257000.0 248910.29104646406 0.0
257000.0 258000.0 104084.08336530687 0.0
258000.0 259000.0 331.09915845371137 0.0
259000.0 260000.0 3635.764082173864 0.0
260000.0 261000.0 702.6479444840114 0.0
261000.0 262000.0 376989.52907934523 2300.0
262000.0 263000.0 555496.529944188 2300.0
263000.0 264000.0 450654.5936448746 2300.0
264000.0 265000.0 373092.60334986495 0.0
265000.0 266000.0 515953.24116533017 2300.0
266000.0 267000.0 568696.2837674755 2300.0
267000.0 268000.0 418335.8891348135 2300.0
268000.0 269000.0 273908.1931635629 0.0
269000.0 270000.0 355707.63756510627 2300.0
270000.0 271000.0 263640.63953732874 0.0
271000.0 272000.0 298220.23259333015 2300.0
272000.0 273000.0 274184.0703522202 0.0
273000.0 274000.0 330157.3002681969 2300.0
274000.0 275000.0 288353.7138713811 0.0
275000.0 276000.0 312148.3263297968 2300.0
276000.0 277000.0 279433.9407286318 0.0
277000.0 278000.0 317825.402674642 2300.0
278000.0 279000.0 265707.4402378371 0.0
279000.0 280000.0 296360.419985892 2300.0
280000.0 281000.0 303437.8352844303 0.0
281000.0 282000.0 310744.6335458879 2300.0
282000.0 283000.0 275226.3876720549 0.0
283000.0 284000.0 291342.6980464098 2300.0
284000.0 285000.0 421693.0791014044 2300.0
285000.0 286000.0 511590.86777088314 0.0
286000.0 287000.0 0.0 0.0
287000.0 288000.0 225323.71850451856 2300.0
288000.0 289000.0 409457.65170804365 2300.0
289000.0 290000.0 568491.2361295315 2300.0
290000.0 291000.0 419832.5459299653 0.0
291000.0 292000.0 408505.32293918834 2300.0
292000.0 293000.0 287737.0482297847 0.0
293000.0 294000.0 380755.3039590784 2300.0
294000.0 295000.0 270166.6729041311 0.0
295000.0 296000.0 77869.4996957583 0.0
296000.0 297000.0 0.0 0.0
297000.0 298000.0 219261.4377269135 2300.0
298000.0 299000.0 271976.9657602721 0.0
299000.0 300000.0 245250.30940897937 2300.0
