ts te s_bytes_all avg_video_rate
0.0 1000.0 0.0 0.0
1000.0 2000.0 0.0 0.0
2000.0 3000.0 0.0 0.0
3000.0 4000.0 0.0 0.0
4000.0 5000.0 0.0 0.0
5000.0 6000.0 42104.7893601425 480.0
6000.0 7000.0 297526.3044424514 480.0
7000.0 8000.0 344785.15239460283 480.0
8000.0 9000.0 247457.5775194912 480.0
9000.0 10000.0 474710.0149698729 4400.0
10000.0 11000.0 461069.1427894148 4400.0
11000.0 12000.0 620134.8886710422 0.0
12000.0 13000.0 520939.2257990639 0.0
13000.0 14000.0 649540.5066039264 4400.0
14000.0 15000.0 455539.5822095953 0.0
15000.0 16000.0 336688.0437064107 0.0
16000.0 17000.0 581761.091843317 4400.0
17000.0 18000.0 525824.1471762797 0.0
18000.0 19000.0 593918.4388338273 4400.0
19000.0 20000.0 596452.9359325531 0.0
20000.0 21000.0 464637.2446472144 0.0
21000.0 22000.0 503093.723153345 4400.0
22000.0 23000.0 601129.9903541892 4400.0
23000.0 24000.0 634410.737283147 0.0
24000.0 25000.0 346576.6787148278 0.0
25000.0 26000.0 573532.5653582114 4400.0
26000.0 27000.0 548055.0851540925 0.0
27000.0 28000.0 513591.51550134085 4400.0
28000.0 29000.0 752407.1011750926 0.0
29000.0 30000.0 589368.5528908691 4400.0
30000.0 31000.0 731807.7903037053 0.0
31000.0 32000.0 587034.706047234 0.0
32000.0 33000.0 511517.44612542156 4400.0
33000.0 34000.0 431594.71926118515 0.0
34000.0 35000.0 684405.3326214356 4400.0
35000.0 36000.0 602957.5125658714 0.0
36000.0 37000.0 236257.640118539 0.0
37000.0 38000.0 373407.02175686904 3000.0
38000.0 39000.0 136947.91233462296 840.0
39000.0 40000.0 183160.8461688299 840.0
40000.0 41000.0 157980.13186116714 480.0
41000.0 42000.0 177746.59658067927 480.0
42000.0 43000.0 163748.23410325008 480.0
43000.0 44000.0 284245.81468297995 480.0
44000.0 45000.0 116107.62930814756 0.0
45000.0 46000.0 5420.402257736504 0.0
46000.0 47000.0 172160.25917786668 0.0
47000.0 48000.0 32469.59568312161 0.0
48000.0 49000.0 104078.37255701586 288.0
49000.0 50000.0 4101.333345864346 0.0
50000.0 51000.0 99010.66665413565 288.0
51000.0 52000.0 12063.867375330516 0.0
52000.0 53000.0 92510.13262466948 288.0
53000.0 54000.0 16818.99894170492 0.0
54000.0 55000.0 219759.00105829508 840.0
55000.0 56000.0 13218.91526068082 0.0
56000.0 57000.0 230275.0847393192 840.0
57000.0 58000.0 13219.388406200185 0.0
58000.0 59000.0 228931.6115937998 840.0
59000.0 60000.0 14924.226182454488 0.0
60000.0 61000.0 382675.7738175455 1500.0
61000.0 62000.0 16228.61220368507 1500.0
62000.0 63000.0 421115.38779631496 0.0
63000.0 64000.0 219327.23076680914 1500.0
64000.0 65000.0 178340.76923319086 0.0
65000.0 66000.0 153847.32875859647 2300.0
66000.0 67000.0 382617.8038414752 0.0
67000.0 68000.0 326673.86188724975 2300.0
68000.0 69000.0 320907.27548037143 0.0
69000.0 70000.0 250996.95139558092 2300.0
70000.0 71000.0 313567.8032469607 0.0
71000.0 72000.0 285592.86392191495 2300.0
72000.0 73000.0 379337.4293867907 0.0
73000.0 74000.0 432798.6156951239 2300.0
74000.0 75000.0 225518.06638593582 0.0
75000.0 76000.0 189048.89580168517 2300.0
76000.0 77000.0 397815.43446770357 0.0
77000.0 78000.0 471545.3614524588 2300.0
78000.0 79000.0 236590.5710241525 0.0
79000.0 80000.0 539853.255527453 3000.0
80000.0 81000.0 287339.595297019 0.0
81000.0 82000.0 539644.9456560477 3000.0
82000.0 83000.0 240117.52728220064 0.0
83000.0 84000.0 449163.1712541828 3000.0
84000.0 85000.0 465383.97542627086 3000.0
85000.0 86000.0 407446.77744838956 0.0
86000.0 87000.0 259555.0724633519 0.0
87000.0 88000.0 335104.7599441703 3000.0
88000.0 89000.0 528018.9390264027 3000.0
89000.0 90000.0 395092.59735871345 0.0
90000.0 91000.0 383432.5399671552 3000.0
91000.0 92000.0 435202.7361704028 0.0
92000.0 93000.0 540711.528670596 3000.0
93000.0 94000.0 452689.25848322955 0.0
94000.0 95000.0 396656.31972480234 3000.0
95000.0 96000.0 496477.5760422881 0.0
96000.0 97000.0 196614.65144794015 3000.0
97000.0 98000.0 395470.12063704024 0.0
98000.0 99000.0 238666.07733626736 3000.0
99000.0 100000.0 481397.82061099773 0.0
100000.0 101000.0 372679.88060988573 3000.0
101000.0 102000.0 573850.9481760205 0.0
102000.0 103000.0 429365.1687906157 3000.0
103000.0 104000.0 416419.2016659888 2300.0
104000.0 105000.0 363966.3488489674 0.0
105000.0 106000.0 240015.36114953243 0.0
106000.0 107000.0 303569.011111396 2300.0
107000.0 108000.0 261782.55183798855 0.0
108000.0 109000.0 128756.28853518398 0.0
109000.0 110000.0 6438.823224019556 0.0
110000.0 111000.0 4537.314096619536 0.0
111000.0 112000.0 7292.107343362817 0.0
112000.0 113000.0 5210.48608949756 0.0
113000.0 114000.0 44727.547543005094 0.0
114000.0 115000.0 451883.838525434 2300.0
115000.0 116000.0 383058.08556363545 2300.0
116000.0 117000.0 320035.53240768774 2300.0
117000.0 118000.0 562698.0713416343 2300.0
118000.0 119000.0 259036.4520016977 0.0
119000.0 120000.0 533409.7599622754 2300.0
120000.0 121000.0 247998.89350500744 2300.0
121000.0 122000.0 526223.9538615219 0.0
122000.0 123000.0 235187.4827188167 0.0
123000.0 124000.0 3431.4021475025575 0.0
124000.0 125000.0 3217.3047780253437 0.0
125000.0 126000.0 5416.675643756429 0.0
126000.0 127000.0 2800.0 0.0
127000.0 128000.0 249283.88525234585 2300.0
128000.0 129000.0 399665.9671204973 288.0
129000.0 130000.0 259193.38278907983 480.0
130000.0 131000.0 251109.76483807704 480.0
131000.0 132000.0 3994.296436303869 0.0
132000.0 133000.0 178640.22686853659 2300.0
133000.0 134000.0 300467.5562875285 0.0
134000.0 135000.0 301566.5901992563 3000.0
135000.0 136000.0 370169.98623489245 0.0
136000.0 137000.0 253521.5145463988 3000.0
137000.0 138000.0 584170.6298772283 0.0
138000.0 139000.0 390717.2113662255 3000.0
139000.0 140000.0 495373.3390283178 3000.0
140000.0 141000.0 462296.75300925557 0.0
141000.0 142000.0 485420.142629703 3000.0
142000.0 143000.0 535767.4107312255 0.0
143000.0 144000.0 104992.61723265918 0.0
144000.0 145000.0 308138.45516371244 3000.0
145000.0 146000.0 517916.7308127998 3000.0
146000.0 147000.0 427010.0088756548 0.0
147000.0 148000.0 302528.53070030175 0.0
148000.0 149000.0 438992.18098126946 3000.0
149000.0 150000.0 377035.45212879276 3000.0
150000.0 151000.0 474335.84774849395 0.0
151000.0 152000.0 355320.14269764145 3000.0
152000.0 153000.0 447805.1660396998 0.0
153000.0 154000.0 495365.3382629528 3000.0
154000.0 155000.0 405938.9920858583 0.0
155000.0 156000.0 509227.2900310514 3000.0
156000.0 157000.0 366770.5900242401 0.0
157000.0 158000.0 254383.99224753826 3000.0
158000.0 159000.0 496808.65423428983 0.0
159000.0 160000.0 256951.19769393242 3000.0
160000.0 161000.0 484595.1088964759 0.0
161000.0 162000.0 424364.0764361825 3000.0
162000.0 163000.0 425799.28193983505 0.0
163000.0 164000.0 395663.0200897928 3000.0
164000.0 165000.0 387491.1672569715 0.0
165000.0 166000.0 380634.7034851708 3000.0
166000.0 167000.0 331036.0631563475 0.0
167000.0 168000.0 390514.8616654686 3000.0
168000.0 169000.0 549171.3559249316 3000.0
169000.0 170000.0 395642.5674893091 0.0
170000.0 171000.0 160274.94948375406 0.0
171000.0 172000.0 463294.26010946406 3000.0
172000.0 173000.0 523102.6297665287 3000.0
173000.0 174000.0 462409.3941834706 0.0
174000.0 175000.0 160074.71594053655 0.0
175000.0 176000.0 411434.22457565943 3000.0
176000.0 177000.0 466804.80721255403 3000.0
177000.0 178000.0 443253.4583356765 0.0
178000.0 179000.0 282334.7031861147 3000.0
179000.0 180000.0 459167.4124773296 0.0
180000.0 181000.0 513006.85230166954 3000.0
181000.0 182000.0 379787.60139803495 0.0
182000.0 183000.0 211337.03200262936 3000.0
183000.0 184000.0 386581.2430213562 0.0
184000.0 185000.0 375369.08176279446 3000.0
185000.0 186000.0 476509.3141350916 0.0
186000.0 187000.0 565587.604682679 3000.0
187000.0 188000.0 429899.56883880135 0.0
188000.0 189000.0 292854.04554196505 3000.0
189000.0 190000.0 502182.81587033125 0.0
190000.0 191000.0 303078.093865593 3000.0
191000.0 192000.0 454711.2280480789 3000.0
192000.0 193000.0 371055.7464156818 0.0
193000.0 194000.0 437454.6021621472 3000.0
194000.0 195000.0 515366.0299935428 0.0
195000.0 196000.0 222940.0348756748 0.0
196000.0 197000.0 437005.249652823 3000.0
197000.0 198000.0 295389.42816475325 3000.0
198000.0 199000.0 404063.17416875914 0.0
199000.0 200000.0 574912.1518633857 3000.0
200000.0 201000.0 437500.76644266566 0.0
201000.0 202000.0 204194.7293352474 3000.0
202000.0 203000.0 362092.28172298684 0.0
203000.0 204000.0 379948.3325102333 3000.0
204000.0 205000.0 305462.8020111813 0.0
205000.0 206000.0 485349.9842277485 3000.0
206000.0 207000.0 399993.1316782938 0.0
207000.0 208000.0 561416.6512232258 3000.0
208000.0 209000.0 442546.3085433525 0.0
209000.0 210000.0 323446.0675627205 3000.0
210000.0 211000.0 432501.79077778495 3000.0
211000.0 212000.0 455537.8583011484 0.0
212000.0 213000.0 241049.79111028422 0.0
213000.0 214000.0 502340.7984950485 3000.0
214000.0 215000.0 316253.7183609453 0.0
215000.0 216000.0 482891.7285278116 3000.0
216000.0 217000.0 271453.16192851885 0.0
217000.0 218000.0 379465.7959685853 3000.0
218000.0 219000.0 398180.3540466154 3000.0
219000.0 220000.0 570395.781068881 0.0
220000.0 221000.0 398144.9391972008 3000.0
221000.0 222000.0 551019.2582975192 0.0
222000.0 223000.0 224053.25480608857 3000.0
223000.0 224000.0 575129.5181710776 0.0
224000.0 225000.0 205586.96518250415 3000.0
225000.0 226000.0 535947.8807633949 0.0
226000.0 227000.0 468590.7451470551 3000.0
227000.0 228000.0 467590.3546729037 0.0
228000.0 229000.0 96885.77806297535 3000.0
229000.0 230000.0 321654.6081919476 0.0
230000.0 231000.0 477897.16841930104 3000.0
231000.0 232000.0 459819.161339563 0.0
232000.0 233000.0 414940.29216457356 3000.0
233000.0 234000.0 511955.23430980154 0.0
234000.0 235000.0 138949.55262884632 3000.0
235000.0 236000.0 518437.701065287 0.0
236000.0 237000.0 291556.2111466126 3000.0
237000.0 238000.0 499967.514749062 0.0
238000.0 239000.0 143159.52328787997 0.0
239000.0 240000.0 20233.920958950446 288.0
240000.0 241000.0 226523.07904104955 288.0
241000.0 242000.0 77424.0 0.0
242000.0 243000.0 61477.479262926296 288.0
243000.0 244000.0 180690.15003189206 840.0
244000.0 245000.0 96244.37070518162 0.0
245000.0 246000.0 90934.55426321756 840.0
246000.0 247000.0 169564.44573678245 0.0
247000.0 248000.0 197544.0844819299 1500.0
248000.0 249000.0 253776.91551807008 0.0
249000.0 250000.0 184897.67340978858 1500.0
250000.0 251000.0 230483.35171435808 0.0
251000.0 252000.0 197056.39875884933 1500.0
252000.0 253000.0 209696.4090858583 0.0
253000.0 254000.0 195112.12326860585 1500.0
254000.0 255000.0 203569.0437625399 0.0
255000.0 256000.0 170827.60232877475 2300.0
256000.0 257000.0 300088.857928091 0.0
257000.0 258000.0 251912.3028480625 2300.0
258000.0 259000.0 612534.9172289213 0.0
259000.0 260000.0 392994.99826032727 2300.0
260000.0 261000.0 210573.3214058231 0.0
261000.0 262000.0 356341.5712987122 2300.0
262000.0 263000.0 208157.42870128778 0.0
263000.0 264000.0 425481.5758224408 2300.0
264000.0 265000.0 138761.6677375033 0.0
265000.0 266000.0 414718.857149043 2300.0
266000.0 267000.0 181984.91844943748 0.0
267000.0 268000.0 401114.33707057446 3000.0
268000.0 269000.0 365366.15100704174 3000.0
269000.0 270000.0 548286.6345677216 0.0
270000.0 271000.0 332240.1185198498 3000.0
271000.0 272000.0 569266.0063591404 0.0
272000.0 273000.0 244480.88215216383 3000.0
273000.0 274000.0 447251.2411538901 0.0
274000.0 275000.0 405582.7733210658 3000.0
275000.0 276000.0 407191.669880864 0.0
276000.0 277000.0 413736.8152105063 3000.0
277000.0 278000.0 450543.19196918525 0.0
278000.0 279000.0 224413.59735531494 3000.0
279000.0 280000.0 345612.44685199275 0.0
280000.0 281000.0 423980.9725321926 3000.0
281000.0 282000.0 482899.04965411173 0.0
282000.0 283000.0 382509.97587202303 3000.0
283000.0 284000.0 546192.2781811496 0.0
284000.0 285000.0 532896.1309444724 3000.0
285000.0 286000.0 328085.08381758654 0.0
286000.0 287000.0 199660.97834302468 3000.0
287000.0 288000.0 629151.0188741714 3000.0
288000.0 289000.0 401417.17310267326 0.0
289000.0 290000.0 314923.9530915204 0.0
290000.0 291000.0 404461.09724693454 3000.0
291000.0 292000.0 554265.6566537971 3000.0
292000.0 293000.0 432969.5034364571 0.0
293000.0 294000.0 215711.60979864083 0.0
294000.0 295000.0 414216.67761005065 3000.0
295000.0 296000.0 356074.8474874635 3000.0
296000.0 297000.0 537272.9522260104 0.0
297000.0 298000.0 530231.5358956691 3000.0
298000.0 299000.0 434154.7850306702 0.0
299000.0 300000.0 399410.2247953296 3000.0
300000.0 301000.0 250095.61082831558 0.0
