ts te s_bytes_all avg_video_rate
0.0 1000.0 0.0 0.0
1000.0 2000.0 0.0 0.0
2000.0 3000.0 0.0 0.0
3000.0 4000.0 0.0 0.0
4000.0 5000.0 0.0 0.0
5000.0 6000.0 0.0 0.0
6000.0 7000.0 0.0 0.0
7000.0 8000.0 0.0 0.0
8000.0 9000.0 749.7710089318886 0.0
9000.0 10000.0 115703.68421009599 1500.0
10000.0 11000.0 207062.08458084989 288.0
11000.0 12000.0 49579.27217102542 288.0
12000.0 13000.0 62494.39924836544 0.0
13000.0 14000.0 113114.50847915575 288.0
14000.0 15000.0 78876.21429251452 288.0
15000.0 16000.0 101302.85013135827 0.0
16000.0 17000.0 43415.51294107936 0.0
17000.0 18000.0 19247.756728432294 0.0
18000.0 19000.0 3468.9462081911984 0.0
19000.0 20000.0 6486.407048936361 0.0
20000.0 21000.0 112276.18239629734 288.0
21000.0 22000.0 150466.86719067712 288.0
22000.0 23000.0 168462.33350931012 288.0
23000.0 24000.0 94287.8469571954 0.0
24000.0 25000.0 111505.36289758366 288.0
25000.0 26000.0 103502.90107514965 0.0
26000.0 27000.0 65831.12219724366 288.0
27000.0 28000.0 10174.55337364554 0.0
28000.0 29000.0 40043.349446196225 288.0
29000.0 30000.0 15851.088850874507 0.0
30000.0 31000.0 13934.503846920448 288.0
31000.0 32000.0 59171.83192703722 0.0
32000.0 33000.0 49077.038439066106 288.0
33000.0 34000.0 175215.0282733711 288.0
34000.0 35000.0 89018.17069588187 0.0
35000.0 36000.0 49318.91557257618 288.0
36000.0 37000.0 32986.49630203746 0.0
37000.0 38000.0 0.0 0.0
38000.0 39000.0 140598.46525483532 288.0
39000.0 40000.0 153591.26611117442 288.0
40000.0 41000.0 22501.268633990247 0.0
41000.0 42000.0 46568.07294483273 480.0
42000.0 43000.0 71941.92705516728 0.0
43000.0 44000.0 125650.0 480.0
44000.0 45000.0 0.0 0.0
45000.0 46000.0 128546.0 480.0
46000.0 47000.0 0.0 0.0
47000.0 48000.0 185993.0 840.0
48000.0 49000.0 0.0 0.0
49000.0 50000.0 180559.0 840.0
50000.0 51000.0 0.0 0.0
51000.0 52000.0 266984.8278529011 1500.0
52000.0 53000.0 140226.0441132386 0.0
53000.0 54000.0 282541.59489540546 1500.0
54000.0 55000.0 212385.20959042024 1500.0
55000.0 56000.0 413377.1636311731 0.0
56000.0 57000.0 59412.9225668973 1500.0
57000.0 58000.0 392295.23734996415 0.0
58000.0 59000.0 50712.94986372023 1500.0
59000.0 60000.0 395148.8247876139 0.0
60000.0 61000.0 70699.68346504042 1500.0
61000.0 62000.0 392523.3822011722 0.0
62000.0 63000.0 77265.44521409468 2300.0
63000.0 64000.0 310653.4019287665 0.0
64000.0 65000.0 459104.4303898265 2300.0
65000.0 66000.0 387369.3163413451 0.0
66000.0 67000.0 340475.46557370655 2300.0
67000.0 68000.0 441027.7481453203 0.0
68000.0 69000.0 231085.11061973555 2300.0
69000.0 70000.0 375307.8078520756 0.0
70000.0 71000.0 313197.25668843416 2300.0
71000.0 72000.0 274691.585906978 0.0
72000.0 73000.0 254896.63735652674 2300.0
73000.0 74000.0 416347.80115544493 0.0
74000.0 75000.0 391362.10505773197 2300.0
75000.0 76000.0 225643.71702970134 0.0
76000.0 77000.0 120884.79230477405 2300.0
77000.0 78000.0 360601.9585715468 0.0
78000.0 79000.0 370710.5936404302 2300.0
79000.0 80000.0 534330.069970064 2300.0
80000.0 81000.0 303643.596368067 0.0
81000.0 82000.0 412096.7815310998 2300.0
82000.0 83000.0 286290.09090475575 0.0
83000.0 84000.0 294772.19117427844 2300.0
84000.0 85000.0 275757.0521545217 0.0
85000.0 86000.0 398375.89911501744 2300.0
86000.0 87000.0 332459.124378593 0.0
87000.0 88000.0 262880.6515669334 2300.0
88000.0 89000.0 388700.3898718712 0.0
89000.0 90000.0 423201.36642274284 2300.0
90000.0 91000.0 288951.4926211343 0.0
91000.0 92000.0 418960.346101184 2300.0
92000.0 93000.0 301721.5931626881 0.0
93000.0 94000.0 257545.35698988196 2300.0
94000.0 95000.0 306438.6022095984 0.0
95000.0 96000.0 437196.571883598 2300.0
96000.0 97000.0 258423.86245056894 0.0
97000.0 98000.0 301281.7496033265 2300.0
98000.0 99000.0 375328.6926759124 0.0
99000.0 100000.0 525001.3583657511 2300.0
100000.0 101000.0 254979.1463844258 0.0
101000.0 102000.0 233782.91586731185 2300.0
102000.0 103000.0 282275.9506125074 0.0
103000.0 104000.0 482212.72343279154 2300.0
104000.0 105000.0 240128.71669439637 2300.0
105000.0 106000.0 419180.52194958046 0.0
106000.0 107000.0 73416.3297721594 0.0
107000.0 108000.0 33675.84167125296 0.0
108000.0 109000.0 50985.600086767554 288.0
109000.0 110000.0 180498.39991323245 288.0
110000.0 111000.0 37905.57405116972 480.0
111000.0 112000.0 74408.42594883028 0.0
112000.0 113000.0 24703.049863568758 840.0
113000.0 114000.0 192351.95013643126 0.0
114000.0 115000.0 129493.72978909516 840.0
115000.0 116000.0 78554.0399930355 0.0
116000.0 117000.0 93913.42388383918 840.0
117000.0 118000.0 86357.80633403016 0.0
118000.0 119000.0 293469.8904863575 1500.0
119000.0 120000.0 158640.6237700275 0.0
120000.0 121000.0 266341.5983448297 1500.0
121000.0 122000.0 142340.49616280515 0.0
122000.0 123000.0 231282.08291774013 1500.0
123000.0 124000.0 219828.05234906008 0.0
124000.0 125000.0 198344.60739196156 1500.0
125000.0 126000.0 195253.35182157787 0.0
126000.0 127000.0 201678.15180440823 2300.0
127000.0 128000.0 497461.6340491274 0.0
128000.0 129000.0 421580.14283966634 2300.0
129000.0 130000.0 200833.73159347236 2300.0
130000.0 131000.0 350412.06074130384 0.0
131000.0 132000.0 293280.3999202445 2300.0
132000.0 133000.0 332583.4165132703 0.0
133000.0 134000.0 500296.8793845717 2300.0
134000.0 135000.0 356162.43368417927 0.0
135000.0 136000.0 191512.9132321602 2300.0
136000.0 137000.0 351992.3295717334 0.0
137000.0 138000.0 265016.0225916863 2300.0
138000.0 139000.0 419168.89299981156 0.0
139000.0 140000.0 386298.03893145226 2300.0
140000.0 141000.0 365865.2488985528 0.0
141000.0 142000.0 282327.0570570542 2300.0
142000.0 143000.0 276293.845864088 0.0
143000.0 144000.0 392446.35573057877 2300.0
144000.0 145000.0 288707.9710473673 0.0
145000.0 146000.0 62510.104642071085 0.0
146000.0 147000.0 2959.3394234053485 0.0
147000.0 148000.0 221816.72936552478 288.0
148000.0 149000.0 110523.40844350305 480.0
149000.0 150000.0 83498.18842640743 0.0
150000.0 151000.0 0.0 0.0
151000.0 152000.0 219058.0 840.0
152000.0 153000.0 40423.311433134266 840.0
153000.0 154000.0 181264.68856686575 0.0
154000.0 155000.0 51565.659888140755 1500.0
155000.0 156000.0 410443.34011185926 0.0
156000.0 157000.0 52173.867609257526 1500.0
157000.0 158000.0 338673.1323907425 0.0
158000.0 159000.0 53473.620729187 1500.0
159000.0 160000.0 366595.22194584104 0.0
160000.0 161000.0 48470.66443101644 1500.0
161000.0 162000.0 401763.2059407922 0.0
162000.0 163000.0 33602.55579706884 1500.0
163000.0 164000.0 421480.73115609447 0.0
164000.0 165000.0 271815.7980046144 1500.0
165000.0 166000.0 145681.74735446883 0.0
166000.0 167000.0 296250.86807881587 2300.0
167000.0 168000.0 287701.5812534921 0.0
168000.0 169000.0 259126.3079050636 2300.0
169000.0 170000.0 388079.20847421297 0.0
170000.0 171000.0 303457.5658467771 2300.0
171000.0 172000.0 289527.99344669364 0.0
172000.0 173000.0 325930.6593143333 2300.0
173000.0 174000.0 424151.8279984711 2300.0
174000.0 175000.0 439077.13611772633 0.0
175000.0 176000.0 129014.19515208431 2300.0
176000.0 177000.0 352053.242004129 0.0
177000.0 178000.0 291698.227197475 3000.0
178000.0 179000.0 495653.211022133 0.0
179000.0 180000.0 487074.6231966822 3000.0
180000.0 181000.0 308246.7569574598 0.0
181000.0 182000.0 568260.7044560779 3000.0
182000.0 183000.0 350457.2285612133 0.0
183000.0 184000.0 503509.61611829104 3000.0
184000.0 185000.0 342346.0387993312 0.0
185000.0 186000.0 207935.5323382845 3000.0
186000.0 187000.0 416272.86362283566 0.0
187000.0 188000.0 515900.79022653936 3000.0
188000.0 189000.0 471085.48347107315 0.0
189000.0 190000.0 430293.76732180186 3000.0
190000.0 191000.0 385509.13532415754 0.0
191000.0 192000.0 500875.47450830694 3000.0
192000.0 193000.0 369079.1141957256 0.0
193000.0 194000.0 349513.1231118152 3000.0
194000.0 195000.0 411549.8483763811 0.0
195000.0 196000.0 561772.2045965515 3000.0
196000.0 197000.0 402628.12564698164 0.0
197000.0 198000.0 282293.92316504987 3000.0
198000.0 199000.0 379427.8008526029 3000.0
199000.0 200000.0 561626.1922008537 0.0
200000.0 201000.0 405233.5806347904 3000.0
201000.0 202000.0 475796.746395029 0.0
202000.0 203000.0 306815.8628337758 3000.0
203000.0 204000.0 432356.9496301306 0.0
204000.0 205000.0 344572.87957641267 3000.0
205000.0 206000.0 460568.6998750812 0.0
206000.0 207000.0 566863.087170222 3000.0
207000.0 208000.0 365527.935063041 0.0
208000.0 209000.0 429080.9496774322 3000.0
209000.0 210000.0 524102.8706217972 0.0
210000.0 211000.0 325088.3287213133 3000.0
211000.0 212000.0 508816.00943563436 0.0
212000.0 213000.0 50807.56545914546 3000.0
213000.0 214000.0 385158.9098152005 0.0
214000.0 215000.0 490052.2064362475 3000.0
215000.0 216000.0 619596.2573666075 0.0
216000.0 217000.0 508905.43559581623 3000.0
217000.0 218000.0 416530.8094738168 0.0
218000.0 219000.0 324348.6388705628 2300.0
219000.0 220000.0 248318.111019021 0.0
220000.0 221000.0 338028.03055905475 3000.0
221000.0 222000.0 490805.2331210257 0.0
222000.0 223000.0 489544.0129088267 3000.0
223000.0 224000.0 501510.91956073703 3000.0
224000.0 225000.0 420848.5247002471 0.0
225000.0 226000.0 268005.0382104702 3000.0
226000.0 227000.0 466648.88567645574 0.0
227000.0 228000.0 278389.6854628665 3000.0
228000.0 229000.0 479318.5073538143 0.0
229000.0 230000.0 279155.648786133 3000.0
230000.0 231000.0 484441.8537248165 0.0
231000.0 232000.0 272659.13352865085 3000.0
232000.0 233000.0 497438.28689290694 0.0
233000.0 234000.0 552073.3968666263 3000.0
234000.0 235000.0 328373.57302859705 0.0
235000.0 236000.0 419324.88670811616 3000.0
236000.0 237000.0 351150.972361943 0.0
237000.0 238000.0 441828.35324610595 3000.0
238000.0 239000.0 333995.07952718966 0.0
239000.0 240000.0 434020.14423610043 3000.0
240000.0 241000.0 303617.00111567916 0.0
241000.0 242000.0 416451.5277513263 3000.0
242000.0 243000.0 387999.5389734157 0.0
243000.0 244000.0 508234.7212832877 3000.0
244000.0 245000.0 433496.8269143876 3000.0
245000.0 246000.0 293138.1081353176 0.0
246000.0 247000.0 404622.04405621113 3000.0
247000.0 248000.0 551881.2859502657 0.0
248000.0 249000.0 273284.5260795924 3000.0
249000.0 250000.0 511954.78061813285 0.0
250000.0 251000.0 295087.26898651425 3000.0
251000.0 252000.0 500719.98680559295 0.0
252000.0 253000.0 291804.60675540735 3000.0
253000.0 254000.0 470084.6988406813 0.0
254000.0 255000.0 277420.23901792103 3000.0
255000.0 256000.0 537431.3014840905 0.0
256000.0 257000.0 245187.16221465648 3000.0
257000.0 258000.0 504907.2405632624 0.0
258000.0 259000.0 511983.0393629325 3000.0
259000.0 260000.0 491363.4278932093 0.0
260000.0 261000.0 317994.7080066421 3000.0
261000.0 262000.0 352831.2216970378 0.0
262000.0 263000.0 409453.5433884237 3000.0
263000.0 264000.0 366576.6922633351 0.0
264000.0 265000.0 367862.7284684334 3000.0
265000.0 266000.0 413026.7126618554 0.0
266000.0 267000.0 395374.72549416043 3000.0
267000.0 268000.0 384653.4656658432 0.0
268000.0 269000.0 440611.53136691573 3000.0
269000.0 270000.0 480589.3100604367 3000.0
270000.0 271000.0 497594.64727828465 0.0
271000.0 272000.0 388808.5038268708 3000.0
272000.0 273000.0 439635.23787811195 0.0
273000.0 274000.0 268562.3171253525 3000.0
274000.0 275000.0 474377.3067900121 0.0
275000.0 276000.0 270943.7153775474 3000.0
276000.0 277000.0 407895.43790281255 0.0
277000.0 278000.0 290888.42524104024 3000.0
278000.0 279000.0 493783.8757132564 0.0
279000.0 280000.0 528813.6457961549 3000.0
280000.0 281000.0 492501.57839109347 0.0
281000.0 282000.0 107179.005793822 3000.0
282000.0 283000.0 484516.08754302486 0.0
283000.0 284000.0 443174.97391579207 3000.0
284000.0 285000.0 395065.14071799384 0.0
285000.0 286000.0 446806.39609873964 3000.0
286000.0 287000.0 350706.3046724571 0.0
287000.0 288000.0 453413.37192007643 3000.0
288000.0 289000.0 339844.2422741723 0.0
289000.0 290000.0 440564.9215989009 3000.0
290000.0 291000.0 323750.06166511134 0.0
291000.0 292000.0 421458.7233643603 3000.0
292000.0 293000.0 480407.58250808105 3000.0
293000.0 294000.0 526829.6138586273 0.0
294000.0 295000.0 225294.77525266542 3000.0
295000.0 296000.0 446113.4575016591 0.0
296000.0 297000.0 321577.7459302565 3000.0
297000.0 298000.0 484658.75643536606 0.0
298000.0 299000.0 326118.6750140889 3000.0
299000.0 300000.0 552815.159675339 0.0
300000.0 301000.0 191167.42471369304 0.0
