ts te s_bytes_all avg_video_rate
0.0 1000.0 0.0 0.0
1000.0 2000.0 0.0 0.0
2000.0 3000.0 0.0 0.0
3000.0 4000.0 0.0 0.0
4000.0 5000.0 0.0 0.0
5000.0 6000.0 0.0 0.0
6000.0 7000.0 6430.0 0.0
7000.0 8000.0 41927.0 1500.0
8000.0 9000.0 385459.8952343368 1500.0
9000.0 10000.0 432534.8078125228 1500.0
10000.0 11000.0 275150.1941729833 1500.0
11000.0 12000.0 207535.10278015712 0.0
12000.0 13000.0 513133.45978512196 1500.0
13000.0 14000.0 275787.3536929574 1500.0
14000.0 15000.0 362751.40783456643 1500.0
15000.0 16000.0 544932.9715513613 1500.0
16000.0 17000.0 474274.5247112909 1500.0
17000.0 18000.0 516819.19933399104 1500.0
18000.0 19000.0 444235.53930644284 1500.0
19000.0 20000.0 528559.258317381 0.0
20000.0 21000.0 385113.217903519 1500.0
21000.0 22000.0 104115.37026133531 3000.0
22000.0 23000.0 449615.9117418053 0.0
23000.0 24000.0 485336.3036795931 3000.0
24000.0 25000.0 459994.0452722222 0.0
25000.0 26000.0 487800.5975671907 3000.0
26000.0 27000.0 487775.8390412215 0.0
27000.0 28000.0 169806.76736444075 3000.0
28000.0 29000.0 417239.11705230846 0.0
29000.0 30000.0 515104.3224648399 3000.0
30000.0 31000.0 491778.7976959642 0.0
31000.0 32000.0 241880.9658378638 3000.0
32000.0 33000.0 367579.8727061008 0.0
33000.0 34000.0 358064.23773568217 3000.0
34000.0 35000.0 377129.3924339696 0.0
35000.0 36000.0 492405.9732112139 3000.0
36000.0 37000.0 522784.57941608713 3000.0
37000.0 38000.0 401387.4546428936 0.0
38000.0 39000.0 340170.51943863556 0.0
39000.0 40000.0 330966.12835852546 1500.0
40000.0 41000.0 426173.4517861969 0.0
41000.0 42000.0 183646.7107675691 1500.0
42000.0 43000.0 359347.171109523 3000.0
43000.0 44000.0 264896.67951811856 0.0
44000.0 45000.0 584752.631452975 3000.0
45000.0 46000.0 300882.2603436952 0.0
46000.0 47000.0 576040.2289237878 3000.0
47000.0 48000.0 471408.5830456556 0.0
48000.0 49000.0 159961.69107383472 3000.0
49000.0 50000.0 472610.92951670144 0.0
50000.0 51000.0 348537.5264838388 3000.0
51000.0 52000.0 572151.6744223562 0.0
52000.0 53000.0 414433.82869966445 3000.0
53000.0 54000.0 388353.8588720128 0.0
54000.0 55000.0 482121.3677678368 3000.0
55000.0 56000.0 474368.2778577082 0.0
56000.0 57000.0 225138.5212575885 3000.0
57000.0 58000.0 324696.6188901421 0.0
58000.0 59000.0 465422.5962618212 3000.0
59000.0 60000.0 380890.6867973777 0.0
60000.0 61000.0 458434.2598066842 3000.0
61000.0 62000.0 483952.1349525133 0.0
62000.0 63000.0 482526.5800032377 3000.0
63000.0 64000.0 388864.01849633874 0.0
64000.0 65000.0 406338.30008718086 3000.0
65000.0 66000.0 387827.2449859332 0.0
66000.0 67000.0 438055.27889013215 3000.0
67000.0 68000.0 377176.33179267345 3000.0
68000.0 69000.0 448223.3035630829 0.0
69000.0 70000.0 396455.1242152939 3000.0
70000.0 71000.0 481479.2316399895 0.0
71000.0 72000.0 347996.52760788077 3000.0
72000.0 73000.0 560151.9686844322 0.0
73000.0 74000.0 91054.45885769013 3000.0
74000.0 75000.0 468811.5572264861 0.0
75000.0 76000.0 391338.97587846935 0.0
76000.0 77000.0 221990.5407170901 3000.0
77000.0 78000.0 596368.1277062378 3000.0
78000.0 79000.0 497544.2209009967 0.0
79000.0 80000.0 480803.7193520796 3000.0
80000.0 81000.0 421059.5709549201 0.0
81000.0 82000.0 354300.8693635183 3000.0
82000.0 83000.0 438559.18367193453 0.0
83000.0 84000.0 437996.497023899 3000.0
84000.0 85000.0 385521.4298383016 0.0
85000.0 86000.0 346658.56643864926 3000.0
86000.0 87000.0 458063.33100165636 3000.0
87000.0 88000.0 428960.4047673843 0.0
88000.0 89000.0 310061.81836838415 3000.0
89000.0 90000.0 276333.12649843085 0.0
90000.0 91000.0 489442.56960076443 3000.0
91000.0 92000.0 425738.01546927344 0.0
92000.0 93000.0 456606.83188260044 3000.0
93000.0 94000.0 394802.39951720147 0.0
94000.0 95000.0 499652.5106357888 3000.0
95000.0 96000.0 396727.77935274434 0.0
96000.0 97000.0 287797.7670431962 0.0
97000.0 98000.0 287783.273730811 3000.0
98000.0 99000.0 489446.34000945656 3000.0
99000.0 100000.0 523518.7879216943 0.0
100000.0 101000.0 311465.0379326513 3000.0
101000.0 102000.0 364796.3776822298 0.0
102000.0 103000.0 618452.2978627243 3000.0
103000.0 104000.0 434843.04755282076 0.0
104000.0 105000.0 399713.4613629648 3000.0
105000.0 106000.0 411607.42662798497 0.0
106000.0 107000.0 384497.61043351144 3000.0
107000.0 108000.0 463687.45141644566 0.0
108000.0 109000.0 547818.5160450271 3000.0
109000.0 110000.0 447062.3714216781 0.0
110000.0 111000.0 276220.104722935 3000.0
111000.0 112000.0 507738.24607082264 3000.0
112000.0 113000.0 447959.2516900722 0.0
113000.0 114000.0 396312.39751617017 3000.0
114000.0 115000.0 432691.96955830755 0.0
115000.0 116000.0 341821.4661919386 3000.0
116000.0 117000.0 84637.65102953724 0.0
117000.0 118000.0 321074.4145384065 0.0
118000.0 119000.0 428540.230510781 3000.0
119000.0 120000.0 327255.8300890034 0.0
120000.0 121000.0 489853.98399972025 3000.0
121000.0 122000.0 270564.4477453614 0.0
122000.0 123000.0 443917.5976493684 0.0
123000.0 124000.0 142494.4086875756 0.0
124000.0 125000.0 338076.39835100994 840.0
125000.0 126000.0 376661.60164899006 840.0
126000.0 127000.0 0.0 0.0
127000.0 128000.0 247488.9738266497 2300.0
128000.0 129000.0 391254.05568839726 0.0
129000.0 130000.0 361837.177710101 2300.0
130000.0 131000.0 272075.79277485213 0.0
131000.0 132000.0 261304.76931435737 2300.0
132000.0 133000.0 389417.72321404377 2300.0
133000.0 134000.0 441011.52898807183 0.0
134000.0 135000.0 206127.97848352703 0.0
135000.0 136000.0 302365.26341706153 2300.0
136000.0 137000.0 273912.67566760175 2300.0
137000.0 138000.0 488497.29177728714 0.0
138000.0 139000.0 263084.2175568785 3000.0
139000.0 140000.0 282971.18579315755 0.0
140000.0 141000.0 341841.3133470774 3000.0
141000.0 142000.0 258164.61975846934 0.0
142000.0 143000.0 365235.8499469404 3000.0
143000.0 144000.0 414202.58273552626 0.0
144000.0 145000.0 48415.60578392857 3000.0
145000.0 146000.0 378975.0289871971 0.0
146000.0 147000.0 168479.8609556657 3000.0
147000.0 148000.0 367797.8463296552 0.0
148000.0 149000.0 41822.65794355339 0.0
149000.0 150000.0 2916.0 0.0
150000.0 151000.0 1637.3020221819777 0.0
151000.0 152000.0 479770.1007869654 3000.0
152000.0 153000.0 480277.91620823095 2300.0
153000.0 154000.0 203838.50673551857 0.0
154000.0 155000.0 533226.5480878581 2300.0
155000.0 156000.0 412035.92409423995 2300.0
156000.0 157000.0 544850.591135293 2300.0
157000.0 158000.0 264302.24139753054 0.0
158000.0 159000.0 512457.69671786396 2300.0
159000.0 160000.0 431708.61219011573 3000.0
160000.0 161000.0 578440.8039181073 0.0
161000.0 162000.0 222092.27178237718 3000.0
162000.0 163000.0 432428.8007721731 0.0
163000.0 164000.0 359077.3227781578 3000.0
164000.0 165000.0 397925.6632880029 0.0
165000.0 166000.0 315071.35233711125 3000.0
166000.0 167000.0 595771.7456042932 0.0
167000.0 168000.0 431893.4020098105 3000.0
168000.0 169000.0 393425.9160004828 0.0
169000.0 170000.0 382839.68575770664 3000.0
170000.0 171000.0 516127.14884476806 0.0
171000.0 172000.0 133525.95120242386 3000.0
172000.0 173000.0 518398.567016603 0.0
173000.0 174000.0 339971.92931218405 3000.0
174000.0 175000.0 480179.14084362175 0.0
175000.0 176000.0 514511.76460843405 3000.0
176000.0 177000.0 401515.2035950144 0.0
177000.0 178000.0 389330.0531421724 4400.0
178000.0 179000.0 545254.1553695352 0.0
179000.0 180000.0 164036.25207253674 1500.0
180000.0 181000.0 472833.1000999083 1500.0
181000.0 182000.0 270927.88891832484 0.0
182000.0 183000.0 410522.84223225794 1500.0
183000.0 184000.0 447350.6039760101 1500.0
184000.0 185000.0 59298.3520143046 3000.0
185000.0 186000.0 284228.23623605416 0.0
186000.0 187000.0 560662.4746038194 3000.0
187000.0 188000.0 466185.82513333415 0.0
188000.0 189000.0 457894.552002635 3000.0
189000.0 190000.0 417546.75728556205 0.0
190000.0 191000.0 245341.56667266224 3000.0
191000.0 192000.0 451060.89419122797 0.0
192000.0 193000.0 375336.93113533285 3000.0
193000.0 194000.0 240333.83997720567 0.0
194000.0 195000.0 540413.1780196065 3000.0
195000.0 196000.0 392660.2879271088 0.0
196000.0 197000.0 619755.6213384086 3000.0
197000.0 198000.0 399369.87431967835 0.0
198000.0 199000.0 349483.13629969273 3000.0
199000.0 200000.0 368901.8296841046 0.0
200000.0 201000.0 396605.3261338575 3000.0
201000.0 202000.0 399684.2225220408 0.0
202000.0 203000.0 250977.5145965644 3000.0
203000.0 204000.0 402387.76674073073 0.0
204000.0 205000.0 409082.2444312166 3000.0
205000.0 206000.0 356301.1173923486 0.0
206000.0 207000.0 451620.4690230089 3000.0
207000.0 208000.0 474795.8663750277 0.0
208000.0 209000.0 573967.8329181666 3000.0
209000.0 210000.0 326984.59470517386 0.0
210000.0 211000.0 516709.2917236023 3000.0
211000.0 212000.0 530928.4322322389 0.0
212000.0 213000.0 402414.40814119566 3000.0
213000.0 214000.0 581764.8673141317 0.0
214000.0 215000.0 497795.23774213076 3000.0
215000.0 216000.0 574593.6823593107 3000.0
216000.0 217000.0 569709.2282492814 0.0
217000.0 218000.0 324444.5357014194 3000.0
218000.0 219000.0 469271.99498059927 0.0
219000.0 220000.0 431356.86951435625 3000.0
220000.0 221000.0 408163.00333287154 0.0
221000.0 222000.0 367812.0563658088 3000.0
222000.0 223000.0 282610.67655144265 0.0
223000.0 224000.0 487117.6717701177 0.0
224000.0 225000.0 379769.70194537524 3000.0
225000.0 226000.0 519153.2224862579 3000.0
226000.0 227000.0 572589.7036365425 0.0
227000.0 228000.0 523133.8972517073 3000.0
228000.0 229000.0 445959.47437984496 3000.0
229000.0 230000.0 374248.5105250996 0.0
230000.0 231000.0 477687.51387671125 3000.0
231000.0 232000.0 319303.0931277935 0.0
232000.0 233000.0 502263.46721323143 3000.0
233000.0 234000.0 472690.6610943404 0.0
234000.0 235000.0 222572.98794024077 3000.0
235000.0 236000.0 359587.6561454631 0.0
236000.0 237000.0 437253.2278415098 3000.0
237000.0 238000.0 439063.43522395915 0.0
238000.0 239000.0 317659.35836008674 0.0
239000.0 240000.0 430953.2244396512 3000.0
240000.0 241000.0 553038.5860170686 3000.0
241000.0 242000.0 525418.1338397434 0.0
242000.0 243000.0 141110.8316209219 3000.0
243000.0 244000.0 298999.6693917563 0.0
244000.0 245000.0 378137.51662685774 0.0
245000.0 246000.0 562610.7218529873 3000.0
246000.0 247000.0 585330.6531092916 3000.0
247000.0 248000.0 448672.8876896672 0.0
248000.0 249000.0 551432.2408175857 3000.0
249000.0 250000.0 479154.47212077136 0.0
250000.0 251000.0 453641.88495084783 3000.0
251000.0 252000.0 383916.9939594902 0.0
252000.0 253000.0 158058.0561036703 3000.0
253000.0 254000.0 370341.4024494006 0.0
254000.0 255000.0 520908.8490675917 3000.0
255000.0 256000.0 355993.31453235826 0.0
256000.0 257000.0 453968.2866638989 3000.0
257000.0 258000.0 672893.4521585329 0.0
258000.0 259000.0 496636.9496058216 3000.0
259000.0 260000.0 432221.89872160496 3000.0
260000.0 261000.0 673446.4330468895 0.0
261000.0 262000.0 170205.49493283557 3000.0
262000.0 263000.0 390057.42814825365 0.0
263000.0 264000.0 455390.2061546255 3000.0
264000.0 265000.0 543574.4848383055 0.0
265000.0 266000.0 510759.3397461232 3000.0
266000.0 267000.0 358204.08143660385 0.0
267000.0 268000.0 330957.0956417065 3000.0
268000.0 269000.0 450165.73314990586 0.0
269000.0 270000.0 286510.8169160497 3000.0
270000.0 271000.0 491986.9155609484 0.0
271000.0 272000.0 432417.21979912854 3000.0
272000.0 273000.0 501707.052256727 0.0
273000.0 274000.0 214816.2594376538 3000.0
274000.0 275000.0 504071.88332017406 0.0
275000.0 276000.0 324940.0125814418 3000.0
276000.0 277000.0 547174.4346967824 3000.0
277000.0 278000.0 478949.1235962217 0.0
278000.0 279000.0 328527.9920606236 3000.0
279000.0 280000.0 465017.43108587636 0.0
280000.0 281000.0 278724.92010035744 3000.0
281000.0 282000.0 353382.22522090486 0.0
282000.0 283000.0 636991.4696870062 3000.0
283000.0 284000.0 333880.5605326113 0.0
284000.0 285000.0 403710.41099128645 3000.0
285000.0 286000.0 336788.16995222465 0.0
286000.0 287000.0 558483.4142900914 3000.0
287000.0 288000.0 457870.94385292754 0.0
288000.0 289000.0 394157.04605906206 3000.0
289000.0 290000.0 432897.5511597825 0.0
290000.0 291000.0 629480.0840523469 3000.0
291000.0 292000.0 445610.8096162436 0.0
292000.0 293000.0 540582.9098252677 3000.0
293000.0 294000.0 379979.8799159322 0.0
294000.0 295000.0 340889.010113402 3000.0
295000.0 296000.0 397568.89792135486 0.0
296000.0 297000.0 535692.703587791 3000.0
297000.0 298000.0 348074.6213480919 0.0
298000.0 299000.0 220782.8657386176 3000.0
299000.0 300000.0 467291.3810795938 0.0
