ts te s_bytes_all avg_video_rate
0.0 1000.0 0.0 0.0
1000.0 2000.0 0.0 0.0
2000.0 3000.0 0.0 0.0
3000.0 4000.0 0.0 0.0
4000.0 5000.0 0.0 0.0
5000.0 6000.0 0.0 0.0
6000.0 7000.0 0.0 0.0
7000.0 8000.0 37513.7911561331 1500.0
8000.0 9000.0 387073.2088438669 0.0
9000.0 10000.0 258978.25271185758 1500.0
10000.0 11000.0 252807.71065935315 840.0
11000.0 12000.0 161362.96101141884 0.0
12000.0 13000.0 358976.0052494875 840.0
13000.0 14000.0 465103.35931702063 840.0
14000.0 15000.0 437521.2806082093 840.0
15000.0 16000.0 435031.2641863328 840.0
16000.0 17000.0 293303.16625632 840.0
17000.0 18000.0 8490.782972744242 0.0
18000.0 19000.0 447357.1373116564 3000.0
19000.0 20000.0 325325.08847172477 0.0
20000.0 21000.0 481499.041474777 3000.0
21000.0 22000.0 233316.2132020257 0.0
22000.0 23000.0 474053.55222578824 3000.0
23000.0 24000.0 284361.15862381493 0.0
24000.0 25000.0 449684.5272317361 3000.0
25000.0 26000.0 422109.5329803049 0.0
26000.0 27000.0 463402.88513537694 3000.0
27000.0 28000.0 519775.6703388092 3000.0
28000.0 29000.0 493388.57601646776 0.0
29000.0 30000.0 432354.4670478352 3000.0
30000.0 31000.0 532890.2828960338 3000.0
31000.0 32000.0 281118.42553758295 0.0
32000.0 33000.0 585311.360349211 3000.0
33000.0 34000.0 476058.3983141878 0.0
34000.0 35000.0 543173.4939762431 3000.0
35000.0 36000.0 469072.14832564374 0.0
36000.0 37000.0 405297.87980067683 3000.0
37000.0 38000.0 409745.5449737419 0.0
38000.0 39000.0 406040.6021223473 3000.0
39000.0 40000.0 385702.2368635727 0.0
40000.0 41000.0 442862.2298337851 3000.0
41000.0 42000.0 391803.98376619705 0.0
42000.0 43000.0 437744.28661170264 3000.0
43000.0 44000.0 326341.09470188915 0.0
44000.0 45000.0 413028.7633080442 3000.0
45000.0 46000.0 371353.74894769763 0.0
46000.0 47000.0 444035.8741763752 3000.0
47000.0 48000.0 314349.1066366038 0.0
48000.0 49000.0 85621.18981006267 3000.0
49000.0 50000.0 444659.93795246945 0.0
50000.0 51000.0 543517.0629299761 3000.0
51000.0 52000.0 452875.29147890885 0.0
52000.0 53000.0 17908.423653985516 0.0
53000.0 54000.0 0.0 0.0
54000.0 55000.0 109587.56805008213 2300.0
55000.0 56000.0 424465.7266874327 2300.0
56000.0 57000.0 473300.70526248513 0.0
57000.0 58000.0 290473.6988622012 2300.0
58000.0 59000.0 525850.880762526 2300.0
59000.0 60000.0 482158.9914137389 0.0
60000.0 61000.0 458907.7218125273 2300.0
61000.0 62000.0 403041.58091821976 0.0
62000.0 63000.0 444682.41044089914 2300.0
63000.0 64000.0 134382.74884595675 0.0
64000.0 65000.0 358122.12551847025 2300.0
65000.0 66000.0 273958.29028000234 0.0
66000.0 67000.0 313611.9530128774 2300.0
67000.0 68000.0 311201.59837541793 0.0
68000.0 69000.0 369628.77263825986 2300.0
69000.0 70000.0 465579.63444574235 2300.0
70000.0 71000.0 499225.07529029984 2300.0
71000.0 72000.0 326455.517382861 0.0
72000.0 73000.0 435116.88790731115 3000.0
73000.0 74000.0 277993.32867637015 0.0
74000.0 75000.0 525672.2893221995 3000.0
75000.0 76000.0 221766.99166244906 0.0
76000.0 77000.0 436156.4800974263 3000.0
77000.0 78000.0 362497.98807321396 0.0
78000.0 79000.0 32762.705014888015 0.0
79000.0 80000.0 122532.5217709957 288.0
80000.0 81000.0 146212.80747514626 288.0
81000.0 82000.0 6683.781885758634 0.0
82000.0 83000.0 78097.21811424136 288.0
83000.0 84000.0 6301.166095492924 0.0
84000.0 85000.0 198065.83390450708 840.0
85000.0 86000.0 6139.577374676071 0.0
86000.0 87000.0 221580.42262532393 840.0
87000.0 88000.0 7514.4064303957875 0.0
88000.0 89000.0 389026.62655598926 1500.0
89000.0 90000.0 29642.53968711057 0.0
90000.0 91000.0 351329.4273265044 1500.0
91000.0 92000.0 10159.852218857008 0.0
92000.0 93000.0 361938.4337552034 1500.0
93000.0 94000.0 110590.83515908287 0.0
94000.0 95000.0 385293.753454267 1500.0
95000.0 96000.0 15695.125412589763 0.0
96000.0 97000.0 0.0 0.0
97000.0 98000.0 633.4231376307299 0.0
98000.0 99000.0 2282.57686236927 0.0
99000.0 100000.0 0.0 0.0
100000.0 101000.0 2916.0 0.0
101000.0 102000.0 88952.94673969831 2300.0
102000.0 103000.0 437229.40879038477 2300.0
103000.0 104000.0 522583.6339783471 0.0
104000.0 105000.0 470989.44312861754 2300.0
105000.0 106000.0 466549.8158533188 2300.0
106000.0 107000.0 436732.2799560781 2300.0
107000.0 108000.0 634014.26462872 2300.0
108000.0 109000.0 458766.1598463253 0.0
109000.0 110000.0 529800.3375949131 2300.0
110000.0 111000.0 460948.01467069454 2300.0
111000.0 112000.0 356960.033991419 0.0
112000.0 113000.0 318399.4981184223 2300.0
113000.0 114000.0 511812.5247431448 2300.0
114000.0 115000.0 417041.6379599165 0.0
115000.0 116000.0 16239.920322371016 0.0
116000.0 117000.0 368318.3446478814 2300.0
117000.0 118000.0 568813.2413315815 2300.0
118000.0 119000.0 597219.8369856073 2300.0
119000.0 120000.0 338980.510509099 0.0
120000.0 121000.0 435597.459121968 3000.0
121000.0 122000.0 383499.68708149187 0.0
122000.0 123000.0 42955.0 0.0
123000.0 124000.0 130889.6052843176 288.0
124000.0 125000.0 176811.3947156824 288.0
125000.0 126000.0 6205.835108667088 0.0
126000.0 127000.0 101804.16489133291 288.0
127000.0 128000.0 7914.07702834203 0.0
128000.0 129000.0 250695.92297165797 840.0
129000.0 130000.0 5914.103469830259 0.0
130000.0 131000.0 214355.89653016973 840.0
131000.0 132000.0 7130.584807606528 0.0
132000.0 133000.0 419841.6008675422 1500.0
133000.0 134000.0 13471.81432485122 0.0
134000.0 135000.0 241383.77360569956 1500.0
135000.0 136000.0 173698.40099744915 0.0
136000.0 137000.0 415875.82539685135 1500.0
137000.0 138000.0 7415.137566845668 0.0
138000.0 139000.0 457419.4392247704 2300.0
139000.0 140000.0 111465.11972761006 0.0
140000.0 141000.0 455726.91604813474 2300.0
141000.0 142000.0 149687.4875967147 0.0
142000.0 143000.0 416250.50549741177 2300.0
143000.0 144000.0 190265.13869492154 0.0
144000.0 145000.0 429205.1798160771 2300.0
145000.0 146000.0 155779.6274451794 0.0
146000.0 147000.0 447564.6052859855 2300.0
147000.0 148000.0 144344.23429053457 0.0
148000.0 149000.0 514619.6729442313 3000.0
149000.0 150000.0 165599.3941759871 0.0
150000.0 151000.0 441440.4238768622 3000.0
151000.0 152000.0 476457.23119323084 3000.0
152000.0 153000.0 450840.4476685202 0.0
153000.0 154000.0 441711.00508390646 3000.0
154000.0 155000.0 544796.3863672838 3000.0
155000.0 156000.0 279481.1427113036 0.0
156000.0 157000.0 523806.9047844892 3000.0
157000.0 158000.0 413293.65676670976 0.0
158000.0 159000.0 602512.1651067337 3000.0
159000.0 160000.0 364801.32976430684 0.0
160000.0 161000.0 421502.7884958086 3000.0
161000.0 162000.0 590586.6542571126 0.0
162000.0 163000.0 511571.4784730825 3000.0
163000.0 164000.0 392601.8920103109 0.0
164000.0 165000.0 258138.7720420925 3000.0
165000.0 166000.0 465273.9446275186 0.0
166000.0 167000.0 569560.7164031279 3000.0
167000.0 168000.0 371413.1699146656 0.0
168000.0 169000.0 211810.2186738405 3000.0
169000.0 170000.0 427550.9157010684 0.0
170000.0 171000.0 520269.22363912186 3000.0
171000.0 172000.0 417151.586303717 0.0
172000.0 173000.0 479066.27663227473 3000.0
173000.0 174000.0 329353.3562995904 0.0
174000.0 175000.0 495486.5145612542 3000.0
175000.0 176000.0 291889.8383000727 0.0
176000.0 177000.0 540553.9468612163 3000.0
177000.0 178000.0 207515.83229341955 0.0
178000.0 179000.0 435728.53667228814 3000.0
179000.0 180000.0 325031.64519515826 0.0
180000.0 181000.0 445860.3861974569 3000.0
181000.0 182000.0 363223.6599243199 0.0
182000.0 183000.0 450619.2676123209 3000.0
183000.0 184000.0 326328.29497411905 0.0
184000.0 185000.0 463729.5139260929 3000.0
185000.0 186000.0 356249.42395834386 0.0
186000.0 187000.0 465190.2606937749 3000.0
187000.0 188000.0 295800.9758943798 0.0
188000.0 189000.0 521009.3377175908 3000.0
189000.0 190000.0 319654.42010710976 0.0
190000.0 191000.0 2914.0 0.0
191000.0 192000.0 3622.793182416872 0.0
192000.0 193000.0 473209.7663105206 3000.0
193000.0 194000.0 335823.23644050834 2300.0
194000.0 195000.0 581604.701266671 2300.0
195000.0 196000.0 462708.488352732 0.0
196000.0 197000.0 406138.0172718524 2300.0
197000.0 198000.0 344184.52731231524 0.0
198000.0 199000.0 424209.6694122104 2300.0
199000.0 200000.0 154521.94485040076 0.0
200000.0 201000.0 399529.06134257204 2300.0
201000.0 202000.0 430856.3942625916 2300.0
202000.0 203000.0 542048.0570569226 2300.0
203000.0 204000.0 405919.7725512055 0.0
204000.0 205000.0 335218.0449501581 3000.0
205000.0 206000.0 484956.75769972435 0.0
206000.0 207000.0 418821.225204665 3000.0
207000.0 208000.0 331813.4978900871 0.0
208000.0 209000.0 465159.4001896041 3000.0
209000.0 210000.0 313135.3834973005 0.0
210000.0 211000.0 571544.0032417375 3000.0
211000.0 212000.0 253362.32922014443 0.0
212000.0 213000.0 430288.24049955164 3000.0
213000.0 214000.0 441007.51211325347 0.0
214000.0 215000.0 441522.74019379675 3000.0
215000.0 216000.0 291487.5910041328 0.0
216000.0 217000.0 496616.3459380324 3000.0
217000.0 218000.0 363064.18347262166 0.0
218000.0 219000.0 339700.9753403638 3000.0
219000.0 220000.0 449562.5399830364 0.0
220000.0 221000.0 88829.934137176 3000.0
221000.0 222000.0 432229.26562924637 0.0
222000.0 223000.0 506692.61501770566 3000.0
223000.0 224000.0 471896.30870792555 0.0
224000.0 225000.0 437939.4370612418 3000.0
225000.0 226000.0 345506.7467463406 0.0
226000.0 227000.0 400330.5962565993 3000.0
227000.0 228000.0 395883.6999237187 0.0
228000.0 229000.0 429763.42619860265 3000.0
229000.0 230000.0 286355.6994814345 0.0
230000.0 231000.0 517822.60295271466 3000.0
231000.0 232000.0 290749.1670652811 0.0
232000.0 233000.0 441324.51544841833 3000.0
233000.0 234000.0 359014.467733203 0.0
234000.0 235000.0 427037.6244187446 3000.0
235000.0 236000.0 334541.6978518397 0.0
236000.0 237000.0 514031.3270473616 3000.0
237000.0 238000.0 345953.14452354965 0.0
238000.0 239000.0 426693.10050284123 3000.0
239000.0 240000.0 369174.4232449255 0.0
240000.0 241000.0 440368.92020492814 3000.0
241000.0 242000.0 354606.07979507186 0.0
242000.0 243000.0 405811.88315055374 3000.0
243000.0 244000.0 434746.34503834345 0.0
244000.0 245000.0 436513.5999005389 3000.0
245000.0 246000.0 327817.2262647902 0.0
246000.0 247000.0 464022.0215912302 3000.0
247000.0 248000.0 230450.92405454343 0.0
248000.0 249000.0 459042.785725098 3000.0
249000.0 250000.0 570562.7146125424 3000.0
250000.0 251000.0 472295.29792354465 0.0
251000.0 252000.0 472330.11135626235 3000.0
252000.0 253000.0 550886.3046537993 3000.0
253000.0 254000.0 431857.9583523289 0.0
254000.0 255000.0 407141.5160184564 3000.0
255000.0 256000.0 508252.3657513186 0.0
256000.0 257000.0 297410.2884721196 3000.0
257000.0 258000.0 491087.3333427788 0.0
258000.0 259000.0 536827.2637298829 3000.0
259000.0 260000.0 278849.00499203784 0.0
260000.0 261000.0 449302.15051826317 3000.0
261000.0 262000.0 384383.2749249381 0.0
262000.0 263000.0 447744.60798114166 3000.0
263000.0 264000.0 332498.0216454874 0.0
264000.0 265000.0 508108.9838310843 3000.0
265000.0 266000.0 264498.113576084 0.0
266000.0 267000.0 429078.92998281587 3000.0
267000.0 268000.0 398645.4342111226 0.0
268000.0 269000.0 465871.28600113594 3000.0
269000.0 270000.0 315202.2961487887 0.0
270000.0 271000.0 561574.0590160583 3000.0
271000.0 272000.0 288946.8972329102 0.0
272000.0 273000.0 435582.09070745786 3000.0
273000.0 274000.0 295686.28245711426 0.0
274000.0 275000.0 454338.76424441586 3000.0
275000.0 276000.0 325597.62583533896 0.0
276000.0 277000.0 472974.03231256333 3000.0
277000.0 278000.0 294795.8256649939 0.0
278000.0 279000.0 486880.72120439325 3000.0
279000.0 280000.0 322655.88045126136 0.0
280000.0 281000.0 394387.8748591054 3000.0
281000.0 282000.0 377521.42071288096 0.0
282000.0 283000.0 451498.5486138416 3000.0
283000.0 284000.0 319790.3487361924 0.0
284000.0 285000.0 317712.7336894447 3000.0
285000.0 286000.0 503397.95697213203 0.0
286000.0 287000.0 140735.8766466737 840.0
287000.0 288000.0 368016.71166356606 840.0
288000.0 289000.0 169134.30522862446 840.0
289000.0 290000.0 11648.70018116589 0.0
290000.0 291000.0 178900.2998188341 840.0
291000.0 292000.0 14584.377963252426 0.0
292000.0 293000.0 213956.62203674758 840.0
293000.0 294000.0 14684.274966976234 0.0
294000.0 295000.0 325291.67386931693 840.0
295000.0 296000.0 13423.959389986045 0.0
296000.0 297000.0 283417.2841259728 840.0
297000.0 298000.0 175854.06664718574 0.0
298000.0 299000.0 436731.96507227176 3000.0
299000.0 300000.0 361290.27015045827 0.0
300000.0 301000.0 19856.50577783221 0.0
