ts te s_bytes_all avg_video_rate
0.0 1000.0 0.0 0.0
1000.0 2000.0 0.0 0.0
2000.0 3000.0 0.0 0.0
3000.0 4000.0 0.0 0.0
4000.0 5000.0 0.0 0.0
5000.0 6000.0 2426.968665410633 0.0
6000.0 7000.0 407584.4914798171 1500.0
7000.0 8000.0 488112.9148109312 1500.0
8000.0 9000.0 555366.7136502564 0.0
9000.0 10000.0 274836.98983916675 1500.0
10000.0 11000.0 474006.9708560092 1500.0
11000.0 12000.0 391758.6079647352 1500.0
12000.0 13000.0 636706.2400161317 1500.0
13000.0 14000.0 427709.50275142834 1500.0
14000.0 15000.0 507856.63168551144 1500.0
15000.0 16000.0 544028.5873552528 1500.0
16000.0 17000.0 309294.73545682034 0.0
17000.0 18000.0 402897.61033153813 3000.0
18000.0 19000.0 442158.5333598243 3000.0
19000.0 20000.0 511651.67422565713 0.0
20000.0 21000.0 443078.3866463908 3000.0
21000.0 22000.0 463258.12497836526 0.0
22000.0 23000.0 184493.74660352347 3000.0
23000.0 24000.0 414035.44031799707 0.0
24000.0 25000.0 631967.4663123747 3000.0
25000.0 26000.0 361275.99253007624 0.0
26000.0 27000.0 446490.22288990766 3000.0
27000.0 28000.0 352519.89006387396 0.0
28000.0 29000.0 501705.9409057385 3000.0
29000.0 30000.0 264039.1964488095 0.0
30000.0 31000.0 413172.63914381486 3000.0
31000.0 32000.0 393341.9420546249 0.0
32000.0 33000.0 394471.51991787925 3000.0
33000.0 34000.0 392242.1184917009 0.0
34000.0 35000.0 499330.04456759547 3000.0
35000.0 36000.0 300903.5516423549 0.0
36000.0 37000.0 433902.2150727509 3000.0
37000.0 38000.0 341998.2930825796 0.0
38000.0 39000.0 477013.39656279224 3000.0
39000.0 40000.0 278721.0835442936 0.0
40000.0 41000.0 418215.1401300493 3000.0
41000.0 42000.0 329888.4218424603 0.0
42000.0 43000.0 502444.51487588097 3000.0
43000.0 44000.0 360883.99806779093 0.0
44000.0 45000.0 479740.4957766066 3000.0
45000.0 46000.0 519796.47088552045 3000.0
46000.0 47000.0 523311.112228547 0.0
47000.0 48000.0 50385.461967209434 0.0
48000.0 49000.0 394170.3700676167 3000.0
49000.0 50000.0 320674.6260149084 0.0
50000.0 51000.0 441415.84100042103 3000.0
51000.0 52000.0 336793.1085270757 0.0
52000.0 53000.0 469968.38096740836 3000.0
53000.0 54000.0 538069.3355675889 3000.0
54000.0 55000.0 468417.7241375672 0.0
55000.0 56000.0 573541.2562103266 3000.0
56000.0 57000.0 569005.9051175134 3000.0
57000.0 58000.0 467745.0497995645 0.0
58000.0 59000.0 299846.8047190384 3000.0
59000.0 60000.0 489470.40824922617 0.0
60000.0 61000.0 428641.6135693758 3000.0
61000.0 62000.0 405699.8657528045 0.0
62000.0 63000.0 372568.0440106172 3000.0
63000.0 64000.0 333207.71357749484 0.0
64000.0 65000.0 473905.4736204853 3000.0
65000.0 66000.0 319696.45550395374 0.0
66000.0 67000.0 437047.75367094553 3000.0
67000.0 68000.0 383030.93598606694 0.0
68000.0 69000.0 483020.54166603356 3000.0
69000.0 70000.0 330141.6054059167 0.0
70000.0 71000.0 439609.65569843585 3000.0
71000.0 72000.0 331272.955390869 0.0
72000.0 73000.0 51633.57576874571 0.0
73000.0 74000.0 0.0 0.0
74000.0 75000.0 411011.9854466342 3000.0
75000.0 76000.0 468998.2345563584 2300.0
76000.0 77000.0 404231.72291383723 2300.0
77000.0 78000.0 549233.9999164636 0.0
78000.0 79000.0 493134.42655467906 2300.0
79000.0 80000.0 178018.66153045837 0.0
80000.0 81000.0 408723.62990890397 2300.0
81000.0 82000.0 205219.0845834562 0.0
82000.0 83000.0 421723.46228462894 3000.0
83000.0 84000.0 309618.4046295137 0.0
84000.0 85000.0 446633.71443990694 3000.0
85000.0 86000.0 342512.4542602934 0.0
86000.0 87000.0 463218.3498696842 3000.0
87000.0 88000.0 282079.6688799524 0.0
88000.0 89000.0 437341.92745262646 3000.0
89000.0 90000.0 370129.1012902815 0.0
90000.0 91000.0 429768.5120216285 3000.0
91000.0 92000.0 334253.9330911722 0.0
92000.0 93000.0 491874.5815703298 3000.0
93000.0 94000.0 321766.5495117554 0.0
94000.0 95000.0 461148.95461461553 3000.0
95000.0 96000.0 272991.47004817077 0.0
96000.0 97000.0 495818.16782657284 3000.0
97000.0 98000.0 393157.6849439285 0.0
98000.0 99000.0 461948.73594304454 3000.0
99000.0 100000.0 498275.1495109901 3000.0
100000.0 101000.0 523929.7387550912 3000.0
101000.0 102000.0 551173.126413648 0.0
102000.0 103000.0 581964.0147187482 3000.0
103000.0 104000.0 387256.7628787288 0.0
104000.0 105000.0 438240.3923011185 3000.0
105000.0 106000.0 413428.77162182785 0.0
106000.0 107000.0 360576.6285878018 3000.0
107000.0 108000.0 360790.2592872131 0.0
108000.0 109000.0 417185.6267542334 3000.0
109000.0 110000.0 370803.57519074605 0.0
110000.0 111000.0 427720.4626875757 3000.0
111000.0 112000.0 247636.08681404643 0.0
112000.0 113000.0 91327.42141066147 3000.0
113000.0 114000.0 460596.6731742701 0.0
114000.0 115000.0 355467.8918044027 3000.0
115000.0 116000.0 465017.092223884 0.0
116000.0 117000.0 439770.36307456973 3000.0
117000.0 118000.0 489138.40223130566 0.0
118000.0 119000.0 483924.9828270284 3000.0
119000.0 120000.0 363023.28497121925 0.0
120000.0 121000.0 377166.5813053312 3000.0
121000.0 122000.0 361073.95465504285 0.0
122000.0 123000.0 436088.9819192023 3000.0
123000.0 124000.0 437820.35679241654 0.0
124000.0 125000.0 236973.24291390463 3000.0
125000.0 126000.0 374329.67455747584 0.0
126000.0 127000.0 371996.7637138006 3000.0
127000.0 128000.0 470918.2799471207 0.0
128000.0 129000.0 443117.09514294664 3000.0
129000.0 130000.0 359014.03045939456 0.0
130000.0 131000.0 465522.02847650164 3000.0
131000.0 132000.0 302541.7084735087 0.0
132000.0 133000.0 419694.40156106587 3000.0
133000.0 134000.0 383189.3473937908 0.0
134000.0 135000.0 484738.01110265165 3000.0
135000.0 136000.0 318494.776185241 0.0
136000.0 137000.0 433634.63850777724 3000.0
137000.0 138000.0 321627.23897658417 0.0
138000.0 139000.0 346138.5297726009 3000.0
139000.0 140000.0 377574.15046368475 0.0
140000.0 141000.0 524376.2018506727 3000.0
141000.0 142000.0 300936.13494453894 0.0
142000.0 143000.0 401442.4229450022 3000.0
143000.0 144000.0 526113.6901868172 3000.0
144000.0 145000.0 528332.0453388479 0.0
145000.0 146000.0 142526.5870860714 0.0
146000.0 147000.0 0.0 0.0
147000.0 148000.0 2470.6274747480197 0.0
148000.0 149000.0 2534.1580151698945 0.0
149000.0 150000.0 823.2145100820858 0.0
150000.0 151000.0 2910.0 2300.0
151000.0 152000.0 458095.1911878036 0.0
152000.0 153000.0 371531.4096417531 2300.0
153000.0 154000.0 461534.5368804057 2300.0
154000.0 155000.0 518406.27030944295 2300.0
155000.0 156000.0 488180.33704372693 0.0
156000.0 157000.0 544762.7766162076 2300.0
157000.0 158000.0 666888.0467070296 2300.0
158000.0 159000.0 564770.2361821553 2300.0
159000.0 160000.0 474764.0456082924 2300.0
160000.0 161000.0 536593.0262565989 2300.0
161000.0 162000.0 469609.7640865753 0.0
162000.0 163000.0 444722.42640135565 2300.0
163000.0 164000.0 230116.09341219458 0.0
164000.0 165000.0 397653.7908448963 3000.0
165000.0 166000.0 313209.61681523896 0.0
166000.0 167000.0 477603.11029534007 3000.0
167000.0 168000.0 388170.16363354167 0.0
168000.0 169000.0 476241.7581276012 3000.0
169000.0 170000.0 239050.92624689062 0.0
170000.0 171000.0 372567.09610418207 3000.0
171000.0 172000.0 405975.87301770714 0.0
172000.0 173000.0 68358.50458106044 0.0
173000.0 174000.0 0.0 0.0
174000.0 175000.0 409684.19250688516 3000.0
175000.0 176000.0 477093.96988437616 2300.0
176000.0 177000.0 570253.9730577074 2300.0
177000.0 178000.0 369040.16390889965 0.0
178000.0 179000.0 474762.4949435018 2300.0
179000.0 180000.0 275866.8388776227 0.0
180000.0 181000.0 318668.8815354849 3000.0
181000.0 182000.0 352403.66228515503 0.0
182000.0 183000.0 477014.19657918136 3000.0
183000.0 184000.0 310978.94871926546 0.0
184000.0 185000.0 40502.67770192048 0.0
185000.0 186000.0 0.0 0.0
186000.0 187000.0 401278.78577215626 3000.0
187000.0 188000.0 443728.18328754115 1500.0
188000.0 189000.0 602579.9209364839 1500.0
189000.0 190000.0 184635.29927858492 0.0
190000.0 191000.0 413906.2595350999 1500.0
191000.0 192000.0 52756.5511901339 0.0
192000.0 193000.0 366503.1418313042 1500.0
193000.0 194000.0 42446.858168695835 0.0
194000.0 195000.0 368524.49654370535 3000.0
195000.0 196000.0 343913.1549800902 0.0
196000.0 197000.0 461766.6011858171 3000.0
197000.0 198000.0 471645.272070861 3000.0
198000.0 199000.0 545010.7092222932 0.0
199000.0 200000.0 156278.76599723322 0.0
200000.0 201000.0 408585.6761065682 3000.0
201000.0 202000.0 295788.7594176119 0.0
202000.0 203000.0 452834.75029379764 3000.0
203000.0 204000.0 335966.55864463816 0.0
204000.0 205000.0 498313.6424129898 3000.0
205000.0 206000.0 322592.2712808783 0.0
206000.0 207000.0 458651.22727122 3000.0
207000.0 208000.0 497394.1091173877 3000.0
208000.0 209000.0 537583.3545648789 0.0
209000.0 210000.0 421058.9152697898 3000.0
210000.0 211000.0 484711.0436620706 3000.0
211000.0 212000.0 499591.3352442098 0.0
212000.0 213000.0 552938.4186593252 3000.0
213000.0 214000.0 373998.0330956504 0.0
214000.0 215000.0 507763.87447526417 3000.0
215000.0 216000.0 270242.52284676756 0.0
216000.0 217000.0 385161.6595992711 3000.0
217000.0 218000.0 383408.80253247975 0.0
218000.0 219000.0 420190.89298109995 3000.0
219000.0 220000.0 360223.6637908885 0.0
220000.0 221000.0 383717.49601413275 3000.0
221000.0 222000.0 348532.0424006733 0.0
222000.0 223000.0 474833.910311255 3000.0
223000.0 224000.0 305102.5228392107 0.0
224000.0 225000.0 464983.67824393726 3000.0
225000.0 226000.0 347402.63994348544 0.0
226000.0 227000.0 402684.91092397855 3000.0
227000.0 228000.0 380499.52057427366 0.0
228000.0 229000.0 432081.2573067716 3000.0
229000.0 230000.0 305474.05951761507 0.0
230000.0 231000.0 50308.45065787965 0.0
231000.0 232000.0 0.0 0.0
232000.0 233000.0 401784.1991210475 3000.0
233000.0 234000.0 505167.5852699337 2300.0
234000.0 235000.0 545047.8331293458 2300.0
235000.0 236000.0 427616.58495676675 0.0
236000.0 237000.0 377555.882611574 2300.0
237000.0 238000.0 287161.65860007337 0.0
238000.0 239000.0 252419.84083580837 2300.0
239000.0 240000.0 387728.2820343047 0.0
240000.0 241000.0 59783.281176747085 2300.0
241000.0 242000.0 539436.7895930576 2300.0
242000.0 243000.0 401133.0508351041 0.0
243000.0 244000.0 150685.01183623687 0.0
244000.0 245000.0 397500.78026254795 2300.0
245000.0 246000.0 540460.5920730929 2300.0
246000.0 247000.0 495629.20389837155 3000.0
247000.0 248000.0 458958.36540578847 0.0
248000.0 249000.0 433777.08110813354 3000.0
249000.0 250000.0 408938.76877120754 0.0
250000.0 251000.0 355926.4066343041 3000.0
251000.0 252000.0 394430.4413856059 0.0
252000.0 253000.0 479436.7378074794 3000.0
253000.0 254000.0 369855.16109782364 0.0
254000.0 255000.0 408296.657208577 3000.0
255000.0 256000.0 327557.1987623301 0.0
256000.0 257000.0 304355.38102906663 3000.0
257000.0 258000.0 459779.3658982329 0.0
258000.0 259000.0 303525.1576276374 3000.0
259000.0 260000.0 398087.2174291178 0.0
260000.0 261000.0 499025.0322959018 3000.0
261000.0 262000.0 356445.4212887408 0.0
262000.0 263000.0 336124.7673096239 3000.0
263000.0 264000.0 389254.3652980423 0.0
264000.0 265000.0 542173.0480567892 3000.0
265000.0 266000.0 328603.58821251447 0.0
266000.0 267000.0 31942.261139070477 0.0
267000.0 268000.0 0.0 0.0
268000.0 269000.0 314470.63840260176 3000.0
269000.0 270000.0 408134.2315637121 2300.0
270000.0 271000.0 594573.3361813494 2300.0
271000.0 272000.0 474424.30631449865 0.0
272000.0 273000.0 509328.3975409564 2300.0
273000.0 274000.0 279533.0438301987 0.0
274000.0 275000.0 429587.06777441927 2300.0
275000.0 276000.0 135967.70076545933 0.0
276000.0 277000.0 343054.47932718165 3000.0
277000.0 278000.0 315677.7545963329 0.0
278000.0 279000.0 248178.94089535868 3000.0
279000.0 280000.0 436361.29464336816 0.0
280000.0 281000.0 185180.80816456294 0.0
281000.0 282000.0 0.0 0.0
282000.0 283000.0 287019.7277167942 3000.0
283000.0 284000.0 437835.84870267496 1500.0
284000.0 285000.0 533110.259143942 1500.0
285000.0 286000.0 184502.32524670166 0.0
286000.0 287000.0 149131.9918555176 1500.0
287000.0 288000.0 272179.8473343696 0.0
288000.0 289000.0 254138.50863658387 3000.0
289000.0 290000.0 268524.02704458754 0.0
290000.0 291000.0 345306.8787379358 840.0
291000.0 292000.0 275995.65702194604 840.0
292000.0 293000.0 262244.9285589467 840.0
293000.0 294000.0 0.0 0.0
294000.0 295000.0 203354.37176465255 840.0
295000.0 296000.0 215556.994280778 840.0
296000.0 297000.0 311174.7832113769 2300.0
297000.0 298000.0 270183.0089314685 0.0
298000.0 299000.0 315093.49281033775 2300.0
299000.0 300000.0 260172.5895045973 0.0
300000.0 301000.0 57422.75949678894 0.0
