ts te s_bytes_all avg_video_rate
0.0 1000.0 0.0 0.0
1000.0 2000.0 0.0 0.0
2000.0 3000.0 0.0 0.0
3000.0 4000.0 0.0 0.0
4000.0 5000.0 0.0 0.0
5000.0 6000.0 6915.0 0.0
6000.0 7000.0 136789.22098059382 1500.0
7000.0 8000.0 352682.62552924897 1500.0
8000.0 9000.0 342017.4791483996 1500.0
9000.0 10000.0 529381.8996047226 1500.0
10000.0 11000.0 452677.21016679605 1500.0
11000.0 12000.0 487366.47126000345 1500.0
12000.0 13000.0 412533.10118669807 1500.0
13000.0 14000.0 544512.9399064668 1500.0
14000.0 15000.0 475536.3539360154 1500.0
15000.0 16000.0 279405.6982810552 1500.0
16000.0 17000.0 377896.9815018958 0.0
17000.0 18000.0 507041.9691278319 1500.0
18000.0 19000.0 395124.1990985922 0.0
19000.0 20000.0 141133.5978389951 3000.0
20000.0 21000.0 492007.76949297974 0.0
21000.0 22000.0 293997.9924120251 3000.0
22000.0 23000.0 525239.2864234484 0.0
23000.0 24000.0 260653.04823493218 3000.0
24000.0 25000.0 498518.9416482292 0.0
25000.0 26000.0 576524.4585044619 3000.0
26000.0 27000.0 432084.75571660843 0.0
27000.0 28000.0 104270.95666348579 3000.0
28000.0 29000.0 514743.81884257746 0.0
29000.0 30000.0 577491.4427382582 3000.0
30000.0 31000.0 323832.7817556786 0.0
31000.0 32000.0 390659.40456262475 3000.0
32000.0 33000.0 388248.32816560694 0.0
33000.0 34000.0 376455.8389315024 3000.0
34000.0 35000.0 334507.04805505194 0.0
35000.0 36000.0 454815.01769694407 3000.0
36000.0 37000.0 331853.9917213404 0.0
37000.0 38000.0 440810.26618327596 3000.0
38000.0 39000.0 529341.587421379 3000.0
39000.0 40000.0 461042.4303176843 0.0
40000.0 41000.0 275088.52890475444 3000.0
41000.0 42000.0 480698.66497633484 0.0
42000.0 43000.0 290496.66543934157 3000.0
43000.0 44000.0 370688.69196037314 0.0
44000.0 45000.0 530368.0591405664 3000.0
45000.0 46000.0 490041.30111857736 0.0
46000.0 47000.0 205910.82896472333 3000.0
47000.0 48000.0 482103.17825989844 0.0
48000.0 49000.0 316609.2678860924 3000.0
49000.0 50000.0 511897.74168085644 0.0
50000.0 51000.0 501556.65749394003 3000.0
51000.0 52000.0 354480.5011191317 0.0
52000.0 53000.0 396059.7623147846 3000.0
53000.0 54000.0 401410.2376852154 0.0
54000.0 55000.0 591.7272715905266 0.0
55000.0 56000.0 363711.78415637685 3000.0
56000.0 57000.0 610917.9688008524 3000.0
57000.0 58000.0 359583.04642366414 0.0
58000.0 59000.0 578566.8495324058 3000.0
59000.0 60000.0 385961.4163609369 3000.0
60000.0 61000.0 486557.7202427422 0.0
61000.0 62000.0 496194.3978167164 3000.0
62000.0 63000.0 560423.0730121282 0.0
63000.0 64000.0 139029.01638258647 0.0
64000.0 65000.0 387331.2394758438 3000.0
65000.0 66000.0 423360.47467444773 0.0
66000.0 67000.0 620729.3397571344 3000.0
67000.0 68000.0 326143.16868157475 3000.0
68000.0 69000.0 467812.6397762619 0.0
69000.0 70000.0 329219.4935017775 3000.0
70000.0 71000.0 517355.335359905 0.0
71000.0 72000.0 288705.4210051685 3000.0
72000.0 73000.0 435115.43733628 0.0
73000.0 74000.0 471359.1435138771 3000.0
74000.0 75000.0 508910.5811157168 0.0
75000.0 76000.0 389914.8777794562 3000.0
76000.0 77000.0 522865.14301577176 0.0
77000.0 78000.0 360955.95535668114 3000.0
78000.0 79000.0 360688.2185152628 0.0
79000.0 80000.0 368755.3300636385 3000.0
80000.0 81000.0 350384.53007179644 0.0
81000.0 82000.0 444931.44572965323 3000.0
82000.0 83000.0 349628.5099365872 0.0
83000.0 84000.0 446762.6892875033 3000.0
84000.0 85000.0 318925.2265518321 0.0
85000.0 86000.0 433670.18208868575 3000.0
86000.0 87000.0 560817.9753140715 3000.0
87000.0 88000.0 446270.7110693674 0.0
88000.0 89000.0 250152.25066700333 3000.0
89000.0 90000.0 494291.6009500695 0.0
90000.0 91000.0 317413.32307853666 3000.0
91000.0 92000.0 461136.6135082882 0.0
92000.0 93000.0 334700.5933168995 3000.0
93000.0 94000.0 457629.6702882991 0.0
94000.0 95000.0 287192.56696611014 3000.0
95000.0 96000.0 495462.195071375 0.0
96000.0 97000.0 562454.2106361121 3000.0
97000.0 98000.0 391046.90653901186 0.0
98000.0 99000.0 130553.49825153184 3000.0
99000.0 100000.0 463263.12632891076 0.0
100000.0 101000.0 523096.76471600786 3000.0
101000.0 102000.0 320767.40545893426 0.0
102000.0 103000.0 374495.2193505088 3000.0
103000.0 104000.0 428896.5455142598 0.0
104000.0 105000.0 525581.4317538196 3000.0
105000.0 106000.0 363028.0086260274 0.0
106000.0 107000.0 401394.67973398825 3000.0
107000.0 108000.0 290581.09253609343 0.0
108000.0 109000.0 442280.5683434596 3000.0
109000.0 110000.0 499623.48015842354 3000.0
110000.0 111000.0 518070.9354446339 0.0
111000.0 112000.0 236790.9829036518 3000.0
112000.0 113000.0 486824.0931893011 0.0
113000.0 114000.0 293790.704830902 3000.0
114000.0 115000.0 529620.1616871094 0.0
115000.0 116000.0 159988.30117243697 3000.0
116000.0 117000.0 572208.4350382442 0.0
117000.0 118000.0 538770.3477171066 3000.0
118000.0 119000.0 497883.2172446492 0.0
119000.0 120000.0 101951.61377223254 3000.0
120000.0 121000.0 537558.0685871842 0.0
121000.0 122000.0 85711.31764058328 0.0
122000.0 123000.0 20921.690643816455 3000.0
123000.0 124000.0 514064.12203758216 0.0
124000.0 125000.0 512398.9402184924 3000.0
125000.0 126000.0 456788.1806226378 0.0
126000.0 127000.0 565986.1968980224 3000.0
127000.0 128000.0 619235.7081013827 3000.0
128000.0 129000.0 486836.54472124774 0.0
129000.0 130000.0 651122.6313623626 3000.0
130000.0 131000.0 394605.6767496354 0.0
131000.0 132000.0 387869.3252186629 3000.0
132000.0 133000.0 509722.86573506007 3000.0
133000.0 134000.0 494856.5564434982 0.0
134000.0 135000.0 399082.01267898694 3000.0
135000.0 136000.0 433108.38325328607 0.0
136000.0 137000.0 255165.47833185174 3000.0
137000.0 138000.0 464766.35071149725 0.0
138000.0 139000.0 323782.0128634668 3000.0
139000.0 140000.0 463725.88805250876 0.0
140000.0 141000.0 303673.9803898203 3000.0
141000.0 142000.0 492864.5460434279 0.0
142000.0 143000.0 285592.1770051748 3000.0
143000.0 144000.0 427188.095315409 0.0
144000.0 145000.0 528358.9450521241 3000.0
145000.0 146000.0 370735.33590814646 0.0
146000.0 147000.0 497349.31192418234 3000.0
147000.0 148000.0 314867.0516587393 0.0
148000.0 149000.0 474599.79270219937 3000.0
149000.0 150000.0 306166.2764324359 0.0
150000.0 151000.0 424415.9298687945 3000.0
151000.0 152000.0 468651.60985683824 0.0
152000.0 153000.0 557567.6246319764 3000.0
153000.0 154000.0 213204.9900682154 0.0
154000.0 155000.0 421409.86006259767 3000.0
155000.0 156000.0 357415.960311092 0.0
156000.0 157000.0 503210.7487695744 3000.0
157000.0 158000.0 258675.09794216324 0.0
158000.0 159000.0 427799.84205923066 3000.0
159000.0 160000.0 408723.22135379695 3000.0
160000.0 161000.0 601769.6266202733 0.0
161000.0 162000.0 294920.7007312956 3000.0
162000.0 163000.0 466661.2670654135 0.0
163000.0 164000.0 270328.2613429975 3000.0
164000.0 165000.0 476105.0561617452 0.0
165000.0 166000.0 346599.52381338057 3000.0
166000.0 167000.0 492606.2062097661 0.0
167000.0 168000.0 278634.17466762406 3000.0
168000.0 169000.0 575484.9206865919 0.0
169000.0 170000.0 494191.7014398491 3000.0
170000.0 171000.0 408823.0052374464 0.0
171000.0 172000.0 402507.4106306636 3000.0
172000.0 173000.0 289917.5876691979 0.0
173000.0 174000.0 407898.6010513642 3000.0
174000.0 175000.0 334519.9389509608 0.0
175000.0 176000.0 364122.51991505385 3000.0
176000.0 177000.0 415835.2511342774 0.0
177000.0 178000.0 439406.1981537901 3000.0
178000.0 179000.0 448305.1217710879 0.0
179000.0 180000.0 274577.20449172106 3000.0
180000.0 181000.0 593456.6078308958 3000.0
181000.0 182000.0 467816.752759638 0.0
182000.0 183000.0 326428.2792698531 3000.0
183000.0 184000.0 444870.4728957906 0.0
184000.0 185000.0 265692.1139422997 3000.0
185000.0 186000.0 376295.08144391584 0.0
186000.0 187000.0 543866.1545500538 3000.0
187000.0 188000.0 527693.7211449373 0.0
188000.0 189000.0 193371.06570672512 3000.0
189000.0 190000.0 448388.09555367747 0.0
190000.0 191000.0 365860.9441100541 3000.0
191000.0 192000.0 483794.2238404171 0.0
192000.0 193000.0 507392.1148291921 3000.0
193000.0 194000.0 378640.1323781123 0.0
194000.0 195000.0 397654.7717268919 3000.0
195000.0 196000.0 337704.9666189614 0.0
196000.0 197000.0 403043.4705453864 3000.0
197000.0 198000.0 452172.9638938815 0.0
198000.0 199000.0 419641.8786389888 3000.0
199000.0 200000.0 317794.66970821994 0.0
200000.0 201000.0 459298.3739087929 3000.0
201000.0 202000.0 397042.0917370592 0.0
202000.0 203000.0 518143.09331276105 3000.0
203000.0 204000.0 254146.75562354218 0.0
204000.0 205000.0 443503.54253992194 3000.0
205000.0 206000.0 497396.8301839841 3000.0
206000.0 207000.0 539197.6294894516 0.0
207000.0 208000.0 314148.9077028479 3000.0
208000.0 209000.0 461518.1609859269 0.0
209000.0 210000.0 266495.59570180386 3000.0
210000.0 211000.0 468294.26625942887 0.0
211000.0 212000.0 322918.8238359498 3000.0
212000.0 213000.0 538289.423857208 0.0
213000.0 214000.0 202166.582004763 3000.0
214000.0 215000.0 592393.0541545148 0.0
215000.0 216000.0 265700.20966346934 3000.0
216000.0 217000.0 504661.674985918 0.0
217000.0 218000.0 259910.5747442778 3000.0
218000.0 219000.0 529565.8910620838 0.0
219000.0 220000.0 541533.2246525779 3000.0
220000.0 221000.0 308913.74508630263 0.0
221000.0 222000.0 403283.3260517917 3000.0
222000.0 223000.0 433881.7596380073 0.0
223000.0 224000.0 435186.15161456005 3000.0
224000.0 225000.0 452917.3368641488 0.0
225000.0 226000.0 330677.04086971167 3000.0
226000.0 227000.0 443546.3017329505 0.0
227000.0 228000.0 328909.7873231041 3000.0
228000.0 229000.0 503069.9489132198 3000.0
229000.0 230000.0 341050.22514978703 0.0
230000.0 231000.0 354461.7791282345 0.0
231000.0 232000.0 329826.6762981259 3000.0
232000.0 233000.0 569792.9462361082 3000.0
233000.0 234000.0 316306.57930691005 0.0
234000.0 235000.0 570824.9517002702 3000.0
235000.0 236000.0 460527.8289828496 0.0
236000.0 237000.0 249554.5901866071 3000.0
237000.0 238000.0 471741.9854352111 0.0
238000.0 239000.0 282441.42526530765 3000.0
239000.0 240000.0 460577.6698763156 0.0
240000.0 241000.0 294374.3759141686 3000.0
241000.0 242000.0 485647.24730600236 0.0
242000.0 243000.0 213555.89358169213 0.0
243000.0 244000.0 439910.52885097417 3000.0
244000.0 245000.0 492731.43853004964 3000.0
245000.0 246000.0 395213.45914299693 0.0
246000.0 247000.0 609977.7608460985 3000.0
247000.0 248000.0 479304.77820935997 0.0
248000.0 249000.0 527303.2065319344 3000.0
249000.0 250000.0 251405.73645587615 0.0
250000.0 251000.0 381520.3047256513 3000.0
251000.0 252000.0 364048.50049433997 0.0
252000.0 253000.0 492244.72454075835 3000.0
253000.0 254000.0 285400.63560523884 0.0
254000.0 255000.0 365973.16659968835 3000.0
255000.0 256000.0 586645.6712543585 3000.0
256000.0 257000.0 514255.6012773678 0.0
257000.0 258000.0 330118.2674183888 3000.0
258000.0 259000.0 488913.4753683457 0.0
259000.0 260000.0 240500.12629683854 3000.0
260000.0 261000.0 486601.20781807916 0.0
261000.0 262000.0 364118.1972601909 3000.0
262000.0 263000.0 493391.4765658364 0.0
263000.0 264000.0 286922.9407446278 3000.0
264000.0 265000.0 490199.4099120366 0.0
265000.0 266000.0 286144.43255848595 3000.0
266000.0 267000.0 575968.2943020493 0.0
267000.0 268000.0 502362.8932530092 3000.0
268000.0 269000.0 320513.7654374187 0.0
269000.0 270000.0 379291.4511393555 3000.0
270000.0 271000.0 348876.9412560981 0.0
271000.0 272000.0 463292.67798354104 3000.0
272000.0 273000.0 324722.4260982445 0.0
273000.0 274000.0 388257.3292986732 3000.0
274000.0 275000.0 527899.4642975125 3000.0
275000.0 276000.0 517910.4363394029 0.0
276000.0 277000.0 313722.00752861344 3000.0
277000.0 278000.0 468159.1055812676 0.0
278000.0 279000.0 311605.5408399672 3000.0
279000.0 280000.0 387487.0184331695 0.0
280000.0 281000.0 360460.5995238707 3000.0
281000.0 282000.0 373847.1150969344 0.0
282000.0 283000.0 461015.69774846284 3000.0
283000.0 284000.0 475381.33829192887 0.0
284000.0 285000.0 313548.2506292612 3000.0
285000.0 286000.0 508452.8427432269 0.0
286000.0 287000.0 515705.28496121895 3000.0
287000.0 288000.0 419269.98475706636 0.0
288000.0 289000.0 133941.90128891214 3000.0
289000.0 290000.0 440520.1512808381 0.0
290000.0 291000.0 250770.6802112643 3000.0
291000.0 292000.0 524647.8789794085 0.0
292000.0 293000.0 539636.6107177294 3000.0
293000.0 294000.0 383320.98328205966 0.0
294000.0 295000.0 449653.8842078517 3000.0
295000.0 296000.0 489505.58771105984 3000.0
296000.0 297000.0 555667.0861440623 0.0
297000.0 298000.0 160070.72362899827 0.0
298000.0 299000.0 394037.41997014126 3000.0
299000.0 300000.0 321890.58002985874 0.0
300000.0 301000.0 0.0 0.0
