ts te s_bytes_all avg_video_rate
0.0 1000.0 0.0 0.0
1000.0 2000.0 0.0 0.0
2000.0 3000.0 0.0 0.0
3000.0 4000.0 0.0 0.0
4000.0 5000.0 0.0 0.0
5000.0 6000.0 0.0 0.0
6000.0 7000.0 0.0 0.0
7000.0 8000.0 0.0 0.0
8000.0 9000.0 0.0 0.0
9000.0 10000.0 51950.55036655228 1500.0
10000.0 11000.0 58800.71970908797 0.0
11000.0 12000.0 115553.86053113373 692.0
12000.0 13000.0 189833.968407308 288.0
13000.0 14000.0 224834.34124831256 288.0
14000.0 15000.0 164514.9677332012 288.0
15000.0 16000.0 180095.392171585 288.0
16000.0 17000.0 94707.55247139471 0.0
17000.0 18000.0 23171.434899264677 0.0
18000.0 19000.0 4837.242951287458 0.0
19000.0 20000.0 8374.626682133565 0.0
20000.0 21000.0 25638.207071575136 288.0
21000.0 22000.0 125828.595205718 288.0
22000.0 23000.0 233442.46321479994 288.0
23000.0 24000.0 193567.02464842852 0.0
24000.0 25000.0 89339.26433327163 288.0
25000.0 26000.0 100961.21370621322 288.0
26000.0 27000.0 65971.5746487324 0.0
27000.0 28000.0 14244.510684063811 1500.0
28000.0 29000.0 156864.75774925877 0.0
29000.0 30000.0 335566.5203515843 0.0
30000.0 31000.0 202700.23759168628 1500.0
31000.0 32000.0 248758.24542774464 0.0
32000.0 33000.0 208103.6850524569 1500.0
33000.0 34000.0 257508.3802236506 0.0
34000.0 35000.0 124010.64868498259 1500.0
35000.0 36000.0 120839.5767543235 0.0
36000.0 37000.0 122743.6497202527 0.0
37000.0 38000.0 226574.92027602298 480.0
38000.0 39000.0 147643.80124660576 480.0
39000.0 40000.0 207103.91555814093 480.0
40000.0 41000.0 147666.63515791416 480.0
41000.0 42000.0 248296.71705663038 840.0
42000.0 43000.0 144608.7984646817 0.0
43000.0 44000.0 0.0 0.0
44000.0 45000.0 117137.69465710109 840.0
45000.0 46000.0 285863.718789781 840.0
46000.0 47000.0 35053.86894394719 840.0
47000.0 48000.0 216436.71760917074 0.0
48000.0 49000.0 216843.11193381957 840.0
49000.0 50000.0 22922.345502052158 0.0
50000.0 51000.0 249929.0803230374 1500.0
51000.0 52000.0 237667.63896991283 1500.0
52000.0 53000.0 337743.2024576005 0.0
53000.0 54000.0 80500.62081357751 0.0
54000.0 55000.0 261076.8072189243 1500.0
55000.0 56000.0 187985.57535312403 2300.0
56000.0 57000.0 472424.43218681094 0.0
57000.0 58000.0 243192.126572618 2300.0
58000.0 59000.0 394415.241858716 0.0
59000.0 60000.0 242974.90018527862 2300.0
60000.0 61000.0 429200.97080915177 0.0
61000.0 62000.0 314986.9086056785 2300.0
62000.0 63000.0 347326.3398991537 0.0
63000.0 64000.0 245686.9494770488 2300.0
64000.0 65000.0 342350.371793594 0.0
65000.0 66000.0 301941.6306527662 2300.0
66000.0 67000.0 351480.8023509842 0.0
67000.0 68000.0 198287.9430361508 0.0
68000.0 69000.0 0.0 0.0
69000.0 70000.0 142213.13116293683 3000.0
70000.0 71000.0 454010.4800433036 0.0
71000.0 72000.0 530330.2694587635 3000.0
72000.0 73000.0 578189.0197933947 3000.0
73000.0 74000.0 498497.9270831235 0.0
74000.0 75000.0 456840.96552292793 3000.0
75000.0 76000.0 544367.4029841273 0.0
76000.0 77000.0 243952.1017217267 2300.0
77000.0 78000.0 406197.0078198716 2300.0
78000.0 79000.0 339374.35452113417 0.0
79000.0 80000.0 336881.33988869016 2300.0
80000.0 81000.0 422131.76022663456 0.0
81000.0 82000.0 198213.27536542487 0.0
82000.0 83000.0 306619.39778357773 2300.0
83000.0 84000.0 314946.0832541369 0.0
84000.0 85000.0 3142.6445560089096 0.0
85000.0 86000.0 6319.838814217049 0.0
86000.0 87000.0 263149.6274908197 840.0
87000.0 88000.0 381755.9293591744 840.0
88000.0 89000.0 84456.44315000589 0.0
89000.0 90000.0 190793.73101891894 840.0
90000.0 91000.0 89236.26898108106 0.0
91000.0 92000.0 187313.62033795015 2300.0
92000.0 93000.0 376889.8975303876 0.0
93000.0 94000.0 209420.30059129745 2300.0
94000.0 95000.0 495520.3438249392 0.0
95000.0 96000.0 418038.4766233689 2300.0
96000.0 97000.0 461135.93409776094 2300.0
97000.0 98000.0 319131.5113542795 0.0
98000.0 99000.0 273854.672339502 3000.0
99000.0 100000.0 538159.5070276911 0.0
100000.0 101000.0 365660.7120184659 3000.0
101000.0 102000.0 357351.25078974763 0.0
102000.0 103000.0 186372.44261010186 3000.0
103000.0 104000.0 405190.82583423116 0.0
104000.0 105000.0 501158.5185031465 3000.0
105000.0 106000.0 488813.30166293285 0.0
106000.0 107000.0 374511.9951163612 3000.0
107000.0 108000.0 432359.36648355843 3000.0
108000.0 109000.0 426448.7184857453 0.0
109000.0 110000.0 367301.4620632066 3000.0
110000.0 111000.0 443732.1450954761 0.0
111000.0 112000.0 455596.4156176298 3000.0
112000.0 113000.0 459793.4870937343 0.0
113000.0 114000.0 437662.09489848546 3000.0
114000.0 115000.0 282331.14340078796 0.0
115000.0 116000.0 577258.7460273842 0.0
116000.0 117000.0 360325.2662098034 3000.0
117000.0 118000.0 403842.7590686537 3000.0
118000.0 119000.0 384617.67613122036 0.0
119000.0 120000.0 348328.43750383705 3000.0
120000.0 121000.0 324112.4911561545 0.0
121000.0 122000.0 512017.32741945307 0.0
122000.0 123000.0 286345.31062503066 3000.0
123000.0 124000.0 435264.79842854774 0.0
124000.0 125000.0 354782.3107351073 3000.0
125000.0 126000.0 473572.727665892 0.0
126000.0 127000.0 565230.3427792575 3000.0
127000.0 128000.0 277286.0212936224 0.0
128000.0 129000.0 77943.12595765124 0.0
129000.0 130000.0 265145.28568658256 288.0
130000.0 131000.0 53533.229911014605 0.0
131000.0 132000.0 96565.74060780345 288.0
132000.0 133000.0 10743.259392196538 0.0
133000.0 134000.0 104637.39539175939 840.0
134000.0 135000.0 154721.7654150602 0.0
135000.0 136000.0 146309.67700590796 1500.0
136000.0 137000.0 250489.9786802585 0.0
137000.0 138000.0 143346.7557273036 1500.0
138000.0 139000.0 278556.3855278497 0.0
139000.0 140000.0 142766.18614838054 1500.0
140000.0 141000.0 281985.1079113535 0.0
141000.0 142000.0 132805.28324593336 1500.0
142000.0 143000.0 292507.4649461932 0.0
143000.0 144000.0 121396.12748313136 2300.0
144000.0 145000.0 379670.8981878432 0.0
145000.0 146000.0 674635.8661509705 2300.0
146000.0 147000.0 327488.42951814947 2300.0
147000.0 148000.0 536495.4643809588 3000.0
148000.0 149000.0 250697.10313463403 0.0
149000.0 150000.0 403221.359558427 2300.0
150000.0 151000.0 254592.03525519848 0.0
151000.0 152000.0 460748.5220256053 2300.0
152000.0 153000.0 409261.00979642046 0.0
153000.0 154000.0 331397.119778224 2300.0
154000.0 155000.0 343160.8246792473 0.0
155000.0 156000.0 202435.92333272638 1500.0
156000.0 157000.0 210408.25428985123 288.0
157000.0 158000.0 261558.13638955835 288.0
158000.0 159000.0 278378.5770788272 288.0
159000.0 160000.0 47134.34896022689 0.0
160000.0 161000.0 3986.8538446444745 0.0
161000.0 162000.0 34930.14615535553 0.0
162000.0 163000.0 0.0 0.0
163000.0 164000.0 173521.0 288.0
164000.0 165000.0 119844.70319859928 288.0
165000.0 166000.0 26370.29680140073 0.0
166000.0 167000.0 1400.0 0.0
167000.0 168000.0 50608.385413741395 0.0
168000.0 169000.0 59510.6145862586 288.0
169000.0 170000.0 4309.0 0.0
170000.0 171000.0 1400.0 0.0
171000.0 172000.0 2645.2981690961133 0.0
172000.0 173000.0 104746.35738070146 288.0
173000.0 174000.0 226362.52187664135 288.0
174000.0 175000.0 177800.45834936315 288.0
175000.0 176000.0 7572.364224197944 0.0
176000.0 177000.0 5600.0 0.0
177000.0 178000.0 7108.0 0.0
178000.0 179000.0 20703.9481999195 288.0
179000.0 180000.0 195364.70606166153 288.0
180000.0 181000.0 28168.345738418964 0.0
181000.0 182000.0 5715.0 0.0
182000.0 183000.0 1214.8893022990617 0.0
183000.0 184000.0 4492.1106977009385 0.0
184000.0 185000.0 2426.0776582473422 0.0
185000.0 186000.0 3803.91022958733 0.0
186000.0 187000.0 6098.974290405422 288.0
187000.0 188000.0 294414.20338049775 288.0
188000.0 189000.0 304332.8344412621 288.0
189000.0 190000.0 101424.0 288.0
190000.0 191000.0 0.0 0.0
191000.0 192000.0 214249.253218768 1500.0
192000.0 193000.0 310254.88860808074 1500.0
193000.0 194000.0 406710.85817315127 0.0
194000.0 195000.0 0.0 0.0
195000.0 196000.0 161228.09014474897 2300.0
196000.0 197000.0 487264.81501203217 2300.0
197000.0 198000.0 474863.43839778454 0.0
198000.0 199000.0 133209.22625200145 2300.0
199000.0 200000.0 395051.4486745266 0.0
200000.0 201000.0 181545.1054131364 2300.0
201000.0 202000.0 525759.3316059569 0.0
202000.0 203000.0 181858.84619265425 2300.0
203000.0 204000.0 478195.4612070396 0.0
204000.0 205000.0 79989.17815583575 3000.0
205000.0 206000.0 511154.81496031873 0.0
206000.0 207000.0 246820.3984326513 3000.0
207000.0 208000.0 535454.4537623732 0.0
208000.0 209000.0 363619.28475732997 3000.0
209000.0 210000.0 227530.6535727734 0.0
210000.0 211000.0 244005.71250654248 3000.0
211000.0 212000.0 422586.45612832875 0.0
212000.0 213000.0 479054.50286035304 3000.0
213000.0 214000.0 459724.8340538858 0.0
214000.0 215000.0 272152.44410793006 3000.0
215000.0 216000.0 527536.547761607 0.0
216000.0 217000.0 378970.4133873644 3000.0
217000.0 218000.0 430289.69365963375 0.0
218000.0 219000.0 332020.52512731403 3000.0
219000.0 220000.0 390516.3163673848 0.0
220000.0 221000.0 54187.932234134365 0.0
221000.0 222000.0 35623.884172990875 288.0
222000.0 223000.0 210869.07099599938 288.0
223000.0 224000.0 131385.51716928085 288.0
224000.0 225000.0 62043.60292608742 0.0
225000.0 226000.0 147221.4692140519 1500.0
226000.0 227000.0 311201.5307859481 0.0
227000.0 228000.0 172876.38759721385 1500.0
228000.0 229000.0 291394.61240278615 0.0
229000.0 230000.0 292125.264557324 1500.0
230000.0 231000.0 86444.73544267603 0.0
231000.0 232000.0 291043.7780211449 1500.0
232000.0 233000.0 86298.22197885509 0.0
233000.0 234000.0 171090.79642252414 2300.0
234000.0 235000.0 425829.13448332064 0.0
235000.0 236000.0 278567.07248082245 2300.0
236000.0 237000.0 483496.36401588726 0.0
237000.0 238000.0 53082.92996694328 2300.0
238000.0 239000.0 374036.6593126857 0.0
239000.0 240000.0 551699.3846690226 2300.0
240000.0 241000.0 315917.9636521075 0.0
241000.0 242000.0 285189.1033954871 2300.0
242000.0 243000.0 337082.5916011992 0.0
243000.0 244000.0 210023.95777630797 2300.0
244000.0 245000.0 452614.02772054117 2300.0
245000.0 246000.0 487121.44958003605 0.0
246000.0 247000.0 87816.82853348927 2300.0
247000.0 248000.0 412704.8382913017 0.0
248000.0 249000.0 187570.73558233608 3000.0
249000.0 250000.0 441017.6188532425 0.0
250000.0 251000.0 422916.71966710704 3000.0
251000.0 252000.0 554197.5664083881 0.0
252000.0 253000.0 356288.35838958336 3000.0
253000.0 254000.0 468478.09786004655 0.0
254000.0 255000.0 349529.4677101501 3000.0
255000.0 256000.0 438845.4245474589 0.0
256000.0 257000.0 346060.4754563871 3000.0
257000.0 258000.0 440146.8273520996 0.0
258000.0 259000.0 328755.63278581604 3000.0
259000.0 260000.0 430046.94999945414 0.0
260000.0 261000.0 341179.89227860124 3000.0
261000.0 262000.0 479172.2840296288 0.0
262000.0 263000.0 378395.8842519913 3000.0
263000.0 264000.0 447723.04597765533 0.0
264000.0 265000.0 279876.487020782 3000.0
265000.0 266000.0 413877.0814285195 0.0
266000.0 267000.0 282504.0841824381 3000.0
267000.0 268000.0 636744.1059931936 3000.0
268000.0 269000.0 483589.96717008576 0.0
269000.0 270000.0 412969.25066143146 3000.0
270000.0 271000.0 355195.6107666452 0.0
271000.0 272000.0 540901.2635623831 3000.0
272000.0 273000.0 378032.06435063854 0.0
273000.0 274000.0 360491.58200055046 3000.0
274000.0 275000.0 414741.34420119994 0.0
275000.0 276000.0 386539.7733754631 3000.0
276000.0 277000.0 436816.86718523526 0.0
277000.0 278000.0 218349.14097983486 3000.0
278000.0 279000.0 427854.4148086327 0.0
279000.0 280000.0 381134.38025071437 3000.0
280000.0 281000.0 545826.1647286153 0.0
281000.0 282000.0 252383.4025738982 3000.0
282000.0 283000.0 395179.5984564497 0.0
283000.0 284000.0 412566.0921408854 3000.0
284000.0 285000.0 454512.14688717516 0.0
285000.0 286000.0 420512.52966834593 3000.0
286000.0 287000.0 354074.6077296805 0.0
287000.0 288000.0 441502.5070502998 3000.0
288000.0 289000.0 350186.8445504239 0.0
289000.0 290000.0 401870.242014877 3000.0
290000.0 291000.0 511955.1725908221 3000.0
291000.0 292000.0 540003.0864682349 0.0
292000.0 293000.0 221766.80682598133 3000.0
293000.0 294000.0 515200.8497963536 0.0
294000.0 295000.0 255588.83019590864 3000.0
295000.0 296000.0 518762.0017256894 0.0
296000.0 297000.0 279781.642156854 3000.0
297000.0 298000.0 475558.6793709214 0.0
298000.0 299000.0 301114.2940792138 0.0
299000.0 300000.0 144763.66034694415 3000.0
