ts te s_bytes_all avg_video_rate
0.0 1000.0 0.0 0.0
1000.0 2000.0 0.0 0.0
2000.0 3000.0 0.0 0.0
3000.0 4000.0 0.0 0.0
4000.0 5000.0 0.0 0.0
5000.0 6000.0 210638.73051238924 1500.0
6000.0 7000.0 337459.28937359055 1500.0
7000.0 8000.0 382759.09724064474 1500.0
8000.0 9000.0 376167.1087104486 1500.0
9000.0 10000.0 483345.30506463075 1500.0
10000.0 11000.0 290267.5023459703 1500.0
11000.0 12000.0 466889.9725066076 1500.0
12000.0 13000.0 634677.5819800186 1500.0
13000.0 14000.0 310491.4122656996 1500.0
14000.0 15000.0 494897.9280739834 1500.0
15000.0 16000.0 426442.13840778 1500.0
16000.0 17000.0 375181.7549179875 1500.0
17000.0 18000.0 549105.8038115667 1500.0
18000.0 19000.0 46248.37478868249 0.0
19000.0 20000.0 167306.5245620516 3000.0
20000.0 21000.0 454859.4106106577 0.0
21000.0 22000.0 446770.40459256567 3000.0
22000.0 23000.0 489948.26691640605 0.0
23000.0 24000.0 330851.73111648194 3000.0
24000.0 25000.0 371933.7440833729 0.0
25000.0 26000.0 214052.91811846415 0.0
26000.0 27000.0 0.0 0.0
27000.0 28000.0 128531.46302334164 1500.0
28000.0 29000.0 360028.6854184277 1500.0
29000.0 30000.0 339131.61684957054 1500.0
30000.0 31000.0 358522.23470866017 0.0
31000.0 32000.0 138733.99747242383 1500.0
32000.0 33000.0 242826.90829189745 0.0
33000.0 34000.0 186964.37137485453 1500.0
34000.0 35000.0 233599.72286082423 0.0
35000.0 36000.0 145665.5598224287 1500.0
36000.0 37000.0 278007.0315230064 0.0
37000.0 38000.0 128303.22855434343 1500.0
38000.0 39000.0 255024.89484170516 0.0
39000.0 40000.0 126266.06961351958 1500.0
40000.0 41000.0 263564.2156449968 0.0
41000.0 42000.0 0.0 0.0
42000.0 43000.0 276997.50108452264 1500.0
43000.0 44000.0 414484.2814718952 1500.0
44000.0 45000.0 94390.21744358212 0.0
45000.0 46000.0 140359.74463725497 1500.0
46000.0 47000.0 295824.255362745 0.0
47000.0 48000.0 102360.3643097439 1500.0
48000.0 49000.0 211945.22655691666 0.0
49000.0 50000.0 205227.30664685857 1500.0
50000.0 51000.0 425040.3735844697 1500.0
51000.0 52000.0 234619.37967362622 1500.0
52000.0 53000.0 410235.34922838485 0.0
53000.0 54000.0 170754.86494418498 1500.0
54000.0 55000.0 201013.13505581502 0.0
55000.0 56000.0 193839.42985284058 3000.0
56000.0 57000.0 411093.8398323825 0.0
57000.0 58000.0 265612.7303147769 3000.0
58000.0 59000.0 0.0 0.0
59000.0 60000.0 551627.7630108484 0.0
60000.0 61000.0 531243.0757507405 2300.0
61000.0 62000.0 334735.83374890534 1500.0
62000.0 63000.0 298109.32748950564 0.0
63000.0 64000.0 129653.2396367706 1500.0
64000.0 65000.0 231762.77170227602 0.0
65000.0 66000.0 207825.50807400586 1500.0
66000.0 67000.0 254378.48058694755 0.0
67000.0 68000.0 149252.54855118177 1500.0
68000.0 69000.0 249207.64205195996 0.0
69000.0 70000.0 161762.37795024907 1500.0
70000.0 71000.0 238989.9237859006 0.0
71000.0 72000.0 185226.56554110258 1500.0
72000.0 73000.0 254570.94211960607 0.0
73000.0 74000.0 128752.34942177426 1500.0
74000.0 75000.0 239581.6505782257 0.0
75000.0 76000.0 121341.18132597808 1500.0
76000.0 77000.0 218709.06608940664 0.0
77000.0 78000.0 176842.71969305733 1500.0
78000.0 79000.0 240315.4004747309 0.0
79000.0 80000.0 165316.27520659743 1500.0
80000.0 81000.0 217348.35721022962 0.0
81000.0 82000.0 165350.4900634692 1500.0
82000.0 83000.0 247731.88884434808 0.0
83000.0 84000.0 159368.72897960825 1500.0
84000.0 85000.0 249586.83339455977 0.0
85000.0 86000.0 145620.14394586085 1500.0
86000.0 87000.0 234140.79195525488 0.0
87000.0 88000.0 121561.96575201808 1500.0
88000.0 89000.0 269198.89142596454 0.0
89000.0 90000.0 150730.85761718958 1500.0
90000.0 91000.0 279284.84270094876 0.0
91000.0 92000.0 31173.708486218708 1500.0
92000.0 93000.0 438475.85683455935 0.0
93000.0 94000.0 101790.53706762176 1500.0
94000.0 95000.0 309144.4629323782 0.0
95000.0 96000.0 132186.75591617337 1500.0
96000.0 97000.0 270440.2440838266 0.0
97000.0 98000.0 117573.3665833264 1500.0
98000.0 99000.0 274746.6334166736 0.0
99000.0 100000.0 141556.3420824094 1500.0
100000.0 101000.0 429358.3630137002 1500.0
101000.0 102000.0 303965.00905525166 1500.0
102000.0 103000.0 347042.28584863874 0.0
103000.0 104000.0 27192.556451144017 1500.0
104000.0 105000.0 370196.443548856 0.0
105000.0 106000.0 102586.07509807033 1500.0
106000.0 107000.0 224349.59339438964 0.0
107000.0 108000.0 208653.37916064163 1500.0
108000.0 109000.0 236091.547069523 0.0
109000.0 110000.0 181720.48688388822 1500.0
110000.0 111000.0 250782.91839348717 0.0
111000.0 112000.0 153605.0046874637 1500.0
112000.0 113000.0 244825.0110183015 0.0
113000.0 114000.0 146223.3881254938 1500.0
114000.0 115000.0 232154.80741391215 0.0
115000.0 116000.0 104891.635934299 1500.0
116000.0 117000.0 317793.1528205298 0.0
117000.0 118000.0 168943.82522215566 1500.0
118000.0 119000.0 258500.5249865568 0.0
119000.0 120000.0 134943.94570792757 1500.0
120000.0 121000.0 383547.40252065804 1500.0
121000.0 122000.0 211382.301562702 0.0
122000.0 123000.0 196708.49122075023 1500.0
123000.0 124000.0 344686.7117831081 1500.0
124000.0 125000.0 262950.79699614167 0.0
125000.0 126000.0 175020.5716945492 3000.0
126000.0 127000.0 419669.7420064799 0.0
127000.0 128000.0 375566.9262065019 3000.0
128000.0 129000.0 366750.23522789055 0.0
129000.0 130000.0 455968.1770457624 3000.0
130000.0 131000.0 407066.77268899605 0.0
131000.0 132000.0 307439.52549769555 3000.0
132000.0 133000.0 383718.2274847045 0.0
133000.0 134000.0 399781.4177024307 3000.0
134000.0 135000.0 346124.4035165582 0.0
135000.0 136000.0 157605.0009284311 0.0
136000.0 137000.0 0.0 0.0
137000.0 138000.0 179305.40794402012 3000.0
138000.0 139000.0 450138.9408678523 0.0
139000.0 140000.0 474090.55876802007 1500.0
140000.0 141000.0 369876.52889531595 1500.0
141000.0 142000.0 303106.7303956423 1500.0
142000.0 143000.0 234423.83312914928 0.0
143000.0 144000.0 120468.42994478233 3000.0
144000.0 145000.0 355137.33107091015 0.0
145000.0 146000.0 363840.2389843075 3000.0
146000.0 147000.0 536714.1576620281 0.0
147000.0 148000.0 200015.8423379719 0.0
148000.0 149000.0 0.0 0.0
149000.0 150000.0 164720.54142035628 3000.0
150000.0 151000.0 403077.82456928235 0.0
151000.0 152000.0 645038.6902361698 2300.0
152000.0 153000.0 448473.53500098106 2300.0
153000.0 154000.0 567714.6043524676 2300.0
154000.0 155000.0 344001.4985121933 0.0
155000.0 156000.0 217611.39831962346 2300.0
156000.0 157000.0 329652.6850711563 0.0
157000.0 158000.0 301260.14565727656 2300.0
158000.0 159000.0 320837.45876587153 0.0
159000.0 160000.0 294201.1286126129 2300.0
160000.0 161000.0 354478.34111838473 0.0
161000.0 162000.0 197226.49063608804 2300.0
162000.0 163000.0 287741.62201831077 0.0
163000.0 164000.0 216811.5426678087 2300.0
164000.0 165000.0 554040.3234955535 0.0
165000.0 166000.0 87840.77728861074 2300.0
166000.0 167000.0 544809.8635868236 0.0
167000.0 168000.0 10434.088207010394 2300.0
168000.0 169000.0 577140.7465965691 2300.0
169000.0 170000.0 556729.6227113652 0.0
170000.0 171000.0 99406.07115548418 0.0
171000.0 172000.0 138927.40822000083 2300.0
172000.0 173000.0 310613.1053913954 0.0
173000.0 174000.0 324096.645007951 2300.0
174000.0 175000.0 380374.7372629057 0.0
175000.0 176000.0 210657.5094635515 2300.0
176000.0 177000.0 367266.37582778936 0.0
177000.0 178000.0 255095.80918108078 2300.0
178000.0 179000.0 359119.25388697203 0.0
179000.0 180000.0 235169.74709973182 2300.0
180000.0 181000.0 374175.24362206843 0.0
181000.0 182000.0 267857.5338319046 2300.0
182000.0 183000.0 364398.98936681036 0.0
183000.0 184000.0 127917.7540021677 2300.0
184000.0 185000.0 583217.8001569011 0.0
185000.0 186000.0 13451.539577911117 2300.0
186000.0 187000.0 556790.2409163879 0.0
187000.0 188000.0 143434.24807071578 2300.0
188000.0 189000.0 581936.175039721 0.0
189000.0 190000.0 11783.40132793445 2300.0
190000.0 191000.0 472487.43506547925 0.0
191000.0 192000.0 220546.82822737502 2300.0
192000.0 193000.0 474928.4366610996 0.0
193000.0 194000.0 187278.28782030733 2300.0
194000.0 195000.0 320770.59315621376 0.0
195000.0 196000.0 264939.26684746507 2300.0
196000.0 197000.0 400734.1653950029 2300.0
197000.0 198000.0 451798.54328435246 0.0
198000.0 199000.0 470796.2153904202 2300.0
199000.0 200000.0 410366.8470591688 2300.0
200000.0 201000.0 459268.86383921455 0.0
201000.0 202000.0 129484.32069534532 2300.0
202000.0 203000.0 338994.8751928186 0.0
203000.0 204000.0 307114.8874438701 2300.0
204000.0 205000.0 312785.6978390734 0.0
205000.0 206000.0 278821.7381939821 2300.0
206000.0 207000.0 352090.7927536981 0.0
207000.0 208000.0 233220.23159175826 2300.0
208000.0 209000.0 380031.7492205277 0.0
209000.0 210000.0 217439.1678650074 2300.0
210000.0 211000.0 351135.1837869598 0.0
211000.0 212000.0 179812.06897595068 2300.0
212000.0 213000.0 517288.09950267785 0.0
213000.0 214000.0 25389.583458489713 2300.0
214000.0 215000.0 563273.0569232113 0.0
215000.0 216000.0 35056.71440758023 2300.0
216000.0 217000.0 509304.2033011229 0.0
217000.0 218000.0 102355.26385813007 2300.0
218000.0 219000.0 493278.7538733232 0.0
219000.0 220000.0 141216.22107355396 2300.0
220000.0 221000.0 482635.52585010906 0.0
221000.0 222000.0 172670.7263210967 2300.0
222000.0 223000.0 316522.9963537326 0.0
223000.0 224000.0 179658.14151798093 0.0
224000.0 225000.0 0.0 0.0
225000.0 226000.0 4313.0 0.0
226000.0 227000.0 0.0 0.0
227000.0 228000.0 2913.0 0.0
228000.0 229000.0 4661.525378312085 2300.0
229000.0 230000.0 416465.94775021006 0.0
230000.0 231000.0 552625.2418102447 2300.0
231000.0 232000.0 585730.4840708643 2300.0
232000.0 233000.0 597799.6647111572 2300.0
233000.0 234000.0 522324.6197151068 2300.0
234000.0 235000.0 424816.4333041341 2300.0
235000.0 236000.0 537917.5113130457 0.0
236000.0 237000.0 370732.4159595369 2300.0
237000.0 238000.0 322262.79341043526 2300.0
238000.0 239000.0 288685.458293197 0.0
239000.0 240000.0 316391.5380514993 2300.0
240000.0 241000.0 338279.118118576 0.0
241000.0 242000.0 179022.12871359364 0.0
242000.0 243000.0 232372.3132526953 2300.0
243000.0 244000.0 471168.88032839267 2300.0
244000.0 245000.0 509988.8153452319 2300.0
245000.0 246000.0 599089.9138354443 2300.0
246000.0 247000.0 471652.3559158145 0.0
247000.0 248000.0 126366.44378452064 2300.0
248000.0 249000.0 472155.3969379876 0.0
249000.0 250000.0 142560.60356655312 2300.0
250000.0 251000.0 359954.0208788115 0.0
251000.0 252000.0 335049.0689074492 2300.0
252000.0 253000.0 329061.3098828785 0.0
253000.0 254000.0 260547.64910699578 2300.0
254000.0 255000.0 319537.61901765113 0.0
255000.0 256000.0 263797.1991884083 2300.0
256000.0 257000.0 334232.8040090807 0.0
257000.0 258000.0 323349.65259259444 2300.0
258000.0 259000.0 394559.8740462908 0.0
259000.0 260000.0 178813.01613494824 2300.0
260000.0 261000.0 348388.5282482074 0.0
261000.0 262000.0 369720.15664914344 2300.0
262000.0 263000.0 393311.6674701006 0.0
263000.0 264000.0 74441.72035348746 2300.0
264000.0 265000.0 647647.6174185218 0.0
265000.0 266000.0 120291.54513808468 2300.0
266000.0 267000.0 581259.8320470077 0.0
267000.0 268000.0 73413.89149448638 2300.0
268000.0 269000.0 589580.7992280495 0.0
269000.0 270000.0 57964.09082730881 2300.0
270000.0 271000.0 615442.2499973563 0.0
271000.0 272000.0 18224.483592344746 2300.0
272000.0 273000.0 590993.0416839938 0.0
273000.0 274000.0 70593.4570262593 2300.0
274000.0 275000.0 583907.8639298691 0.0
275000.0 276000.0 133926.72951170828 2300.0
276000.0 277000.0 524547.5080524089 0.0
277000.0 278000.0 131037.83346625589 2300.0
278000.0 279000.0 313022.3630126383 0.0
279000.0 280000.0 334724.2672980531 2300.0
280000.0 281000.0 519798.01394563005 0.0
281000.0 282000.0 86046.45512216861 2300.0
282000.0 283000.0 330420.2983680934 0.0
283000.0 284000.0 406349.1632347031 2300.0
284000.0 285000.0 375913.3086401869 0.0
285000.0 286000.0 137169.70989522862 2300.0
286000.0 287000.0 379448.76106970926 0.0
287000.0 288000.0 331968.621449891 2300.0
288000.0 289000.0 294194.1475007679 0.0
289000.0 290000.0 295239.1085655385 2300.0
290000.0 291000.0 343244.2884328018 2300.0
291000.0 292000.0 624996.0850592091 0.0
292000.0 293000.0 405565.29061868275 2300.0
293000.0 294000.0 478272.22402320517 2300.0
294000.0 295000.0 320536.3220335789 0.0
295000.0 296000.0 266083.8730277872 2300.0
296000.0 297000.0 333719.235659641 0.0
297000.0 298000.0 300275.70217861835 2300.0
298000.0 299000.0 339987.91371176386 0.0
299000.0 300000.0 235857.29066751405 2300.0
300000.0 301000.0 248404.72301833326 0.0
