ts te s_bytes_all avg_video_rate
0.0 1000.0 0.0 0.0
1000.0 2000.0 0.0 0.0
2000.0 3000.0 0.0 0.0
3000.0 4000.0 0.0 0.0
4000.0 5000.0 0.0 0.0
5000.0 6000.0 0.0 0.0
6000.0 7000.0 0.0 0.0
7000.0 8000.0 204850.91422989752 1500.0
8000.0 9000.0 269909.856326809 1500.0
9000.0 10000.0 554117.7803785705 840.0
10000.0 11000.0 322206.307817912 840.0
11000.0 12000.0 410152.2331282618 840.0
12000.0 13000.0 442710.54406954744 840.0
13000.0 14000.0 474591.8399257947 840.0
14000.0 15000.0 323861.524123207 840.0
15000.0 16000.0 23845.965628738242 0.0
16000.0 17000.0 471857.0140594377 3000.0
17000.0 18000.0 394630.56487481843 3000.0
18000.0 19000.0 519541.8461081266 0.0
19000.0 20000.0 355890.02403190325 3000.0
20000.0 21000.0 382539.1317803606 0.0
21000.0 22000.0 384738.64003058366 3000.0
22000.0 23000.0 361698.6204914135 0.0
23000.0 24000.0 431900.73747874156 3000.0
24000.0 25000.0 358413.0280713391 0.0
25000.0 26000.0 330678.986287897 3000.0
26000.0 27000.0 362900.4323446159 0.0
27000.0 28000.0 342400.2706525815 3000.0
28000.0 29000.0 415221.8773139677 0.0
29000.0 30000.0 459842.37441913516 3000.0
30000.0 31000.0 393827.7535590738 0.0
31000.0 32000.0 395153.52300312545 3000.0
32000.0 33000.0 379116.4901619151 0.0
33000.0 34000.0 410291.3461113331 2300.0
34000.0 35000.0 208420.73272587042 0.0
35000.0 36000.0 245757.30537016597 2300.0
36000.0 37000.0 299021.4240411857 0.0
37000.0 38000.0 360840.5918043341 2300.0
38000.0 39000.0 253688.63847740166 0.0
39000.0 40000.0 159058.12636447418 2300.0
40000.0 41000.0 390832.33368043834 0.0
41000.0 42000.0 318168.2607539977 2300.0
42000.0 43000.0 438199.06265117467 0.0
43000.0 44000.0 219008.45107151105 2300.0
44000.0 45000.0 384269.4466503389 0.0
45000.0 46000.0 209502.43998508868 2300.0
46000.0 47000.0 257417.51252599695 0.0
47000.0 48000.0 367879.04483326466 2300.0
48000.0 49000.0 229998.8253153278 0.0
49000.0 50000.0 325137.8688679363 2300.0
50000.0 51000.0 465219.40316397627 2300.0
51000.0 52000.0 529036.6161915117 2300.0
52000.0 53000.0 406341.21816890175 0.0
53000.0 54000.0 397831.79720997345 2300.0
54000.0 55000.0 238312.82471935012 0.0
55000.0 56000.0 355545.01744613185 2300.0
56000.0 57000.0 360804.9760293262 0.0
57000.0 58000.0 203182.99363304887 2300.0
58000.0 59000.0 393609.40840743756 0.0
59000.0 60000.0 184328.93362271663 2300.0
60000.0 61000.0 424636.27351877117 0.0
61000.0 62000.0 218203.55528620002 2300.0
62000.0 63000.0 395898.1508007332 0.0
63000.0 64000.0 192738.69594786194 2300.0
64000.0 65000.0 354935.44432644476 0.0
65000.0 66000.0 201096.59044743935 2300.0
66000.0 67000.0 260666.20659345237 0.0
67000.0 68000.0 265857.89986571606 2300.0
68000.0 69000.0 222590.86578383838 0.0
69000.0 70000.0 364916.9497611101 2300.0
70000.0 71000.0 307258.4773189988 0.0
71000.0 72000.0 256905.2763329498 2300.0
72000.0 73000.0 319718.0830964471 0.0
73000.0 74000.0 260909.73768818832 2300.0
74000.0 75000.0 313027.36147099815 0.0
75000.0 76000.0 284279.48695263325 2300.0
76000.0 77000.0 429356.48082419 0.0
77000.0 78000.0 252240.43091445928 2300.0
78000.0 79000.0 325230.152949579 0.0
79000.0 80000.0 182565.39336403532 2300.0
80000.0 81000.0 333900.9694317733 0.0
81000.0 82000.0 387745.5826896621 2300.0
82000.0 83000.0 245292.33255954628 0.0
83000.0 84000.0 294843.02025111706 2300.0
84000.0 85000.0 242082.34348345848 0.0
85000.0 86000.0 267656.46456602914 2300.0
86000.0 87000.0 361179.25723227736 0.0
87000.0 88000.0 186731.040547988 2300.0
88000.0 89000.0 420696.595874113 0.0
89000.0 90000.0 261930.54815164517 2300.0
90000.0 91000.0 233868.53502795496 0.0
91000.0 92000.0 347002.85622046184 2300.0
92000.0 93000.0 288040.6039968367 0.0
93000.0 94000.0 184277.75993784482 2300.0
94000.0 95000.0 349452.9178388299 0.0
95000.0 96000.0 355998.454668568 2300.0
96000.0 97000.0 314436.3241578587 0.0
97000.0 98000.0 274587.93169375136 2300.0
98000.0 99000.0 262009.45820371836 0.0
99000.0 100000.0 336398.46264320624 2300.0
100000.0 101000.0 367953.39746311936 0.0
101000.0 102000.0 381358.6938668443 2300.0
102000.0 103000.0 404384.963364557 2300.0
103000.0 104000.0 498609.2080752022 0.0
104000.0 105000.0 416671.5671076465 2300.0
105000.0 106000.0 340599.18130983773 2300.0
106000.0 107000.0 368980.9359974307 0.0
107000.0 108000.0 196310.30968324086 2300.0
108000.0 109000.0 420175.60072022537 0.0
109000.0 110000.0 94881.97618066001 2300.0
110000.0 111000.0 471666.31369056 0.0
111000.0 112000.0 247740.4621350669 2300.0
112000.0 113000.0 207462.53786493308 0.0
113000.0 114000.0 262760.6933809242 2300.0
114000.0 115000.0 289743.238593305 0.0
115000.0 116000.0 374731.43879215803 2300.0
116000.0 117000.0 299448.9221951878 0.0
117000.0 118000.0 342928.13088286173 2300.0
118000.0 119000.0 328339.1445953169 0.0
119000.0 120000.0 345590.7209559281 2300.0
120000.0 121000.0 321838.7106043182 0.0
121000.0 122000.0 288627.08989979024 2300.0
122000.0 123000.0 198213.42366593616 0.0
123000.0 124000.0 295399.3404260779 2300.0
124000.0 125000.0 367853.1460081957 0.0
125000.0 126000.0 0.0 0.0
126000.0 127000.0 170606.58135762505 2300.0
127000.0 128000.0 346687.0206314407 2300.0
128000.0 129000.0 988276.6882469975 0.0
129000.0 130000.0 1540313.5683153984 2300.0
130000.0 131000.0 963610.1414485383 0.0
131000.0 132000.0 469594.761121224 2300.0
132000.0 133000.0 443739.238878776 0.0
133000.0 134000.0 252744.88735414605 2300.0
134000.0 135000.0 294087.112645854 0.0
135000.0 136000.0 261075.85197589584 2300.0
136000.0 137000.0 293562.9433028358 0.0
137000.0 138000.0 326453.4080875919 2300.0
138000.0 139000.0 216248.81216733658 0.0
139000.0 140000.0 273224.89784579165 2300.0
140000.0 141000.0 255437.80888090073 0.0
141000.0 142000.0 233366.05681797038 2300.0
142000.0 143000.0 330046.2209216772 0.0
143000.0 144000.0 302790.856972665 2300.0
144000.0 145000.0 301340.3495072387 0.0
145000.0 146000.0 369625.0238490536 2300.0
146000.0 147000.0 251119.80953801103 0.0
147000.0 148000.0 278093.17732474045 2300.0
148000.0 149000.0 385351.9450199484 2300.0
149000.0 150000.0 609701.1037185026 2300.0
150000.0 151000.0 413250.5462791447 0.0
151000.0 152000.0 355928.9227641587 2300.0
152000.0 153000.0 366075.37822953763 0.0
153000.0 154000.0 200975.60438863593 2300.0
154000.0 155000.0 398285.5177585026 0.0
155000.0 156000.0 111724.14019177984 2300.0
156000.0 157000.0 526658.9072985715 0.0
157000.0 158000.0 218224.2889211371 2300.0
158000.0 159000.0 542291.7040165275 0.0
159000.0 160000.0 11138.724221844563 0.0
160000.0 161000.0 0.0 0.0
161000.0 162000.0 272486.9740258945 2300.0
162000.0 163000.0 440337.3724323149 2300.0
163000.0 164000.0 569997.1222994077 2300.0
164000.0 165000.0 425212.204433002 0.0
165000.0 166000.0 286346.93151622626 2300.0
166000.0 167000.0 253730.65141004656 0.0
167000.0 168000.0 310342.5724948548 2300.0
168000.0 169000.0 241019.98595212266 0.0
169000.0 170000.0 332086.9631086374 2300.0
170000.0 171000.0 322613.17132862227 0.0
171000.0 172000.0 352993.54768641933 2300.0
172000.0 173000.0 287276.3084615174 0.0
173000.0 174000.0 275708.92290783644 2300.0
174000.0 175000.0 360828.8380600968 0.0
175000.0 176000.0 202954.94540124256 2300.0
176000.0 177000.0 382297.53257823887 0.0
177000.0 178000.0 221261.93218596885 2300.0
178000.0 179000.0 409646.4225422851 0.0
179000.0 180000.0 219226.73449714182 2300.0
180000.0 181000.0 343171.8666781237 0.0
181000.0 182000.0 288329.8395545429 2300.0
182000.0 183000.0 304781.1604454571 0.0
183000.0 184000.0 286813.04449400585 2300.0
184000.0 185000.0 180462.29506665684 0.0
185000.0 186000.0 228199.56050661724 2300.0
186000.0 187000.0 284229.4447925986 0.0
187000.0 188000.0 256820.1904036898 2300.0
188000.0 189000.0 338017.9858130897 2300.0
189000.0 190000.0 474509.1965721554 0.0
190000.0 191000.0 154835.2823511865 0.0
191000.0 192000.0 274490.43408531405 2300.0
192000.0 193000.0 255049.7005283414 0.0
193000.0 194000.0 326425.9868792651 2300.0
194000.0 195000.0 432596.70570124674 2300.0
195000.0 196000.0 616840.136856427 2300.0
196000.0 197000.0 327904.48115839536 0.0
197000.0 198000.0 403675.64535501495 2300.0
198000.0 199000.0 260876.0922334027 0.0
199000.0 200000.0 254882.01890199335 2300.0
200000.0 201000.0 406771.36016579374 0.0
201000.0 202000.0 151520.51258710545 2300.0
202000.0 203000.0 354542.8516716288 0.0
203000.0 204000.0 240016.20367007155 2300.0
204000.0 205000.0 390659.58439126576 0.0
205000.0 206000.0 133576.68947818162 2300.0
206000.0 207000.0 451879.59633655235 0.0
207000.0 208000.0 2106.0 0.0
208000.0 209000.0 0.0 0.0
209000.0 210000.0 0.0 0.0
210000.0 211000.0 82731.299722755 2300.0
211000.0 212000.0 406633.96978666395 2300.0
212000.0 213000.0 464285.21955450485 0.0
213000.0 214000.0 378277.5109360762 0.0
214000.0 215000.0 0.0 0.0
215000.0 216000.0 345575.0 2300.0
216000.0 217000.0 610098.1547417187 2300.0
217000.0 218000.0 262484.8452582814 0.0
218000.0 219000.0 65679.66050285893 0.0
219000.0 220000.0 331804.86731562286 2300.0
220000.0 221000.0 527131.9657601216 2300.0
221000.0 222000.0 569671.1682602965 2300.0
222000.0 223000.0 394863.372446829 2300.0
223000.0 224000.0 551282.051724279 0.0
224000.0 225000.0 453107.8847347811 2300.0
225000.0 226000.0 285229.25523079926 2300.0
226000.0 227000.0 341554.90922398673 0.0
227000.0 228000.0 317387.4821973234 2300.0
228000.0 229000.0 331832.69248818414 0.0
229000.0 230000.0 181528.56595016475 2300.0
230000.0 231000.0 189093.18347998464 0.0
231000.0 232000.0 235256.41973557073 0.0
232000.0 233000.0 407105.8721794031 2300.0
233000.0 234000.0 443923.2009642404 2300.0
234000.0 235000.0 359229.48825061833 0.0
235000.0 236000.0 221396.98491521605 2300.0
236000.0 237000.0 324663.73323986994 0.0
237000.0 238000.0 280973.4492837612 2300.0
238000.0 239000.0 469298.04950399406 0.0
239000.0 240000.0 221191.74345748505 2300.0
240000.0 241000.0 319935.9991546091 0.0
241000.0 242000.0 9891.012685050007 2300.0
242000.0 243000.0 252865.64176422628 0.0
243000.0 244000.0 322057.4441320531 2300.0
244000.0 245000.0 497878.52181693 0.0
245000.0 246000.0 368838.3343197144 2300.0
246000.0 247000.0 471930.6071200774 0.0
247000.0 248000.0 125933.39699660132 2300.0
248000.0 249000.0 470508.21273286233 0.0
249000.0 250000.0 238676.4329840251 2300.0
250000.0 251000.0 333964.39544846007 0.0
251000.0 252000.0 219317.31142951152 2300.0
252000.0 253000.0 290653.93157540885 0.0
253000.0 254000.0 306326.0116974437 2300.0
254000.0 255000.0 251040.37761405378 0.0
255000.0 256000.0 301038.3148678318 2300.0
256000.0 257000.0 402442.788470729 0.0
257000.0 258000.0 385425.9699683276 2300.0
258000.0 259000.0 236673.25965770558 0.0
259000.0 260000.0 312201.2809927111 2300.0
260000.0 261000.0 299590.77427490894 0.0
261000.0 262000.0 252317.0913548321 2300.0
262000.0 263000.0 240036.68938282097 0.0
263000.0 264000.0 322232.64681893506 2300.0
264000.0 265000.0 293476.40457759163 0.0
265000.0 266000.0 258131.15580524085 2300.0
266000.0 267000.0 423895.12276332465 0.0
267000.0 268000.0 201159.7197824226 2300.0
268000.0 269000.0 571187.556569434 2300.0
269000.0 270000.0 442869.97052688675 2300.0
270000.0 271000.0 373434.9156038843 0.0
271000.0 272000.0 367648.9687787729 2300.0
272000.0 273000.0 285233.87630760524 0.0
273000.0 274000.0 242271.5867424154 2300.0
274000.0 275000.0 260661.0409359782 0.0
275000.0 276000.0 460639.2638630318 2300.0
276000.0 277000.0 375041.05101621186 0.0
277000.0 278000.0 290354.28186944965 1500.0
278000.0 279000.0 219594.2210355201 0.0
279000.0 280000.0 264070.61084790376 1500.0
280000.0 281000.0 159278.26835385952 0.0
281000.0 282000.0 164603.0526278064 1500.0
282000.0 283000.0 237125.48388744032 0.0
283000.0 284000.0 259484.16285017369 1500.0
284000.0 285000.0 143063.6891786834 0.0
285000.0 286000.0 210084.16838244454 1500.0
286000.0 287000.0 189949.56624823136 0.0
287000.0 288000.0 296762.3367188395 1500.0
288000.0 289000.0 160786.07662162755 0.0
289000.0 290000.0 202807.46067477833 1500.0
290000.0 291000.0 168879.53932522165 0.0
291000.0 292000.0 188645.30211548155 1500.0
292000.0 293000.0 216251.69788451848 0.0
293000.0 294000.0 16538.01339204032 1500.0
294000.0 295000.0 352243.9252426313 0.0
295000.0 296000.0 46649.866519831114 0.0
296000.0 297000.0 103277.25288450845 1500.0
297000.0 298000.0 363202.8537908575 1500.0
298000.0 299000.0 320015.63655004685 0.0
299000.0 300000.0 138836.79750029888 1500.0
