ts te s_bytes_all avg_video_rate
0.0 1000.0 0.0 0.0
1000.0 2000.0 0.0 0.0
2000.0 3000.0 0.0 0.0
3000.0 4000.0 0.0 0.0
4000.0 5000.0 0.0 0.0
5000.0 6000.0 0.0 0.0
6000.0 7000.0 0.0 0.0
7000.0 8000.0 65872.67369009554 1500.0
8000.0 9000.0 461229.1992129734 0.0
9000.0 10000.0 168677.10770761454 1500.0
10000.0 11000.0 411611.0746198382 840.0
11000.0 12000.0 532571.7317111259 840.0
12000.0 13000.0 591455.1892122776 840.0
13000.0 14000.0 495097.4905892388 840.0
14000.0 15000.0 292512.5332568358 840.0
15000.0 16000.0 20099.096986351593 840.0
16000.0 17000.0 380842.8625015208 840.0
17000.0 18000.0 97906.9388040338 0.0
18000.0 19000.0 435253.7301108651 3000.0
19000.0 20000.0 480923.13134702155 0.0
20000.0 21000.0 600517.2051793493 3000.0
21000.0 22000.0 323522.9528897811 3000.0
22000.0 23000.0 457946.4175708597 0.0
23000.0 24000.0 222550.7551855368 0.0
24000.0 25000.0 406672.72536509135 3000.0
25000.0 26000.0 552124.047106675 3000.0
26000.0 27000.0 444565.5993637573 0.0
27000.0 28000.0 214367.283810168 0.0
28000.0 29000.0 512124.3061827759 3000.0
29000.0 30000.0 179749.94759621282 3000.0
30000.0 31000.0 744994.973082992 3000.0
31000.0 32000.0 180792.90899728102 0.0
32000.0 33000.0 467885.2313493565 3000.0
33000.0 34000.0 573063.2148519146 3000.0
34000.0 35000.0 489596.26914080756 0.0
35000.0 36000.0 578101.6950248767 3000.0
36000.0 37000.0 308580.70755277167 0.0
37000.0 38000.0 10287.818410199667 0.0
38000.0 39000.0 482073.68506260624 3000.0
39000.0 40000.0 256909.13319343445 2300.0
40000.0 41000.0 383087.1912617182 0.0
41000.0 42000.0 200563.17207204143 0.0
42000.0 43000.0 369302.3189374735 2300.0
43000.0 44000.0 490443.723882076 2300.0
44000.0 45000.0 524461.6867569584 2300.0
45000.0 46000.0 378686.29049585335 0.0
46000.0 47000.0 493816.6254840055 2300.0
47000.0 48000.0 170814.3259000156 0.0
48000.0 49000.0 1784.028543617657 0.0
49000.0 50000.0 17633.896496068086 2300.0
50000.0 51000.0 541730.5619307059 0.0
51000.0 52000.0 2880.5415732259053 0.0
52000.0 53000.0 32851.0 0.0
53000.0 54000.0 1112.0 0.0
54000.0 55000.0 2913.0 0.0
55000.0 56000.0 1399.9490848536916 2300.0
56000.0 57000.0 404978.4010653735 0.0
57000.0 58000.0 529279.5758559325 2300.0
58000.0 59000.0 444840.4612130099 2300.0
59000.0 60000.0 451115.9754165657 2300.0
60000.0 61000.0 426404.5330580047 0.0
61000.0 62000.0 582271.6013611766 2300.0
62000.0 63000.0 521766.31958994333 2300.0
63000.0 64000.0 569921.6061168115 2300.0
64000.0 65000.0 463768.05092276924 2300.0
65000.0 66000.0 309597.0824700673 2300.0
66000.0 67000.0 512509.8763008154 0.0
67000.0 68000.0 113857.5675446766 0.0
68000.0 69000.0 0.0 0.0
69000.0 70000.0 2915.0 0.0
70000.0 71000.0 450201.5040163435 2300.0
71000.0 72000.0 500308.9476138611 2300.0
72000.0 73000.0 519890.29449427675 2300.0
73000.0 74000.0 377246.413407369 0.0
74000.0 75000.0 514628.6305061659 2300.0
75000.0 76000.0 489489.36236206215 2300.0
76000.0 77000.0 174062.84759992163 0.0
77000.0 78000.0 33483.75997211297 2300.0
78000.0 79000.0 352052.18344805215 2300.0
79000.0 80000.0 517390.8296711701 2300.0
80000.0 81000.0 347080.2269086649 0.0
81000.0 82000.0 38611.07061030913 2300.0
82000.0 83000.0 388492.0963279895 0.0
83000.0 84000.0 176293.71550243118 0.0
84000.0 85000.0 412744.2014537181 2300.0
85000.0 86000.0 579230.2485508292 2300.0
86000.0 87000.0 215830.6675547228 0.0
87000.0 88000.0 33496.71375607339 0.0
88000.0 89000.0 353897.442214786 2300.0
89000.0 90000.0 528027.6989472857 2300.0
90000.0 91000.0 225962.14508185504 0.0
91000.0 92000.0 23297.552773459614 0.0
92000.0 93000.0 293137.80836667673 2300.0
93000.0 94000.0 526599.8878386813 2300.0
94000.0 95000.0 401548.00043657364 2300.0
95000.0 96000.0 568141.0961757122 0.0
96000.0 97000.0 28191.654408896375 0.0
97000.0 98000.0 36522.12392123305 2300.0
98000.0 99000.0 385423.3413358051 0.0
99000.0 100000.0 179712.5475318107 2300.0
100000.0 101000.0 319996.79758304206 0.0
101000.0 102000.0 315210.375587064 2300.0
102000.0 103000.0 477420.50937079656 0.0
103000.0 104000.0 517092.56471236685 2300.0
104000.0 105000.0 116418.73995788171 0.0
105000.0 106000.0 41277.57381830015 2300.0
106000.0 107000.0 393917.038694656 0.0
107000.0 108000.0 168277.70905548043 2300.0
108000.0 109000.0 438488.19429547276 0.0
109000.0 110000.0 562515.9794806555 2300.0
110000.0 111000.0 455250.88567815017 2300.0
111000.0 112000.0 331626.09795169893 0.0
112000.0 113000.0 306924.2071682967 2300.0
113000.0 114000.0 573952.4502896414 2300.0
114000.0 115000.0 372247.86356764793 0.0
115000.0 116000.0 9845.385012788302 0.0
116000.0 117000.0 349260.9569278109 2300.0
117000.0 118000.0 600064.355288582 2300.0
118000.0 119000.0 235146.30277081876 0.0
119000.0 120000.0 9219.252762424298 0.0
120000.0 121000.0 332931.7472375757 2300.0
121000.0 122000.0 534180.59481943 2300.0
122000.0 123000.0 352664.40518057003 0.0
123000.0 124000.0 0.0 0.0
124000.0 125000.0 275135.33460556983 1500.0
125000.0 126000.0 509966.97200706205 1500.0
126000.0 127000.0 415845.6933873681 1500.0
127000.0 128000.0 1136.481827106981 0.0
128000.0 129000.0 1775.5181728930188 0.0
129000.0 130000.0 8180.065834455698 0.0
130000.0 131000.0 486176.7363018313 3000.0
131000.0 132000.0 503421.05714022246 3000.0
132000.0 133000.0 524439.7934828928 0.0
133000.0 134000.0 531047.4171803908 3000.0
134000.0 135000.0 272560.93006020674 0.0
135000.0 136000.0 24277.073443761354 0.0
136000.0 137000.0 304319.7572732268 3000.0
137000.0 138000.0 613466.457152169 3000.0
138000.0 139000.0 404492.0496988114 0.0
139000.0 140000.0 199725.34129530325 0.0
140000.0 141000.0 412812.0251664552 3000.0
141000.0 142000.0 650970.3433257253 3000.0
142000.0 143000.0 398778.95264454774 0.0
143000.0 144000.0 48277.15440824808 3000.0
144000.0 145000.0 476220.7537047399 0.0
145000.0 146000.0 583939.3688945408 3000.0
146000.0 147000.0 423415.3778171953 3000.0
147000.0 148000.0 508320.56280237524 0.0
148000.0 149000.0 267998.78237290063 0.0
149000.0 150000.0 40279.45340849998 0.0
150000.0 151000.0 421465.4535061532 3000.0
151000.0 152000.0 625219.1971806107 3000.0
152000.0 153000.0 462408.799594203 0.0
153000.0 154000.0 78869.12662836397 2300.0
154000.0 155000.0 441383.95870990626 0.0
155000.0 156000.0 541417.938600613 2300.0
156000.0 157000.0 123848.07237164967 0.0
157000.0 158000.0 36903.33558353546 2300.0
158000.0 159000.0 397819.0494466278 0.0
159000.0 160000.0 458537.21516987204 2300.0
160000.0 161000.0 320890.3997999648 0.0
161000.0 162000.0 39156.85107580607 2300.0
162000.0 163000.0 504187.5543183243 2300.0
163000.0 164000.0 489731.8855148936 0.0
164000.0 165000.0 546311.8689703799 2300.0
165000.0 166000.0 227750.8855003106 0.0
166000.0 167000.0 459034.03935355856 2300.0
167000.0 168000.0 158846.91526672695 0.0
168000.0 169000.0 0.0 0.0
169000.0 170000.0 45307.49313712683 2300.0
170000.0 171000.0 455302.2807402938 0.0
171000.0 172000.0 553726.21245632 2300.0
172000.0 173000.0 525284.3772908589 2300.0
173000.0 174000.0 244978.41839484792 0.0
174000.0 175000.0 340064.88524374546 2300.0
175000.0 176000.0 349673.3327368071 0.0
176000.0 177000.0 491833.20894525154 2300.0
177000.0 178000.0 78405.71317302375 0.0
178000.0 179000.0 531399.8744468308 2300.0
179000.0 180000.0 519575.9397723366 0.0
180000.0 181000.0 227706.9884899525 2300.0
181000.0 182000.0 435851.4457608984 2300.0
182000.0 183000.0 312340.7863953602 2300.0
183000.0 184000.0 383703.04301634606 0.0
184000.0 185000.0 271314.6250961064 2300.0
185000.0 186000.0 306005.1053594176 0.0
186000.0 187000.0 452202.1931843275 2300.0
187000.0 188000.0 91362.07636014855 0.0
188000.0 189000.0 0.0 0.0
189000.0 190000.0 10040.211662667278 0.0
190000.0 191000.0 523881.5365701322 3000.0
191000.0 192000.0 585787.0708037353 2300.0
192000.0 193000.0 419325.5112959992 2300.0
193000.0 194000.0 472195.3929442307 2300.0
194000.0 195000.0 411040.0628561314 0.0
195000.0 196000.0 120262.50740385083 0.0
196000.0 197000.0 445891.74238256196 2300.0
197000.0 198000.0 128263.00974991967 0.0
198000.0 199000.0 426564.23806873796 3000.0
199000.0 200000.0 380872.2047358449 0.0
200000.0 201000.0 497306.7315768107 3000.0
201000.0 202000.0 233969.24175818902 0.0
202000.0 203000.0 479314.8439508612 3000.0
203000.0 204000.0 229408.56645344646 0.0
204000.0 205000.0 472973.3935286739 3000.0
205000.0 206000.0 373189.2793154438 0.0
206000.0 207000.0 400234.62672738225 3000.0
207000.0 208000.0 525606.8187193972 3000.0
208000.0 209000.0 457749.81005381566 0.0
209000.0 210000.0 114605.22830597644 0.0
210000.0 211000.0 483525.1905133625 3000.0
211000.0 212000.0 474881.590649002 3000.0
212000.0 213000.0 523990.9739841678 3000.0
213000.0 214000.0 583649.5769287837 0.0
214000.0 215000.0 543941.1831553106 3000.0
215000.0 216000.0 375872.10041808686 0.0
216000.0 217000.0 530737.2208115511 3000.0
217000.0 218000.0 265548.07396302145 0.0
218000.0 219000.0 464731.20457019197 3000.0
219000.0 220000.0 237288.44552141163 0.0
220000.0 221000.0 508751.08095488895 3000.0
221000.0 222000.0 286941.82280634815 0.0
222000.0 223000.0 437759.021365877 3000.0
223000.0 224000.0 329187.4854941881 0.0
224000.0 225000.0 0.0 0.0
225000.0 226000.0 9724.61252008035 0.0
226000.0 227000.0 465547.9144114907 3000.0
227000.0 228000.0 588817.8383774345 2300.0
228000.0 229000.0 510186.7569215372 2300.0
229000.0 230000.0 364095.22310834355 0.0
230000.0 231000.0 549699.8400100389 2300.0
231000.0 232000.0 109127.670704757 0.0
232000.0 233000.0 494458.3859173782 3000.0
233000.0 234000.0 298331.75802893966 0.0
234000.0 235000.0 537747.694388316 3000.0
235000.0 236000.0 263531.9862212674 0.0
236000.0 237000.0 390685.1046372425 3000.0
237000.0 238000.0 378415.21475317405 0.0
238000.0 239000.0 425277.5433527096 3000.0
239000.0 240000.0 325553.5589316377 0.0
240000.0 241000.0 358998.39970921277 3000.0
241000.0 242000.0 391445.30885024735 0.0
242000.0 243000.0 477986.9045579353 3000.0
243000.0 244000.0 396593.6729824792 0.0
244000.0 245000.0 216294.3528166763 840.0
245000.0 246000.0 93402.09613045909 840.0
246000.0 247000.0 273093.16266864276 840.0
247000.0 248000.0 1243.5626792556675 0.0
248000.0 249000.0 1670.4373207443325 0.0
249000.0 250000.0 23508.14533676704 0.0
250000.0 251000.0 442160.22378758417 840.0
251000.0 252000.0 33149.74625087573 0.0
252000.0 253000.0 219374.88462477303 840.0
253000.0 254000.0 9423.079560257736 0.0
254000.0 255000.0 227914.92043974227 840.0
255000.0 256000.0 1275.2543202768497 0.0
256000.0 257000.0 1637.7456797231503 0.0
257000.0 258000.0 33201.2477641566 0.0
258000.0 259000.0 367403.0223738772 2300.0
259000.0 260000.0 539192.3259238517 2300.0
260000.0 261000.0 451576.87506676605 2300.0
261000.0 262000.0 439844.9487373221 2300.0
262000.0 263000.0 402007.9598415907 0.0
263000.0 264000.0 159332.62029243552 2300.0
264000.0 265000.0 496282.0528456021 2300.0
265000.0 266000.0 117997.94715439789 0.0
266000.0 267000.0 0.0 0.0
267000.0 268000.0 40649.68497654621 0.0
268000.0 269000.0 409376.88947867294 2300.0
269000.0 270000.0 455564.5919120684 2300.0
270000.0 271000.0 636622.9635733732 2300.0
271000.0 272000.0 383311.51497649826 2300.0
272000.0 273000.0 508028.97786041355 0.0
273000.0 274000.0 134633.108969623 0.0
274000.0 275000.0 365194.59331315407 2300.0
275000.0 276000.0 517768.95573879615 2300.0
276000.0 277000.0 378596.2922697946 2300.0
277000.0 278000.0 383762.08644245774 0.0
278000.0 279000.0 136505.34048860177 0.0
279000.0 280000.0 40315.548151660696 0.0
280000.0 281000.0 407358.59364917316 2300.0
281000.0 282000.0 588259.5613567893 0.0
282000.0 283000.0 500457.84628951456 2300.0
283000.0 284000.0 267757.8248584401 0.0
284000.0 285000.0 284546.62569442217 2300.0
285000.0 286000.0 295689.27257948427 0.0
286000.0 287000.0 477398.4848872668 3000.0
287000.0 288000.0 332333.2089283571 0.0
288000.0 289000.0 280265.0336048918 3000.0
289000.0 290000.0 433579.6144182632 0.0
290000.0 291000.0 1699.3855817367887 0.0
291000.0 292000.0 4358.59932666616 0.0
292000.0 293000.0 406252.2529643397 1560.0
293000.0 294000.0 351648.4646782992 0.0
294000.0 295000.0 228074.7007967725 840.0
295000.0 296000.0 8908.336534766002 0.0
296000.0 297000.0 234866.64569915642 840.0
297000.0 298000.0 10053.01513923915 0.0
298000.0 299000.0 297676.98486076086 2300.0
299000.0 300000.0 307049.95308505744 0.0
300000.0 301000.0 16858.04691494256 0.0
