ts te s_bytes_all avg_video_rate
0.0 10000.0 857233.4525828733 352.0
10000.0 20000.0 1829333.5945564297 1153.7142857142858
20000.0 30000.0 1992095.952860697 1500.0
30000.0 40000.0 1964878.1558949149 1500.0
40000.0 50000.0 2123976.8441050854 1500.0
50000.0 60000.0 2342802.783089703 1500.0
60000.0 70000.0 1960706.128809143 1500.0
70000.0 80000.0 2018635.2443409236 1500.0
80000.0 90000.0 2051178.56640908 1500.0
90000.0 100000.0 2056632.5748226303 1500.0
100000.0 110000.0 2431938.7025285196 1500.0
110000.0 120000.0 1991912.5098801083 1500.0
120000.0 130000.0 2075618.4901198917 1500.0
130000.0 140000.0 1977700.056139427 1500.0
140000.0 150000.0 2211354.0021543107 1500.0
150000.0 160000.0 2352478.749681979 1500.0
160000.0 170000.0 2000364.829588322 1500.0
170000.0 180000.0 2013855.7634433475 1500.0
180000.0 190000.0 2131538.122890219 1500.0
190000.0 200000.0 2285086.43943548 1500.0
200000.0 210000.0 2091000.2254365035 1500.0
210000.0 220000.0 1200858.8112304108 1500.0
220000.0 230000.0 2344822.492343533 1500.0
230000.0 240000.0 2567104.502771331 1500.0
240000.0 250000.0 2406426.0550450054 1500.0
250000.0 260000.0 1988167.7982334371 1500.0
260000.0 270000.0 1987677.6488430079 1500.0
270000.0 280000.0 2176442.77031174 1500.0
280000.0 290000.0 1951653.5458031208 1500.0
290000.0 300000.0 2480150.1866488247 1500.0
300000.0 310000.0 0.0 0.0
