ts te s_bytes_all avg_video_rate
0.0 10000.0 31253.587195407257 840.0
10000.0 20000.0 318674.82867720624 840.0
20000.0 30000.0 845406.6181688041 288.0
30000.0 40000.0 836556.0050649683 288.0
40000.0 50000.0 878476.7944956804 288.0
50000.0 60000.0 755926.0072773985 370.2857142857143
60000.0 70000.0 802504.943388446 288.0
70000.0 80000.0 606272.7407585843 288.0
80000.0 90000.0 713551.3497049653 288.0
90000.0 100000.0 817623.3947227031 288.0
100000.0 110000.0 805706.7305458364 444.0
110000.0 120000.0 1599664.7674434357 1122.857142857143
120000.0 130000.0 2374614.1501049576 1500.0
130000.0 140000.0 2391132.082451607 1500.0
140000.0 150000.0 2381899.300005693 1500.0
150000.0 160000.0 2447488.221588529 1500.0
160000.0 170000.0 2384784.2948410376 1500.0
170000.0 180000.0 3126939.6446889183 2300.0
180000.0 190000.0 3342668.618694138 2300.0
190000.0 200000.0 2645758.4692809675 1425.7142857142858
200000.0 210000.0 2426749.614862935 1500.0
210000.0 220000.0 2304971.8227509432 1500.0
220000.0 230000.0 2806370.240807627 1980.0
230000.0 240000.0 3503106.340300801 2300.0
240000.0 250000.0 3544066.697696698 2300.0
250000.0 260000.0 3116876.0950997137 2300.0
260000.0 270000.0 3060805.6999825328 2300.0
270000.0 280000.0 2499397.650978322 2300.0
280000.0 290000.0 3211321.598646622 1766.6666666666667
290000.0 300000.0 3099359.0817164727 2300.0
300000.0 310000.0 201429.6080580497 0.0
