ts te s_bytes_all avg_video_rate
0.0 10000.0 987626.881573424 480.0
10000.0 20000.0 2703558.8432885073 1629.090909090909
20000.0 30000.0 1537200.275138069 840.0
30000.0 40000.0 1260894.0 840.0
40000.0 50000.0 1226868.0 840.0
50000.0 60000.0 1250380.0 840.0
60000.0 70000.0 1403728.0044513275 840.0
70000.0 80000.0 1276169.9955486725 840.0
80000.0 90000.0 1472142.4545060752 840.0
90000.0 100000.0 2552158.170558394 2056.6666666666665
100000.0 110000.0 2108499.3749355306 1935.0
110000.0 120000.0 1718258.0 840.0
120000.0 130000.0 1677408.538135938 1535.0
130000.0 140000.0 2143049.45034306 1500.0
140000.0 150000.0 2416350.2286302904 1500.0
150000.0 160000.0 1676881.7828907112 1500.0
160000.0 170000.0 2484399.0486076074 1500.0
170000.0 180000.0 2472368.401477024 1660.0
180000.0 190000.0 707943.5499153689 2300.0
190000.0 200000.0 1546140.0 505.2
200000.0 210000.0 1968649.3954685512 1900.0
210000.0 220000.0 1922060.6045314488 1060.0
220000.0 230000.0 1256639.0071660695 840.0
230000.0 240000.0 1317189.9928339305 840.0
240000.0 250000.0 1204959.0 840.0
250000.0 260000.0 1404321.9162000038 840.0
260000.0 270000.0 1409992.0837999962 840.0
270000.0 280000.0 1246882.0 840.0
280000.0 290000.0 421589.2235368382 840.0
290000.0 300000.0 1887318.6526235435 688.8888888888889
300000.0 310000.0 113991.12383961806 0.0
