ts te s_bytes_all avg_video_rate
0.0 10000.0 1511707.1007935195 840.0
10000.0 20000.0 1057163.8992064805 445.7142857142857
20000.0 30000.0 1279451.5262079684 1078.0
30000.0 40000.0 2067890.922080903 1500.0
40000.0 50000.0 2232298.201359666 1500.0
50000.0 60000.0 2225683.615274996 1766.6666666666667
60000.0 70000.0 3173597.1277922797 2300.0
70000.0 80000.0 3179417.8545654425 2300.0
80000.0 90000.0 3038089.945331709 2300.0
90000.0 100000.0 3335781.219388658 2300.0
100000.0 110000.0 3247110.9118445367 2300.0
110000.0 120000.0 2968450.047130659 2300.0
120000.0 130000.0 3346175.4953162693 2300.0
130000.0 140000.0 3167884.9021386835 2300.0
140000.0 150000.0 3116989.1127183447 2300.0
150000.0 160000.0 3398546.5412208578 2300.0
160000.0 170000.0 3129806.6415286046 2300.0
170000.0 180000.0 3263780.7881490453 2300.0
180000.0 190000.0 2912126.534995314 2300.0
190000.0 200000.0 3282045.658464858 2300.0
200000.0 210000.0 3107271.796881028 2300.0
210000.0 220000.0 3352083.2177912993 2300.0
220000.0 230000.0 3119957.264531736 2300.0
230000.0 240000.0 3255373.7410738845 2300.0
240000.0 250000.0 3238376.2511456697 2300.0
250000.0 260000.0 3252641.2420501537 2300.0
260000.0 270000.0 2934588.767951921 2300.0
270000.0 280000.0 2954513.897038905 2300.0
280000.0 290000.0 3207836.5644656103 2300.0
290000.0 300000.0 2166681.2115609953 2300.0
300000.0 310000.0 0.0 0.0
