ts te s_bytes_all avg_video_rate
0.0 10000.0 0.0 0.0
10000.0 20000.0 270699.5535097742 840.0
20000.0 30000.0 864666.2528853229 288.0
30000.0 40000.0 724649.1541284239 288.0
40000.0 50000.0 851049.8893932193 288.0
50000.0 60000.0 1107525.9716022457 933.3333333333334
60000.0 70000.0 1096734.1425598087 403.2
70000.0 80000.0 706273.2351349246 288.0
80000.0 90000.0 816310.189386602 288.0
90000.0 100000.0 762253.75684967 288.0
100000.0 110000.0 710962.4331608325 288.0
110000.0 120000.0 751702.6656600005 326.4
120000.0 130000.0 1158023.4588156918 940.0
130000.0 140000.0 2049105.9208753598 1500.0
140000.0 150000.0 2208694.884728531 1500.0
150000.0 160000.0 3152317.126542899 2300.0
160000.0 170000.0 3251423.0934706456 2300.0
170000.0 180000.0 3199029.536300059 2300.0
180000.0 190000.0 3267169.996173279 2300.0
190000.0 200000.0 2875998.727246676 1980.0
200000.0 210000.0 3076282.645354954 2300.0
210000.0 220000.0 3207202.7043182654 2300.0
220000.0 230000.0 3206106.3403914636 2300.0
230000.0 240000.0 3116476.1178245465 2300.0
240000.0 250000.0 3222903.591378219 2300.0
250000.0 260000.0 3172105.992437629 2300.0
260000.0 270000.0 2980796.576536818 2300.0
270000.0 280000.0 3253595.8367007067 2300.0
280000.0 290000.0 2892791.670591096 2300.0
290000.0 300000.0 3075681.536042336 2300.0
300000.0 310000.0 0.0 0.0
