ts te s_bytes_all avg_video_rate
0.0 10000.0 811888.8682562945 453.3333333333333
10000.0 20000.0 1342019.7624039173 742.5
20000.0 30000.0 2332420.9394856635 1390.0
30000.0 40000.0 1362609.532540693 1500.0
40000.0 50000.0 1728848.781257745 1005.0
50000.0 60000.0 2896994.0156233483 1500.0
60000.0 70000.0 2790614.100432339 2033.3333333333333
70000.0 80000.0 1841696.0 1424.0
80000.0 90000.0 2780699.4283466744 1766.6666666666667
90000.0 100000.0 2998106.0185408546 2300.0
100000.0 110000.0 3154688.778626846 2300.0
110000.0 120000.0 3136760.653579475 2300.0
120000.0 130000.0 3204955.9211324304 2300.0
130000.0 140000.0 3226153.2457127287 2300.0
140000.0 150000.0 3429922.2496808493 2300.0
150000.0 160000.0 3283421.275622518 2300.0
160000.0 170000.0 1624828.1900048477 1700.0
170000.0 180000.0 2831585.8041136162 1900.0
180000.0 190000.0 3037643.8385935365 2300.0
190000.0 200000.0 2918055.4458173886 2300.0
200000.0 210000.0 3141564.656771155 1900.0
210000.0 220000.0 2807041.511096657 2300.0
220000.0 230000.0 2933480.2480473593 2300.0
230000.0 240000.0 3036053.1260234783 2300.0
240000.0 250000.0 2213337.608289585 2300.0
250000.0 260000.0 1746694.8612489703 1087.5
260000.0 270000.0 1850964.9403540827 1500.0
270000.0 280000.0 1880733.7370655397 1660.0
280000.0 290000.0 3088862.1349924705 2300.0
290000.0 300000.0 3160959.809148689 2300.0
300000.0 310000.0 110755.51719024804 0.0
