ts te s_bytes_all avg_video_rate
0.0 10000.0 1554281.1715799193 840.0
10000.0 20000.0 2015097.7981561748 1133.3333333333333
20000.0 30000.0 2219484.459635885 1766.6666666666667
30000.0 40000.0 2391531.570628021 1500.0
40000.0 50000.0 2235119.19332881 1766.6666666666667
50000.0 60000.0 3004375.7330773785 2300.0
60000.0 70000.0 2819789.233927143 1728.5714285714287
70000.0 80000.0 2809065.550613589 2300.0
80000.0 90000.0 2985732.6937206136 2300.0
90000.0 100000.0 3042933.441196654 2300.0
100000.0 110000.0 2653847.7633990427 1716.0
110000.0 120000.0 1968756.2673676356 1500.0
120000.0 130000.0 1512785.696227059 1104.0
130000.0 140000.0 1322897.4627093538 840.0
140000.0 150000.0 2341447.9644327215 1900.0
150000.0 160000.0 1596231.5142384341 1170.0
160000.0 170000.0 2157863.697786856 1500.0
170000.0 180000.0 1356618.1374209686 840.0
180000.0 190000.0 1894118.9543746843 1424.0
190000.0 200000.0 1765394.1100601342 1236.0
200000.0 210000.0 2114361.266056912 1500.0
210000.0 220000.0 2126703.036865296 1500.0
220000.0 230000.0 2046574.2831967147 1500.0
230000.0 240000.0 2593063.3853353285 1500.0
240000.0 250000.0 2283207.9168239767 1500.0
250000.0 260000.0 2187191.6550077116 1500.0
260000.0 270000.0 2776002.0428329827 1633.3333333333333
270000.0 280000.0 3100269.5506612505 2300.0
280000.0 290000.0 2790809.4493387495 2300.0
290000.0 300000.0 2977871.255932669 2140.0
300000.0 310000.0 4257.744067330795 0.0
