ts te s_bytes_all avg_video_rate
0.0 10000.0 43911.264231153524 480.0
10000.0 20000.0 420767.9481703105 288.0
20000.0 30000.0 970649.3519219712 288.0
30000.0 40000.0 1063850.5897668046 564.0
40000.0 50000.0 721644.4073133875 441.6
50000.0 60000.0 915746.6369118732 480.0
60000.0 70000.0 821612.5113627999 480.0
70000.0 80000.0 815162.8448236799 480.0
80000.0 90000.0 790314.5162641786 441.6
90000.0 100000.0 899781.9869533732 480.0
100000.0 110000.0 769678.358211247 480.0
110000.0 120000.0 782267.8591205613 480.0
120000.0 130000.0 923721.7249486597 840.0
130000.0 140000.0 1482743.1114296054 1390.0
140000.0 150000.0 1819999.6578241168 1500.0
150000.0 160000.0 2496135.790617478 2033.3333333333333
160000.0 170000.0 3358842.7164607192 2300.0
170000.0 180000.0 3141817.3309266 2300.0
180000.0 190000.0 2878677.127030015 2300.0
190000.0 200000.0 3231613.725243122 2300.0
200000.0 210000.0 3112923.3254744955 2300.0
210000.0 220000.0 3204070.405697159 2300.0
220000.0 230000.0 3022138.927343846 2300.0
230000.0 240000.0 3170421.082431869 2300.0
240000.0 250000.0 2822530.6657588086 2300.0
250000.0 260000.0 1646025.1862359347 1083.3333333333333
260000.0 270000.0 2675356.529376668 1680.0
270000.0 280000.0 3235465.9866060643 2300.0
280000.0 290000.0 3081515.5903109857 2300.0
290000.0 300000.0 3152243.0734779965 2300.0
300000.0 310000.0 66419.76775451723 0.0
