ts te s_bytes_all avg_video_rate
0.0 10000.0 1058476.5708630236 480.0
10000.0 20000.0 465363.3053414801 480.0
20000.0 30000.0 961644.4429494659 453.6
30000.0 40000.0 1635838.297431793 1280.0
40000.0 50000.0 2032830.2974473892 1500.0
50000.0 60000.0 2221014.478258914 1500.0
60000.0 70000.0 2139288.4180100337 1500.0
70000.0 80000.0 2448273.972276749 1900.0
80000.0 90000.0 3322526.8005034192 2300.0
90000.0 100000.0 3188285.575951204 2300.0
100000.0 110000.0 2903859.106769777 2300.0
110000.0 120000.0 2872029.6390419193 2300.0
120000.0 130000.0 3216390.9969420554 2300.0
130000.0 140000.0 3252374.777751242 2300.0
140000.0 150000.0 3545466.341072511 2300.0
150000.0 160000.0 3663864.852047355 2300.0
160000.0 170000.0 3226356.173243732 2300.0
170000.0 180000.0 3161412.5372063546 2300.0
180000.0 190000.0 3274913.74242386 2300.0
190000.0 200000.0 3063866.3321712306 2300.0
200000.0 210000.0 3201709.7862935346 2300.0
210000.0 220000.0 3137101.0196111454 2300.0
220000.0 230000.0 3432104.4705570815 2300.0
230000.0 240000.0 2269389.06583473 2300.0
240000.0 250000.0 2384923.855874289 1500.0
250000.0 260000.0 3107717.987537671 1842.857142857143
260000.0 270000.0 3252243.1719823116 2300.0
270000.0 280000.0 1829822.1699819216 1500.0
280000.0 290000.0 3270521.7365015866 1957.142857142857
290000.0 300000.0 3029840.47474304 2300.0
