ts te s_bytes_all avg_video_rate
0.0 10000.0 845781.257326986 696.0
10000.0 20000.0 2224042.1845110543 850.9090909090909
20000.0 30000.0 2412053.6360609196 1500.0
30000.0 40000.0 1760273.2725277548 1766.6666666666667
40000.0 50000.0 3220191.4012269303 2300.0
50000.0 60000.0 3167961.177359217 2300.0
60000.0 70000.0 2737893.5702398936 2300.0
70000.0 80000.0 3037873.9509752 1900.0
80000.0 90000.0 3044501.9957488077 2300.0
90000.0 100000.0 3188746.698813211 2300.0
100000.0 110000.0 3333936.141661799 2300.0
110000.0 120000.0 3040634.60635313 2300.0
120000.0 130000.0 3000189.4906578297 2300.0
130000.0 140000.0 3084264.7695577973 2300.0
140000.0 150000.0 3241812.796966879 2300.0
150000.0 160000.0 3368008.8350101965 2300.0
160000.0 170000.0 2922552.7180961175 2300.0
170000.0 180000.0 3112118.6731605493 2300.0
180000.0 190000.0 2972741.1784825595 2300.0
190000.0 200000.0 3469538.5236357856 2300.0
200000.0 210000.0 3210591.2293897304 2300.0
210000.0 220000.0 2975178.039187126 2300.0
220000.0 230000.0 3339783.893626648 2300.0
230000.0 240000.0 3150672.0190350628 2300.0
240000.0 250000.0 2655808.5076336493 2300.0
250000.0 260000.0 3592564.5109164403 2300.0
260000.0 270000.0 3370980.912661489 2300.0
270000.0 280000.0 2004091.002643827 2300.0
280000.0 290000.0 2497732.27575243 1257.142857142857
290000.0 300000.0 3184138.8886884246 2300.0
300000.0 310000.0 62259.842092554114 0.0
