ts te s_bytes_all avg_video_rate
0.0 10000.0 0.0 0.0
10000.0 20000.0 923183.6573415608 474.0
20000.0 30000.0 1112672.208441113 288.0
30000.0 40000.0 887881.1623519488 416.0
40000.0 50000.0 862613.8685859727 320.0
50000.0 60000.0 604235.3515673139 288.0
60000.0 70000.0 583050.3638203014 288.0
70000.0 80000.0 667777.3878917894 288.0
80000.0 90000.0 636072.865399161 288.0
90000.0 100000.0 697101.134600839 364.8
100000.0 110000.0 1312157.265680881 1060.0
110000.0 120000.0 2171045.9550975785 1500.0
120000.0 130000.0 2115839.1043797024 1500.0
130000.0 140000.0 2439977.5503835673 1842.857142857143
140000.0 150000.0 3493361.051342802 2300.0
150000.0 160000.0 3109613.151239304 2300.0
160000.0 170000.0 3037929.09735277 2300.0
170000.0 180000.0 3075554.366960548 2300.0
180000.0 190000.0 3445253.096306711 2300.0
190000.0 200000.0 3273632.9920590813 2300.0
200000.0 210000.0 3346104.15504383 2300.0
210000.0 220000.0 3000980.6944088624 2300.0
220000.0 230000.0 3069970.260296711 2300.0
230000.0 240000.0 3486884.463618241 2300.0
240000.0 250000.0 3278595.6735092183 2300.0
250000.0 260000.0 3031242.4001710387 2300.0
260000.0 270000.0 2990668.101585429 2300.0
270000.0 280000.0 3178302.9083851767 2300.0
280000.0 290000.0 3702895.607759308 2300.0
290000.0 300000.0 3255183.373920054 2300.0
300000.0 310000.0 138010.73049918667 0.0
