ts te s_bytes_all avg_video_rate
0.0 10000.0 660.7784660101319 0.0
10000.0 20000.0 936566.3682162465 336.0
20000.0 30000.0 1135097.247072483 288.0
30000.0 40000.0 958451.7665404252 862.8571428571429
40000.0 50000.0 1062625.5205913277 288.0
50000.0 60000.0 816886.1706451641 288.0
60000.0 70000.0 913123.0364649578 315.42857142857144
70000.0 80000.0 952439.5155358979 480.0
80000.0 90000.0 653550.3611323253 336.0
90000.0 100000.0 713425.4521700769 315.42857142857144
100000.0 110000.0 1196069.9947501188 780.0
110000.0 120000.0 1790394.6619938305 1390.0
120000.0 130000.0 2650275.0295496318 1820.0
130000.0 140000.0 3162227.192521702 2300.0
140000.0 150000.0 3216585.6470484007 2300.0
150000.0 160000.0 3215375.7137800516 2300.0
160000.0 170000.0 2936241.038273814 2300.0
170000.0 180000.0 3412586.3846387835 2300.0
180000.0 190000.0 3608488.1206087526 2300.0
190000.0 200000.0 3306336.7991081183 2300.0
200000.0 210000.0 3231766.460561683 2300.0
210000.0 220000.0 3237045.951262315 2300.0
220000.0 230000.0 3262516.627400752 2300.0
230000.0 240000.0 3223329.783516198 2300.0
240000.0 250000.0 3173601.260513852 2300.0
250000.0 260000.0 3428513.996129534 2300.0
260000.0 270000.0 3428488.865699237 2300.0
270000.0 280000.0 3272436.5892779483 2300.0
280000.0 290000.0 3338526.1611403963 2300.0
290000.0 300000.0 3074486.0461044796 2300.0
300000.0 310000.0 217524.45928548637 0.0
