ts te s_bytes_all avg_video_rate
0.0 10000.0 879570.5046400828 480.0
10000.0 20000.0 1726189.987696286 862.5
20000.0 30000.0 1323953.73869649 1500.0
30000.0 40000.0 3104195.000260042 1500.0
40000.0 50000.0 2752524.719534068 2166.6666666666665
50000.0 60000.0 2973989.8357668384 2300.0
60000.0 70000.0 2145946.213406193 1500.0
70000.0 80000.0 3127810.93122983 2033.3333333333333
80000.0 90000.0 1841559.0687701702 1424.0
90000.0 100000.0 1763160.702694514 1083.3333333333333
100000.0 110000.0 3011776.117191989 2300.0
110000.0 120000.0 2482683.5257560415 1820.0
120000.0 130000.0 1160688.7927842226 1500.0
130000.0 140000.0 2894320.8615732333 1500.0
140000.0 150000.0 2505582.0 1500.0
150000.0 160000.0 2027223.3916101782 1500.0
160000.0 170000.0 2613013.076809947 1633.3333333333333
170000.0 180000.0 3031576.5608439893 2300.0
180000.0 190000.0 2973157.245225436 2300.0
190000.0 200000.0 2445100.0777881253 2140.0
200000.0 210000.0 2506426.1218164684 1500.0
210000.0 220000.0 2565095.498284409 1633.3333333333333
220000.0 230000.0 3049293.027621448 2300.0
230000.0 240000.0 3560478.608241859 2300.0
240000.0 250000.0 2705976.0216252245 1980.0
250000.0 260000.0 2499347.330218383 1500.0
260000.0 270000.0 2031770.0399145335 1900.0
270000.0 280000.0 2499216.1556262984 1500.0
280000.0 290000.0 2286984.5603139517 1820.0
290000.0 300000.0 1435106.945996296 1500.0
300000.0 310000.0 225343.338063454 0.0
