ts te s_bytes_all avg_video_rate
0.0 10000.0 671621.0096102494 426.0
10000.0 20000.0 2074433.1157538476 1466.6666666666667
20000.0 30000.0 2263095.2366044475 1500.0
30000.0 40000.0 2798641.538015383 1957.142857142857
40000.0 50000.0 3038163.945872358 2300.0
50000.0 60000.0 2903001.7822446786 2300.0
60000.0 70000.0 2256316.69611523 1500.0
70000.0 80000.0 2364128.176816062 1500.0
80000.0 90000.0 2689666.71965492 2140.0
90000.0 100000.0 3080966.097274907 2300.0
100000.0 110000.0 3053598.150871357 2300.0
110000.0 120000.0 1927444.5129083835 1500.0
120000.0 130000.0 2770578.517009492 1500.0
130000.0 140000.0 2734209.886392597 2300.0
140000.0 150000.0 2937859.185166212 1980.0
150000.0 160000.0 2010634.7071081586 1500.0
160000.0 170000.0 2024977.346852576 1500.0
170000.0 180000.0 2281628.9600530127 1633.3333333333333
180000.0 190000.0 2853962.966676422 2300.0
190000.0 200000.0 2724167.448999706 2300.0
200000.0 210000.0 2220066.702007646 1500.0
210000.0 220000.0 1941451.7046989698 1500.0
220000.0 230000.0 2469097.5932933837 1766.6666666666667
230000.0 240000.0 2898405.982087667 2300.0
240000.0 250000.0 1958561.3398328 1264.0
250000.0 260000.0 1984709.8223951557 1500.0
260000.0 270000.0 2549618.793872431 1633.3333333333333
270000.0 280000.0 2825900.4082323927 2140.0
280000.0 290000.0 2766631.1656761784 2300.0
290000.0 300000.0 2809684.521045178 2300.0
300000.0 310000.0 53296.96685819701 2300.0
