ts te s_bytes_all avg_video_rate
0.0 10000.0 133383.7466679768 480.0
10000.0 20000.0 788953.8508868059 426.0
20000.0 30000.0 1564217.448400084 840.0
30000.0 40000.0 1650769.1696571116 582.8571428571429
40000.0 50000.0 1147548.735578748 480.0
50000.0 60000.0 1423891.2225992035 780.0
60000.0 70000.0 1051644.471313157 480.0
70000.0 80000.0 870320.3548969135 320.0
80000.0 90000.0 591884.7262286987 288.0
90000.0 100000.0 810262.3059759245 288.0
100000.0 110000.0 709690.0007919951 288.0
110000.0 120000.0 547450.0240644099 398.4
120000.0 130000.0 1210824.3691477734 840.0
130000.0 140000.0 1183804.0095756524 840.0
140000.0 150000.0 1787674.1598111375 1465.7142857142858
150000.0 160000.0 3115021.4914154997 2300.0
160000.0 170000.0 2631602.361421603 1633.3333333333333
170000.0 180000.0 2083769.824092742 1500.0
180000.0 190000.0 2112225.4467501994 1500.0
190000.0 200000.0 2496674.6955852266 1928.5714285714287
200000.0 210000.0 2453444.04723868 1500.0
210000.0 220000.0 2232311.920441205 1500.0
220000.0 230000.0 2048352.904672253 1500.0
230000.0 240000.0 2196700.578393308 1500.0
240000.0 250000.0 2602951.899965308 1500.0
250000.0 260000.0 2094216.5876844274 1500.0
260000.0 270000.0 2057847.0751623535 1500.0
270000.0 280000.0 2235702.1107298043 1500.0
280000.0 290000.0 2345743.5861847373 1500.0
290000.0 300000.0 2622550.9328913777 1980.0
