ts te s_bytes_all avg_video_rate
0.0 10000.0 823419.2573282875 564.0
10000.0 20000.0 2852148.400210036 1272.3636363636363
20000.0 30000.0 2975152.590126924 2300.0
30000.0 40000.0 1610244.145286918 840.0
40000.0 50000.0 1764210.5438250457 1237.142857142857
50000.0 60000.0 2155559.8733109613 1500.0
60000.0 70000.0 2118353.625236539 1500.0
70000.0 80000.0 2162163.558800323 1500.0
80000.0 90000.0 2220528.0058749644 1500.0
90000.0 100000.0 2301040.9668128705 1500.0
100000.0 110000.0 2790997.87062274 2300.0
110000.0 120000.0 2513565.4149315883 1660.0
120000.0 130000.0 2060588.007626696 1500.0
130000.0 140000.0 2347905.8802690133 1500.0
140000.0 150000.0 2370562.4058137015 1980.0
150000.0 160000.0 2560188.0144285513 1660.0
160000.0 170000.0 2004625.6069622084 1500.0
170000.0 180000.0 2068477.4269009777 1500.0
180000.0 190000.0 2747164.2624697923 1500.0
190000.0 200000.0 2692553.297437968 2300.0
200000.0 210000.0 2076334.8457238926 2300.0
210000.0 220000.0 2228841.090871427 1500.0
220000.0 230000.0 2509221.29934539 1500.0
230000.0 240000.0 2235103.225392504 1500.0
240000.0 250000.0 2205354.9653647826 1500.0
250000.0 260000.0 1799061.199796814 1700.0
260000.0 270000.0 2466297.4562501363 1500.0
270000.0 280000.0 1998553.2988253995 1500.0
280000.0 290000.0 2637352.287855231 1766.6666666666667
290000.0 300000.0 2981146.8273603604 2300.0
300000.0 310000.0 122282.34893795446 0.0
