ts te s_bytes_all avg_video_rate
0.0 10000.0 977506.8159654351 570.0
10000.0 20000.0 861944.1734427932 357.0
20000.0 30000.0 1699459.933489872 1280.0
30000.0 40000.0 2185472.675333782 1500.0
40000.0 50000.0 2088596.1795814105 1500.0
50000.0 60000.0 1329088.676925364 1500.0
60000.0 70000.0 2306681.985324321 1170.0
70000.0 80000.0 2035624.1462123906 1500.0
80000.0 90000.0 2614170.0528910793 2033.3333333333333
90000.0 100000.0 3393494.044716959 2300.0
100000.0 110000.0 2950887.957107956 2300.0
110000.0 120000.0 3513844.3220419274 2300.0
120000.0 130000.0 3169275.046384775 2300.0
130000.0 140000.0 3304159.167580932 2300.0
140000.0 150000.0 1485484.2615339202 2300.0
150000.0 160000.0 2453745.812463813 1331.4285714285713
160000.0 170000.0 2371178.131581406 1820.0
170000.0 180000.0 3305766.1726097786 2300.0
180000.0 190000.0 3235878.7830247153 2300.0
190000.0 200000.0 3113518.2951848335 2300.0
200000.0 210000.0 3201025.583170165 2300.0
210000.0 220000.0 3111492.6495308247 2300.0
220000.0 230000.0 3243659.8116216226 2300.0
230000.0 240000.0 3051068.9630239764 2300.0
240000.0 250000.0 3510675.4803839023 2300.0
250000.0 260000.0 3099041.6102133472 2300.0
260000.0 270000.0 3418557.3867877186 2300.0
270000.0 280000.0 3115285.738839307 2300.0
280000.0 290000.0 3355403.4795726873 2300.0
290000.0 300000.0 3011543.937917174 2300.0
300000.0 310000.0 174244.72554181126 0.0
