ts te s_bytes_all avg_video_rate
0.0 10000.0 872618.901607266 480.0
10000.0 20000.0 1893546.1080039656 820.0
20000.0 30000.0 1994739.5515598704 1500.0
30000.0 40000.0 2817080.852279377 1957.142857142857
40000.0 50000.0 2972770.4917825637 2300.0
50000.0 60000.0 2557412.7331256852 1820.0
60000.0 70000.0 2244489.691185979 1660.0
70000.0 80000.0 2634851.9377598446 1766.6666666666667
80000.0 90000.0 3084699.54709453 2300.0
90000.0 100000.0 2091651.6853573786 2300.0
100000.0 110000.0 3146091.2669376885 1600.0
110000.0 120000.0 3003684.0814913125 2300.0
120000.0 130000.0 3009336.106550351 2300.0
130000.0 140000.0 2428997.2521834746 1570.0
140000.0 150000.0 1809837.7339617745 1396.0
150000.0 160000.0 3160676.3379499023 2300.0
160000.0 170000.0 2972121.095271137 2300.0
170000.0 180000.0 2044848.005249364 1500.0
180000.0 190000.0 2735766.144894007 1766.6666666666667
190000.0 200000.0 1941871.4809329999 1132.0
200000.0 210000.0 2212343.435966306 1546.6666666666667
210000.0 220000.0 2111142.5588552216 1700.0
220000.0 230000.0 2040335.0 1500.0
230000.0 240000.0 2325796.476847505 1633.3333333333333
240000.0 250000.0 2763870.244228581 1980.0
250000.0 260000.0 3083827.8831800297 2033.3333333333333
260000.0 270000.0 2286730.931885101 1660.0
270000.0 280000.0 2436435.4638587837 2100.0
280000.0 290000.0 1850073.2413624355 1193.3333333333333
290000.0 300000.0 1992448.731566965 1500.0
300000.0 310000.0 57366.02707059915 0.0
