ts te s_bytes_all avg_video_rate
0.0 10000.0 47282.052357991466 288.0
10000.0 20000.0 1748125.624676628 320.0
20000.0 30000.0 1322867.5154281917 840.0
30000.0 40000.0 1945040.3327440755 1311.4285714285713
40000.0 50000.0 2026525.1590787657 1500.0
50000.0 60000.0 2142359.398146099 1500.0
60000.0 70000.0 2450336.840974085 2033.3333333333333
70000.0 80000.0 3159145.0765941637 2300.0
80000.0 90000.0 3256392.973892716 2300.0
90000.0 100000.0 3158179.574666763 2300.0
100000.0 110000.0 3207911.1946945535 2300.0
110000.0 120000.0 3177057.540124575 2300.0
120000.0 130000.0 2931379.2332868325 2300.0
130000.0 140000.0 3189829.825441753 2300.0
140000.0 150000.0 3149566.518754322 2300.0
150000.0 160000.0 3068501.9083950217 2300.0
160000.0 170000.0 3185284.565993605 2300.0
170000.0 180000.0 3152202.685239786 2300.0
180000.0 190000.0 3065817.7394608553 2300.0
190000.0 200000.0 3135833.9342514095 2300.0
200000.0 210000.0 3134287.0014317357 2300.0
210000.0 220000.0 3170702.7422234793 2300.0
220000.0 230000.0 3102461.6361406567 2300.0
230000.0 240000.0 2985070.983360137 2300.0
240000.0 250000.0 3218003.10876891 2300.0
250000.0 260000.0 3018841.3277743766 2300.0
260000.0 270000.0 3121457.206721186 2300.0
270000.0 280000.0 3237662.4778189994 2300.0
280000.0 290000.0 2999711.5500568 2300.0
290000.0 300000.0 3140247.363201264 2300.0
300000.0 310000.0 160848.9083002614 0.0
