ts te s_bytes_all avg_video_rate
0.0 10000.0 0.0 0.0
10000.0 20000.0 145914.68000877407 480.0
20000.0 30000.0 1205231.31269301 288.0
30000.0 40000.0 1170269.846943703 336.0
40000.0 50000.0 805050.5899295411 326.4
50000.0 60000.0 751210.1528945154 288.0
60000.0 70000.0 756076.3025113959 288.0
70000.0 80000.0 701455.4657586678 958.6666666666666
80000.0 90000.0 2065174.4591138437 2300.0
90000.0 100000.0 1350951.2610766725 352.0
100000.0 110000.0 2306810.830833504 1326.857142857143
110000.0 120000.0 2025684.0093185084 1500.0
120000.0 130000.0 2827940.477938208 2166.6666666666665
130000.0 140000.0 2695865.3767142524 1326.6666666666667
140000.0 150000.0 2589426.3085023584 2300.0
150000.0 160000.0 3218709.925763046 2300.0
160000.0 170000.0 2455881.0 1660.0
170000.0 180000.0 2766259.4035501825 1766.6666666666667
180000.0 190000.0 3077888.0522727156 2300.0
190000.0 200000.0 2703610.491950773 2300.0
200000.0 210000.0 3048103.453163142 2300.0
210000.0 220000.0 3148215.2603286393 2300.0
220000.0 230000.0 3149494.4704283685 2300.0
230000.0 240000.0 2979356.172113576 2300.0
240000.0 250000.0 3149173.3268736284 2300.0
250000.0 260000.0 1422051.3693189747 364.8
260000.0 270000.0 1299598.0 840.0
270000.0 280000.0 2030193.6656071048 1500.0
280000.0 290000.0 2106099.3557712147 1500.0
290000.0 300000.0 2827641.6030278197 1900.0
300000.0 310000.0 161497.37559386095 0.0
