ts te s_bytes_all avg_video_rate
0.0 10000.0 285775.2489041359 384.0
10000.0 20000.0 1486719.6247319651 288.0
20000.0 30000.0 1318026.2172763376 840.0
30000.0 40000.0 1338306.3655369102 840.0
40000.0 50000.0 943279.7379354719 288.0
50000.0 60000.0 3725699.6307777376 4400.0
60000.0 70000.0 3483759.4663719344 2264.0
70000.0 80000.0 2413303.1794102285 1272.0
80000.0 90000.0 3281105.06822634 1890.0
90000.0 100000.0 2534556.7502540033 1882.857142857143
100000.0 110000.0 2977365.0956390575 2300.0
110000.0 120000.0 1910876.4712338648 1570.0
120000.0 130000.0 1514692.5280019045 1570.0
130000.0 140000.0 1762150.6638926612 735.0
140000.0 150000.0 1681759.5004156 1900.0
150000.0 160000.0 3066178.240429514 1728.5714285714287
160000.0 170000.0 2980230.782678676 2300.0
170000.0 180000.0 3156058.4936508867 2300.0
180000.0 190000.0 2745068.363411408 1820.0
190000.0 200000.0 2391751.434014514 2140.0
200000.0 210000.0 2954179.743216991 1900.0
210000.0 220000.0 3276523.3055192726 2300.0
220000.0 230000.0 3441380.4789053127 2300.0
230000.0 240000.0 2411164.71662879 2300.0
240000.0 250000.0 2807002.8929364826 1660.0
250000.0 260000.0 2243582.4388221554 1633.3333333333333
260000.0 270000.0 3106128.4152972195 2300.0
270000.0 280000.0 3245658.4286626214 2300.0
280000.0 290000.0 3159743.494495224 2300.0
290000.0 300000.0 3009006.795299778 2300.0
