ts te s_bytes_all avg_video_rate
0.0 10000.0 0.0 0.0
10000.0 20000.0 6913.0 0.0
20000.0 30000.0 711686.5457094739 336.0
30000.0 40000.0 541875.7098402485 288.0
40000.0 50000.0 635421.0716731552 288.0
50000.0 60000.0 908884.1666515064 288.0
60000.0 70000.0 700424.0531084964 288.0
70000.0 80000.0 592720.7951249458 288.0
80000.0 90000.0 677834.1098774034 288.0
90000.0 100000.0 535822.2710251501 288.0
100000.0 110000.0 2570826.0485290033 2508.8
110000.0 120000.0 2777962.324990921 1716.0
120000.0 130000.0 2070718.9662130892 1390.0
130000.0 140000.0 1831593.9372566068 1256.6666666666667
140000.0 150000.0 1799720.6176372233 1062.857142857143
150000.0 160000.0 2474626.716828358 1980.0
160000.0 170000.0 3057921.198278812 2300.0
170000.0 180000.0 3229507.7749519413 2300.0
180000.0 190000.0 2944732.35868815 2300.0
190000.0 200000.0 3127285.809818602 2300.0
200000.0 210000.0 2750140.184780848 2300.0
210000.0 220000.0 2428803.8208258427 2300.0
220000.0 230000.0 2924193.9522540905 2300.0
230000.0 240000.0 2780509.332064692 2300.0
240000.0 250000.0 2466090.9563770005 2300.0
250000.0 260000.0 2732734.5862604906 2140.0
260000.0 270000.0 2391920.0383969243 2300.0
270000.0 280000.0 2943530.9194160006 2300.0
280000.0 290000.0 2884020.5636107223 2300.0
290000.0 300000.0 3122211.6911429893 2300.0
300000.0 310000.0 220865.47866731268 0.0
