ts te s_bytes_all avg_video_rate
0.0 10000.0 57702.96940122822 840.0
10000.0 20000.0 1525777.5721501156 288.0
20000.0 30000.0 1114814.4342889714 634.2857142857143
30000.0 40000.0 1603838.0565290167 840.0
40000.0 50000.0 1791697.3200420537 2885.714285714286
50000.0 60000.0 3062044.0287415236 1928.888888888889
60000.0 70000.0 2148349.4720829506 1500.0
70000.0 80000.0 2402892.1467641406 1500.0
80000.0 90000.0 1916142.0210967562 1500.0
90000.0 100000.0 2421927.9249795163 1500.0
100000.0 110000.0 2791408.9925907515 2300.0
110000.0 120000.0 2500134.314477254 1820.0
120000.0 130000.0 2224282.7468557223 1500.0
130000.0 140000.0 2278903.1240934962 1633.3333333333333
140000.0 150000.0 3115444.6740901563 2300.0
150000.0 160000.0 2565967.3087370507 1820.0
160000.0 170000.0 2113125.125631599 1500.0
170000.0 180000.0 2038156.350973955 1500.0
180000.0 190000.0 2482015.739937149 1633.3333333333333
190000.0 200000.0 2949529.150860295 2300.0
200000.0 210000.0 2809892.2978616245 1980.0
210000.0 220000.0 2040937.0185156674 1500.0
220000.0 230000.0 2267970.910648873 1500.0
230000.0 240000.0 3167505.0875843144 2140.0
240000.0 250000.0 2617408.639305859 2133.3333333333335
250000.0 260000.0 2271680.4876349084 1500.0
260000.0 270000.0 2025241.3733817707 1500.0
270000.0 280000.0 2178299.710743281 1500.0
280000.0 290000.0 2000720.7985326822 1413.3333333333333
290000.0 300000.0 2338638.5161996456 1716.0
300000.0 310000.0 64785.68526767224 0.0
