ts te s_bytes_all avg_video_rate
0.0 10000.0 171186.22895314428 480.0
10000.0 20000.0 1744202.9846362295 288.0
20000.0 30000.0 1150890.1580353559 564.0
30000.0 40000.0 1326882.8099712592 444.0
40000.0 50000.0 1456957.7331271525 840.0
50000.0 60000.0 1913972.397341425 1390.0
60000.0 70000.0 2036774.5512392088 1500.0
70000.0 80000.0 1980657.4223558207 1500.0
80000.0 90000.0 2276292.455200088 1900.0
90000.0 100000.0 2901888.978456714 2300.0
100000.0 110000.0 2941480.280683602 2300.0
110000.0 120000.0 2856522.2153682886 2300.0
120000.0 130000.0 2301500.008726936 1396.0
130000.0 140000.0 2143900.7759047747 1500.0
140000.0 150000.0 1913085.0 1500.0
150000.0 160000.0 2529407.5205278234 1766.6666666666667
160000.0 170000.0 2899852.236986441 2300.0
170000.0 180000.0 2933077.056232362 2300.0
180000.0 190000.0 3751942.925970828 2300.0
190000.0 200000.0 3024310.407938418 2300.0
200000.0 210000.0 2956422.4095368683 2300.0
210000.0 220000.0 2965179.7706753532 2300.0
220000.0 230000.0 2941710.359698099 2300.0
230000.0 240000.0 3411174.631405268 2300.0
240000.0 250000.0 3027408.446237553 2300.0
250000.0 260000.0 3003121.3815383203 2300.0
260000.0 270000.0 2877852.8802936655 2300.0
270000.0 280000.0 2104418.724914371 1500.0
280000.0 290000.0 2657209.7940915274 2140.0
290000.0 300000.0 2937705.8736125976 2300.0
