ts te s_bytes_all avg_video_rate
0.0 10000.0 855893.6588008066 480.0
10000.0 20000.0 2119186.3913284075 1046.6666666666667
20000.0 30000.0 1836571.8391898905 1465.7142857142858
30000.0 40000.0 2882951.818695645 2300.0
40000.0 50000.0 3069536.0908391867 2300.0
50000.0 60000.0 3024953.085006086 2140.0
60000.0 70000.0 2874156.184616129 1900.0
70000.0 80000.0 2997590.4372812733 2300.0
80000.0 90000.0 3047527.0902441386 2300.0
90000.0 100000.0 3002456.0539644575 2300.0
100000.0 110000.0 2857451.6276376126 1980.0
110000.0 120000.0 2923223.8190983236 1900.0
120000.0 130000.0 3108481.585574764 2300.0
130000.0 140000.0 2924953.7348853373 2300.0
140000.0 150000.0 1941601.2643351064 1132.0
150000.0 160000.0 2258556.2691311934 1500.0
160000.0 170000.0 2749979.5321118427 2300.0
170000.0 180000.0 3010486.4499460645 2300.0
180000.0 190000.0 3039617.342852001 2300.0
190000.0 200000.0 2913661.3360582036 2300.0
200000.0 210000.0 2993962.5133594642 1766.6666666666667
210000.0 220000.0 2979617.2821464953 2300.0
220000.0 230000.0 2862988.4337311215 2300.0
230000.0 240000.0 2481141.2989120707 1424.0
240000.0 250000.0 2683722.8539850153 2300.0
250000.0 260000.0 2689233.552014139 1766.6666666666667
260000.0 270000.0 2990060.536639522 2300.0
270000.0 280000.0 2930581.4443806894 2300.0
280000.0 290000.0 3053465.7831849973 2300.0
290000.0 300000.0 2365961.7252538493 1368.0
300000.0 310000.0 55019.96479616676 840.0
