ts te s_bytes_all avg_video_rate
0.0 10000.0 402680.11153654766 840.0
10000.0 20000.0 1705564.3789434142 334.0
20000.0 30000.0 1506220.7492461724 840.0
30000.0 40000.0 1367509.760273866 729.6
40000.0 50000.0 679204.8975723645 288.0
50000.0 60000.0 3919248.8769130697 4400.0
60000.0 70000.0 3565197.516547132 1328.0
70000.0 80000.0 1294724.7089674342 1236.0
80000.0 90000.0 1587954.0 1570.0
90000.0 100000.0 1213675.0 840.0
100000.0 110000.0 1977535.5445840568 1193.3333333333333
110000.0 120000.0 2048037.5770060495 1500.0
120000.0 130000.0 1961330.223289209 1500.0
130000.0 140000.0 2129735.7275167727 1500.0
140000.0 150000.0 2234031.036165405 1500.0
150000.0 160000.0 2214976.733767855 1500.0
160000.0 170000.0 2059817.6021917516 1500.0
170000.0 180000.0 1997256.9778236889 1500.0
180000.0 190000.0 2029484.855047616 1500.0
190000.0 200000.0 2583690.6214987817 1500.0
200000.0 210000.0 2029137.2687004341 1500.0
210000.0 220000.0 1980021.6791333924 1500.0
220000.0 230000.0 2120762.1477546077 1500.0
230000.0 240000.0 2033026.033599636 1500.0
240000.0 250000.0 2438580.717107479 1500.0
250000.0 260000.0 2037432.3185842773 1500.0
260000.0 270000.0 2012695.816012813 1500.0
270000.0 280000.0 2036469.9581423113 1500.0
280000.0 290000.0 1550380.611396439 1104.0
290000.0 300000.0 1961711.771356822 1380.0
300000.0 310000.0 65921.77932060152 0.0
