ts te s_bytes_all avg_video_rate
0.0 10000.0 546478.4835971046 480.0
10000.0 20000.0 2110246.983447008 888.0
20000.0 30000.0 2084470.1688515525 1500.0
30000.0 40000.0 1961050.7571909518 1500.0
40000.0 50000.0 2666659.5137492055 1842.857142857143
50000.0 60000.0 2938291.479098854 2300.0
60000.0 70000.0 2164901.2425507014 1500.0
70000.0 80000.0 2102631.2250785707 1500.0
80000.0 90000.0 1971341.896544875 1500.0
90000.0 100000.0 2740928.4962295773 1766.6666666666667
100000.0 110000.0 3065652.5411431645 2140.0
110000.0 120000.0 1944435.4937717766 1500.0
120000.0 130000.0 1421854.21007183 1500.0
130000.0 140000.0 3099124.02966089 1500.0
140000.0 150000.0 1438804.4263487603 1132.0
150000.0 160000.0 1467932.0083600183 950.0
160000.0 170000.0 2138639.960906369 1500.0
170000.0 180000.0 1184743.3192739994 1500.0
180000.0 190000.0 2778225.2648075134 1500.0
190000.0 200000.0 2464305.567431966 1633.3333333333333
200000.0 210000.0 2850325.8559875935 1980.0
210000.0 220000.0 2111988.8354508523 1500.0
220000.0 230000.0 2357993.0425374713 1500.0
230000.0 240000.0 2110321.253519928 1500.0
240000.0 250000.0 2211293.415897025 1820.0
250000.0 260000.0 2328370.74708693 1660.0
260000.0 270000.0 2588799.5706796655 1766.6666666666667
270000.0 280000.0 2990964.0897675278 2300.0
280000.0 290000.0 3151224.070182685 2300.0
290000.0 300000.0 2521433.440841244 1820.0
300000.0 310000.0 323136.6099343886 0.0
