ts te s_bytes_all avg_video_rate
0.0 10000.0 0.0 0.0
10000.0 20000.0 118207.45664826702 480.0
20000.0 30000.0 813485.8559143639 288.0
30000.0 40000.0 791644.876013981 288.0
40000.0 50000.0 644088.2008549805 288.0
50000.0 60000.0 687983.5793045594 288.0
60000.0 70000.0 709337.9182660342 288.0
70000.0 80000.0 700983.2322420849 288.0
80000.0 90000.0 2340321.9592223987 2561.0
90000.0 100000.0 2826988.9389853575 2071.4285714285716
100000.0 110000.0 3257029.8159271423 2300.0
110000.0 120000.0 3279431.2290599686 2300.0
120000.0 130000.0 3157949.6511616856 2300.0
130000.0 140000.0 3298799.3903700025 2140.0
140000.0 150000.0 3200711.826374761 2300.0
150000.0 160000.0 3385586.8440118665 2300.0
160000.0 170000.0 3289914.6098044883 2300.0
170000.0 180000.0 3425919.2493816656 2300.0
180000.0 190000.0 3137722.766178055 2300.0
190000.0 200000.0 3374661.2459452758 2300.0
200000.0 210000.0 3109001.7228613277 2300.0
210000.0 220000.0 3357122.568679786 2300.0
220000.0 230000.0 3269331.7183992434 2300.0
230000.0 240000.0 3263816.863728919 2300.0
240000.0 250000.0 3169920.299945992 2300.0
250000.0 260000.0 3256699.5192514784 2300.0
260000.0 270000.0 3354395.256009711 2300.0
270000.0 280000.0 3338276.559814711 2300.0
280000.0 290000.0 3302046.858468993 2300.0
290000.0 300000.0 3189259.0823955415 2300.0
300000.0 310000.0 105359.90477735922 0.0
