ts te s_bytes_all avg_video_rate
0.0 10000.0 0.0 0.0
10000.0 20000.0 1205888.7195340903 330.6666666666667
20000.0 30000.0 1872245.741897712 883.2
30000.0 40000.0 2095041.839317985 1500.0
40000.0 50000.0 1986587.5110427388 1500.0
50000.0 60000.0 2367617.8016847325 1500.0
60000.0 70000.0 1784675.4164450932 1500.0
70000.0 80000.0 2482463.1435518265 1500.0
80000.0 90000.0 2088186.9640285168 1500.0
90000.0 100000.0 2054057.1246052128 1500.0
100000.0 110000.0 2518684.019662583 1500.0
110000.0 120000.0 2064199.4917498415 1500.0
120000.0 130000.0 2060927.8683518798 1500.0
130000.0 140000.0 2229307.810934469 1500.0
140000.0 150000.0 1951722.7359260493 1500.0
150000.0 160000.0 2455399.3824188346 1500.0
160000.0 170000.0 2009201.9238489047 1500.0
170000.0 180000.0 1026951.8401378163 1500.0
180000.0 190000.0 3101545.449145903 1500.0
190000.0 200000.0 2128442.659946962 1500.0
200000.0 210000.0 2485098.236322417 1500.0
210000.0 220000.0 2134984.7611920433 1500.0
220000.0 230000.0 1996512.52582253 1500.0
230000.0 240000.0 2058616.4157802702 1500.0
240000.0 250000.0 2177826.9465163457 1500.0
250000.0 260000.0 2412515.11084466 1500.0
260000.0 270000.0 2128511.099387986 1500.0
270000.0 280000.0 2053260.2753031221 1500.0
280000.0 290000.0 1991404.7864256634 1500.0
290000.0 300000.0 2766795.047701803 1500.0
300000.0 310000.0 40963.350472007936 0.0
