ts te s_bytes_all avg_video_rate
0.0 10000.0 1441372.756299518 480.0
10000.0 20000.0 1851139.9301344375 1500.0
20000.0 30000.0 1999675.6547852745 1500.0
30000.0 40000.0 2584032.3194532525 1500.0
40000.0 50000.0 2748220.1492147082 2166.6666666666665
50000.0 60000.0 3038201.8148282287 2300.0
60000.0 70000.0 2999267.968128473 2140.0
70000.0 80000.0 1409907.878470493 840.0
80000.0 90000.0 1879238.5292172465 1326.6666666666667
90000.0 100000.0 2931970.024746673 2300.0
100000.0 110000.0 3063827.344006503 2300.0
110000.0 120000.0 2149976.8080978678 1500.0
120000.0 130000.0 2247290.3382033287 1500.0
130000.0 140000.0 2690881.4868996018 1766.6666666666667
140000.0 150000.0 3127150.353045265 2300.0
150000.0 160000.0 2447531.9289618903 1660.0
160000.0 170000.0 2184988.9500784823 1500.0
170000.0 180000.0 2105380.0890990924 1500.0
180000.0 190000.0 2941003.7421103017 1900.0
190000.0 200000.0 2993417.3638916896 2300.0
200000.0 210000.0 2900023.639576343 1980.0
210000.0 220000.0 3003452.088333097 1900.0
220000.0 230000.0 2268192.869056045 1660.0
230000.0 240000.0 2554313.001927144 1980.0
240000.0 250000.0 3128293.610564553 2300.0
250000.0 260000.0 2334187.03160516 1500.0
260000.0 270000.0 2046391.0661566455 1500.0
270000.0 280000.0 2592280.430392698 1500.0
280000.0 290000.0 2565315.677254949 2000.0
290000.0 300000.0 2143464.5904003065 1500.0
300000.0 310000.0 137466.56506073155 0.0
