ts te s_bytes_all avg_video_rate
0.0 10000.0 0.0 0.0
10000.0 20000.0 596714.9507331062 508.8
20000.0 30000.0 473388.7768054214 288.0
30000.0 40000.0 798909.3394341192 288.0
40000.0 50000.0 647417.6644605094 288.0
50000.0 60000.0 740679.2685668439 288.0
60000.0 70000.0 688932.0862172067 288.0
70000.0 80000.0 678319.430791463 288.0
80000.0 90000.0 761558.3730129127 352.0
90000.0 100000.0 1106830.9723890095 768.0
100000.0 110000.0 1932354.2246781173 1390.0
110000.0 120000.0 2081548.9129112905 1500.0
120000.0 130000.0 2377951.472067256 1728.5714285714287
130000.0 140000.0 3139866.8988484563 2300.0
140000.0 150000.0 3264173.6236533723 2300.0
150000.0 160000.0 3108563.9249939052 2300.0
160000.0 170000.0 3280040.7076454833 2300.0
170000.0 180000.0 3174256.77442823 2300.0
180000.0 190000.0 3342440.0393828815 2300.0
190000.0 200000.0 3106252.974189202 2300.0
200000.0 210000.0 3351260.7664537495 2300.0
210000.0 220000.0 3152385.808718494 2300.0
220000.0 230000.0 3459364.974970622 2300.0
230000.0 240000.0 3155040.7687803973 2300.0
240000.0 250000.0 3032699.4113543723 2300.0
250000.0 260000.0 3520208.080594457 2140.0
260000.0 270000.0 3445594.814493495 2300.0
270000.0 280000.0 3513868.554314284 2300.0
280000.0 290000.0 3256683.811303763 2300.0
290000.0 300000.0 3362640.680898755 2300.0
300000.0 310000.0 48693.912908824714 2300.0
