ts te s_bytes_all avg_video_rate
0.0 10000.0 1333054.1252640255 840.0
10000.0 20000.0 2915828.7957688137 1326.6666666666667
20000.0 30000.0 3026782.5036776634 2300.0
30000.0 40000.0 3167468.768293475 2300.0
40000.0 50000.0 3115159.320379111 2300.0
50000.0 60000.0 2868410.2721194928 2300.0
60000.0 70000.0 2827327.4404469286 1728.5714285714287
70000.0 80000.0 2857016.9342344366 2300.0
80000.0 90000.0 3011396.642581821 2300.0
90000.0 100000.0 3037613.6390747665 2300.0
100000.0 110000.0 1492818.2668400793 972.0
110000.0 120000.0 1887794.9861218545 1424.0
120000.0 130000.0 2617865.431540496 2510.8571428571427
130000.0 140000.0 2224675.1810009074 929.0909090909091
140000.0 150000.0 2846572.9381043427 1433.3333333333333
150000.0 160000.0 1721225.1733906937 1500.0
160000.0 170000.0 2377053.0547678387 1500.0
170000.0 180000.0 2315921.3566280287 1660.0
180000.0 190000.0 3437920.606743113 2300.0
190000.0 200000.0 3598464.9650415624 2300.0
200000.0 210000.0 3181455.046363321 2300.0
210000.0 220000.0 3387267.092585918 2300.0
220000.0 230000.0 3361953.4148797966 2300.0
230000.0 240000.0 3088634.914598519 2300.0
240000.0 250000.0 2555299.4399149953 1716.0
250000.0 260000.0 3099388.1243735207 2300.0
260000.0 270000.0 3237429.7090990553 2300.0
270000.0 280000.0 3220191.025641247 2300.0
280000.0 290000.0 2609280.057599803 1980.0
290000.0 300000.0 3182494.2052408606 2166.6666666666665
300000.0 310000.0 243461.56768351412 0.0
