ts te s_bytes_all avg_video_rate
0.0 10000.0 0.0 0.0
10000.0 20000.0 486640.87644352054 364.8
20000.0 30000.0 879822.7459415365 288.0
30000.0 40000.0 907794.4202413154 288.0
40000.0 50000.0 806390.9429392781 288.0
50000.0 60000.0 861445.8372264884 288.0
60000.0 70000.0 667003.9851666633 288.0
70000.0 80000.0 843642.3668349744 288.0
80000.0 90000.0 724143.1633143967 288.0
90000.0 100000.0 619900.2327896627 288.0
100000.0 110000.0 567758.4291021642 288.0
110000.0 120000.0 898227.0 288.0
120000.0 130000.0 897034.2515707327 780.0
130000.0 140000.0 1806139.0720297792 1500.0
140000.0 150000.0 2077157.9696221137 1500.0
150000.0 160000.0 1938165.2703473289 1500.0
160000.0 170000.0 2668451.8015446495 1500.0
170000.0 180000.0 2054169.7479322073 1500.0
180000.0 190000.0 2020749.9069129014 1500.0
190000.0 200000.0 2078201.7244232395 1500.0
200000.0 210000.0 2540638.343681836 1500.0
210000.0 220000.0 1951267.0113005463 1500.0
220000.0 230000.0 2070801.7172367312 1500.0
230000.0 240000.0 2819047.4118882585 1842.857142857143
240000.0 250000.0 2540484.698651935 1660.0
250000.0 260000.0 2425831.8790972345 1820.0
260000.0 270000.0 2129781.037371347 1500.0
270000.0 280000.0 2066876.5550145903 1500.0
280000.0 290000.0 2662740.5853441795 1766.6666666666667
290000.0 300000.0 3077515.8578899885 2300.0
300000.0 310000.0 185726.15814039964 0.0
