ts te s_bytes_all avg_video_rate
0.0 10000.0 1257181.788241801 480.0
10000.0 20000.0 1801600.141839583 1304.4444444444443
20000.0 30000.0 2430583.912026797 1500.0
30000.0 40000.0 2015363.0528412429 1660.0
40000.0 50000.0 3061397.774032132 2300.0
50000.0 60000.0 2445065.230857196 2300.0
60000.0 70000.0 2711497.5673452425 1500.0
70000.0 80000.0 2089068.2982748295 1500.0
80000.0 90000.0 2072356.0190426612 1500.0
90000.0 100000.0 2434730.362173017 1500.0
100000.0 110000.0 2063545.2810902074 1500.0
110000.0 120000.0 2007758.2636000924 1500.0
120000.0 130000.0 2146214.525589569 1500.0
130000.0 140000.0 2098697.378101683 1500.0
140000.0 150000.0 2349727.3571507735 1500.0
150000.0 160000.0 1982134.1956130802 1500.0
160000.0 170000.0 2418686.7642852995 1500.0
170000.0 180000.0 2836922.012631627 2300.0
180000.0 190000.0 2827976.075263166 2300.0
190000.0 200000.0 1951654.9360780725 1660.0
200000.0 210000.0 2475763.192440847 1500.0
210000.0 220000.0 2782024.8714810805 1820.0
220000.0 230000.0 1988887.836893512 1660.0
230000.0 240000.0 2444236.8844514852 1500.0
240000.0 250000.0 2280720.174146846 1820.0
250000.0 260000.0 2464083.674795605 1900.0
260000.0 270000.0 2339124.7783117564 1500.0
270000.0 280000.0 2544502.0080391834 1980.0
280000.0 290000.0 2122421.748024556 1500.0
290000.0 300000.0 2339567.717117849 1980.0
300000.0 310000.0 108223.17821920777 0.0
