ts te s_bytes_all avg_video_rate
0.0 10000.0 370836.7692510511 840.0
10000.0 20000.0 1722005.049657644 317.53846153846155
20000.0 30000.0 1325284.339609793 720.0
30000.0 40000.0 1810359.6490075705 1311.4285714285713
40000.0 50000.0 2252865.138191401 1500.0
50000.0 60000.0 2267630.9928532876 1842.857142857143
60000.0 70000.0 2990303.061429253 2300.0
70000.0 80000.0 2810366.8354406427 1900.0
80000.0 90000.0 3073847.475371627 2300.0
90000.0 100000.0 2989078.564992083 2300.0
100000.0 110000.0 3076575.6161057674 2300.0
110000.0 120000.0 3151789.0997105115 2300.0
120000.0 130000.0 3286103.547238454 2300.0
130000.0 140000.0 2877175.518563902 2300.0
140000.0 150000.0 3360099.404533034 2300.0
150000.0 160000.0 3051106.252333689 2300.0
160000.0 170000.0 2796998.8655722695 2300.0
170000.0 180000.0 3115806.696148394 2300.0
180000.0 190000.0 3065299.023335622 2300.0
190000.0 200000.0 3331697.6495205187 2300.0
200000.0 210000.0 3017905.01083859 2300.0
210000.0 220000.0 3237965.9669948607 2300.0
220000.0 230000.0 3141220.854032667 2300.0
230000.0 240000.0 3244872.433724352 2300.0
240000.0 250000.0 3089569.809479034 2300.0
250000.0 260000.0 3218590.748888833 2300.0
260000.0 270000.0 3030942.7538688304 2300.0
270000.0 280000.0 3323287.7823092462 2300.0
280000.0 290000.0 3155074.248925293 2300.0
290000.0 300000.0 3070540.4337460594 2300.0
