ts te s_bytes_all avg_video_rate
0.0 10000.0 969189.9680717804 345.6
10000.0 20000.0 1470157.2904014592 1096.0
20000.0 30000.0 2033928.9276112206 1500.0
30000.0 40000.0 2067553.2508489206 1500.0
40000.0 50000.0 1988288.0640986504 1500.0
50000.0 60000.0 2471087.498967969 1500.0
60000.0 70000.0 2054546.2881032662 1500.0
70000.0 80000.0 2065903.5146849898 1500.0
80000.0 90000.0 1969363.4437076133 1500.0
90000.0 100000.0 2060538.3305528727 1500.0
100000.0 110000.0 2483039.422951258 1500.0
110000.0 120000.0 1982188.7638383808 1500.0
120000.0 130000.0 1622211.2361616192 1060.0
130000.0 140000.0 1338374.2837611937 840.0
140000.0 150000.0 2415229.7758234967 1813.3333333333333
150000.0 160000.0 3051008.546506702 2300.0
160000.0 170000.0 2142494.4281786885 1660.0
170000.0 180000.0 2016235.5617695807 1500.0
180000.0 190000.0 2097039.4039603379 1500.0
190000.0 200000.0 2401762.9598943815 1500.0
200000.0 210000.0 2023304.0401056185 1500.0
210000.0 220000.0 2000718.208961942 1500.0
220000.0 230000.0 2013678.8506606843 1500.0
230000.0 240000.0 1977270.1386372084 1500.0
240000.0 250000.0 2559725.228423748 1500.0
250000.0 260000.0 2091740.677288052 1500.0
260000.0 270000.0 2086099.4411842786 1500.0
270000.0 280000.0 2006695.981835675 1500.0
280000.0 290000.0 2049864.4767753188 1500.0
290000.0 300000.0 2769221.9962330936 1500.0
300000.0 310000.0 0.0 0.0
