ts te s_bytes_all avg_video_rate
0.0 10000.0 398063.7352546291 840.0
10000.0 20000.0 2930942.264745371 840.0
20000.0 30000.0 2233509.1702459212 1500.0
30000.0 40000.0 2660494.18859152 2033.3333333333333
40000.0 50000.0 3563751.4087757664 2300.0
50000.0 60000.0 3210264.381196619 2300.0
60000.0 70000.0 3003651.9469487164 2300.0
70000.0 80000.0 2941206.1186100123 2300.0
80000.0 90000.0 2531056.4177212515 2300.0
90000.0 100000.0 2410085.1132942345 1217.142857142857
100000.0 110000.0 2312483.565232123 1820.0
110000.0 120000.0 3084369.2168274475 2300.0
120000.0 130000.0 2715591.272659854 2300.0
130000.0 140000.0 3493552.7303719167 2300.0
140000.0 150000.0 3315614.1426567486 2300.0
150000.0 160000.0 2628311.32686787 2300.0
160000.0 170000.0 2948324.353098569 1900.0
170000.0 180000.0 3069065.957330075 2300.0
180000.0 190000.0 3341777.9548658514 2300.0
190000.0 200000.0 3312338.5438268282 2300.0
200000.0 210000.0 2968260.706987136 2300.0
210000.0 220000.0 2940190.7788144345 2300.0
220000.0 230000.0 3071509.2270447123 2300.0
230000.0 240000.0 3383772.543114689 2300.0
240000.0 250000.0 3171734.0287398095 2008.0
250000.0 260000.0 2760406.3600917393 2008.0
260000.0 270000.0 3027027.277131596 2300.0
270000.0 280000.0 3071774.342360733 2300.0
280000.0 290000.0 3523240.829678695 2300.0
290000.0 300000.0 3219002.9014880704 2300.0
