ts te s_bytes_all avg_video_rate
0.0 10000.0 920126.7124958691 660.0
10000.0 20000.0 2474697.601657829 1208.0
20000.0 30000.0 2716793.6204371834 1900.0
30000.0 40000.0 2553870.5236343937 1500.0
40000.0 50000.0 2768738.1210737694 2300.0
50000.0 60000.0 2976637.545059511 2300.0
60000.0 70000.0 2666076.875641444 1660.0
70000.0 80000.0 2069016.2788027145 1660.0
80000.0 90000.0 2463075.6641128934 1500.0
90000.0 100000.0 2792635.9852060517 2300.0
100000.0 110000.0 2717988.507379626 1820.0
110000.0 120000.0 1950527.8191244951 1500.0
120000.0 130000.0 2163883.3006883846 1500.0
130000.0 140000.0 2818697.6512875655 1900.0
140000.0 150000.0 2846791.857627435 2300.0
150000.0 160000.0 2638151.201729428 1820.0
160000.0 170000.0 2629379.460463378 1766.6666666666667
170000.0 180000.0 2994965.581189056 2300.0
180000.0 190000.0 2992028.452967632 2300.0
190000.0 200000.0 3012987.1224121056 2300.0
200000.0 210000.0 3034545.128946719 1766.6666666666667
210000.0 220000.0 2814583.722776127 2300.0
220000.0 230000.0 3060160.3741354113 2300.0
230000.0 240000.0 2939900.9315123428 2300.0
240000.0 250000.0 2247059.453894093 1900.0
250000.0 260000.0 2546672.3705505664 1500.0
260000.0 270000.0 2871927.5615151064 1900.0
270000.0 280000.0 3001552.8582166405 2300.0
280000.0 290000.0 2983163.2325808713 2300.0
290000.0 300000.0 3001324.962785485 2300.0
300000.0 310000.0 99015.52009587242 0.0
