ts te s_bytes_all avg_video_rate
0.0 10000.0 0.0 0.0
10000.0 20000.0 303678.33811313484 364.8
20000.0 30000.0 407961.08030582586 288.0
30000.0 40000.0 976256.5011355705 288.0
40000.0 50000.0 756769.4116428107 288.0
50000.0 60000.0 727401.683543289 480.0
60000.0 70000.0 796117.8100371202 320.0
70000.0 80000.0 563005.7981646088 288.0
80000.0 90000.0 660481.658612232 445.7142857142857
90000.0 100000.0 631118.6884655245 426.0
100000.0 110000.0 646540.3174159272 288.0
110000.0 120000.0 550783.8221640899 288.0
120000.0 130000.0 548706.4408526157 288.0
130000.0 140000.0 844898.3340176699 585.6
140000.0 150000.0 1551581.0550229894 1170.0
150000.0 160000.0 1974958.2619185722 1500.0
160000.0 170000.0 2209709.4159783022 1500.0
170000.0 180000.0 2528628.5466130036 1862.857142857143
180000.0 190000.0 2223556.6106828526 1500.0
190000.0 200000.0 2202098.066491079 1500.0
200000.0 210000.0 2449578.7324022376 2140.0
210000.0 220000.0 3053566.9590433436 2300.0
220000.0 230000.0 3375751.7200859077 2300.0
230000.0 240000.0 3297049.2628985783 2300.0
240000.0 250000.0 3179779.3234646646 2300.0
250000.0 260000.0 3243571.541834865 2300.0
260000.0 270000.0 3201153.5916797053 2300.0
270000.0 280000.0 3171343.961302526 2300.0
280000.0 290000.0 3127700.6257217056 2300.0
290000.0 300000.0 3340894.4597108318 2300.0
300000.0 310000.0 157483.98067841592 0.0
