ts te s_bytes_all avg_video_rate
0.0 10000.0 147952.95515209538 840.0
10000.0 20000.0 575891.12009079 288.0
20000.0 30000.0 980908.0643455307 288.0
30000.0 40000.0 862390.2961485268 2858.6666666666665
40000.0 50000.0 855202.5811553912 288.0
50000.0 60000.0 996937.025814193 288.0
60000.0 70000.0 711392.1590111066 288.0
70000.0 80000.0 698121.6465342329 288.0
80000.0 90000.0 646232.6035700634 288.0
90000.0 100000.0 943818.231688643 288.0
100000.0 110000.0 675764.6184963479 288.0
110000.0 120000.0 813016.9937440763 476.57142857142856
120000.0 130000.0 1509411.5143631853 1122.857142857143
130000.0 140000.0 2496806.8595128036 1500.0
140000.0 150000.0 2348219.669949145 1500.0
150000.0 160000.0 2600249.58529159 1500.0
160000.0 170000.0 2257762.1957149655 1500.0
170000.0 180000.0 2318817.8794173123 1500.0
180000.0 190000.0 2656689.0645490577 1842.857142857143
190000.0 200000.0 2705891.3921323447 2300.0
200000.0 210000.0 3516780.803929889 2056.6666666666665
210000.0 220000.0 2864151.4199610674 2056.6666666666665
220000.0 230000.0 3329124.218058824 2300.0
230000.0 240000.0 3377091.742558312 2300.0
240000.0 250000.0 3088924.8048327174 2300.0
250000.0 260000.0 3620954.199543719 2300.0
260000.0 270000.0 3289851.1534772716 2300.0
270000.0 280000.0 3033811.7265971527 2300.0
280000.0 290000.0 3121898.5651847855 2300.0
290000.0 300000.0 3078101.6704704175 2300.0
