s_bytes_all avg_video_rate s_bytes_all_#1 s_bytes_all_#2 s_bytes_all_#3 s_bytes_all_#4 s_bytes_all_#5 s_bytes_all_#6 s_bytes_all_#7 s_bytes_all_#8 s_bytes_all_#9 s_bytes_all_#10
1132351.979503302 1086.6666666666667 0.0 0.0 0.0 0.0 0.0 0.0 92123.84944296123 378523.6510894372 326967.2270068155 334737.251964088
2102942.996178152 888.0 69170.14326834232 265424.72751268395 342382.6632176889 287196.4864979828 29167.759590172005 259744.1709652027 166350.03995228815 203934.8661674764 271868.2505430728 207703.88846324183
2400934.024318546 1660.0 239563.04043649024 280072.6325515552 128001.3513305006 306922.1142379302 90749.2105390984 384307.67522297136 92660.048310392 291342.951689608 84161.9778727494 503153.0221272506
3707392.245468902 2883.333333333333 93753.2601004512 530190.7398995488 85037.68763531877 567306.9214510786 143711.39091360263 679202.9669743463 863080.0330256537 0.0 136144.94177302983 608964.3036958723
5053924.068625236 3600.0 118310.63698733503 706615.5594700605 823663.4332394317 435661.28825856047 345839.98023733345 679749.8563383766 83962.56140365181 779588.653393958 395358.3095718776 685173.7897246513
6355693.812629327 5450.0 362249.2984882323 756326.4960536818 456889.8436796425 834297.8862576887 342072.89877516805 778848.8902107554 305216.4904794865 802452.8720625158 859815.8490955759 857523.28752658
6609912.718768362 4820.0 739835.9409214318 688371.4539095052 920211.2922781864 695221.1440926126 489432.2728424866 643758.7423564347 453148.0365105732 676059.8145232579 510284.7329181308 793589.2884157423
5653435.23176984 4400.0 168767.1545081727 995418.068686136 143805.93131386396 831523.928594845 320846.07140515506 782793.2161189853 301721.801101437 798660.3390017673 498626.4026158728 811272.3184236055
5703316.691637734 4400.0 261480.71677164937 778303.9512453866 376706.4404845676 780635.927535906 329108.2421655322 772533.6077524129 445711.0121766855 834972.7111700783 352254.36086621217 771609.7214693035
6742573.565030229 4400.0 797425.354626918 839759.0272145246 623997.7476152825 807803.465092612 804114.9640394114 595112.1484066902 554462.3527390158 670590.4347658406 380748.2664085741 668559.8041213604
5518564.096751401 4400.0 426665.2209261161 712593.6039553096 549954.7018813959 734714.5320656721 286545.1871040738 653873.8990766334 483213.13476419874 842750.8808946293 274192.0023151351 554060.933768237
6216680.896579494 4400.0 607316.8880686752 839764.7699534089 363628.9112968828 894174.8642779059 215541.4181067168 906861.0782196956 251745.02254471256 934343.9541627832 265492.6549746196 937811.334974093
5599715.102627054 4400.0 209459.6090559008 857342.2936422371 291011.77004133526 208637.114060232 744951.8950697137 421714.5898667627 813604.134799575 745687.9577260657 631046.2601670655 676259.4781981659
6763223.771900844 4400.0 512426.4945777571 792666.4014980214 325286.0405492164 747045.9247736152 401752.7219664215 802356.8738402645 851592.8168588543 685338.3767265148 996422.4117616228 648335.7093485562
7425039.592031028 6080.0 456703.4876274756 329078.680438673 814453.2728152253 722285.1433522623 881322.5971866932 787112.7007343284 835998.9232287143 838418.9085434738 878098.8982759832 881566.9798281993
8035166.754384641 6080.0 752801.9891958219 947231.9161187336 758525.7632952657 775113.0301759436 789638.6479279343 834663.4765111895 827318.8945916167 825236.4207799337 903110.568481998 621526.0473062032
5983199.867569607 4400.0 472479.451795907 875093.1186343253 199119.88136567464 772107.6050826897 456955.45265683625 874716.0183143693 243883.4813988938 879016.9471602818 345792.0769173523 864035.8342432766
5767164.005772498 4400.0 311255.18134459626 873797.02563702 256380.28328772116 877976.2448316047 326141.9403335703 821738.3842086449 314699.40879055014 849848.742082909 242055.38724759745 893271.4080082845
6726549.576658711 4400.0 400492.28500197537 818636.1937598464 119061.64985397624 323291.26967904804 807171.8861748088 970073.9268780896 875793.8107799698 848597.0828530431 810497.5123247597 752933.9593531942
7293017.5432328 6080.0 423154.8392670752 719712.049809569 435360.6462630967 764982.1547230629 861205.7730603243 838636.6170301462 814345.4690621326 732734.8148929548 863763.3186641434 839121.8604602952
7011494.012232586 5240.0 803655.2097037549 884633.6952748506 662933.4073034041 794087.9081874862 890382.6060157808 567469.0547450596 510047.2248485192 624555.6495183524 579515.973226091 694213.283409287
5721755.814674392 4400.0 406701.0839417661 610444.158592693 418279.84697385976 642312.8284497864 542880.8570240813 772819.2042061066 333266.5924306243 670263.6075155804 531272.8114938214 793514.8240460735
5669327.072846737 4400.0 291341.74514581804 815528.7387834439 251143.14772605005 907234.76688911 449530.59426185855 843751.6476618396 264232.64858835225 806872.5949714581 242777.66700426588 796913.5218145397
6626264.742589188 4400.0 321736.3627388882 833471.066604026 907766.4537634576 875915.4255376479 706052.6028748946 766785.0560785801 494936.03700444114 621221.4187918934 474633.5621971255 623746.7569982326
5741692.872025195 4400.0 519195.0795506584 572655.195177823 474737.54149090697 441913.49888906186 737531.0078999337 813523.2461889462 249997.2470220584 797532.7703282733 320806.70957604254 813800.57590149
5598751.608030831 4400.0 361106.94419419416 647624.9382547867 423601.3151513854 700377.7999324553 414163.8685528277 608597.2071320094 457694.7297397881 635892.8853232536 631832.8255607672 717859.094189364
5573998.997637835 4400.0 457477.6352643473 617358.5201425954 469823.227720242 764930.8412887243 422365.5929032644 605499.6628142677 492657.7278623535 647350.6491508345 461755.86391544034 634779.276575766
5624819.621791559 4400.0 419102.11614576 609592.1099114898 490922.16126066295 695046.6447038666 451593.6215722407 689763.7493200224 326574.93561148463 968885.649101052 216245.35089894812 757093.2832660319
6835840.343319325 4400.0 458543.7167339681 703531.2235963127 858513.2750198471 828711.0146351749 880286.5230649847 612505.3316361131 634990.420178622 863515.3706829014 242456.40109991928 752787.0666714818
5959386.035162586 4400.0 671164.1303182986 770595.3672158543 312939.65743436525 767944.1682838094 443526.0189288477 745368.9118995322 317775.8661500757 693631.8951330364 522753.6249272732 713686.3948714933
