s_bytes_all avg_video_rate s_bytes_all_#1 s_bytes_all_#2 s_bytes_all_#3 s_bytes_all_#4 s_bytes_all_#5 s_bytes_all_#6 s_bytes_all_#7 s_bytes_all_#8 s_bytes_all_#9 s_bytes_all_#10
1790603.2026062738 2300.0 0.0 0.0 0.0 0.0 0.0 0.0 929.8008658658938 526052.9731192673 609184.5129584898 654435.9156626507
3564608.0125005147 2071.428571428572 581987.3237434325 449563.0003369088 295541.8728317863 361635.2356930717 334898.39978093386 421051.59064595896 386616.5256521289 251844.62420777165 177673.37486314357 303796.0647453782
2787142.784893212 972.0 386922.5964848229 354529.6215442553 270184.06568079 312397.36010734964 273503.3987222872 202033.92201960104 190647.97811035145 0.8422237540938701 256120.21160160087 540802.7883983991
3468924.294561846 2883.333333333333 0.0 539950.1573907372 24986.84260926274 246219.69362610028 430424.4952400274 655203.8191186953 235188.2296270557 539337.1044365774 244460.72210821084 553153.230405179
4915602.222416955 4166.666666666667 199862.705438154 576270.0844427588 224879.9155572412 551992.5824040626 470544.1009716642 671180.5087753331 449647.03961999615 678322.0569756634 444801.99778513086 648101.230446951
6240116.344101192 4400.0 465112.6060466215 670435.8724424457 473683.65902971546 649563.0734685058 451888.7313514197 712406.8577063584 490853.805817174 653511.8785914137 752507.7281934551 920152.1314540828
7147379.415200895 5800.0 774925.0262971898 888303.6712143366 659784.4414084802 31396.92615707919 799210.8606747823 954754.5124093016 519811.3515113503 862904.5270047854 762458.1463921532 893829.9521314368
8761241.06661097 6500.0 835458.1621689574 880327.1440200299 882315.0600283034 988754.0895175613 834323.5759787867 901395.1944832022 773168.6360926493 937296.653490574 788704.284331852 939498.2664990544
8789152.81833337 6500.0 825366.165431062 849843.1492297924 821207.1007518073 968299.1870813196 831933.3446614144 948753.7397880296 922976.3617406768 752167.1674913429 805287.4038246663 1063319.1983332592
8423392.717188288 6500.0 961745.7312370844 814820.5471069233 770701.6575505744 590800.1832839098 825660.6166682409 964898.8025125336 882715.1053288796 934797.985247448 946149.808652524 731102.2796001703
6893852.688703787 6500.0 926849.333324874 895814.8787646572 830792.1110925265 973979.503882958 961906.2435221684 953831.5530426468 741964.0416095327 176986.89052735415 400325.565819765 31402.567117303493
8348580.462722097 6500.0 722789.8136636475 1001776.6196297584 808456.2906672028 1065509.4714407949 825938.6437760338 701256.3568878346 804639.8032547093 721366.2109769421 708036.3237121617 988810.9287130116
7206985.984365256 6500.0 796348.513954202 927083.197036379 807233.429436484 497398.43153556687 167905.87943647258 885783.3496578766 966899.7711354912 844267.0012941184 645684.7122475862 668381.6986310803
8015159.111885029 5100.0 787739.4796738109 952440.588030422 849437.0813457859 1022459.9136571436 866729.0302454166 733849.5240235048 570668.4043357943 692443.1209188924 678945.2106912455 860446.7589630124
8378511.233014661 6500.0 808651.9343906797 778202.1120467973 871671.9248449043 831552.8426685277 874490.4843211205 846635.6007889819 574668.9677887268 977462.5674669548 957343.474987018 857831.3237109497
8571976.187723668 6500.0 796429.7516089727 826317.2246479115 864941.1897965235 920514.3018857196 760293.4440514036 843660.8868314936 904233.5672717474 845344.0043104904 928791.6118269936 881450.2054924107
8610521.619611595 6500.0 731069.987267479 913465.7350953012 613888.8478731164 854200.0291756542 888436.5298751763 980308.4229135312 869936.25649337 1058930.4027655097 770630.8955168299 929654.5126356264
7627180.949765008 6500.0 769097.7360133379 813353.0713193811 728151.6387992462 751444.9311013812 718528.7131380746 930940.9976989228 310710.8156004851 958414.7538803064 812441.9199696279 834096.3722442453
9006201.722800259 6150.0 972705.6839665693 902513.6856176192 917975.1266760876 1064122.0227590655 786185.8906822351 968889.709740159 789580.6437791325 1102320.162626292 799275.5709804888 702633.2259726085
4914488.51290492 6080.0 724438.9216538793 546331.5649276911 592684.514248257 464773.5419401262 192659.61822517173 367485.25880123547 32782.7411987645 440354.1939119597 748104.1261995679 804874.0317982661
8739868.91623757 6500.0 815390.7646523918 878249.7314265117 878506.9299118457 817117.259485047 842384.8043776662 923639.6560822696 906586.5021544748 836370.2913961565 1101652.6823543005 739970.2943969076
8425870.847930454 6500.0 780188.6199699811 928069.1481898914 840562.4765170197 640366.0559232972 870707.9363182889 951818.571571365 846948.1515495415 673920.2056478763 1027219.0549846774 866070.6272585152
7874605.303779162 6080.0 768505.6077979403 786573.5023433844 910556.6488947326 860844.5899492444 972012.8496300384 883438.3221003218 413668.18635560886 670328.9459568044 768368.627188049 840308.0235630376
6903272.972614886 4400.0 944957.702208856 948865.7424577168 689275.5043553207 900173.802750393 628637.4184420762 559196.885923385 600488.9558794278 580716.7697332108 480898.75569692976 570061.4351675707
6937946.672354311 5450.0 653702.9725110622 794855.6350170712 108688.82988513508 770923.1033490542 388027.0667658108 882168.5286183117 840033.010891795 966837.2121396464 621217.745495963 911492.5676804608
7892500.3847365 6500.0 661888.1951777628 873153.3945549933 307913.9253045028 907064.8152742434 975042.275360836 835825.4778881232 718648.2511617435 873860.4474790723 856702.3022808281 882401.3002543944
9173952.935656868 6500.0 871456.1958498743 1008668.1335430404 958604.5324727644 956704.1328347278 808361.7168667751 1104208.586942732 733402.6610086244 936084.4150434928 793230.8527739947 1003231.7083208415
6006215.692468078 4925.0 848506.1664595148 409037.4483209407 554.0 35742.0 539968.209847409 955897.6734132182 726148.6935855906 915323.4758310548 852801.6280356245 722236.3969747254
7057560.591928039 4400.0 900984.3285775268 940747.6346709664 839826.6674722007 604537.660848048 693479.2537249611 629166.6443481904 413344.5292592789 570796.5439458136 641135.0021257952 823542.3269552574
4899787.39952121 4400.0 650204.4577190656 317595.7044277993 504341.7218154982 569158.5198263044 752383.7716062105 419442.1781257057 726904.5316812855 300129.4451824695 0.0 659627.0691368716
