s_bytes_all avg_video_rate s_bytes_all_#1 s_bytes_all_#2 s_bytes_all_#3 s_bytes_all_#4 s_bytes_all_#5 s_bytes_all_#6 s_bytes_all_#7 s_bytes_all_#8 s_bytes_all_#9 s_bytes_all_#10
1130461.9517636832 1424.0 0.0 0.0 0.0 0.0 0.0 0.0 3992.115624389206 200229.7920923033 398492.4490403031 527747.5950066876
2900706.663765972 1080.0 383460.0189798756 328910.8471824001 273546.57893275266 345163.62694143807 357418.6245117724 193245.5051643916 219803.4003068784 335360.26294368296 342407.9690287248 121389.82977405534
1647572.384470345 692.0 396582.5487592256 228344.93731562604 173377.55199166597 343632.78613801714 140254.5602658101 35647.0 16479.443071686437 19613.77148598365 219117.7897553493 74521.99568698055
3629665.484324745 2371.428571428572 326491.0142000325 213522.3486762392 339974.6371237283 2908.0 22.431276737482087 515538.1147880926 92394.2127936873 633528.0210010404 635617.4867892701 869669.2176759171
3012975.1094360696 3560.0 61551.51567525519 710513.5721280982 45906.42787190178 719246.8512321134 35241.148767886625 732885.6993858388 56278.300614161104 2914.0 0.0 648437.5937608148
4694535.943795507 3280.0 418603.4382746909 597170.203429218 623903.2233178297 816380.6883130216 26272.852904425075 729199.8572543144 38713.73102060812 685219.3136065708 99514.59944716912 659558.0362276591
4818049.637333739 3000.0 99852.14227625552 638812.8113011996 400116.7226194998 911161.5724184334 349857.329529778 612586.4816614966 237247.40263701585 783657.5522697693 33554.44773023079 751203.1748900602
3987892.5223960206 3000.0 34789.82510993977 765218.2306403461 36918.18094250506 772707.1010711379 45188.48734601101 766199.1000718812 36429.89992811879 781851.6652965244 21560.334703475688 727029.6972860806
3904780.9762953073 3000.0 42064.67038814621 762735.2249638352 68587.40736193805 693986.2958466882 131635.55768885373 597861.8805615426 180897.84151465647 700307.9860671227 98543.7259981815 628160.3859043424
2764981.9721404025 3000.0 180039.6118243703 707764.0222576925 68725.69233654955 593461.0612672267 222254.35460864063 57134.58412413264 831.0 23390.246821155662 357432.5309617884 553948.867938846
5837667.921168983 3000.0 896938.6553234966 871331.9076580581 877402.3228492372 290513.62899592024 401859.4218750821 651399.9622316338 539274.8541352219 515711.0848824204 203531.51632713983 589704.5668907725
4786318.7618001215 3000.0 178029.14181534908 747229.6104364467 60403.84317465827 584687.554595811 180467.13276368688 587282.3709980814 160228.7793251942 831418.2005884933 574267.7843744378 882304.3437279632
7328280.668401351 6500.0 100448.67130910588 563775.6830006024 753992.5662382968 688210.8441967538 848553.9274001867 931766.57440402 858947.3605992333 979370.571438151 825906.1801360145 777308.2896789872
6824503.119067471 5240.0 809268.2606202051 749997.0893713934 793166.6171285491 526329.0357876068 0.0 644875.2923477835 846258.8804854581 809505.7760584133 851173.628677001 793928.5385910595
6271566.595369681 4400.0 999538.3546874308 796473.4842452502 531492.0449076034 2914.0 0.0 575300.4545056032 881995.2713753174 881871.6482925329 885171.9937839104 716809.3435720324
6854117.3566182 4400.0 873079.8182845295 782100.951329243 151802.5188568314 773312.6798750806 493885.9402990912 509014.8520973694 797908.0486011031 836343.0987679742 808561.5025689282 828107.9459380498
3587751.779355779 5450.0 613401.4742002626 31891.457652141045 0.0 634633.6612035747 880714.3349859675 704517.2694169906 592818.7343934673 26714.0 4698.003926003576 98362.8435773718
6115054.463147625 3175.0 553815.3536669051 876698.8860029231 705409.7781945467 808991.2410588543 699107.6635699389 843194.8677385822 133414.6860553503 748448.1490410481 77925.78543756124 668048.0523819153
5822984.337096495 4820.0 346133.0853717724 751556.063080905 418810.8791398598 867313.6527689078 304218.0119045988 630588.1399541197 515083.8982655437 677426.4247495952 462655.5778779988 849198.603983193
5991529.666483168 5450.0 775375.7908481064 810487.139519426 880223.4409097511 416842.857234266 826176.810603665 821474.8123898568 857445.633659963 41889.86708747069 0.0 561613.3142306631
7986561.080851161 4700.0 721128.1961351113 993099.2011842128 840172.3696716295 919427.9992323422 874492.8297652699 782258.0897807714 678494.0968956649 775030.0948810249 764162.8082233102 638295.3950818243
6797986.778812544 6500.0 890653.724016798 558190.7092421405 871216.2764742189 996914.495149384 882825.2605346991 630841.9577849093 814829.2364991917 421400.9452168341 0.0 731114.1738943693
6238535.790462885 4400.0 927213.4132723652 757979.7698231714 406180.0912164574 699617.8620925515 419934.1309172356 640475.7909714953 439457.2934369108 750814.5073408957 388129.3355447692 808733.5958470332
5529231.26012478 4400.0 369147.1436278285 771966.5438310491 321091.65324566344 558540.9035539166 536358.0583269687 701145.1131346651 424045.8531640097 675173.0765251566 492397.67682428495 679365.2378912375
7183111.585698529 4400.0 768174.5509571705 706240.7566017571 785129.9083511726 841353.5014927017 805196.7803620937 463957.8326639758 822653.5854028191 564085.4695683538 797753.6376065196 628565.5626919657
6011354.506287649 5240.0 953512.9942204276 408294.195599008 0.0 808472.3316787013 839189.7544538588 741108.4846089098 609080.0908317772 841489.8793004706 108584.4591262822 701622.3164682143
6634292.683531785 4400.0 838014.7800396685 853351.3282033588 307074.5752887585 644520.6192634965 494875.5654913535 634096.4590220122 939373.2456685554 840005.0189066473 899491.4442362725 183489.64741166265
5802340.381985122 4400.0 0.0 689537.0019296692 341441.49191740854 561838.9054559619 682607.4413442196 674124.5283757406 452484.82541886624 521537.4818263734 980021.5593228828 898747.1463940004
6246257.385685505 4400.0 698531.2623301141 813469.8886960924 573463.4669886708 677228.4455272543 474002.14196126495 357108.08449699194 791889.6745586032 745635.8766313079 471627.5751710101 643300.969324196
5784809.069136458 4400.0 497772.369623489 649341.4237304847 486599.7987484738 798031.0223386306 396467.5433662511 516878.9713701716 645428.1994786775 569775.9652823347 714028.5125289478 510485.2626689968
