s_bytes_all avg_video_rate s_bytes_all_#1 s_bytes_all_#2 s_bytes_all_#3 s_bytes_all_#4 s_bytes_all_#5 s_bytes_all_#6 s_bytes_all_#7 s_bytes_all_#8 s_bytes_all_#9 s_bytes_all_#10
722309.7564130754 958.6666666666666 0.0 0.0 0.0 0.0 0.0 0.0 3968.991133251276 183634.605977412 320229.29099071893 214476.8683116933
1721783.2073249994 538.9090909090909 305181.08342486795 290496.9269853872 152652.66823833666 95189.34390935797 225102.827872843 75891.9566334989 215968.43652263287 93917.03656091126 104198.4786750474 163184.44850211637
1868027.036261925 1311.428571428571 146985.03626192495 0.0 336802.26453953766 152146.73546046234 0.0 344142.2126606626 66129.78733933737 402781.0 0.0 419040.0
4191850.28208211 3600.0 218411.1318728029 623457.5188465209 301644.53561314085 596841.9103118929 150805.90335564263 557098.9049761943 207690.0950238057 514786.1777508552 455054.5476038867 566059.5567273684
5685571.11477137 4400.0 525842.942542094 657345.9702486184 489391.9339200434 698992.5683758528 515963.49135383766 606088.6244430621 508813.5654244224 622610.5514438523 456439.3118481336 604082.1551714528
5671056.184380757 4400.0 490431.782454115 627433.6309269802 490055.4124957532 716780.3302312396 473757.3665442458 675529.0367508966 443893.1948923494 598478.2988384252 533208.4396936009 621488.6915531501
5493538.189519827 4400.0 453240.6202327781 578261.389258701 511317.9305490901 666815.9412277067 435436.8849378373 636526.5067415156 465239.0016413515 563232.7244580854 529821.7825714689 653645.407901293
5519939.188032504 3840.0 540961.5839548793 713690.0351457341 416297.239845598 678606.0295857278 419306.4070638037 435723.6595224248 573620.4255434646 790028.1233447738 303511.725239531 648193.958786567
5605797.543033322 3933.3333333333335 681356.2145618055 764886.927282702 241975.557566352 477686.7337278696 497810.30467127176 610248.8632673061 510295.2541808525 697139.8664363843 452543.203794698 671854.6175440806
5367141.601793864 4400.0 437183.4419294831 627761.4000282979 436688.5059320586 643038.4054088959 477098.38983107766 660728.0934801642 450999.6733932547 546084.1327385562 465547.5182709582 622012.0407811175
6842690.109446744 5450.0 542007.1978059199 695785.8665143127 498643.16017125046 693415.9936017947 464378.7970597347 674645.6212464813 813121.8058782532 737929.6875084031 817382.0973315643 905379.8823290296
5644567.6711036265 4400.0 488733.60838543 566037.1351585431 507146.88835363166 673058.6005642638 529496.8930960308 756695.7500498346 429825.8006221727 517755.6371078743 511912.5115878583 663904.8461779862
7079437.730924714 4400.0 557612.0031828509 681672.3187945995 676453.7938584272 76088.38168217195 630055.8033175216 798943.2062972954 696202.8807812665 1063929.2610958645 743476.9740151197 1155003.1078995978
7270185.498368284 6080.0 605982.8724010272 738144.3269273054 387238.7109166337 646545.4967628047 765460.8297531656 799861.3756962802 875515.5683047378 903435.888879057 801797.0968987462 746203.3318285253
8019171.260095269 6500.0 794852.0856317519 697478.342382547 910049.2091889256 957161.290823462 827757.1597556628 929065.8128870134 799578.6920871988 704409.6312357201 834611.184558918 564207.8515440699
6614283.336680499 4400.0 645989.8366656721 1094015.9105554754 746262.3565567591 781632.212514631 391583.5015874079 415279.4355617992 669105.0405644865 764820.0552686788 483607.8333183195 621987.1540872697
5745356.301567527 4400.0 600236.2897671106 560890.169082694 602593.6153000378 630630.3252410055 529713.6689871047 650782.1082853591 352315.8119726815 459327.23327034735 682787.4849348912 676079.5947262964
7047871.762832258 4400.0 611465.5947196508 697243.1619304908 508210.3066942344 449634.047188747 979162.435177509 846866.2258305452 961419.2339792092 697532.9102432427 748424.0724359535 547913.7746326744
7562129.858300464 6500.0 485211.7715084575 625610.80002974 664234.8318928307 732290.692745406 872499.6089801935 957697.4604448096 808168.9875485054 826032.7587243959 798229.286133951 792153.6602921742
8629333.390417766 6080.0 852806.100812359 896612.6886499306 769217.8046383025 784094.4191058045 848688.655200062 876175.7984592385 843078.6987470072 1012921.3690021108 898377.1083762725 847360.7474266773
5868025.946855383 4400.0 448902.5931589824 662651.7006099524 710940.7937034145 657574.6644245036 586096.3158398123 536720.8184734641 570505.9607955168 489278.1703310955 725148.0086833138 480206.9208353281
6054247.032680307 4400.0 743136.2490858008 555957.873525409 545210.907182504 557772.2585872177 642744.317848257 573163.5286811441 587906.8853715849 806430.1863978943 457930.4319693087 583994.394031186
6851425.2729992885 4400.0 614956.0619837602 690627.0875921377 467205.8444734368 651290.3223329443 738202.2965061059 995182.9359974284 798384.7500447584 824673.1728583272 504060.92637740873 566841.8748329803
4079162.72411412 6500.0 552251.914645486 698612.0709829378 883963.2990168494 793257.7887684361 817186.4486859932 305348.38473060465 6562.00204107272 7404.906321297938 4550.474966400388 10025.433955041066
4628233.494140355 2329.333333333333 7000.0 396396.0784592204 784204.7509661536 578193.4059737835 749742.3541137559 672922.1336365299 420593.2768505569 484101.0 0.0 535080.4941403549
6246233.045482168 4820.0 546486.4363567772 635523.0872777195 524592.9299409024 634416.4521124236 819394.5588385917 839873.167805318 519544.1199082078 295769.6606698252 658975.3892413521 771657.2433310508
5746936.831654534 4400.0 490837.0879829563 670716.0808091676 500589.3188427849 651054.3946229197 519399.0772042527 599588.4694606162 507925.7760348972 654411.9331538074 476859.2450441202 675555.4484990119
6832626.520210346 4750.0 507680.38644352014 538570.352044572 885745.0501772533 827537.9849261435 838823.1820723613 782253.559200087 824010.113859005 549785.8392066959 432806.5502157583 645413.5020649494
8097393.134648297 6500.0 758176.886259724 684563.9881307181 816001.6745268877 922416.1561992618 799940.8933703772 807567.6414921097 885071.6352084866 778728.914125963 843136.5107825961 801788.8345521722
7016630.707909049 5240.0 847597.0208792548 808463.0713360375 823674.9001008208 717691.4755865764 819455.9333700864 728977.461325025 587674.0900215079 691290.548143233 503439.99782685767 488366.20931964816
