s_bytes_all avg_video_rate s_bytes_all_#1 s_bytes_all_#2 s_bytes_all_#3 s_bytes_all_#4 s_bytes_all_#5 s_bytes_all_#6 s_bytes_all_#7 s_bytes_all_#8 s_bytes_all_#9 s_bytes_all_#10
484478.1889672485 1092.8 0.0 0.0 0.0 0.0 0.0 0.0 0.0 114325.55728677708 180610.8673613858 189541.76431908563
1294251.8110327516 288.0 125954.45400956554 137901.33253621 52194.41494952397 199439.04539348613 179892.72038015255 241386.51839742577 80286.65108015138 116446.0398611585 76130.18802404637 84620.44640103141
1909114.0 1331.428571428571 126379.39341551336 106345.60658448668 124626.9861925946 131085.0138074054 182491.01519615468 250538.9848038453 380342.0 2910.0 232413.86069819675 371981.13930180325
4263062.744064322 3350.0 421923.0506038428 322593.94206435105 714665.0919076732 125801.07604690608 642785.9070381594 492207.7526233502 415975.17971571744 22892.001546276504 679553.8657585391 424664.8767595064
5456595.296361398 4400.0 557725.4259702602 478568.9149502264 606333.3974454947 497139.59434001846 587749.8818082575 466786.17519119015 618153.9967102126 519385.0777345201 585588.7177579147 539164.1144533034
6001212.556373552 4400.0 621968.4828603249 607857.0711598258 597942.6341519187 463079.6154541128 621870.5823018216 561355.997839856 792559.3714996141 828000.6822568693 226922.52204993652 679655.596799271
5927772.608356183 4400.0 405368.2957352017 833944.1222907142 642462.9256501043 590335.4047764246 496325.0768787196 796215.4606409271 375778.4753991966 696397.2128968191 444892.1152879343 646053.5188001427
5806823.095141584 4400.0 357286.9723379964 640332.3195655952 704146.8015413902 628824.4854503239 305791.0353571927 785689.8594068821 749845.3984984932 446725.0046638713 629166.9218474778 559014.2964723617
7719889.066047818 6200.0 597120.7722527601 507991.2395743981 657621.5127052177 979928.5828719982 743513.7754168577 913052.24028853 730436.6255793665 921887.7760525424 691474.6236862158 976861.917619932
8661958.747791022 6500.0 804990.6352951659 879475.8588731969 805600.0777966902 871919.3342443856 749563.6373694674 998028.454358987 838715.5654296093 975537.771208852 830312.9264207913 907814.486793876
8355330.974988488 6500.0 849604.8925512579 916500.9461074148 809829.0472054483 720712.9562125928 815086.9649112666 848266.1139210493 896673.2539654277 850727.423941014 1003725.5886541912 644203.7875188258
8891548.112865007 6500.0 826293.0561678554 944416.9057055162 1009582.3553807844 820426.1000307107 963628.5764536472 825405.5220986999 865509.0330523961 849601.388702627 839696.6639572241 946988.5113155444
8552420.06694439 6500.0 752335.9408620447 885973.6983162476 816006.1272324398 862921.3314421573 759681.1738445495 943041.6007364938 560806.9794667573 793348.2989248915 1152264.8117267678 1026040.1043920408
8890659.320996275 7000.0 929417.405445998 800510.7788787489 1082987.5192797168 959478.3208875688 769577.535153311 934268.1723804106 697716.7774588009 1005232.721516858 629334.4707962133 1082135.6191986506
9200094.233039225 7100.0 784504.5320654436 999431.2187184602 918348.8377705888 989322.7073303557 887463.3453536181 934745.7481125392 998593.7858004768 916894.6689937218 774235.9328057253 996553.4560882952
7472022.235455704 5450.0 800080.4657974497 930579.321234416 786865.5419765369 898578.821934104 175518.02608822947 450134.1384630472 868946.3661236363 917667.6814363712 806831.5603665588 836820.3120353539
8495541.937303772 6500.0 957658.5513603784 558423.2351779765 886877.201776526 904895.4523873252 824845.6364057153 813046.1891559067 905652.818105032 783393.8617495745 823141.8813389358 1037607.1098464011
9215034.992277266 6500.0 945672.686670738 948954.2263005916 981362.5238820192 847358.302020561 959849.209341024 856434.9649752609 957730.7540789632 947244.4154878332 777355.3428757661 993072.5666445089
8430238.04402796 6500.0 826880.2027924743 1038873.1352216548 729303.658590078 727174.0523586159 672419.2184822379 1034862.8379428132 707785.6291076426 850698.3530372479 791910.4746115047 1050330.4818836912
6433310.869019176 5625.0 650896.6660112634 974122.7205983468 746266.0601067685 944334.5995059604 646112.4190921104 738827.5480274082 8393.478664325829 33317.47595985055 734800.2181481806 956239.68290496
6179507.633663742 3700.0 385716.8678083959 1015497.086414839 529616.0335163496 902878.3872000602 441134.499761946 818127.2242452686 0.0 613070.0538989268 837888.265061625 635579.2157563309
5543324.273294456 4400.0 394273.323567001 591414.4327684401 578473.5663708854 635856.060926478 507719.0940531637 596268.4695465704 457834.40253309975 625904.1965804391 422014.20952261565 733566.5174257627
6131139.838192566 4400.0 807239.9836962845 489567.6662199988 574519.9882081557 451017.8555535766 658768.2653433327 440009.21798519616 762244.2081375535 392130.81302608695 706734.8503687076 848906.9896536743
6513164.234603612 5660.0 629915.3537960943 340864.8392993188 677697.9652978643 584329.2678566948 637440.0869728798 488745.96852289233 794482.2780288598 730663.9152419317 717326.299856636 911698.2597304404
8624560.876440117 6500.0 696194.3148063205 924835.1403424216 626436.6362104281 954372.4916043208 852580.4098671656 991297.8689784704 855036.0078381051 879587.4954673415 850120.4948965104 994100.0164290328
7657493.91742047 5660.0 767209.2523974653 1004680.6314828048 875194.2874825016 401141.49478813965 587157.3146734516 860071.1332935956 694630.7013008285 715997.256633373 958991.1558932768 792420.6894750334
8997478.173939032 6500.0 791115.7054121511 906475.841790874 920200.8594694444 894278.4601903253 851613.12411181 879122.0089105584 899563.7133731453 1000458.9745837495 813677.3144675532 1040972.1716294204
8208180.401097959 6500.0 792261.0077415141 869479.386581739 817466.736305902 699875.3087999253 627568.5754229234 993637.0354550368 799016.806275379 879435.6628272145 769135.406582821 960304.4751055036
8432719.088762905 6500.0 549512.6590392829 986328.5204814476 783396.6780179751 806660.1320137352 986744.3069454904 952167.0429332908 730608.7771655162 1008435.8132333824 697940.2277895972 930924.931143186
8750876.905517314 6500.0 846583.1479712005 770818.6283710897 916653.2909156012 790289.1464681791 896834.6291685007 929925.5583673707 828538.9871053055 882312.1726096749 896641.8473471666 992279.4971932255
