s_bytes_all avg_video_rate s_bytes_all_#1 s_bytes_all_#2 s_bytes_all_#3 s_bytes_all_#4 s_bytes_all_#5 s_bytes_all_#6 s_bytes_all_#7 s_bytes_all_#8 s_bytes_all_#9 s_bytes_all_#10
1189234.8529061985 2300.0 0.0 0.0 0.0 0.0 0.0 0.0 10484.430255959813 482101.74088998965 152606.75196132713 544041.9297989219
6395352.317178495 2681.818181818182 575900.1019439821 761986.0451498195 737301.8008045068 664655.0104237634 487241.08650114766 902915.9140500438 989351.9361143098 722558.318619096 90365.93348713266 463076.170084693
3640341.094509419 1567.5 942691.6421461576 760110.2065470307 488544.09528582566 734267.5422940943 188671.94707014613 29508.50834758307 207434.88822446956 93169.0 0.0 195943.26459411177
3859420.113189466 2883.333333333333 372771.7354058882 566086.0 0.0 637599.4653920332 75572.53460796681 630565.8292017507 117545.17079824928 618575.44731612 195424.30689107627 645279.6235763814
5257135.190259736 4400.0 135115.62221642223 548066.399686222 482594.70743508544 683513.960664861 439198.12121747615 678101.9826709146 418336.0551345911 597814.9056923058 518316.7479106964 756076.6876311613
4890568.282528535 3560.0 452626.6213001045 673914.4778050958 423794.3818354646 61709.951016021056 0.0 683065.4481911267 887696.652733553 605278.6029917761 513727.4628303051 588754.6838250878
5550236.724012164 3933.3333333333335 674740.9673327595 814771.5861507456 155885.37048210643 597203.8038585817 459701.92052570416 609301.8702757665 457187.7331119821 659326.4640360123 511793.8685091895 610323.1397293155
5513807.018753139 4400.0 433511.1122920933 638964.3378969795 475727.2052059663 642543.5956954245 477131.1830691072 647660.8784912298 463786.1167426879 535809.943292517 539265.9419045381 659406.7041625957
5624306.241401667 4400.0 496932.8243224581 645792.6830698007 480958.63733841386 676242.508024712 405680.7842529015 622443.1399547224 475268.639377032 596033.1997179831 540215.0546080808 684738.7707355629
7964578.270014454 6500.0 460551.731472251 795039.9094526758 608782.3548490902 811130.266406445 848118.1746945776 857727.3284557168 854442.739649517 942319.7150702942 786495.9807846555 999970.06917923
8689431.305768037 6500.0 930899.0551899276 892947.3802160908 1006232.424754744 847990.8045441075 893701.6941760072 938648.0498330676 510014.5054899072 869699.9201399947 842379.8283351932 956917.6430889978
8577248.373473618 6500.0 947636.418020124 899841.3987523675 939769.6046330616 857531.7228508766 688347.2680248332 922740.4528254606 733896.3307241381 876909.5066428776 747775.8207437703 962799.8502561091
6058265.216005072 4225.0 671937.3839343477 903772.9104652982 688989.4561845807 906871.8411141152 748440.0389020009 872883.9582416441 145986.6271630849 590691.92545921 457926.7971622306 70764.27737855948
6242155.3148672525 4750.0 0.0 458442.05707861553 834450.1323372636 772778.6243173288 988229.8916472913 959750.3671204752 514559.0087565436 762056.3533027451 366982.9522042897 584905.9281026993
8147552.125630453 6500.0 841848.3137863381 740806.6699212685 779480.4285217498 906465.7475457912 787452.8261616825 907121.1373849574 785062.2509130868 670299.4487566507 802060.3830283772 926954.919610551
8620608.131047564 6080.0 857604.8680512455 939356.9590846954 875724.9650653679 932709.5055695996 626893.9279448292 801121.7239570424 874541.4988583584 950889.3254514296 913763.528767219 848001.8282977775
6651026.436304321 5100.0 909208.6195718856 766467.7807769203 564544.9080507669 630053.944014831 853119.2777566775 348563.1037822324 430182.187430714 710616.8028424016 689310.3308712863 748959.4812066054
7829982.608152596 6500.0 779066.0317415895 741854.7810813002 723255.1777336803 777236.6816061703 687177.8797155004 860805.5339866582 819728.570446886 878632.4274456142 662552.7327400509 899672.791655146
6611681.542818885 4820.0 749443.4872481854 602450.8967496281 0.0 707910.8025056582 912026.5952802518 810894.725108812 787403.1481736815 939367.259403546 753925.6759106487 348258.9524384746
5610144.067933205 4820.0 746716.8411789271 658626.8542377612 448716.95867698384 582852.9670212773 699112.661649069 746808.5584149086 0.0 580217.0707981676 377991.75351500034 769100.402441109
8767895.445680123 5800.0 790120.7635291498 906428.2017914192 817611.7140198256 1000315.9654122615 1018312.9030950062 817997.3879972867 817956.1970073918 936933.1834974136 890510.1972300556 771708.9321003134
5899861.472280004 4820.0 756595.9466886957 755700.0319462242 475428.234510889 73624.1144197907 0.0 699154.6416130357 758571.4256199975 748689.9685392957 843166.6151170747 788930.4938250019
6070602.101970009 4400.0 763197.9803973775 856345.4560335423 611747.1406655165 97778.27818915845 0.0 591959.2494827044 813933.908468267 838603.9242513332 820308.4835557105 676727.6809263991
6528546.067382976 4400.0 552041.9246343143 598269.4999586929 697324.4374993169 812226.2462921905 813024.6503333504 705484.3653175861 627810.2766627636 667156.7208909511 710978.4889617795 344229.4568320317
6568530.5694783935 5100.0 772595.2271258045 264135.99790516123 646604.1870612318 774049.3115085731 35437.96233183795 703951.3569503156 1001570.3879911236 865803.9091322192 664195.1047790013 840187.1246931241
6935041.62312069 5800.0 751225.308925978 669397.0970225668 279183.710505671 516073.04621814034 833210.4850498572 870003.8917314825 774613.6473731566 651213.9714829734 881525.6741952305 708594.7906156336
8145075.575684838 6500.0 826331.6683081063 791312.813427544 891796.0112433962 614514.8280253969 836998.4943849164 961371.5674651824 767557.5206191298 692394.4203436652 888440.7320563998 874357.5198111014
6765301.818982659 5975.0 808606.1453863765 708991.4114139467 902961.30405551 618952.071928308 851421.0100729384 536381.9747916078 0.0 738224.0004455182 899357.6688761446 700406.2320123083
6704298.394014222 4750.0 892060.4666854381 723592.0784473121 836104.719671756 645009.060697559 889541.808930554 797842.9642334097 0.0 545767.3189371636 571394.4335873172 802985.5428237115
7227255.786749467 5660.0 703776.8622542208 823093.3503981493 786193.6243651315 819068.3056713059 869704.0515758721 904054.5968919712 751217.3704246541 592484.3984150591 580573.6842160332 397089.5425370698
