s_bytes_all avg_video_rate s_bytes_all_#1 s_bytes_all_#2 s_bytes_all_#3 s_bytes_all_#4 s_bytes_all_#5 s_bytes_all_#6 s_bytes_all_#7 s_bytes_all_#8 s_bytes_all_#9 s_bytes_all_#10
2295128.319502986 2300.0 0.0 0.0 0.0 0.0 0.0 226408.59738678852 588248.1770860656 538504.8222426347 497587.4032845111 444379.3195029861
6445984.244689414 2930.0 760700.0249880804 949916.5026384672 835122.9797279962 851666.7951705768 407999.8757751448 830522.2419715517 430029.26022519707 225013.3312108823 737215.7209512603 417797.51203025767
6726570.633722494 5000.0 804554.5038378679 1078335.6478274628 641530.0218798071 624177.2320545529 850592.6429134444 491188.2231307512 634707.8478771471 552037.6136945421 700541.6968093854 348905.2036975334
7956552.451589187 6500.0 763444.318243346 882041.9917412193 689963.6570088298 870858.4861062723 874124.0694426544 907810.2463091452 778410.871077218 841791.5108089647 789194.4009038733 558912.8999476638
8417083.72631245 6080.0 760781.0623765376 899823.3196975457 674336.3785216219 958861.383994006 750294.218221321 926707.0702057972 657658.0199364582 1049732.2133852553 757452.3283832856 981437.7315906208
7970182.082161711 6080.0 805085.4160270148 773624.4326005236 625398.8397291049 927155.4742584898 784497.2825642198 786040.429462615 606040.9673454367 1104127.1452508953 679883.3652785349 878328.7296448757
8477412.377469111 6500.0 971418.0486396988 810868.4606952888 796395.8177655886 943768.5392625824 751478.3431912863 941681.9728160816 664138.7991150549 915087.6775222024 710831.0914336693 971743.6270276584
8525695.53220589 6500.0 839777.3150751987 899762.9736510193 689132.5054600786 700121.6178026571 833624.3828234697 1040049.103542976 888286.0482128789 808474.8470109015 923679.104386286 902787.6342404248
8595450.309962343 6500.0 833478.072677461 1022222.52823749 809932.4676587979 873061.0689024143 705238.3688326697 932286.5572038984 774881.905036025 866499.869109844 899765.3721665792 878084.1001371657
8571036.649495386 6500.0 874426.5099150476 734963.6572854621 834581.8817174024 986944.68075707 884908.8794778617 779292.6239785887 675749.4889980888 964865.5150229024 747227.458940096 1088075.9534028678
7669478.179531641 4820.0 800909.3751424677 957707.0787594016 765950.6887592417 730575.7775003945 683877.1620878216 938435.2864901746 618018.6858175939 564054.3418237348 738693.8414997011 871255.9416511098
8072961.478823722 6500.0 539674.1360703838 896492.8934158011 825148.6671684643 957858.933754624 687570.2729595078 908216.5929917732 714474.6631490919 862726.3924766097 769077.2167880809 911721.7100493868
6524233.917568781 4400.0 591222.2893266797 884862.212337594 723328.3151379668 792052.7080451504 868081.9773621019 605539.7796943639 763503.3238606527 181831.05862695485 630729.2464995101 483083.0066778067
5283049.047137741 4400.0 647915.7961930752 495282.9103903031 624469.6292798211 297063.7611016786 0.0 304024.2015961998 702566.8898834798 385570.7726842989 899815.3554707095 926339.730538175
7774149.822268485 5100.0 509675.0250384352 872569.6311177659 793059.0293109718 992383.9405267984 694392.5012059605 878618.2768235237 532898.1254606784 910249.642399461 753214.388208126 837089.2621767638
8150202.560911183 6500.0 942798.982189027 862285.9667844861 693044.5432779549 879237.6811397184 612227.2444183304 955592.9399773598 766963.8950184158 919547.5664139412 707625.4973782129 810878.2443137362
8470205.433965296 5800.0 738707.5304904857 810269.2835785341 836670.5571775506 943126.384763626 908952.8785578428 887031.4669608998 920670.421509022 945015.5315389 808034.8274504298 671726.5519380055
6209675.64926119 5240.0 448025.8298598079 790058.7078677169 850365.5399510144 666903.4433541956 390375.85048066586 805242.289696468 769631.5959876439 381267.7279740839 643397.8806751842 464406.7834144092
8381064.321460768 6500.0 769018.9011950631 887530.9193597534 695612.6014942697 965912.2057655551 651583.0573772698 947825.2322615008 716658.7366931159 776260.8422114463 929079.0424824517 1041582.782620342
7713856.261960215 4100.0 732762.898589305 1053609.3432654326 814913.422047048 865751.1289215549 747356.820381872 1154355.2497340254 693635.2327917758 622209.6467261332 558298.5400607788 470963.9794422889
4991962.214213522 4400.0 548320.9749741489 580596.5900095517 708026.9457310803 233862.7018391702 566012.7730846243 237919.4175452483 727964.6084093109 391066.1889161127 586896.9575198068 411295.05618446856
5217616.024155394 4400.0 570461.3734137552 348832.8250561443 499832.0219394218 434599.93614193535 668713.5789662886 498975.194543455 573261.8532099053 440093.88939364936 580055.2263006552 602790.1251901842
5128552.512907262 4400.0 634711.0448987421 338388.7497653888 498574.5548621799 611456.8541520077 597563.1618415974 564821.0560527315 677898.8775833381 261680.79323827077 535114.0528221431 408343.3676908625
6236744.29762675 5240.0 687982.1339340378 576577.9914677293 652298.0080146021 583876.2258343347 671246.7285023696 521628.8520510284 611241.0332224809 354270.6521527186 757662.7240858614 819959.9483615868
8790412.282469016 6500.0 849187.0155477416 927287.670603868 898335.5834460172 749776.8313776404 809955.3447396642 774024.058489518 867181.636306867 999041.121915866 1065906.5556414868 849716.4644003466
8440918.327434553 6500.0 891538.3108657885 847352.9044902252 698914.0276257186 859189.4868105522 700652.9643302939 1001204.864722492 742341.8405236588 955327.1492376718 816594.6625988086 927802.116229344
8004664.694303859 6500.0 389833.75138598046 847979.8438148666 683102.9009863385 620680.5732832584 919674.5692963788 1030067.211194195 835069.4912324846 831230.6636112226 1017964.9246449132 829060.7648542218
8410587.522847522 6500.0 595032.5729241881 941074.287225173 791336.9110927961 1065420.39823376 762774.4546990772 917358.8071243152 778385.4463296446 993051.7081527396 814914.8324280682 751238.1046377586
8624768.12798274 6080.0 744911.9401336868 859836.0285173309 594461.9029552154 856481.4229337571 998440.1092665446 990462.122269268 606516.4465721974 1007642.8214612136 931520.358612742 1034494.975260782
8055267.760421174 5800.0 812409.2602735007 878010.7615785116 665810.8988991786 881285.8085732049 722456.4928978098 865794.826176706 706339.1816682796 962451.4700001596 747673.6899196198 813035.3704342032
