s_bytes_all avg_video_rate s_bytes_all_#1 s_bytes_all_#2 s_bytes_all_#3 s_bytes_all_#4 s_bytes_all_#5 s_bytes_all_#6 s_bytes_all_#7 s_bytes_all_#8 s_bytes_all_#9 s_bytes_all_#10
1079598.2292340817 1326.6666666666667 0.0 0.0 0.0 0.0 0.0 0.0 4592.220772182837 348335.35806913226 320310.70274089696 406359.9476518695
2193130.4072141126 732.0 400876.9288771004 416425.2026213432 317019.4048704727 221583.1068943086 230810.17569559932 209813.95180709416 0.0 46996.72887182682 171369.66809550294 178235.23948086466
1248539.63638139 820.0 151072.36355180558 7347.17872820859 196970.1500458501 14864.67122594128 128955.0 150285.0 0.0 139117.59538131682 11743.404618683184 448184.2728295845
3654279.049727005 2685.714285714286 1351.7271704154437 381842.2717537527 17507.728246247294 456555.7442006649 137814.25579933508 484381.3083572525 711007.4989755168 774302.2940666273 354028.2377441122 335487.9834130816
7389374.534490543 6500.0 453288.67744340975 350839.2431043911 750796.8749266809 1048074.026097263 850557.6769248019 857948.4220895248 818202.027464352 734781.439659822 920664.6147023753 604221.532077923
5318931.136819087 4120.0 558898.9295943431 777371.2133585231 0.0 74896.86450581139 592095.942216821 950199.8959705376 563559.0828166541 575112.3426607762 486687.46134618 740109.4043494407
3750263.9886156935 3000.0 307495.493498384 478268.9624411245 241896.95260865992 11408.46720753053 6985.948707846062 27949.04735568849 261408.772046382 903308.8240869492 633124.3795661152 878417.1410970134
4296723.017518085 3000.0 344184.01751808566 570060.0405633575 214043.95943664244 372384.7066973895 602872.7360243263 624340.5572782842 0.0 468947.4432244895 615128.0866986972 484761.4700768133
4362969.465209366 3583.333333333333 0.0 459053.9647516688 698922.2375923484 878347.7228514383 830292.1333564157 622396.8655870187 362646.07586111024 2911.0 0.0 508399.4652093658
7306617.34736044 4400.0 810101.8988397783 933420.7148281 782856.923424643 692554.4084035007 875405.7883882942 780847.8446789363 500574.2915555679 705979.6854166122 562539.9108023976 662335.8810226092
5487238.159396321 4400.0 515182.6033290266 591941.6583251035 458495.7704809408 601483.8691177232 553384.3616835999 657825.3857105555 506457.60481508856 480168.22233735735 662594.9457947202 459703.7378022046
5876502.083393073 4400.0 690354.4706180478 481382.8370124279 695135.3601110802 470361.0687408329 742281.3737623215 471074.5988128197 697077.1555019575 335705.3331701502 831306.573760745 461823.31190269033
5716521.434266516 4400.0 733785.058397934 298882.16903775814 673174.0247599834 456569.4010848304 813299.7319955978 356906.5398953788 873014.8880633354 660574.6045399763 313973.5268660068 536341.4896257147
5588441.153255515 4820.0 980280.7703202 822845.3627557917 777332.1665990502 743198.749119608 490006.9846149306 601686.1470018971 519953.38882844825 143000.9411343592 0.0 510136.64288122987
7319551.169209124 4400.0 830798.1308886814 891959.2266667278 802966.6516041413 918710.5111479114 699333.1399537965 838493.0792081141 677897.6176493977 565373.0733842838 571971.9266157162 522047.8120903528
5543833.448891244 4400.0 478820.38251045696 622563.5660703894 513876.1740251153 566991.2547937436 554644.7899203503 537478.8293823209 558245.1819502618 597450.6604973514 560673.3992780162 553089.2104632382
5671422.6853109095 4400.0 653029.7474981165 319606.9620813389 810370.7577298057 412925.1796608866 785191.7885595267 399232.2660676378 746763.1536567974 404454.6454657388 660380.2382985551 479467.9462925066
5924090.298075922 4400.0 516047.6458151921 634489.1553987212 468598.02306861465 582860.1286738565 503103.73824945313 662202.0984502252 536449.8657267293 622871.3411597909 753159.7345829533 644308.5669503852
7806659.715730139 5450.0 1038448.7585513636 851892.9479058906 780521.6085310216 514913.90526921407 542722.4726134022 643547.5821826053 840663.0422605777 810242.2676101897 846736.129149598 936971.0016562766
8230353.204180238 6500.0 787564.420107315 814764.0519513779 853964.7855035722 788848.1035889692 855662.762078759 817448.5949814054 871331.0812166021 785679.4993171318 840229.1035934367 814860.801841668
5662433.587377099 4925.0 843563.1106192659 846357.0108183338 867589.421223114 279047.29306048114 0.0 460264.9539722127 780656.3353989979 867929.1269116399 182661.5837171496 534364.751655905
6875489.9609039575 4400.0 874791.1301618435 805072.0784279008 834900.8603321314 883485.4202537541 471564.2184969136 691738.1342113728 501308.9096743466 581093.5805021059 545390.7673702092 686144.8614733788
6941942.138754228 4400.0 469810.917744916 648212.0311406569 517688.7575227381 590562.9502033317 734427.0791108153 1099563.2921075283 686272.4649200999 870418.3574624481 770367.5197946695 554618.7687470239
7635207.607429935 6500.0 505418.42459020193 631053.5525043639 837165.2179494475 827864.6927606502 737220.8209258039 747048.6462991685 818173.5969571492 960421.8846193076 765203.2390911453 805637.5317326977
7144343.36222104 5240.0 862362.3534206436 653555.7159819207 756141.4397931696 1022551.8467782304 788238.6808195796 592504.3039913853 863218.5285329017 622931.0174379195 551330.6545002245 431508.8209650651
5606025.728345557 4400.0 495246.0689322616 711233.3511176013 479835.423083058 539691.0773064721 500240.4707523718 595606.5219801659 590591.6723901606 646695.6606507162 453944.2928466941 592941.1892860556
5452138.990913318 4400.0 625945.9530003204 539146.4818721382 634001.4432406774 62546.572576241946 0.0 520461.7539044561 702074.062932654 723947.7431237876 800748.3768962324 843266.6033668098
6012651.988966133 4400.0 726251.8656449831 276388.5941310771 0.0 398359.0380244484 607159.8688803478 901883.0357456044 855837.6449244048 919521.3442903004 664053.4684897996 663197.1288351668
7160128.081679858 5100.0 857360.0684205554 934115.90526256 789258.5073371876 832930.5049770268 459919.9034377477 609319.1896221641 460668.07771379617 672909.6736003638 801686.2847562896 741959.9665521674
6593575.873112237 5975.0 749312.045123779 809179.9628173162 771609.6036440586 838865.8265424338 845222.3032491126 820277.9453512963 879999.3600124589 374386.3423896137 0.0 504722.4839821686
