s_bytes_all avg_video_rate s_bytes_all_#1 s_bytes_all_#2 s_bytes_all_#3 s_bytes_all_#4 s_bytes_all_#5 s_bytes_all_#6 s_bytes_all_#7 s_bytes_all_#8 s_bytes_all_#9 s_bytes_all_#10
950754.1419612552 890.6666666666666 0.0 0.0 0.0 0.0 0.0 0.0 180876.6986500117 383954.0626347064 167749.7857374976 218173.5949390394
1749387.0254225277 1022.6666666666666 331655.9269906938 61619.93104805118 78890.15547367625 171621.51739241762 93296.41996516768 110556.8366823449 101044.08854917888 271943.6444788929 258449.03170912672 270309.4731329778
6009609.832616217 4228.571428571428 638779.9459550969 506111.1784248175 245497.39337846945 363114.31485783344 242117.59973452336 775682.5428356956 942847.2689041778 1006148.5838640756 535575.0046615276 753736.0
3792741.050736193 3000.0 311712.5931164299 455334.2766799334 342812.8735840868 438955.03435167135 156248.85425230593 312503.3726558025 502397.4061570555 485754.60413650953 337250.1182065463 449771.9175958519
5069058.48666057 4000.0 320745.08289606776 543651.5048074379 277182.1498132521 798769.8765672264 825285.5601789346 540304.8288461021 232469.0492328109 468283.8969219751 268434.5738634505 793931.9635333118
7888472.257211489 5800.0 884306.4653123297 771977.439165864 796374.6180756257 885795.3804484113 949076.821350498 768485.2760097941 659152.6701581785 534673.4459907699 912214.8366054376 726415.3040945802
5866603.8541771695 4400.0 817753.0673151774 722746.0007509304 329224.13064516144 581033.9924066389 526662.4080546122 581661.0750405104 587015.7532285082 583591.9606468056 499349.5959496563 637565.8701391683
6219922.8453989625 4820.0 880281.1886831126 868765.5271236512 857840.3106907923 623279.6460671667 389650.6786498566 0.0 271946.04219715256 754891.2031542463 973240.4156699228 600027.8331630619
7408471.621128658 5100.0 1003036.1971273972 804559.9907556383 906834.6242921872 565485.0030352338 559304.0614245898 635555.8246071467 415307.8112084575 720883.017807195 868967.6110558547 928537.4798149572
6127557.105643229 4400.0 813356.8846869592 0.0 350122.0635075391 661363.936492461 308303.0573061725 637065.714697211 994653.3437401492 841854.0299228181 935975.8563337792 584862.2189561396
5615401.797237567 4400.0 511562.82787486137 584945.8587185314 552691.1883250813 575954.013062552 509330.9391388326 604371.1946893033 499390.3302465308 667884.2734937025 510908.6304328189 598362.5412553529
5779405.757841036 4400.0 358731.9018317067 576433.3610656753 334318.71890878165 948791.5849972924 308550.8092833932 913540.7323560982 93340.87336321607 923419.2815377958 433465.9430453648 888812.551451711
5602989.587127333 4400.0 257419.85750032528 809259.951875357 168400.50694482378 13700.8840640647 811239.5288506771 923395.492172538 687907.3660113652 825923.3664599622 511584.7095131643 594157.9237350553
6268122.13536051 4400.0 520694.803638837 627214.2340023833 435994.0829054371 591184.9848268915 347634.53146424703 932534.9250119992 322732.2788244699 968293.4823979562 573399.9013603603 948438.9109279288
6908902.908716185 5240.0 869559.7000096319 732876.6620738235 798224.554078297 557906.8851692983 450635.0851999088 650318.2715765041 512711.8591677988 815005.8109384846 783524.2922846426 738139.7882177958
7502757.065007388 5660.0 803568.618140076 734407.47512208 861955.700510106 841063.9886996442 959374.5901800552 768761.6687860419 870594.0962886668 566551.0768507542 500778.21302756027 595701.6374024029
5737803.386432209 4400.0 533152.4359227058 584538.5355777798 577685.0025100573 599343.4152842553 469577.3940111508 674470.3449982622 576405.4146428951 654320.1832766526 466924.1304980258 601386.5297104241
5763646.746639505 4400.0 294464.19622390013 938594.5297531832 99603.41534442086 900358.1084133589 404411.0848739722 860914.3950380106 184938.19668739 899463.4403759342 323432.1252357076 857467.2546936275
5804664.379292632 4400.0 93865.4625422808 905992.8898559932 314507.4892804342 819719.3056147639 309350.8712713827 568206.5132720233 545922.2578697103 571258.0010337036 933248.5946456688 742592.9939066702
6458428.502802124 4820.0 1086017.898409471 560977.1487252283 601591.2418984126 575270.5066360689 707317.2015439809 569864.4433448451 443824.7451569802 599336.6595343475 447436.56972230587 866792.0878304839
6459860.871398384 4820.0 848191.8620536723 676840.2195240296 872988.0608236102 587802.167819496 720465.0968228497 665589.904455278 453254.3350714005 601093.5406286344 450770.6219273262 582865.062272086
5817707.472690169 4400.0 520612.1994451039 590312.5878730062 598407.3394754478 648163.1869651981 453498.7289265566 631663.3056518142 450414.1860966399 831843.1182654381 169080.98848965636 923711.831501308
5753969.740740987 4400.0 356059.5557009498 891723.5708477922 204283.6251771029 966735.7797651849 253937.88623689004 874027.0861540041 293393.8134441066 846007.9860031062 211686.24761345936 856114.189798391
6694008.495502193 4400.0 805855.7244413458 357726.70331635926 339175.1462841753 636269.780013458 506681.52027543855 703085.6071485596 1104835.5060696593 806066.4973551675 791913.207156203 642398.8034418277
6663361.244330145 5660.0 433069.0333011551 743097.1733447618 313323.3804193634 768932.7128351481 401937.2865846391 851792.4852171179 919991.946432894 772647.5487814225 684206.4997129766 774363.177700667
5861033.840315569 4400.0 765036.9722947518 614813.3514619365 654840.9213770849 559341.0426933574 519263.43562726094 599628.9881571564 288973.97631381743 194213.01977732952 1012275.631119202 652646.5014936725
4627967.847609796 3280.0 495889.8085207437 511806.5459820371 827586.7640926109 414449.8491989314 315803.76538366283 459084.666750317 344651.8009657827 478136.0321819685 282845.06883949914 497713.5456942428
3898772.1177834296 3000.0 302304.9350471611 466766.0649528388 325397.5399540682 463746.4221695931 317607.3607319827 428409.6771443561 286036.139733813 525165.1799369385 314912.8799318285 468425.91818084975
5068442.438708175 3583.333333333333 319858.6270865086 509293.42282936047 265906.833196724 809422.6995201707 681367.5499210317 661588.7496627748 238694.04354298863 494220.6838276963 357644.95422593114 730444.874894989
7300233.166139902 5240.0 888375.7105469928 771815.4081949276 784812.6591760977 740601.9887760056 965567.9028177144 912889.4663964128 438606.9351204055 881756.5163294504 66491.07118048471 849315.5076014104
