s_bytes_all avg_video_rate s_bytes_all_#1 s_bytes_all_#2 s_bytes_all_#3 s_bytes_all_#4 s_bytes_all_#5 s_bytes_all_#6 s_bytes_all_#7 s_bytes_all_#8 s_bytes_all_#9 s_bytes_all_#10
4451026.031347594 3800.0 0.0 0.0 0.0 0.0 0.0 0.0 6437.0 316882.63508657337 1432616.9196363334 2695089.476624688
11614283.73122302 6566.666666666667 1338982.5364088295 2003477.432243576 180983.6912355879 1643062.3087644123 2081339.0 11023.68515529482 1970348.3148447047 540699.4549173936 1246898.5450826064 597468.7625706119
11460978.489465715 8000.0 1585874.237429388 1901748.3268906344 1991.673109365608 2121294.8834048845 173265.83775510755 1717892.278840008 153234.65566353887 1739654.344336461 2057036.0 8986.25203632725
11758164.747963673 8000.0 1904081.7479636727 497021.4860519128 1493988.513948087 363743.60345412575 1516406.3965458744 2045631.944202901 43085.05579709879 1919929.897761283 172269.47786358956 1802006.6243751275
9806609.968406532 8000.0 174297.71503125902 1843958.284968741 161672.0626404382 1753134.9373595617 151636.21289675083 1730308.7871032492 2075562.0 8968.691851806641 1898047.3081481932 9023.968406531225
10320690.477875307 8000.0 2025299.0315934687 8857.798065503483 1977281.7322687253 10158.55533112808 1605451.1592544625 307230.4194335541 1854124.335646626 377766.8553329805 1719599.1446670194 434921.4462818386
11329885.645587672 8000.0 1539795.5537181615 548570.2826340272 1399331.717365973 367601.22469277366 1710895.7753072262 308765.23552458803 1518755.764475412 1953902.6518893372 1888.3481106625488 1980379.0918695123
9660229.908130487 8000.0 1871.908130487568 1980511.6625580816 2680.3374419184493 1674731.713800563 232135.28619943708 2023369.6384182156 1876.3615817845875 1709579.5622501243 176801.83274790185 1856671.6050019737
9727585.37075792 8000.0 0.0 2139545.294683108 160216.3221957269 1672445.3831211645 343707.69624196773 1693123.2229080752 165114.35694533426 1685914.7239046227 551288.7140167147 1316229.656741206
5986488.215245718 8000.0 168604.87104201416 1685523.7582000652 2162511.0 8918.502802115276 1956373.4971978848 0.0 0.0 1896.7806466776897 1022.2193533223102 1637.586003638496
13800485.100441584 8000.0 1281.4139963615044 2907675.9879632127 5024962.012036787 432276.9809240964 1385269.0190759036 497981.1253691404 1493166.9727016594 340228.71500438417 1701692.1869248163 15950.686445223688
10164567.108642677 8000.0 1934094.3135547764 315180.61508272093 1660975.3849172788 280757.8817059911 1700330.118294009 421280.9641281685 1525263.0358718317 18571.540224525503 17436.459775474497 2290676.7950878995
11407330.2049121 8000.0 1662968.2049121002 370093.7758191844 1599984.2241808155 0.0 1627210.5339256576 2252842.0224051727 183650.95239628784 1816906.4912728812 168683.62526905077 1724990.3747309493
9910610.966221862 8000.0 158112.9451621456 1822360.0548378543 163140.08385870434 1827179.916141296 151445.32247458404 1768297.6775254158 191376.20795533704 1847621.4505948853 1978643.3414497771 2433.9662218607
9247309.886893516 8000.0 159471.56279946168 1735797.4709786775 1868082.0 9005.47109140271 2074958.0415736649 146628.56013583636 1344928.685296896 308742.55217517674 1590830.6897270237 8864.853115376918
10276907.16823313 8000.0 1889828.146884623 9032.147477004426 2170614.852522996 555807.0484096869 1358253.951590313 946207.1575755804 1044255.8424244196 359605.3978774497 1630983.60212255 312319.02134850645
11503065.435947778 8000.0 1631742.9786514936 390383.7115971488 1398202.2884028514 2071414.9941459876 1869.0058540126695 2012232.148186036 7256.8518139643475 1981202.387240214 484.6127597859267 2008276.4572962848
9745277.542703714 8000.0 1813.5427037152156 1897366.8905555129 2632.109444487361 1940910.0554050968 178733.27587172072 1790663.6687231823 0.0 1583091.4903981832 646604.2380148141 1703462.2715870028
9718935.0 8000.0 0.0 464166.2649717574 1537822.280812908 2022894.454215335 142432.840155088 1537480.159844912 168727.7176853362 1849731.282314664 173299.06595345752 1822380.9340465425
8198637.48514421 8000.0 1400542.3384853755 644075.749254864 1942559.9122597603 10369.335295372728 1962059.0658605688 35634.47057379387 496.128270264331 206325.6759226112 1625561.3240773887 371013.4851442108
11610274.10856002 8000.0 1600057.5148557893 455321.909425384 1535807.090574616 1713328.1027889308 322565.00388314243 1990616.8933279268 203092.1583193 1812625.8416807 1968447.0 8412.593704230976
11759354.10214747 8000.0 1781195.406295769 428561.6869568941 1560043.361427932 243083.53849287797 1726404.413122296 333553.5150286006 1737532.4849713994 319260.0128762502 1573775.98712375 2055943.6958517
9710976.3041483 8000.0 2492.304148300152 1850453.7012511035 1133.2987488966503 1935099.373925766 195634.4146044429 1938764.2114697911 161019.75718472275 1722654.2428152773 166152.95565924328 1737572.0443407567
9368789.0 8000.0 163024.05125150562 1883017.9487484945 164098.69007855188 1855648.309921448 168241.2216648862 1831650.7783351135 1508596.2460728346 133074.3261428414 352076.8964837438 1309360.53130058
9938978.417445883 8000.0 1762501.0 8509.129732821124 2069220.8702671789 0.0 2002333.0 8879.688796597095 1927694.311203403 396345.7608636282 1606822.239136372 156672.41744588566
9938449.75778948 8000.0 1721919.5825541143 580761.2227015614 1420057.7772984384 241873.0713832712 1723524.9286167286 327786.93836485094 1721574.0616351492 1281579.6823233191 626063.3176766809 293309.1752353675
11491566.001863822 8000.0 1742367.8247646326 1916366.724053448 1672.2759465524769 1953529.461497792 2495.538502208344 2004238.5847836623 1866.4152163377623 1783241.265521992 99322.73447800791 1986465.1770991904
7811656.822900809 8000.0 103269.82290080976 1800224.2165880725 674589.604560182 1392151.178851745 164128.8404265177 1827534.159573482 0.0 2287.728779080184 163920.29144957365 1683550.979771346
11886635.0 8000.0 2111720.0 299237.710781535 1764355.2892184649 723727.6273413654 1119735.3726586343 1993912.5171667268 1562.4828332732277 1469052.5116682523 657480.1469545804 1745851.3413771668
9880828.486829152 8000.0 165924.7963857594 1746057.2036142407 2069713.0 9142.737660890818 1898984.262339109 669706.0940635549 1273030.905936445 228204.28166903133 1800088.7183309686 19976.48682915166
