s_bytes_all avg_video_rate s_bytes_all_#1 s_bytes_all_#2 s_bytes_all_#3 s_bytes_all_#4 s_bytes_all_#5 s_bytes_all_#6 s_bytes_all_#7 s_bytes_all_#8 s_bytes_all_#9 s_bytes_all_#10
5527865.0 4400.0 0.0 0.0 0.0 0.0 0.0 6438.0 1131853.4276413266 2141920.786972629 962179.8612101182 1285472.9241759265
12380653.0 6000.0 2284587.334651964 1259864.087493098 1051675.4419143973 1365019.6163530932 518566.5195874477 1940832.0 661756.7529600271 1285969.2470399728 2012382.0 0.0
9542105.0 8000.0 1631792.7321595356 312898.26784046425 1671058.6401749428 301977.35982505727 1782561.6818344465 127484.31816555376 1821699.0 0.0 1892633.0 0.0
9685770.0 8000.0 1919382.0 0.0 1557169.123583068 363306.876416932 1993666.0 0.0 1669317.415416382 256642.58458361795 1926286.0 0.0
11663533.0 8000.0 2027370.0 0.0 1783355.0 0.0 1713087.224082836 1538022.5064158812 622645.2083841357 1979641.061117148 24586.572170879437 1974825.4278291203
7531722.901236856 8000.0 2911.0 0.0 0.0 0.0 2911.0 0.0 2911.0 0.0 2433022.5015923595 5089967.399644498
11914312.098763144 8000.0 4093887.098763143 0.0 2018000.0 0.0 1797030.0 0.0 2032486.0 0.0 1972909.0 0.0
9902267.0 8000.0 2023244.0 0.0 2912.0 0.0 1874619.0 0.0 3920502.279072005 47484.72092799469 2033505.0 0.0
9680290.0 8000.0 1659823.8101114398 289413.1898885603 1873470.0 0.0 1946123.551000319 25193.448999680924 1784706.0 0.0 1480462.1206291053 621097.8793708947
9755949.0 8000.0 1995901.0 0.0 1458346.132598179 1773798.01111791 479736.8562839109 2069319.0 25832.52950544425 1950098.470494556 2917.0 0.0
10658940.349297184 8000.0 1371737.6316835573 655777.3683164428 1759708.0 0.0 1886677.0 925596.6172252024 868330.3827747975 1143846.7524763234 1035887.2475236766 1011379.349297182
10547262.650702816 8000.0 964586.6507028178 1736158.0 2605.367868855561 2073456.552608537 1126452.8272134173 917696.25230919 1329004.5366135666 328200.46338643326 2069102.0 0.0
9500706.0 8000.0 1985924.0 24.0 0.0 768270.6141852466 2932550.3858147534 0.0 1982532.0 0.0 1831405.0 0.0
9881275.0 8000.0 1612201.3708648602 300453.6291351397 1964009.0 0.0 2008918.0 0.0 2005761.0 0.0 1989932.0 0.0
11766694.0 8000.0 1153407.2997383818 2609401.7002616185 2916.0 2042117.6169818805 34670.383018119435 1899355.0 1607637.0158401662 397573.9841598338 2657.502121678913 2016957.497878321
9695984.0 8000.0 1142464.9209976 729134.0790024 2915.0 0.0 1984344.462087208 62954.53791279242 3271642.588939328 507519.4110606725 1720177.5575326872 274831.4424673128
9743686.0 8000.0 1754582.0772303345 241704.9227696657 1550267.0258809363 323260.9741190639 1649140.666087072 348724.3339129279 2070936.0 0.0 1805070.0 0.0
7822209.0 8000.0 2030772.0 0.0 2001897.0 0.0 1745199.0 0.0 2041422.0 0.0 2919.0 0.0
11749151.0 8000.0 3455092.697055286 328837.302944714 2604.5997366539373 2101654.4405580494 2073364.9597052964 0.0 1766810.0 0.0 2020787.0 0.0
9508581.0 8000.0 2046698.0 0.0 1783654.0 0.0 1838795.0 0.0 2020062.0 0.0 1819372.0 0.0
10109124.0 8000.0 3638951.911787537 520681.0882124631 1932969.0 0.0 1988242.0 13.18214251160872 2922.8178574883914 0.0 2025344.0 0.0
11592622.0 8000.0 3245846.554262678 626733.4457373215 2913.0 0.0 1623752.3660177067 2283335.6339822933 1687293.1760409432 229534.82395905704 1893213.0 0.0
9918268.0 8000.0 2010923.0 0.0 2123561.0 0.0 1883663.0 0.0 1819721.2502931177 197857.74970688228 1660707.1437425532 221834.8562574469
9897822.0 8000.0 2912.0 0.0 3961669.0 0.0 2046242.0 0.0 2914.0 0.0 3884085.0 0.0
9836114.0 8000.0 1969106.0 0.0 0.0 1990427.0 1962541.0 0.0 1998557.0 0.0 1915483.0 0.0
11806802.0 8000.0 3637042.275239671 334264.7247603293 1741583.8766415785 204452.1233584216 2033793.0 0.0 1766641.0 0.0 1892886.8599301064 196138.1400698938
9840747.0 8000.0 1979840.0 0.0 2914.0 0.0 3898605.335185204 3952.664814796467 1767926.8517118527 283298.1482881473 1904210.0 0.0
9844872.0 8000.0 2027145.0 0.0 1927209.0 0.0 1790761.3519858387 194134.64801416133 1826692.741744256 35426.258255744346 2043503.0 0.0
11563612.0 8000.0 1878615.0 0.0 1948159.0 0.0 1322540.3709467635 1674496.3332946557 808512.2957585807 1948726.0 17689.005375252567 1964873.9946247477
7687059.0 8000.0 25461.545951956727 1820243.4540480436 2914.0 0.0 2060957.0 0.0 1835971.0 0.0 1941512.0 0.0
