s_bytes_all avg_video_rate s_bytes_all_#1 s_bytes_all_#2 s_bytes_all_#3 s_bytes_all_#4 s_bytes_all_#5 s_bytes_all_#6 s_bytes_all_#7 s_bytes_all_#8 s_bytes_all_#9 s_bytes_all_#10
2710029.10483348 3466.6666666666665 0.0 0.0 0.0 0.0 0.0 0.0 364766.562340155 738380.437659845 0.0 1606882.1048334802
11508722.904740652 5780.0 2064351.477224356 1940351.5196533804 850392.641101321 291209.2571874628 1067043.2963460786 759789.7036539213 2918.0 0.0 1534643.5933066453 2998023.416267488
11313801.990425866 8000.0 2214092.811625492 1228502.178800375 1124192.050989119 845253.9490108808 1383450.1894019295 495687.8105980703 1547383.3010133193 597234.6989866808 1305069.96129089 572935.0387091098
9867761.0 8000.0 1886472.36912164 118479.6308783601 2181488.2765358924 1778400.7234641076 2918.0 0.0 1176083.492657569 780965.5073424309 1761650.1048098544 181302.89519014565
11572650.0 8000.0 2343825.2407178194 1454996.759282181 1922851.0 0.0 1897737.0 0.0 1793444.2114111143 352998.78858888586 1806797.0 0.0
5987483.0 8000.0 1119219.01624636 964339.98375364 2017383.0 0.0 1880707.0 0.0 0.0 1256.5939058421031 2525.163285362745 2052.242808795151
13915652.0 8000.0 0.0 2389.0870028811078 1567791.9289672845 5920763.501358454 501081.4826713792 2338.987509202636 1134243.7560208067 2770385.256469991 1479567.778891286 537090.2211087141
7766579.0 8000.0 1843785.452041656 11531.547958344068 1916655.3370080488 72710.66299195099 1483624.4620889623 515834.5379110377 1149566.6493176953 769953.3506823046 2917.0 0.0
13763402.0 8000.0 1593655.0408454002 2411645.9591546 1778973.6009183074 80019.3990816926 2001289.573681788 1975043.4882278407 1271618.533144157 750704.4049462143 1900452.0 0.0
9742260.0 8000.0 2921.0 0.0 3182969.2201041616 913277.7798958388 1739593.0 0.0 2102641.0 0.0 1800858.0 0.0
7854062.0 8000.0 2914.0 0.0 3039663.625185349 1107253.374814651 2913.0 0.0 1869787.0 0.0 1825583.1626272944 5947.837372705689
11973253.0 8000.0 2679818.575761118 1400275.424238882 1435425.2020120274 546574.7979879725 1931435.0 0.0 2914.0 0.0 2323546.5629851143 1653263.4370148857
9808940.0 8000.0 1921039.7884147093 5066.2115852908055 1228401.3551944627 794722.9158658538 1925859.3473736933 5785.381565990422 1954544.279884856 4107.720115144295 1298109.0521474096 671303.9478525904
11678613.639766349 8000.0 1553662.8063118637 540807.1936881369 1793413.4819423049 5846.518057695186 2913.0 0.0 1155161.4661314934 888881.5338685068 2058120.3860980289 3679807.25366832
10091604.360233651 8000.0 2060687.119769425 143939.24046422754 976712.557045137 875401.4429548631 2915.0 0.0 0.0 353756.4690382794 5383242.701296145 294949.82966557617
7750250.0 8000.0 1812002.0 0.0 1995253.0 0.0 1914123.0 0.0 2025959.0 0.0 2913.0 0.0
9784658.0 8000.0 2193116.8803534666 1718614.1196465334 2134336.224397093 6220.775602906681 2915.0 0.0 2106629.5597252706 1619912.4402747294 2913.0 0.0
11957653.0 8000.0 2364646.9700790634 1630099.029920937 2003361.7423433345 39895.25765666583 135788.01599686008 1699632.98400314 2003740.7658655525 14088.23413444763 2062463.283384899 3936.716615101004
9579388.0 8000.0 1822019.1634705265 5449.836529473552 1849349.4897006336 4069.510299366164 1840550.8569533816 2297450.143046618 2913.0 0.0 1757586.0 0.0
12001644.0 8000.0 1802972.2026693476 2095134.419661584 1279348.577168123 1003655.8005009454 1779635.0 0.0 2913.0 0.0 3075089.078613819 962895.9213861811
9741430.0 8000.0 2913.0 0.0 1474248.0735889722 2433138.926411028 1836084.0 0.0 2912.0 0.0 2517465.010931161 1474668.989068839
9689871.0 8000.0 1349943.2991695916 576396.7008304081 1735308.9035607276 225011.0964392724 1954029.612797878 3703.387202122005 1304373.9382346775 714660.0617653225 1826444.0 0.0
9845497.0 8000.0 2008393.0 0.0 2100276.0 0.0 1630450.647252235 222657.35274776493 1604.1920098441904 1309.8079901558096 2196439.0693979096 1684366.9306020904
11639181.0 8000.0 2012945.844467612 1612229.1555323885 2917.0 0.0 2913.0 0.0 1866179.726733557 2260418.273266443 1106723.3519221689 2774854.648077831
7985800.0 8000.0 2911.0 0.0 1762440.4049960864 269153.5950039135 1911355.534146352 11174.465853647776 2914.0 0.0 2270913.6202206914 1754937.3797793083
11506661.0 8000.0 1770255.2122509773 90709.78774902273 1853032.761858436 272563.264955882 2012754.0817249296 2726.8914607528063 2808081.7837482262 931303.2162517732 1468556.0338718449 296677.96612815507
9701857.0 8000.0 2240358.0 0.0 1927803.0 0.0 1914653.0 0.0 2914.0 0.0 2113604.087000088 1502524.9129999122
9992113.0 8000.0 2193955.8774932465 2898.1225067535247 1694509.8088068494 201387.19119315065 2030530.0130224964 3127.986977503622 1965653.857151375 4632.142848625072 1888849.4333823556 6568.566617644649
11783384.0 8000.0 1920346.7715015623 4642.228498437643 2061390.4490872128 6186.550912787499 2213134.0168308564 1635648.9831691438 1107063.8969955393 910408.1030044606 1924563.0 0.0
9550579.0 8000.0 1626088.0 0.0 1582214.3419763765 566786.6580236235 1523065.1320521322 483500.8679478676 1882111.0 0.0 1886813.0 0.0
