s_bytes_all avg_video_rate s_bytes_all_#1 s_bytes_all_#2 s_bytes_all_#3 s_bytes_all_#4 s_bytes_all_#5 s_bytes_all_#6 s_bytes_all_#7 s_bytes_all_#8 s_bytes_all_#9 s_bytes_all_#10
5256039.376263365 4400.0 0.0 0.0 0.0 0.0 0.0 0.0 6911.0 1974528.7489429757 2054761.5211004524 1219838.106219937
12212208.623736637 6400.0 3398931.623736635 795513.3680308028 374079.85075362807 1849572.7812155688 0.0 2141420.0 0.0 1640486.157444899 38978.487637653765 1973226.3549174475
11755093.0 8000.0 0.0 1986151.0 0.0 1877077.0 0.0 1991480.0 0.0 3820553.0770793534 139791.9229206458 1940040.0
9814060.0 8000.0 0.0 1974489.0 5.985373769956709 2044440.28370365 36535.730922580144 1861097.0 0.0 2047833.0 0.0 1849659.0
9063786.30185775 8000.0 0.0 1958494.0 0.0 1981633.0 0.0 1849638.0 0.0 0.0 0.0 3274021.301857752
10183164.69814225 8000.0 174356.6981422481 2191242.0 0.0 1978206.0 6.908071017169121 1452843.2055884942 375260.8863404886 1777205.4428031235 234581.55719687627 1999462.0
10350361.923579888 8000.0 0.0 1680218.0 0.0 2256029.0 0.0 2912766.457704257 917850.542295743 2915.0 0.0 2580582.923579888
10853409.694974706 8000.0 957236.7623044372 2273564.314115675 0.0 2011816.0 0.0 1200253.7954135216 578659.2045864786 2188063.0 0.0 1643816.6185545942
9447461.622166237 8000.0 366189.3814454059 249119.1829398124 1199984.1290466092 756874.9962823441 1624476.43320798 1276178.5224872886 663233.7360359658 1357242.3491031677 433434.6508968324 1520728.2407208292
10088939.759279173 8000.0 423380.7592791708 1937573.8978275645 63163.10217243582 1610454.7411549166 188637.25884508336 22844.97497844136 1921193.0250215584 2913.0 0.0 3918779.0
9731835.54818238 8000.0 0.0 2048056.0 0.0 1886392.0 677192.4798429378 1298701.520157062 536375.264021629 1083147.7359783712 2189968.0 12002.548182379142
11210356.30696196 8000.0 2103466.980636348 1654283.4711812737 0.0 2172585.0 0.0 1747106.0 0.0 1911972.0 0.0 1620942.8551443382
8159041.144855661 8000.0 415421.1448556618 1777127.0 0.0 1184512.5832319774 832779.4167680227 1595673.208241995 381853.7917580049 2915.0 0.0 1968759.0
11745587.0 8000.0 0.0 1954161.0 0.0 4009992.0 0.0 1973384.0 0.0 1957949.0 0.0 1850101.0
9878274.0 8000.0 0.0 2085641.0 0.0 1940599.0 0.0 2002121.0 0.0 1925411.0 24.0 1924478.0
9595597.0 8000.0 0.0 2001267.0 0.0 1598453.0 0.0 2200296.0 0.0 1884283.0 0.0 1911298.0
9673819.182373952 8000.0 0.0 1823412.2632389052 264428.7367610944 1778303.0 0.0 3256642.002155387 688003.9978446134 2912.0 0.0 1860117.1823739512
11130173.014498511 8000.0 164013.7378723987 3865955.07975365 0.0 1996846.0 0.0 2914.0 641657.3834406136 1353885.6165593865 1987855.0 1117046.1968724628
10630451.803127537 8000.0 869347.8031275371 1617314.6068862688 16230.393113731125 0.0 0.0 0.0 5318896.528371134 809418.4716288659 0.0 1999244.0
9517688.0 8000.0 0.0 1893847.157545857 29756.84245414328 1951235.0 0.0 1799709.0 0.0 2059410.0 0.0 1783730.0
11368385.0 8000.0 0.0 1901332.0 0.0 1944038.0 0.0 2001047.4376838056 1926219.5623161944 2030359.0 0.0 1565389.0
9824265.0 8000.0 6.613431845984694 2287873.386568154 0.0 1700785.0 0.0 1752730.1321469368 160102.86785306316 2038085.976816051 26051.023183949063 1858630.0
8740593.0 8000.0 0.0 1461948.0 0.0 1811150.0 0.0 1601369.0 0.0 1467680.273768719 496377.72623128106 1902068.0
7521080.0 8000.0 0.0 2075711.0 0.0 1797848.0 0.0 1929609.2452730013 134366.7547269986 1578185.5298723162 2448.470127683884 2911.0
10737193.0 8000.0 0.0 3080104.0 0.0 1733107.8518911842 443546.1481088157 1810691.0 0.0 1857002.0 0.0 1812742.0
9357728.92617428 8000.0 0.0 1931051.0 0.0 2014305.0 0.0 1715438.0 0.0 1926982.0 0.0 1769952.9261742812
11776808.07382572 8000.0 430059.0738257188 1936168.0 0.0 1869999.0 0.0 3872027.0 0.0 1979386.0 0.0 1689169.0
10065458.0 8000.0 7.339518149522278 2188165.6604818506 0.0 2921.0 0.0 3301375.581046146 610649.4189538541 1931722.0 0.0 2030617.0
9694329.0 8000.0 0.0 1896966.0 0.0 2064920.0 0.0 1838422.0 0.0 2112308.0 0.0 1781713.0
9631263.0 8000.0 0.0 1948936.0 0.0 2003931.0 0.0 1921890.0 0.0 1966632.0 0.0 1789874.0
