s_bytes_all avg_video_rate s_bytes_all_#1 s_bytes_all_#2 s_bytes_all_#3 s_bytes_all_#4 s_bytes_all_#5 s_bytes_all_#6 s_bytes_all_#7 s_bytes_all_#8 s_bytes_all_#9 s_bytes_all_#10
967058.1413796628 4400.0 0.0 0.0 0.0 0.0 0.0 0.0 0.0 554.777629085477 6357.222370914523 960146.1413796628
13571834.25590901 5600.0 78678.85862033734 1606294.4883013018 1151136.4843707103 2605715.748648909 2803840.6347978744 678545.6438812045 1949778.0 2345.654754865101 1955431.3452451348 740067.3972886719
10491695.787660234 8000.0 1262000.602711328 1964137.0 0.0 1686141.017151884 287983.9828481161 1779397.9930612422 204133.006938758 1648694.1371264434 317015.8628735567 1342192.1849489054
12066170.385239292 8000.0 639317.8150510946 954944.7719791348 2121647.360972584 1643335.2464846373 1099813.620563644 2065834.0 0.0 1962497.0 0.0 1578780.5701881968
9733941.090050858 8000.0 393432.4298118032 1958185.0 0.0 1922903.0 0.0 2022541.0 0.0 1202111.414189843 759474.585810157 1475293.6602390544
9279932.061467694 8000.0 497506.3397609458 823248.0535321645 1085791.1751055613 1277832.1174070474 756358.4445157705 949204.0351330256 974098.1743064309 1050458.5896365654 943919.4103634343 921515.7217067486
10915974.278293252 8000.0 1046896.2782932514 1971609.502126392 1977164.4978736085 1639703.5201425648 320388.4798574352 1802568.08431661 233051.91568339 2913.0 0.0 1921679.0
9174524.972059738 8000.0 0.0 1442282.2420743357 456949.7579256645 2013252.0 0.0 1209428.3085750726 781030.6914249273 1648296.8539419132 300194.14605808666 1323090.9720597384
12100923.094529008 8000.0 718980.0279402616 867753.3095844701 1917809.5724305648 1050810.117984965 1400.0 1235162.6416080352 2428606.663786982 1476726.729019584 830226.965585399 1573447.0665887436
10162622.336840073 8000.0 348459.9334112564 1389922.188501183 616895.8114988169 1953637.0 0.0 1531409.2659154795 476882.7340845206 1979608.0 0.0 1865807.403428816
9542197.055334978 8000.0 125008.59657118413 1925795.0 0.0 917077.1738735264 1030948.3471089026 733781.7206880569 1253276.7583295137 278625.852622979 908182.0656243633 2369501.540516452
12116111.7191601 8000.0 841965.4858174516 1548826.0554187545 439400.1957620884 1435733.8042379117 481896.8674169984 1525460.1325830016 1984462.0 830604.0894284637 1120357.910571536 1907405.1779238929
7936232.822076107 8000.0 94305.82207610732 2007715.0 0.0 0.0 2915.0 1951080.0 0.0 1725416.6776436858 260955.32235631428 1893845.0
11844496.0 8000.0 13.946217871253952 1862254.730057396 137285.3237247328 3499650.1773724053 451446.8226275944 1825993.6351684255 151364.36483157438 1839853.1660473563 98930.83395264365 1977703.0
9303953.83854568 8000.0 0.0 1968983.0 0.0 1574381.6255580103 416963.37444198976 1642824.8875560516 300259.11244394846 1967251.0 0.0 1433290.8385456807
10071321.188944222 8000.0 574002.1614543191 1853003.9041340696 103705.09586593047 1963982.0 0.0 1990741.0 0.0 1947425.0 0.0 1638462.0274899018
10186785.9725101 8000.0 358227.9725100984 1940312.0 0.0 1961491.0 0.0 2022822.0 0.0 1300721.3021043525 599962.6978956474 2003249.0
9803330.190377152 8000.0 0.0 1733045.389670462 214896.610329538 1400365.0659017854 569939.9340982148 1927807.930976252 108120.06902374848 1648907.3755566543 277055.62444334547 1923192.190377152
10884975.674299078 8000.0 39442.80962284809 1388607.4465520205 1615852.134385692 2730887.94504687 177681.4740154179 20268.23479787317 1935042.765202127 436362.9378297034 1580728.0621702964 960101.8646762292
10653429.689925404 8000.0 989152.1353237708 1105928.4988835943 860329.5011164057 2044274.0 0.0 1765687.508626884 126816.49137311586 1528660.7958784834 429390.2041215166 1803190.554601634
11299734.773558384 8000.0 158055.44539836608 1962284.0 0.0 2223477.541338087 1702639.458661913 896451.173767054 1086102.826232946 1961344.0 1.3272593422817045 1309379.000900676
9969554.221748406 8000.0 730612.6718399817 1693099.1162031195 254514.88379688028 1936384.0 0.0 2915.0 0.0 2322033.908252248 1619722.0917477524 1410272.5499084245
10160228.548397928 8000.0 580361.4500915754 2014922.0 0.0 1545214.216150571 380039.783849429 2910.0 0.0 1709729.2846088829 2192719.715391117 1734332.0983063516
8103266.472061201 8000.0 311200.9016936484 987411.0712424918 948380.9287575084 1459238.2261671636 479760.7738328363 1695406.8430904748 317174.1569095251 2914.0 0.0 1901779.570367552
11876505.429632448 8000.0 2027830.429632448 1983468.0 0.0 5207.902782433453 544097.5166530361 3351841.5805645306 0.0 1514025.6882484718 497518.3117515284 1952516.0
11119920.47030755 8000.0 0.0 1264268.4862893417 711649.5137106584 2202215.0349128526 1751627.9650871474 1483595.6850040092 451584.3149959907 1948404.0 3.155012416373334 1306572.3152951326
8551870.52969245 8000.0 726409.529692451 1359132.6847748598 520347.31522514 2909.0 0.0 2041059.0 0.0 1089201.4854768342 863336.5145231658 1949475.0
10854045.515691584 8000.0 0.0 1780793.0407080702 179160.9592919298 3232680.379896978 726625.6201030217 2910.0 0.0 1779188.8599322557 2167399.140067745 985287.515691584
10805036.484308416 8000.0 998357.484308416 1943934.0 0.0 1545810.18945132 442111.8105486801 1940748.0 0.0 1362112.6337849393 667641.3662150608 1904321.0
9406874.523663808 8000.0 0.0 1078020.7404500446 986245.2595499554 1926972.0 0.0 1719010.192284179 251616.8077158212 1504808.1054052452 438891.89459475473 1501309.5236638074
