s_bytes_all avg_video_rate s_bytes_all_#1 s_bytes_all_#2 s_bytes_all_#3 s_bytes_all_#4 s_bytes_all_#5 s_bytes_all_#6 s_bytes_all_#7 s_bytes_all_#8 s_bytes_all_#9 s_bytes_all_#10
7930750.597262245 4400.0 0.0 0.0 0.0 0.0 0.0 20442.66939750192 1004024.330602498 3074633.17096778 1792760.1701835818 2038890.2561108829
8763698.402737755 6800.0 1805079.402737755 24.0 1111160.0 0.0 2002489.0 0.0 2016049.0 0.0 1828897.0 0.0
9693942.0 8000.0 1990329.0 0.0 2029005.0 0.0 1961745.0 0.0 1982368.0 0.0 1730495.0 0.0
11804725.635818029 8000.0 2219545.0 0.0 1929890.0 0.0 3875097.0 0.0 2013938.0 0.0 1766234.0 21.635818028868854
9522959.364181971 8000.0 1865373.3641819712 0.0 1996024.0 0.0 1839987.0 0.0 1870169.0 0.0 1951406.0 0.0
9866060.0 8000.0 2047370.0 0.0 1937855.0 0.0 1896729.0 0.0 1908994.0 0.0 2075112.0 0.0
9832662.0 8000.0 1976886.0 0.0 1972961.0 0.0 950442.8782940768 2937337.1217059228 3464.0 0.0 1991571.0 0.0
9612490.0 8000.0 1982392.0 17.328930344318177 1982184.671069656 0.0 1816723.0 0.0 1846172.0 0.0 1985001.0 0.0
11744645.0 8000.0 1966359.0 0.0 3816879.0 0.0 1968329.0 0.0 2019884.0 0.0 1973194.0 0.0
9812350.0 8000.0 1912784.0 0.0 2004166.0 0.0 1897571.0 0.0 2007137.0 0.0 1824623.904482932 166068.0955170679
9823675.0 8000.0 1825237.0 0.0 2028300.0 0.0 2018178.0 0.0 1963240.0 0.0 1988720.0 0.0
11439637.205680886 8000.0 1908427.0 0.0 2030556.0 0.0 1897312.0 0.0 3236273.914469662 590471.6865984693 459480.3015193976 1317116.303093357
7647201.794319114 8000.0 179941.79431911418 0.0 0.0 3347669.088543908 376305.9114560925 0.0 1882446.0 0.0 1860839.0 0.0
11957310.0 8000.0 4034589.0 0.0 1945476.0 0.0 1939268.0 0.0 2080395.0 0.0 1957582.0 0.0
7779221.0 8000.0 2022201.0 0.0 1889625.0 0.0 1913195.0 0.0 1951288.0 0.0 2912.0 0.0
11831048.0 8000.0 2056296.0 0.0 3553336.473981426 2258755.6750926124 87750.8509259616 0.0 2734063.0 970015.1930080828 170830.80699191714 0.0
9878712.0 8000.0 2020372.0 21.700102436006397 2027729.299897564 0.0 1882293.0 0.0 2046965.0 0.0 1901331.0 0.0
11870352.986209683 8000.0 0.0 1103763.3646509028 2882986.635349097 0.0 2019809.0 0.0 1943490.0 0.0 3041080.42558676 879223.5606229233
9859482.013790317 8000.0 1909545.4770741628 7666.536716154076 1907554.938277413 89956.06172258685 1943863.0 0.0 1959498.0 0.0 2041398.0 0.0
9854387.0 8000.0 1254290.410503232 521118.62624177104 2114345.963254997 0.0 2021343.0 0.0 1938180.0 0.0 2005109.0 0.0
9854107.0 8000.0 1919224.0 0.0 1959113.0 0.0 2034672.0 0.0 1824791.0 0.0 2116307.0 0.0
9867306.0 8000.0 1945233.0 0.0 2008764.0 0.0 1931960.0 0.0 1968580.0 22.932336790540745 2012746.0676632093 0.0
11658337.789931277 8000.0 1989119.0 0.0 1945291.0 0.0 1906009.0 0.0 3853342.0 0.0 1203568.9228325316 761007.8670987433
5196897.527244177 3544.0 2083300.210068725 20.729380132774512 3.270619867225486 0.0 2913.0 0.0 2913.0 0.0 1790632.7434868123 1317114.5736886398
5587467.682824548 4400.0 1258059.682824548 0.0 1103716.0 0.0 58110.0 1002306.1244469322 1144428.8755530678 0.0 1020847.0 0.0
8183519.0 6560.0 1202270.0 0.0 1077525.0 0.0 818542.1221333507 2921009.388695635 140325.48917101414 0.0 2023847.0 0.0
9739065.0 8000.0 1925897.0 0.0 2022825.0 0.0 1862743.0 0.0 2075452.0 0.0 1852148.0 0.0
11880659.0 8000.0 2030742.0 0.0 2011524.0 0.0 2006966.0 0.0 3766523.0 0.0 2064904.0 0.0
9957223.0 8000.0 1270552.089005857 2524788.7510814406 138840.15991270196 0.0 1986531.0 0.0 2016137.0 0.0 2020374.0 0.0
11752396.0 8000.0 1943330.0 0.0 1924077.0 0.0 1992721.0 0.0 1909787.0 0.0 3902112.842440758 80368.1575592424
