s_bytes_all avg_video_rate s_bytes_all_#1 s_bytes_all_#2 s_bytes_all_#3 s_bytes_all_#4 s_bytes_all_#5 s_bytes_all_#6 s_bytes_all_#7 s_bytes_all_#8 s_bytes_all_#9 s_bytes_all_#10
5248534.131076686 4400.0 0.0 0.0 0.0 0.0 0.0 0.0 662173.7489275273 372989.2510724727 1569080.481635149 2644290.6494415365
12064696.868923314 6650.0 3098301.522635456 1116218.3462878575 18558.45936147136 1934668.5406385283 2911.0 0.0 1263936.0589214943 2765205.941078506 1864897.0 0.0
9994821.0 8000.0 981248.1070408834 950896.8929591164 1314160.2900918445 813342.7099081557 1982308.0 0.0 1900731.067654023 152577.9323459772 1365967.328583237 533588.6714167629
9529707.0 8000.0 1663345.9910621194 56636.00893788061 606756.382657782 1337591.617342218 1998068.0 0.0 1076285.8397796666 942540.1602203334 1848483.0 0.0
9372973.0 8000.0 1424143.5018335578 43103.49816644198 1472203.0363187862 606558.9636812137 1315962.3181048965 717244.6818951035 1677717.0939790185 335910.9060209816 1055363.045543352 724765.9544566481
11439601.0 8000.0 2003752.300021181 2049491.699978819 1363598.3756356568 708833.6243643431 1370707.0 0.0 1927488.928582736 294611.0714172639 1721118.0 0.0
9335739.0 8000.0 2042620.0 4.977349811665468 1730503.0226501883 0.0 1233359.0507720893 496675.94922791066 610538.9461231714 3219129.053876828 2908.0 0.0
11778270.0 8000.0 1321873.9311206932 692214.0688793067 1739406.0 0.0 2125356.049899414 1900130.9501005856 1695732.0591556367 338687.9408443633 1964869.0 0.0
9487932.0 8000.0 1195947.7498054735 687752.2501945265 2910.0 0.0 1973552.0 0.0 2191375.908547744 1637332.0914522563 1523980.5798876008 275081.42011239915
9576024.0 8000.0 1801297.062614433 6561.9373855669455 1958499.0 0.0 14410.265717548062 1811298.734282452 29831.172126694 1929536.8278733057 2024589.0 0.0
9588533.0 8000.0 1945522.0 0.0 1291419.6611738254 830853.3388261745 1605949.3569067356 117009.64309326436 922986.9621517851 967322.0378482149 1750035.2325287824 157434.76747121752
9951986.0 8000.0 1976817.0 0.0 2910.0 0.0 1888816.4613558403 2151522.53864416 1367280.4020983195 549156.5979016802 1571763.6729919957 443719.3270080042
9794162.569344644 8000.0 1297589.6910810478 781523.3089189521 0.0 2913.0 4165135.161653149 1636850.8383468508 2906.0 0.0 1907235.0 9.569344645036686
9903141.430655356 8000.0 1478193.0888369482 506957.3418184066 1675999.4817579542 334663.5182420456 1286996.5175820058 600926.4824179941 1496633.7278877993 555976.2721122007 1737750.2974594592 229044.7025405409
11795954.0 8000.0 1512155.399876586 2303730.600123414 2910.0 0.0 1487008.100404181 2483395.899595819 1955424.0 0.0 2051330.0 0.0
9797495.0 8000.0 1917386.0 0.0 1986295.8962157168 595.1037842832858 2143033.0 0.0 1793203.0 0.0 1956982.0 0.0
11622597.0 8000.0 1646588.0 0.0 2908.0 0.0 1327145.5935501626 906179.4064498371 1425325.2317461038 2882505.609396675 3217274.403496396 214670.75536082545
9533412.0 8000.0 924340.8840858263 1096531.1159141737 2932.0 0.0 1520234.701960171 422581.29803982895 1963303.0 2022897.0 1215.3197834179125 1579376.680216582
10048063.0 8000.0 30083.821112811533 2290049.1788871884 1923618.0 0.0 1515773.6765729573 217579.32342704252 2122945.0 0.0 507586.7433587757 1440427.2566412245
9689435.0 8000.0 1170254.3434034097 464230.6565965905 2168716.0 0.0 2909.0 0.0 1326566.904437527 2669961.095562473 890507.1855642927 996289.8144357072
9755766.0 8000.0 1449157.6806370786 469791.3193629214 1894472.0 0.0 1579186.12934361 439432.87065639 1969203.0 0.0 1954523.0 0.0
9866359.0 8000.0 1939535.0 0.0 1463772.4159466887 517291.5840533114 1546223.800605245 390715.1993947551 1681376.9827890417 313048.0172109583 1629018.006987173 385377.9930128268
11823892.0 8000.0 1524134.0141081566 349885.9858918436 1466874.9862310148 2505447.013768985 1489539.6425698912 465213.357430109 239943.9836501687 1860447.0163498316 1634993.3716074992 287412.628392501
7879227.0 8000.0 1754539.7555247764 221473.24447522365 1065403.1370770936 980215.8629229064 2908.0 0.0 1439086.5186560052 418994.4813439949 1679233.4011401648 317372.59885983524
11472397.0 8000.0 1603609.0098424086 2245293.990157592 0.0 709155.1138911869 3005590.597169644 276996.2889391688 1382902.8332656608 309785.16673433915 1456215.701312498 482848.2986875021
9830422.0 8000.0 1332929.9887372432 601361.0112627568 707598.3701460207 1358086.6298539797 916624.5144812096 1018254.4855187904 2019564.0 0.0 1239179.69704773 636823.3029522699
9914620.0 8000.0 2010413.983682072 7026.016317928343 650128.8895763799 3323912.11042362 2912.0 0.0 1586356.5731070254 323236.42689297465 1399821.3140159885 610812.6859840116
11485982.0 8000.0 1638691.727419935 77285.27258006492 1472884.797448983 2315328.2025510166 1803477.8539876805 388345.14601231966 1513039.543020208 533347.4569797919 1215240.4114549644 528341.5885450357
9931693.0 8000.0 1737288.6817549383 396393.3182450617 1589615.561856098 421060.43814390193 1269588.6657713405 641987.3342286595 1212253.2675246282 751781.7324753719 1416029.5664265023 495694.4335734977
9843215.0 8000.0 1145122.4705671824 803160.5294328177 1608337.2689890063 348641.73101099365 1573781.6855015378 401690.3144984624 1685145.4518741027 329274.54812589724 1608114.887883288 339946.11211671215
