s_bytes_all avg_video_rate s_bytes_all_#1 s_bytes_all_#2 s_bytes_all_#3 s_bytes_all_#4 s_bytes_all_#5 s_bytes_all_#6 s_bytes_all_#7 s_bytes_all_#8 s_bytes_all_#9 s_bytes_all_#10
3019749.102181554 1384.923076923077 1889.7972382572732 809321.2748622525 305083.9278994902 73610.63063560419 60716.58489245322 168362.0873813034 178756.78811538307 120644.56060200123 740493.3141216636 560870.1364331453
4818161.858302139 4400.0 187508.0964767591 734548.4381036254 632982.7352390591 400608.892982088 609056.1827480949 694198.4192456371 437920.23193162895 901513.408652151 163448.19094747014 56377.26197562547
5535926.327009618 3800.0 394681.19213857874 596313.5234057338 639297.396809456 870674.4933905904 791727.7022951855 508348.5301125486 641675.96737586 598080.830433276 335253.52183353656 159873.16921485198
3212988.233999123 1833.3333333333333 293998.7449785014 328308.2088558273 409401.3823236846 259535.35096779143 396639.8332807868 348901.8996752585 156040.1931744338 563369.6691691893 30144.43008121595 426648.5214924339
4951906.281657728 3462.222222222222 642180.2561969722 353971.9746468415 423336.0761878977 435874.1714758548 293891.95208474033 648102.4006748346 172577.64724042514 689453.7640402688 342200.2359597311 950317.8031501625
6013710.570320136 3500.0 133481.19684983755 553842.0460926702 760123.2612134409 739592.1518389775 595877.6879861804 437228.1640032576 434708.4380566182 1425290.7584287657 283729.6167434392 649837.2491069483
5397891.126049308 6200.0 29425.62652970233 171198.8753510767 363131.02567376825 933945.594873941 940681.991375658 948464.8969712424 589284.9003379578 425300.1830111148 391745.0430771798 604712.9888476667
3283529.8908974063 3466.6666666666665 374929.9100311278 585956.6775104289 364665.34866193583 280340.6907952004 368398.9973777624 251731.26152084465 360523.8848207764 259380.9967616209 209920.72777449485 227681.39564321385
4478192.864014454 3350.0 493433.5449344032 1293489.4362846017 379774.75971071306 176692.2319100859 911300.7135630518 649850.6022512969 181924.3209288361 129465.0 170232.11850477057 92030.13592669554
5321864.745568534 2144.4444444444443 97727.11247487416 79893.89121172734 394914.96780807007 522307.7248477619 536939.8663003528 1295807.6258323186 918497.7517861289 418391.8053073 4758.947354116106 1052625.052645884
6175326.0 4828.571428571428 18.48854395396927 651120.988196486 787122.9446487839 1681098.578610776 0.0 1072291.0 0.0 302802.6161524227 468300.08003250463 1212571.3038150726
10036878.0 7280.0 1009500.0 2913.0 0.0 1126843.0 0.0 1994653.0 0.0 3921866.0 0.0 1981103.0
9702709.0 8000.0 0.0 1966929.0 18.764185171198417 2040555.235814829 0.0 1878754.0 0.0 1992392.0 0.0 1824060.0
9960732.23907996 8000.0 0.0 2126591.0 0.0 2031212.0 0.0 1882936.0 0.0 2913.0 0.0 3917080.2390799583
9919413.76092004 8000.0 1320.7609200415154 1976258.0 0.0 1981034.0 7.149483858942838 1932064.8505161407 0.0 1968418.0 0.0 2060311.0
9705874.0 8000.0 0.0 1912704.0 0.0 1992666.0 0.0 1919072.0 0.0 1985822.0 0.0 1895610.0
11843971.0 8000.0 0.0 2109671.0 0.0 3773131.0 0.0 1974874.0 0.0 1978801.0 17.773310498455828 2007476.2266895012
9815063.0 8000.0 0.0 1940406.0 0.0 2003255.0 0.0 1478390.2395810098 128179.76041899004 2328563.0 0.0 1936269.0
9553031.0 8000.0 0.0 1864281.0 0.0 1965593.0 0.0 1960505.0 0.0 1971062.0 0.0 1791590.0
10013344.0 8000.0 0.0 2138051.0 0.0 1914048.0 0.0 1888375.0 0.0 2115090.0 0.0 1957780.0
9896886.0 8000.0 0.0 1922330.0 0.0 1989174.0 0.0 1947988.0 0.0 3928278.037237587 106201.96276241312 2914.0
11691172.0 8000.0 0.0 2914.0 13.30358610790271 10.696413892097292 336597.0363274269 3040811.9922334515 4191198.061802285 2224401.9096368365 0.0 1895225.0
9717988.0 8000.0 0.0 1713869.5278164365 305600.4721835638 1978084.0 0.0 1892950.0 0.0 2159439.0 0.0 1668045.0
9448694.429649716 8000.0 0.0 2224284.0 0.0 1832382.0 0.0 1949497.0 0.0 2914.0 0.0 3439617.429649717
8327733.570350283 8000.0 247927.33982630292 2007087.23052398 0.0 2274945.0 17.64007723773336 1793053.3599227625 0.0 2001786.0 0.0 2917.0
11824711.0 8000.0 0.0 3879101.801825586 26619.19817441416 2019075.0 0.0 1918650.0 0.0 1907649.0 0.0 2073616.0
9869213.0 8000.0 0.0 3878614.2156640217 71.78433597816024 2917.0 0.0 1970570.0 13.573395760193318 2059323.42660424 0.0 1957703.0
11740668.0 8000.0 0.0 3585246.5113116554 370931.4886883446 1914961.0 0.0 1982428.0 0.0 1955071.0 0.0 1932030.0
9909231.0 8000.0 0.0 2075564.0 0.0 1884247.0 0.0 1923094.0 0.0 1904638.976451262 66901.0235487379 2054786.0
