s_bytes_all avg_video_rate s_bytes_all_#1 s_bytes_all_#2 s_bytes_all_#3 s_bytes_all_#4 s_bytes_all_#5 s_bytes_all_#6 s_bytes_all_#7 s_bytes_all_#8 s_bytes_all_#9 s_bytes_all_#10
7701366.505777918 4400.0 0.0 0.0 0.0 0.0 0.0 0.0 3998.0 928080.2781697816 1383460.1444005177 5385828.083207618
9505787.157619366 8000.0 960659.4942220828 1131162.0908758964 711364.6406914184 661145.3609325843 1166273.907500101 1192627.701549808 731197.2984501921 826041.1038659642 1116569.896134036 1008745.6633972832
11917865.233088048 8000.0 924882.3366027168 814746.7079705324 1149621.2920294676 6964.023665384239 3057551.854339812 981681.1219948035 0.0 1112093.305135299 2892179.694864701 978144.8964853308
9331791.656570464 8000.0 725615.1035146691 1003474.2355633302 1117981.76443667 921292.8305289316 609700.1694710683 1020072.2096028331 1144688.7903971667 974884.2650469284 988414.7349530716 825667.5530557944
9687283.56589366 8000.0 1153771.4469442056 624620.8164503634 1318660.1835496367 493522.3763699912 1325215.623630009 701924.7873275855 1014934.2126724144 963828.566697186 1146808.433302814 943997.1189494564
8776795.881050544 8000.0 1055584.881050544 515055.5317214794 1429454.4682785207 491260.3572338618 1445802.642766138 960346.2152195208 925832.7847804792 928817.14877412 1024641.85122588 0.0
5812168.0 8000.0 199.08516215865885 2711.914837841341 0.0 5803421.0 0.0 0.0 0.0 2918.0 0.0 2918.0
16342153.047579478 8000.0 0.0 0.0 2762750.8024704447 6046125.264006313 773843.9335232414 1166988.958196147 812126.0418038525 482140.9386937137 3383337.061306286 914840.0475794788
9410819.21732754 8000.0 999509.9524205212 742498.4427658593 1322057.5572341406 636630.3289292199 1011813.67107078 849520.8615616913 1209063.1384383086 544220.6233455654 1460185.3766544345 635319.2649070182
9468907.024733825 8000.0 1143640.735092982 460990.7219168244 1514122.2780831757 387022.3603099894 1500483.6396900106 9773.595686489802 1999574.4043135103 13094.659044444728 1957753.3409555552 482451.2896408399
10122339.062914094 8000.0 1308435.71035916 243983.0921313327 1923071.9078686675 576510.1164567515 1369252.8835432483 915714.8788966868 968979.1211033132 1245751.400383181 921407.5996168192 649232.3525549327
9702043.617254078 8000.0 1196778.6474450673 884860.4989571433 1110071.5010428566 720227.0679010531 1008964.9320989468 727418.3078530962 1225563.6921469038 440782.62835743424 1482943.3716425658 904432.9698090102
11174963.995229524 8000.0 2879960.03019099 0.0 21062.034134961046 3154075.2855048785 680473.6803601604 542721.4087659455 1367250.5912340544 893063.3675676187 1112883.6324323812 523473.9650385369
9145369.034961462 8000.0 1389796.0349614632 754456.0647051934 1184947.9352948065 721755.3817616502 1283898.6182383497 692366.4874789322 1141861.512521068 702720.7485604888 1270651.2514395113 2915.0
11622200.17922197 8000.0 0.0 505250.7981869266 1511095.2018130734 897504.4148004835 2687786.5851995163 210590.3108288184 2194149.6378439064 1578685.9468213243 2025694.1045059504 11443.179221968216
8423703.303754969 8000.0 1843247.820778032 2914.0 0.0 313507.2740179752 1727375.7259820248 359559.36235475674 1568726.6376452432 424859.79499257536 1662530.2050074246 520982.4829769375
10882941.517023062 8000.0 1228051.5170230628 705357.5076144473 1288930.4923855527 605726.6482672935 1097133.3517327064 0.0 0.0 2915.0 0.0 5954827.0
10627053.677220844 8000.0 0.0 530327.9905432262 3394771.0094567738 743135.7464025372 1216764.2535974623 0.0 246330.2379422062 3744738.762057794 0.0 750985.677220844
9332957.933334785 8000.0 1263588.322779156 369098.8164041913 1514239.1835958087 591569.9431359215 1361422.0568640786 400164.705186343 1480925.294813657 979778.2335619946 949343.7664380051 422827.61055562855
11207943.996613797 8000.0 1525668.3894443717 484928.8771489842 3312308.122851016 573.3889900012642 1907131.539326232 51148.88361823551 1977560.188065532 11698.553280679002 1923439.446719321 13486.60716942399
9603500.208611544 8000.0 1938737.392830576 753199.1292517562 1192737.8707482438 9615.420947996892 1620798.579052003 395332.0218471765 1737535.9781528234 887739.1213347738 1066747.878665226 1056.8157809666975
10487356.999546483 8000.0 1857.1842190333025 334835.88631465385 3536198.113685346 554504.4449183962 1411892.5550816038 526959.9090268495 1209419.0909731505 776201.6138119505 1230295.3861880496 905192.8153274507
9515757.959190972 8000.0 1160839.1846725491 798173.7092991346 1035962.2907008656 377249.73723187606 1677830.2627681238 459707.65813822974 1545999.3418617705 858171.8633870409 1063261.1366129592 538562.7745184221
8525175.346717393 8000.0 1385428.225481578 423147.8853985552 1615180.1146014447 626091.1298863803 1348951.8701136198 717198.6576211188 1160507.3423788813 2914.0 0.0 1245756.1212358149
11338574.80190382 8000.0 2677557.8787641847 0.0 387192.5478072425 2451614.454469816 1014018.9977229418 92805.62984683905 1965365.370153161 857576.7988866119 1043520.201113388 848922.9231396356
9936354.930228338 8000.0 1166732.0768603643 493342.9381303316 1482013.061869668 514050.13291631127 1525146.8670836887 902648.589167698 994095.410832302 893876.5961290046 1131403.4038709954 833045.8533679736
11139509.463586984 8000.0 1039902.1466320264 690512.9397085794 1286719.060291421 810455.3874863868 3002897.6125136134 581750.7416877052 1303441.258312295 538126.2773543401 1406321.72264566 479382.3169549572
9773999.157631034 8000.0 1475074.683045043 734980.3819929983 1259753.6180070017 331877.30110798584 1578426.698892014 541444.5085988146 1423719.4914011855 641474.4968794523 1306054.5031205476 481193.47458599135
10159989.86579005 8000.0 1334574.5254140086 808701.4216837116 1143194.5783162883 807602.6014010865 1132753.3985989136 851298.1851097858 1149825.8148902142 569020.6364867762 1346352.3635132238 1016666.3403760416
9595210.283655852 8000.0 850500.6596239585 424182.7959369852 1578291.2040630148 853000.8926301368 1073055.107369863 760452.9714248654 1245925.0285751345 791781.1629872796 1031959.8370127204 986060.6240318944
