s_bytes_all avg_video_rate s_bytes_all_#1 s_bytes_all_#2 s_bytes_all_#3 s_bytes_all_#4 s_bytes_all_#5 s_bytes_all_#6 s_bytes_all_#7 s_bytes_all_#8 s_bytes_all_#9 s_bytes_all_#10
6783576.7876575375 4400.0 0.0 0.0 0.0 0.0 0.0 6914.0 558360.1941801405 1841436.4172452244 2570635.270996538 1806230.905235635
12111363.556714866 7485.714285714285 1711110.2123424625 1071930.0 1523145.7451944654 446833.2548055346 1713120.0 0.0 2082432.0 1774777.3623194017 268503.8374740153 1519511.1445789873
10196905.655627595 8000.0 582383.8967274446 1483835.7589001516 18359.623091792717 2216894.376908208 981363.9456284516 1019258.0543715484 1585303.7735135492 367004.2264864507 1942502.0 0.0
11564518.256756356 8000.0 1965751.0 0.0 1894217.0 0.0 1975274.0 1880686.6412140012 68848.26181390152 1790834.5053397242 91959.71166007448 1896947.136728654
9944104.97563241 8000.0 125315.49168568582 1629040.2984382303 465883.37487250107 1814018.0696960865 111946.0682236898 1202995.9162593344 814156.797410113 1947052.7266580025 773307.0800872745 1060389.1523014929
9916219.767611232 8000.0 35059.77611169057 1975746.991499542 19653.963401328787 1891549.0365986712 1338813.2143778212 771001.7856221789 788933.4996382848 1013254.5003617152 1786437.9772430374 295769.0227569626
9894479.0 8000.0 935798.6879582184 1170978.3120417818 1177748.032782907 561871.9672170932 1205911.7413070195 840519.2586929803 1033065.7580684666 864797.2419315333 780468.137340177 1323319.862659823
9817275.0 8000.0 1346810.9411931834 517774.5186005313 1119965.8314382534 889650.7087680321 2049066.0 0.0 2036932.0 0.0 1857075.0 0.0
11411735.157606509 8000.0 2074767.0 0.0 1919954.0 1701400.8740245567 170592.4954852078 1467712.7641209792 467786.3459756143 1718669.4460283103 92436.90675349122 1798415.325218348
8219458.842393492 8000.0 402301.4870613211 1833712.3985188704 207677.01706039984 1013629.3514602744 803258.5882926267 0.0 1007413.6539176512 1089468.3460823488 1799594.6207863134 62403.37921368668
11849266.0 8000.0 2015799.0 0.0 1931123.0 0.0 1994288.0 1707735.0261203884 94773.62863114508 1813927.300605985 300927.4600552716 1990692.5845872092
9774371.0 8000.0 679063.6057401777 1135891.3942598223 1175451.8536754444 836918.1463245556 1048302.9853622208 923291.0146377792 1054968.606727119 948207.3932728808 510817.4743048895 1461458.5256951104
11515956.15379486 8000.0 1504996.0634166535 422046.9365833464 0.0 2290077.922325897 1536526.0776741027 0.0 2080151.0 0.0 1932543.0 1749615.153794858
10174306.84620514 8000.0 208927.84620514195 0.0 2137141.0 1315688.103891489 626099.7798361033 1727385.1162724074 1235.6664199412976 1801098.6063100582 1201573.0399226423 1155157.6873473583
9629091.0 8000.0 1211.2902140876886 1312681.7377898777 537228.7026131687 2191184.269382866 19288.509547908605 1704912.4904520914 18499.19321206207 1973918.8067879376 19504.73485596525 1850661.2651440348
9881738.0 8000.0 18536.07013757238 2051916.9298624275 990388.2828603917 914301.7171396083 832519.5169194604 1176227.48308054 1079064.2771904273 848912.7228095726 845077.5499836577 1124793.4500163423
9860215.0 8000.0 938599.9008225352 1126083.0991774646 730523.8646049 1238673.1353951 1210181.099704577 623542.9002954232 1844847.925440008 135146.07455999212 903297.5649955656 1109319.435004434
9772467.0 8000.0 1989197.0 0.0 1779004.0 0.0 1238.137013716636 1599611.8444649945 601342.2469991633 1075969.6190676284 870887.9642089773 1855216.18824552
11384886.594561866 8000.0 19772.296714767144 2053550.703285233 1678441.8920186288 202592.1079813712 1780522.6485947217 321445.3514052784 1938972.0 0.0 1953084.0 1436505.594561865
8339344.405438134 8000.0 524006.05285977287 1688436.005257551 390030.347320811 0.0 903351.858470909 902622.1415290912 1465307.1542675227 534105.8457324771 1212953.8155678578 718531.1844321421
11836486.0 8000.0 1156684.6612071162 2713490.338792884 826516.1534395402 1347457.8465604596 1427416.7827854587 512954.2172145413 2128796.0 0.0 1175680.9078948218 547489.0921051782
9804597.0 8000.0 1257595.157964863 718313.842035137 1386715.5451270132 622298.4548729869 938986.1984678536 1011919.8015321464 974375.8990755186 805188.1009244814 899088.2155956152 1190115.784404385
11173934.27281298 8000.0 793115.821029231 1232784.178970769 1284899.3202525957 353210.67974740424 1130583.499187168 1018674.500812832 1845031.0 1690271.4531821944 174679.3907624376 1650684.4288683475
10057877.72718702 8000.0 96458.80575159902 1940311.5632603064 257380.4137010025 1787495.168997988 179501.57604294812 1981903.1994331763 18184.06825528561 1786968.9317447145 1237.0768087455144 2008436.9231912545
9854147.0 8000.0 2918.0 0.0 1317.7091865141012 3279842.7672628546 803939.8425804857 1882353.6809701456 682577.7380775573 1277707.2619224428 1380233.8927119244 543256.1072880756
9599737.781381764 8000.0 1267862.6284529075 807971.3715470925 1273041.7336571156 657984.2663428844 2916.0 0.0 1978568.0 0.0 1979562.0 1631831.7813817635
10104508.218618236 8000.0 333894.21861823654 1617932.5847346291 171666.17122875748 2046651.6670166764 68942.00646233426 1994727.570557603 777937.6483267182 1165630.3516732818 1927126.0 0.0
11420318.48955564 8000.0 1939922.0 0.0 2040411.0 791533.5722699033 1053754.4277300965 0.0 2096926.0 1849410.2815103813 67333.88152615559 1581027.3265191026
10235073.510444362 8000.0 371798.6066167722 1859767.643815877 196988.52210863185 1251205.678125536 724340.4897463334 1880552.5700312103 1218.7678033460795 1127663.1231677297 884527.2200799296 1937010.888948995
9926552.0 8000.0 19378.100859298163 1986788.8991407016 19443.882415867676 1961232.1175841324 17878.226931605965 1942975.773068394 909501.61972189 1100628.38027811 1086825.1140454924 881899.8859545074
