s_bytes_all avg_video_rate s_bytes_all_#1 s_bytes_all_#2 s_bytes_all_#3 s_bytes_all_#4 s_bytes_all_#5 s_bytes_all_#6 s_bytes_all_#7 s_bytes_all_#8 s_bytes_all_#9 s_bytes_all_#10
8338241.638544839 4400.0 0.0 0.0 0.0 0.0 0.0 8151.060877229209 976604.6766586144 2730073.170214397 2234120.467650175 2389292.263144423
9221464.36145516 7400.0 1340126.3614551614 24.0 1912559.0 0.0 1894613.0 0.0 2142091.0 0.0 1932051.0 0.0
11807445.0 8000.0 1903247.0 0.0 2103270.0 0.0 1895769.0 0.0 1835197.0 0.0 3384275.153941892 685686.8460581083
9733534.0 8000.0 1957610.0 0.0 2039868.0 0.0 1835212.0 0.0 1981229.0 0.0 1919615.0 0.0
9898586.0 8000.0 2032876.0 0.0 1933069.0 0.0 1874359.4009025183 54708.59909748179 2102713.0 0.0 1900860.0 0.0
9867295.0 8000.0 1959038.0 0.0 2031010.0 0.0 1933165.0 0.0 1908829.0 0.0 2035253.0 0.0
9948266.0 8000.0 2058701.0 0.0 1807443.0 0.0 1992043.0 0.0 2201630.0 0.0 1888449.0 0.0
11684907.0 8000.0 1864777.0 0.0 3701959.9404413663 211125.0595586339 2911.0 0.0 3811774.902007584 121248.09799241596 1971111.0 0.0
9825450.0 8000.0 1894457.0 0.0 2044421.0 0.0 1997800.0 0.0 1915319.0 0.0 1626023.4914356747 347429.5085643252
9817834.0 8000.0 1944891.0 0.0 1945024.0 0.0 2011060.0 0.0 2020822.0 0.0 891991.8993430948 1004045.1006569052
9893075.0 8000.0 2027225.6156239589 4511.384376041096 1910061.0 0.0 2015433.0 0.0 1973047.0 0.0 1962797.0 0.0
9682723.0 8000.0 1892242.0 0.0 1932270.0 0.0 2033678.0 0.0 1943686.0 0.0 1880847.0 0.0
12076384.0 8000.0 2033505.0 48.0 0.0 1641379.3513404622 2502511.1029059943 1832572.5388572868 1620077.3301357292 335029.67676052725 2111261.0 0.0
6631526.0 8000.0 1653113.0 0.0 50842.0 0.0 1239630.0 0.0 1857244.0 0.0 1830697.0 0.0
9784465.0 8000.0 2013153.0 0.0 2146529.0 0.0 1901774.0 0.0 1863336.0 0.0 1859673.0 0.0
9996212.0 8000.0 2138242.0 0.0 2040973.0 0.0 1898962.0 0.0 1943166.0 0.0 1974869.0 0.0
11131427.243015967 8000.0 1937973.0 0.0 2917.0 0.0 3854956.988779343 100906.011220657 1963973.0 0.0 2025974.6560419253 1244726.5869740427
10147918.018120216 8000.0 2660660.756984032 0.0 1868342.0 0.0 2056454.0 0.0 1957011.0 0.0 2916.0 1602534.2611361835
10214793.738863816 8000.0 346198.7388638167 1604082.1201306917 1519496.6361322768 815222.2437370317 2009111.0 0.0 2105824.0 0.0 1814859.0 0.0
9929387.0 8000.0 1997694.0 0.0 1837472.0 0.0 2117363.0 0.0 1952593.0 0.0 2024265.0 0.0
9942813.0 8000.0 1786082.0 0.0 2094547.0 0.0 2012452.0 0.0 1983066.0 0.0 2066666.0 0.0
9697168.0 8000.0 1829661.0 0.0 2022734.0 0.0 1875194.0 0.0 2919.0 0.0 3966660.0 0.0
11579669.0 8000.0 3759795.371923308 139492.6280766925 1934275.0 0.0 1991942.0 0.0 1972154.0 0.0 1782010.0 0.0
10022046.0 8000.0 2103457.0 0.0 2065674.0 0.0 1792595.0 0.0 2159532.0 0.0 1887954.2360864813 12833.763913518387
9850904.0 8000.0 2148753.0 0.0 1473729.3342314556 325542.66576854425 1859852.0 0.0 2054238.0 0.0 1988789.0 0.0
9951813.0 8000.0 1769788.0 0.0 2076809.0 0.0 2030740.0 0.0 1990552.0 0.0 2083924.0 0.0
11673074.0 8000.0 1849685.0 0.0 1870855.0 0.0 2072130.0 0.0 3873178.575697944 107285.42430205656 1899940.0 0.0
9779282.0 8000.0 1975261.4823463908 32882.51765360904 1838450.0 0.0 2066604.0 0.0 2006992.0 0.0 1859092.0 0.0
9870806.0 8000.0 2042308.0 0.0 1868965.0 0.0 1993308.0 0.0 2031437.0 0.0 1934788.0 0.0
9912021.0 8000.0 1972277.0 0.0 2008792.0 0.0 1943529.0 0.0 1974035.0 0.0 2013388.0 0.0
