s_bytes_all avg_video_rate s_bytes_all_#1 s_bytes_all_#2 s_bytes_all_#3 s_bytes_all_#4 s_bytes_all_#5 s_bytes_all_#6 s_bytes_all_#7 s_bytes_all_#8 s_bytes_all_#9 s_bytes_all_#10
8679377.0 4400.0 0.0 0.0 0.0 0.0 0.0 0.0 1167149.5176732484 3932687.5647135214 1643665.1734536742 1935874.744159556
8673931.0 7400.0 696877.934361621 412840.1822703613 1208343.2084110882 847699.6749569293 1641512.104083708 200969.89591629183 1859018.306306257 121345.69369374288 164491.6727729728 1520832.3272270272
9996728.0 8000.0 2092523.8863358945 183787.11366410588 1803225.8439817296 121922.15601827012 1783716.0 0.0 1629695.420722209 465025.5792777912 710191.9788097222 1206640.021190278
9825445.0 8000.0 2116355.0 0.0 1845551.0 0.0 1290984.303185633 667844.696814367 760643.0280933192 1160721.9719066808 1417426.6530937692 565918.3469062306
9876622.0 8000.0 1888519.146912146 97884.85308785374 1030586.4747446536 917451.5252553466 1954306.0 0.0 948370.9148946068 1089844.085105393 1612620.8132657649 337038.1867342352
7200513.95476377 8000.0 943446.6565447896 1132616.3434552103 1164282.5064121578 2654621.493587842 0.0 696.1111333369065 2216.8888666630937 704.9916724469693 2208.0083275530305 1299720.9547637706
14402809.04523623 8000.0 6604386.04523623 0.0 1061246.538060805 762047.4619391948 1568285.3655374495 460382.6344625502 1605657.7644177494 137379.23558225064 2203424.0 0.0
9750848.0 8000.0 856732.8295611754 1148608.1704388245 1741028.0 0.0 1776168.6143776434 163908.38562235658 1224631.793113335 927394.2068866648 1912376.0 0.0
9710954.0 8000.0 1705878.6574322158 249156.3425677844 1506395.347185825 314165.652814175 1809595.96266892 201541.0373310801 1952414.0 0.0 1382263.3552766342 589543.6447233658
11838347.0 8000.0 1920460.0 0.0 1987143.0 0.0 2016862.0 0.0 1185260.6034872727 547435.3965127273 1856104.6907916109 2325081.309208389
9639692.0 8000.0 1467507.5487171756 323761.4512828244 0.0 678.0865696845276 2235.9134303154724 1309.1316229026545 1517687.9319372238 4535584.936439874 1790927.0 0.0
9824770.0 8000.0 842018.2238905398 1086735.77610946 1436086.5782715392 534375.4217284607 2001020.0 0.0 1975892.0 0.0 1820026.285846144 128615.71415385608
9955874.0 8000.0 1896623.062796521 106375.93720347894 0.0 3579434.2497266904 374668.7502733098 0.0 1957555.0 0.0 2041217.0 0.0
9743052.0 8000.0 1423552.628543644 510164.371456356 1637826.5043029282 281824.4956970717 1634041.9958522038 306861.00414779613 1556060.28505579 312384.7149442099 1722748.4457780966 357587.5542219035
11728463.0 8000.0 1294817.2731227677 711562.7268772322 1414802.898751408 491230.1012485917 1258200.9766468753 694782.0233531249 1611195.4745280033 2384030.525471997 1867841.0 0.0
9736573.0 8000.0 1089621.110397878 1182406.889602122 1216770.0816401057 416108.9183598943 1956387.0 0.0 1914928.0 0.0 1786109.619949949 174241.38005005097
9964154.0 8000.0 913344.3071782005 968037.6928217995 990640.5391579448 1032599.4608420552 1324248.2899892614 658955.7100107388 1898812.1871940456 131561.81280595416 1001032.5084336658 1044921.4915663344
9761112.0 8000.0 1776418.0 0.0 2055492.0 0.0 999191.3553607652 982881.644639235 1656470.6023742626 296225.3976257375 1178203.3347194763 816229.6652805235
9739875.0 8000.0 1265380.4163138797 568789.5836861202 1069767.0958780395 937593.9041219604 1693253.195309751 57584.80469024922 2205486.0 0.0 1942020.0 0.0
11799686.0 8000.0 1554520.8466792456 370663.1533207544 1612589.74001785 348043.2599821501 1814691.5071575933 2178494.4928424065 1078114.4345181067 875120.5654818933 879850.2247636361 1087597.7752363638
8974954.165945262 8000.0 1315744.363081092 651685.6369189079 1456437.633891669 600350.3661083309 1459030.9830735684 401042.0169264316 1861713.3111904643 27102.688809535768 1501.5072351856072 1200345.6587100753
10561647.834054738 8000.0 2699376.8340547387 0.0 1907663.0 0.0 1210192.1764079116 791368.8235920885 1261200.5932246842 721375.4067753158 1594992.981490107 375478.018509893
9686263.0 8000.0 1495880.8548995105 201575.14510048943 1716623.7339894972 497291.2660105028 1711145.371213924 280701.6287860757 1181651.348098529 517334.6519014711 1853123.5960323857 230935.4039676145
9760657.0 8000.0 1751778.5238334544 234485.4761665456 1588693.8185481778 327538.18145182205 1557304.6064166168 450328.3935833831 1641637.674126501 294347.32587349904 1656725.2309166796 257817.76908332037
11895479.0 8000.0 2441738.19509701 1510513.80490299 1812890.470543706 126105.52945629376 1883186.507159702 179428.492840298 1556561.117822215 463014.8821777851 919969.4212648972 1002070.5787351028
9749747.0 8000.0 1710822.0 0.0 2209585.0 0.0 1930480.0 0.0 1816408.042570185 46627.957429815215 2035824.0 0.0
9704870.0 8000.0 1909438.0 0.0 1318894.6405033346 746457.3594966653 1807819.0 0.0 1986716.0 0.0 1935545.0 0.0
9893945.0 8000.0 1564977.803263551 406622.1967364488 1548523.6732068392 463631.32679316064 1586249.0940229902 309865.90597700974 1843232.690854226 268314.309145774 1618982.7493300254 283545.2506699745
11780326.0 8000.0 1260066.0025998382 644757.9974001616 1697068.0213196904 368601.9786803095 1611388.7612335298 259116.2387664701 2992093.886877922 973222.1131220782 1134033.1855701702 839977.8144298298
9841281.0 8000.0 1895448.639966786 117707.36003321398 1963496.0 0.0 1933256.0 0.0 1317869.753564235 663106.2464357648 1950397.0 0.0
