s_bytes_all avg_video_rate s_bytes_all_#1 s_bytes_all_#2 s_bytes_all_#3 s_bytes_all_#4 s_bytes_all_#5 s_bytes_all_#6 s_bytes_all_#7 s_bytes_all_#8 s_bytes_all_#9 s_bytes_all_#10
8791213.128020681 4400.0 0.0 0.0 0.0 0.0 0.0 104498.85650537832 1007254.1434946216 2991854.011536024 4613555.988463976 74050.12802068131
10972552.35481706 7485.714285714285 1103610.8719793188 1986349.7869026968 4717.2130973030735 6061.553814787538 1975392.4461852123 1884457.427172512 88689.57282748821 1813308.4050692315 1273592.138730697 836372.9390378122
9844147.241470136 8000.0 2024589.5171622592 166633.69740682596 1732935.302593174 6977.619042934688 1968552.3809570652 1653044.260338534 331865.739661466 8453.76398210206 1939768.236017898 11326.724307876686
11821181.822417306 8000.0 1968631.2756921232 1836069.8984681915 122253.10153180876 1891066.824507648 128803.17549235246 1736322.684161215 118793.31583878509 1937659.9634449056 1856268.33607115 225313.24720912523
9873497.45327482 8000.0 1876131.6997898296 89808.53176002247 1570944.0941853295 425172.9968061698 1959271.1307334676 2155.842707641582 1911300.1572923583 2263.0459321298285 1935254.065527936 101195.88853993412
9859112.577042673 8000.0 0.0 2401.80481276848 511.1951872315207 0.0 0.0 1637863.4895312472 5901611.452800862 252631.49759303845 2053836.5600748528 10256.577042672205
9822640.435258403 8000.0 1925703.422957328 11629.557679569589 2030966.4423204304 8854.046464843932 1904963.953535156 5245.116226877071 1925112.883773123 5098.750253749207 2003258.2497462507 1808.0123010780385
9856517.122971976 8000.0 1103.9876989219615 142089.08956648636 3805490.9104335136 10804.107034039238 1909280.8929659608 6421.682670472468 2014984.317329528 11906.750924742191 1946717.249075258 7718.135273055062
11779456.67948296 8000.0 1900241.8647269448 1914074.9157421216 131693.08425787848 1810260.772838592 132032.22716140823 1888539.52396067 2090691.47603933 66807.18019015975 1173404.8598686578 671710.774697197
9927351.50775642 8000.0 1995516.1852439852 2359.911012132789 1695946.4363365304 308788.9965818599 1177.6560694766697 6248.663018735485 1917681.3369812644 11481.532515006404 1993383.4674849936 1994767.322512435
9823066.435425082 8000.0 3992.677487564889 1288354.5870287018 701543.4129712981 1738969.0361306218 100679.96386937832 34654.382147628094 817409.8444173232 1178533.9057336182 3954439.8677014303 4488.757937517691
9842798.460671056 8000.0 1949854.2420624823 4736.970660480838 1942734.029339519 3438.483555535839 2064361.516444464 4979.913978221191 1899837.0860217789 6593.472866032621 1959970.5271339675 6292.218608573869
11727896.523318306 8000.0 1944709.7813914265 575295.3515858122 1428100.2620154787 1669481.463049661 259323.92334904856 1858537.174734652 104860.8252653482 1909477.547959792 80393.45204020788 1897716.741926879
9938825.721786983 8000.0 81417.25807312106 1831042.4803362945 126214.51966370548 1912106.7949486603 70419.20505133957 1893588.0979682407 2058111.9020317588 2241.613356310169 1295341.3174035256 668342.5329540285
9835673.960938863 8000.0 1962190.536286136 1954.0753332797483 959.9246667202516 9565.744104954318 1974023.2558950456 5933.14754236994 3988700.85245763 4539.45958922733 1887609.540410773 197.42465272692155
8003348.130214597 8000.0 1219849.5808439043 692988.4218394186 1999055.5726639505 6237.862109034129 2029580.137890966 6374.639511839242 1901604.3604881607 1686.503044501894 1228.4969554981062 144742.55486732407
13619403.908737186 8000.0 3791883.445132676 1948.0699420048932 969.9300579951066 122804.53006076127 3848993.469939239 3446.979436841794 2031658.0205631584 5873.053585513848 1877784.946414486 1934041.4636045091
7927796.081074666 8000.0 4147.5363954906925 1978029.0183950395 5141.981604960573 1106.0906162551485 1810.9093837448515 1907493.6566276627 1193880.065415809 874898.959216353 1955287.3187401756 6000.544679175804
11671164.472108295 8000.0 1979358.455320824 7264.173079824493 1999139.8269201757 1496313.0077806788 430811.9922193214 958814.3932036286 1020347.6067963714 1840516.4180540896 117054.58194591005 1821544.016787472
9994241.505988631 8000.0 117013.9832125284 6806.108209726008 4025712.891790274 1504.9239726097337 1406.0760273902663 0.0 0.0 2790907.470302508 3045266.5296974923 5623.522776102906
9828571.06223588 8000.0 1978926.477223897 6890.185896584933 2012205.814103415 3671.4650468035866 1986451.5349531963 5346.621633403015 1863002.378366597 3871.5024907826455 1965416.4975092171 2788.5850119812703
9954679.5518083 8000.0 2009121.4149880188 6055.6652080177055 1968555.3347919823 5173.227624128581 1928242.7723758717 1533.499742886364 1378.500257113636 7147.977425273156 4015570.022574727 11901.13682028036
9744106.486618832 8000.0 1905818.8631797195 11396.723495663426 1987107.2765043369 7850.668451012615 1912030.3315489877 7679.243726864561 1973431.7562731355 10381.689813094668 1917074.310186905 11335.6234391118
11856924.416588854 8000.0 2032473.3765608885 9544.275199042855 1982900.724800957 3183.275165900017 1961362.7248341 14312.34094125446 1926550.6590587453 109599.21244661046 3816017.7875533896 980.0400279639632
9822893.052710429 8000.0 1930.959972036037 0.0 199490.5887442344 3822727.19405339 1914839.217202376 3565.552982971462 1879790.4470170285 5588.037338005018 1983255.962661995 11705.09273839242
9775160.014507135 8000.0 1946131.9072616077 5892.720933747644 2026908.2790662523 1885.1266565879268 1029.8733434120732 1226707.9353410157 683316.0646589843 1762237.5173640745 325405.4826359256 1795645.107245531
9952565.64016165 8000.0 1758982.3111714532 412341.8902342228 1697955.619337527 159736.73530994623 1960878.3367013196 13862.224071067476 2047054.7759289325 7370.689437486943 1887301.310562513 7081.747407181274
9866936.548150277 8000.0 1953180.2525928188 10943.511604184316 2017935.488395816 11268.815075474547 1952468.1849245252 9226.33546413751 1892762.6645358624 12879.45783879349 1994802.5421612065 11469.295557455618
9996453.06955087 8000.0 1974022.7044425444 5943.229503073809 1964785.7704969265 10276.946977996628 1937620.0530220035 11623.723265087434 1699139.2767349123 9610.163380627057 2231579.836619373 151851.3651083253
11628714.787125066 8000.0 3863936.634891675 6125.553293904337 1897617.446706096 8311.060090944155 1833248.939909056 291189.3411890019 1589574.658810998 10361.831920528484 2122146.168079472 6203.152233392125
