s_bytes_all avg_video_rate s_bytes_all_#1 s_bytes_all_#2 s_bytes_all_#3 s_bytes_all_#4 s_bytes_all_#5 s_bytes_all_#6 s_bytes_all_#7 s_bytes_all_#8 s_bytes_all_#9 s_bytes_all_#10
756759.7616524315 1500.0 0.0 0.0 0.0 0.0 0.0 0.0 6912.0 334395.0227021394 100126.97729786058 315325.7616524314
4578780.738321562 1500.0 460116.3543774657 592877.5127719298 432835.41399048606 445471.9044496394 272666.6141656376 638908.0580346459 425717.6813615341 373500.2953213786 408839.76746077416 527847.1363880711
4096374.070220834 3000.0 124063.5000260061 433073.1737879545 574282.194468157 366248.0534933604 400600.1498238093 384641.453374519 385879.42065168015 452026.6100692226 475358.1727872823 500201.34173884266
4254544.233552726 3000.0 516951.02929115295 370194.6901733178 415498.1293674691 638072.2463399771 377273.2848318805 448079.19564891 329634.5987687432 366637.4807834912 385039.8663492992 407163.71199848433
3702286.196252447 3000.0 493201.783784749 487539.0000533243 467422.5094812593 551352.3663172654 509788.9585970018 515720.4911635132 446229.7061954202 228119.38065991364 0.0 2912.0
3097959.270304396 2300.0 0.0 2912.0 0.0 215879.99586401973 410156.6689062596 367666.82416721946 589254.911188774 516295.7915295519 449550.84576885006 546242.232879721
4194914.637808557 2533.333333333333 459407.5479134783 454505.8119156123 234931.74004777224 375093.6708269013 449077.4618575581 614763.3196563506 352261.4539018836 401907.4201136734 407225.2056973787 445741.005877948
3792270.869818329 3000.0 312644.7955950343 364566.2245769035 402072.1309791743 428746.0881424827 385433.6514067748 435984.4367817713 377690.6962132022 297223.525852292 411094.6964030851 376814.6238676088
4070655.5412897 3000.0 500248.7007391079 355464.90939727414 382658.55794264807 456054.3392074079 359868.13661830587 410866.7629271667 377072.7325767386 398687.9547605299 459252.45959123614 370480.9875292847
4479403.770289669 3000.0 381546.8877356062 620217.3759247027 472127.9948094331 549682.9048423031 497887.6861618943 301674.1778158342 450708.5862337265 512792.01056136296 467116.46216441854 225649.684040387
4161454.216154133 3000.0 537356.4887229411 394021.0790463328 548276.9443058177 77200.85208053433 441771.7341033263 575987.9116161779 432162.1609445113 344006.5503348564 487971.305340187 322699.18965944834
4001947.7774215257 3000.0 409965.99381717807 454444.3294188884 350894.8858032459 424502.5476757766 359090.07377358887 391091.39008103474 384378.8906106344 410995.18354048295 386425.0175605893 430159.4651401066
3956249.640262528 3000.0 353868.5287880113 478104.8873627641 382921.8890032077 392276.2821691936 376805.8330177214 417321.10845777113 353703.1013808455 368165.76137090987 397505.1036345624 435577.1450775404
3064370.2766511645 1457.142857142857 389083.29672348057 357436.9010291083 440633.3328191616 343787.36956752965 414125.2315622573 217382.53160191077 250801.8579533804 316203.4327915111 277738.4045321075 57177.918070717074
2755600.142852729 2033.3333333333333 424654.0 29334.268191551 357370.83737391944 6217.894434529602 457964.6674466808 182370.67228606695 338867.6275408993 474234.837172413 285726.66719979706 198858.67120687212
3509654.128423392 2580.0 306376.2671763209 403148.8967987405 328390.7019190155 424969.79801537714 247426.2672343401 312964.24816175486 242243.9639228336 307509.45273817965 442907.705458216 493716.8269986137
3147469.728723879 1450.2857142857142 387024.18364086025 449927.47049697465 361176.5519059542 419802.7609681475 363801.0463070927 417683.1004444219 331594.9475385011 128373.9499583941 63548.71408963725 224537.00337389536
1637332.8314377735 1257.6 0.0 2912.0 0.0 100560.0 17.543006116201166 359875.64148885384 132161.04754179268 508062.71361169714 233558.74992925127 300185.1358600623
3135506.7314925366 2283.333333333333 146894.04439902824 316801.1533956522 116992.97076754608 314832.1249585621 458026.5548111564 533767.3131394621 389504.08864545054 151453.91844536876 355488.3506766936 351746.21225361666
4275786.14932645 3000.0 242286.52027991312 515038.745160036 397590.9873311453 510420.4377951877 427428.4846970986 507856.4374765743 491271.1523129143 355866.90045137564 387647.5717820359 440378.9120401688
4041184.2249791054 3000.0 410442.00278648623 415231.6767594055 389217.26206994336 343476.6156031088 414263.9203212313 510893.9559003429 376230.3217896044 464621.0055290144 328057.5800676542 388749.8841523155
3072133.4304148806 3000.0 353677.6198661446 431322.2610507968 350231.57096418296 371175.6396475893 350599.0071815047 410544.4247842394 385203.400609914 115988.13865976172 0.0 303391.3676507473
1786310.2458630735 1500.0 374506.6762013272 389190.9505737082 419616.1797285534 344615.11579068896 187526.2780520456 29.432002929230265 0.0 2913.0 0.0 67912.61351382098
4183103.848194205 2062.5 284632.2572554297 483058.4062076701 427999.634296371 492062.360664938 533296.3535131894 209528.52079516355 300559.6121341343 485565.43703272153 463867.6732634634 502533.5930311237
3402782.058497623 3000.0 524774.9698885707 150780.5684034035 189606.86536568776 441176.2434361944 169253.89119811772 284304.0655469595 408078.3501441874 390911.53662568063 389598.3840440639 454297.18384475727
3516324.659767995 2250.0 358697.7189817698 269728.90937909385 434318.3950658888 376408.45636759873 356800.6774526319 396796.7431562824 213183.4261603181 367587.251569703 351835.9133640735 390967.16827063495
2858292.8200263563 3000.0 374410.37935564574 302416.07104755973 429256.8256487453 416436.6453508553 408409.27258455387 472957.021200919 362907.5134326588 88584.09140541834 0.0 2915.0
2216735.7486987216 2300.0 0.0 2915.0 0.0 2915.0 24388.870198050918 448297.9176453276 327806.1125912917 541292.4051755466 390186.73212676944 478933.7109617351
4544764.763047446 2300.0 405985.2100876559 419957.62147007725 420969.2924108473 531566.7703480923 424068.409836019 478190.3121749793 488509.75319844944 427154.7103808565 522652.4680323493 425710.21510812
4322548.281723005 2650.0 501152.996902655 425786.2712480875 502529.6557733547 427076.15526435536 464288.226108148 374384.1013453429 412867.36748824734 451232.7951618954 359340.3740555261 403890.33837539214
