s_bytes_all avg_video_rate s_bytes_all_#1 s_bytes_all_#2 s_bytes_all_#3 s_bytes_all_#4 s_bytes_all_#5 s_bytes_all_#6 s_bytes_all_#7 s_bytes_all_#8 s_bytes_all_#9 s_bytes_all_#10
873362.4346955034 940.0 0.0 0.0 0.0 0.0 0.0 0.0 6912.0 286497.36502745195 272249.7862065103 307703.2834615412
2811548.7718009045 1141.8181818181818 329254.4963874286 304985.1429076154 407157.0281613886 2709.89784806399 148991.0 243099.8204885858 296748.88327938656 412463.73347350274 217027.93871187596 449110.8305430573
3753267.997438313 2800.0 324888.49497219775 366550.6789579088 418339.8386861036 287042.5719258611 381195.19565287145 364513.4444282896 348299.4197989561 414339.2399169783 389407.38751298777 458691.7255861586
3942538.2046460793 3000.0 416910.22068116535 425200.7631016426 375589.16017761605 413590.41451107815 360806.9943661165 379838.16779804655 329338.7493389166 353173.62843416433 417493.32113725663 470596.78510007646
3825228.261933104 3000.0 410403.73875436105 369596.98695395 352617.2433873969 410635.0649258316 385589.4066715514 376418.6655636418 350493.5029846056 396184.53785081767 407613.9079015709 365675.2069393765
4647905.949949656 3000.0 373715.7073130622 463911.8464717636 459484.869480252 495580.9863981064 518155.472507181 463985.37479392654 499728.68812966347 598517.5028441033 385357.6160374251 389467.885974172
3844250.658042319 3000.0 351473.30832396215 378482.2626608476 395678.431003457 393583.697054433 377959.3358704087 452218.26372162346 337155.48951519583 311429.74644939153 367511.4622299734 478758.661213026
3864258.654719016 3000.0 401649.529404202 371469.3460363699 390969.18704599433 392702.1259037656 359897.17581365595 420094.3724386223 368125.57363025774 344189.6242251713 381392.3564123952 433769.3638085816
3896410.552809521 3000.0 351381.01751559903 358682.8966557436 407082.93989892193 438614.06447158015 376368.622383332 449112.482771612 381927.34620477306 364137.3307881257 372876.52192856936 396227.3301912643
3876853.5691477614 3000.0 390542.9768479798 430640.6098551523 395763.1500287117 344322.36977363983 376310.91668802325 438983.1579649032 358470.24683122215 367273.9480880707 363797.68581169046 410748.5072583688
4500442.966873318 3000.0 471022.3026700692 460287.57337582577 463696.38100236544 457619.40303655074 469324.85211034096 590039.4149325928 451446.3035635644 321476.05445049406 357189.22294279287 458341.4587887215
3922903.627572038 3000.0 416156.2743487244 392236.5152374648 408111.7516360583 309946.1243381185 478661.0665020092 364351.9033395046 386710.0449242333 408379.683656898 367676.215655745 390674.04793328216
2890637.914386039 2650.0 390390.9538656943 399321.005712764 384436.4912152636 212097.8995787451 0.0 265428.95565709454 351402.843330574 350870.8846036856 301863.1866388051 234825.6937834128
3674216.8185138 2416.6666666666665 373188.3959774876 208605.84152995612 513862.2861588793 341706.00658732024 511707.72570009786 485367.0802070046 290570.02872045303 348140.61851005297 282660.9564500848 318407.8786724641
3645345.696993265 3000.0 341850.2445532935 375896.4012125141 366784.890511011 399467.9096839205 333017.3835134926 313419.7604944976 387579.1922789909 419550.5737113922 333839.58807922166 373939.7529549317
4218045.776552883 3000.0 390732.0501483608 387001.44421383634 398424.2712900724 431734.9392797205 316283.4317354779 356404.426886578 465005.7047529818 578214.3064382017 488866.592108123 405378.609699531
4107546.589306692 3000.0 482440.8458217559 483626.7230864106 427086.847527882 469169.05153915856 382947.6611674094 407551.671749635 361902.097233521 392563.8912673878 329351.140814757 370906.6590987745
3496238.526871144 2440.0 376930.7360314887 155735.81858829802 0.0 222131.7842867393 448692.7158392531 422061.3045485317 412705.93053801294 579114.9588685837 384030.74234288034 494834.5358273558
3856116.257896484 3000.0 381027.0602506814 367670.3124623008 387266.42501682433 433324.07756461017 356893.92145834 378069.51190623775 381564.179809637 312055.57971558126 364762.0214031337 493483.1683091373
4018181.873983781 3000.0 412809.2842341926 367639.9807320883 320573.9397517068 397237.6816153751 349987.30308241345 378344.3978749291 389171.11445869424 412790.59403031744 489187.54619085655 500440.03201320645
4381169.91929611 3000.0 515266.5977725773 533213.2337981276 479061.2363307384 571477.3429714732 347500.4922951961 324206.06215601554 381384.8117581951 494022.17750439607 405322.6143648337 329715.35034455673
3844427.38945976 3000.0 364105.1565909159 445373.5571053279 398943.7372749522 375285.6643805817 369140.6327063649 400224.99433193216 340149.4345425827 340393.95369285706 367627.2330857318 443183.0257485142
3956399.600614332 3000.0 367956.9352540934 378925.1826861934 411141.6975803841 529456.3748152077 372318.0707587794 372292.0221786811 357162.21100941545 360314.6756802564 388582.0677340295 418250.3629172913
3690868.986498178 3000.0 365217.6893973325 390160.1481867402 371953.29719646566 380433.3262828391 384665.56097411504 410855.1575046374 379135.6226157504 430419.4081450557 388119.926527817 189908.8496674248
3275482.5141589167 2142.8571428571427 0.0 182994.97665083132 379320.65064491774 619832.5741448839 364507.7345201776 520760.7068668139 304694.71542745014 110147.46932716949 416751.0179155455 376472.668661127
4025559.863234135 3000.0 474382.15838124935 417773.3874520442 478258.2645451148 325218.7124735249 377586.5639681012 404233.20958027896 385501.4364616888 390636.0399141634 358982.1991315419 412987.8913264271
3209568.695857356 2825.0 399919.7996943258 402016.29906487593 368192.9042130373 351009.7148066042 399669.8565702282 217426.04825787703 0.0 178889.47803927498 379163.5383938436 513281.0568172884
3239383.4003027203 2266.6666666666665 460605.4122964673 405131.7876047696 363424.2710148494 402432.0894315423 319055.36640196457 162082.27729591157 228835.72270408843 203720.9334063724 334489.35987932223 359606.1802674324
3926603.334296429 3000.0 395962.74914614105 402177.0352095983 372317.7400531756 394331.37521437294 408722.12463483965 420562.5910353226 387589.07831273344 355927.9384159375 378503.61743813433 410509.0848361738
4523293.33907791 3000.0 388410.3870948077 414856.6408272533 357665.6160480715 382585.4000155384 491326.3968455728 464083.8444927375 383583.9563302281 560682.118498727 582982.2945860953 497116.68433887855
