s_bytes_all avg_video_rate s_bytes_all_#1 s_bytes_all_#2 s_bytes_all_#3 s_bytes_all_#4 s_bytes_all_#5 s_bytes_all_#6 s_bytes_all_#7 s_bytes_all_#8 s_bytes_all_#9 s_bytes_all_#10
375606.03584254754 894.0 0.0 0.0 0.0 0.0 0.0 0.0 0.0 12052.280150574206 154719.2242889807 208834.53140299264
937269.0437230944 288.0 224381.4991268331 133699.34842338262 99407.0249762834 5911.816219962166 5424.60163247003 41736.14126279965 117654.55430207416 112352.07423590295 109921.11604982307 86780.86749356314
939070.7013860166 336.0 136855.8717182519 151165.4926900938 119807.20479742148 71611.21665583114 80693.13457275984 112518.93297244508 15872.542082197462 94800.03247698703 14746.789706428952 140999.4837135998
1079835.2190483415 720.0 43853.36505669304 127460.4462600616 24697.407731587027 91332.39420444328 64844.60579555672 110289.12595709512 325897.50955325854 35672.364489646374 118033.9952795124 137754.0047204876
2031838.3359356956 1656.6666666666667 155367.708577788 94874.291422212 173234.6612511527 185441.3387488473 181382.92652757475 207111.07347242525 320456.72630420496 110410.27369579508 294525.4702540374 309033.8656816579
3209113.664064305 2300.0 285387.6453762534 287114.5935143529 447975.2444453253 214575.807491574 480293.097368453 153181.27586834604 493855.75595467887 326777.0889773228 479321.25238620536 40631.90268179296
4093970.526995069 3000.0 447885.5610960841 554487.1665837772 495187.8342308231 278252.2396712332 417897.8894682095 323278.24495684804 370602.3557642021 522041.1999521231 404675.9399327425 279662.09533902584
4263371.198023976 3000.0 506487.8763065165 539391.4814925501 420384.4896605829 422471.5166128962 262386.96855775715 450389.4724893237 457585.872954888 559967.0951469921 252785.99537603967 391520.42942642927
4224113.757743478 3000.0 514987.7878220728 560286.6244883945 143197.80158880015 433623.9581729499 617241.3382960142 425968.1687385428 85245.7932391991 427650.9264194191 519255.9898695313 496655.3691085543
3914419.2765695546 3000.0 366694.7619110292 511710.4319600387 333951.5506152806 333744.8484234096 465312.9016099422 387433.6751069464 529241.9765120936 261944.6182454392 487436.0082866349 236948.50389873996
4221951.325471667 3000.0 492601.935848772 333566.6935562339 493734.2091572664 258368.3949515244 508993.8874829294 364993.8403153871 556668.6127122733 207802.24222708185 487403.3624548026 517818.1467653957
4168125.2224337794 3000.0 518698.1376017781 273919.7532748588 440055.2290576472 386680.9704231149 433313.8033301648 289172.1262721562 391048.4674484153 380149.8634604916 465482.8408670452 589604.0306981076
4302551.432421356 3000.0 405892.99075409945 432410.8200304283 416430.7893307243 284184.80634586094 508987.1863523448 544535.41229945 289733.3653291961 435418.2262125148 504805.4234777458 480152.41228899057
4178254.741512302 3000.0 236002.6219319353 510088.1802693191 478523.9504202136 537321.7758382747 341162.62126398867 386538.9154048464 320918.1991295822 443368.6523581274 545832.0926477424 378497.73224827193
3835812.607394591 3000.0 276075.45089218265 435131.8756665372 323848.3389012071 417478.403941116 478906.471719556 321609.3338503848 520239.11639230856 322838.527465528 474205.80292587786 265479.2856398924
3999012.712838204 3000.0 446937.0894536761 378385.9037391248 449037.7173841006 518629.080894856 500288.1312057727 344471.911445042 498260.7108130256 128599.3664986319 413221.9581282715 321180.84327570256
4360413.34496338 3000.0 171855.4693552616 462097.7689973781 451053.7366760035 509745.0954372225 346912.6734272558 550517.9745013902 548112.965380514 547948.281618468 367772.2618201483 404397.1177497381
4323167.542891836 3000.0 416220.72215456807 501462.5464935884 299136.7775427398 437719.1470895471 361702.5688360922 509409.6749485894 294815.40342396166 414847.5672500609 585557.5705397032 502295.5646129847
3973906.742592912 3000.0 391148.0209954868 424465.1572542924 331984.3316142517 518412.675522441 234580.53228318325 342325.3470864326 593593.3920429498 394801.7033683659 419899.993944305 322695.58848120365
3624028.1556626502 2720.0 511980.71221647976 298091.062509139 252582.21802280645 446789.5008764236 480725.6871129683 395232.9326050834 155108.22139144575 296028.83022978425 498590.7784777495 288898.2122207706
4141564.695957923 3350.0 397923.5629297099 251837.9939152509 369444.6220912074 482525.5762579691 463819.1588826844 194083.017969638 458295.5015644743 518082.0157707685 477034.6972873892 528518.5492888312
5232052.213399815 3350.0 407037.74133456417 504209.43035636056 574665.3781592225 448506.1974338774 561600.4533266715 425961.9052738738 546433.8131807446 575527.6783390065 694532.5813982468 493577.03459724726
3922784.5609698193 3000.0 427156.1229924815 510528.6516228183 270463.6966531211 493009.0150747316 334675.9172950844 483132.7109911953 304037.7169813111 444819.0333252738 335194.9314271084 319766.7646066939
2823024.9421576904 1224.0 498812.8488181555 514989.9223090536 592841.4255025556 577137.629207452 207355.11632047384 4200.0 100592.69532167754 161519.78935931556 165575.5153190069 0.0
2097551.883741022 1556.0 234416.0 0.0 212893.29066373943 28561.70933626056 408622.26385266375 45700.54956944106 366794.7727031 220609.8340101161 450413.9939655533 129539.4696401482
3534554.920417489 2533.333333333333 438270.85385683854 173930.01372602748 418254.0013750366 348864.7500005884 406832.9116351888 196284.20563482397 392986.3183787045 312221.35441987123 455614.3969592524 391296.1144311567
4164436.239609911 3000.0 410525.02532452927 279262.2609050263 434044.7624541376 617548.320512903 416431.826644893 175926.05419213785 477606.8804468738 612253.5591449068 352018.10273564246 388819.4472488609
4279435.869635153 3000.0 563534.7995702997 514368.9373880693 246612.7104426141 417652.672242159 311747.8326681033 311509.48058223457 508538.2971259137 523887.5881149359 480340.9872190774 401242.56428174535
4142656.3922053394 3000.0 234541.0355742864 400532.4278377121 534960.4058721227 510100.8401352834 319307.1746877948 510154.9922062981 297034.1667106534 460576.7030951958 547310.658127656 328137.9879583366
4190822.959817085 3000.0 479753.72871956974 311962.1926770643 525910.2855286024 349070.7697194227 516796.1230968005 259391.80790158937 484809.060164512 291334.8130163003 492704.9667402562 479089.21225296776
