s_bytes_all avg_video_rate s_bytes_all_#1 s_bytes_all_#2 s_bytes_all_#3 s_bytes_all_#4 s_bytes_all_#5 s_bytes_all_#6 s_bytes_all_#7 s_bytes_all_#8 s_bytes_all_#9 s_bytes_all_#10
1080430.6572303807 1311.428571428571 0.0 0.0 0.0 0.0 0.0 6439.0 58100.62953600856 395408.9188025388 145233.8727453174 475248.23614651593
3124495.100000376 1488.888888888889 404111.735761918 455054.0668811207 290077.1888056375 249814.35132094307 7907.433648849644 423921.21660279424 211047.62088627115 452219.0903375973 168335.47799102555 462006.917764219
2960690.582684797 2300.0 83931.66612259539 397367.0369177693 208363.31995088264 385047.2684842776 273313.1212530341 495067.4304943766 51193.91278526625 437008.57045947405 174009.32387475084 455388.9323423701
2959944.7337930435 2300.0 162091.66605125228 451037.6105571167 145009.39358019398 474177.1239495055 144431.7928294774 445748.2597056994 106883.33358519408 375062.9752150496 284589.194802338 370913.3835172165
1393863.926291403 511.55555555555554 359816.2004304619 409434.7258609409 3191.439488845258 3921.560511154742 5157.507409450211 2551.7713367608208 58428.39456000179 297690.92836259137 174110.80330784875 79560.59502334702
2290221.0 1560.0 11754.849209010714 130877.15079098928 9576.29948562376 387834.4814963268 18722.47765033934 517582.58327081 56610.20833771202 528247.3596118398 118299.17823970858 510716.4119076397
3019873.3995117955 2300.0 98888.96597618586 444872.6547073348 164935.3373638493 534442.4615626496 69947.08375129702 489710.2534762764 124968.741720062 488815.663653331 135053.5880332602 468238.6492675493
3354003.746303515 2533.333333333333 107021.19051423317 376840.6481401078 447857.3459863147 452926.8157982259 169920.92256903675 457289.06850282254 222660.59836487749 403248.8062320603 249596.2043805259 466642.1458153104
2025416.7165498652 2300.0 210072.1631152644 356237.4254124887 263434.1971085844 351882.30555471685 202952.4037568328 216570.4714725004 343741.1682292514 71222.33585906905 5477.90021814767 3826.345823010014
1275225.137634824 422.6666666666667 5078.8863784267 2887.8466628721003 12977.879818562644 166001.15046370897 336949.38307365 206970.9912376036 14206.957940025117 94391.04205997488 12158.550850946292 423602.4491490537
2261786.3303867206 1820.0 11179.421334500852 405094.5786654992 12280.035157580363 397369.9648424196 7980.25805604115 377977.74194395886 13047.992565519757 448737.6233570256 116026.91680243134 472091.7976617437
3011037.3837813046 2300.0 84251.15968724444 415751.96467620746 260996.42227861923 496073.4665672477 100924.77181881272 464714.6048652647 112650.4376710988 497539.0175763702 147054.8244724144 431080.7141680246
2387657.731377753 1800.0 163903.78726897377 435873.70999166975 290229.7885713319 0.0 297490.4084141074 421305.3530597351 131720.6755128511 378913.40045911656 4521.162554189928 263699.4455457779
2193905.5544542223 1500.0 146633.62308524392 376304.3829822413 41923.026994677166 480630.1225168423 193393.8681838053 210650.6019181206 308394.6547155024 60035.81745922916 33520.70823696358 342418.7483615964
3008265.4630272444 2100.0 217542.2920130152 348277.297066387 373460.8015610887 428420.69573254784 8223.639392357849 372071.161683996 11783.698766874702 388635.8941260448 450390.94624834 409459.0364365925
2211134.0163702187 2280.0 365068.04905980045 524643.3647819367 462068.3782016882 502248.2659418836 303225.4789874465 0.0 4316.0 0.0 2916.0 46648.47939746316
2575225.520602537 1148.571428571429 283632.5388629241 268080.7295366578 380123.22833181085 291373.02387114405 2917.0 847.3995012655924 298930.0816690216 529972.6642436518 432331.0440450735 87017.81054098751
2340066.386763695 2250.0 3584.692997063372 462921.28626115975 260488.5512068621 244981.5540155649 484729.4078165639 77566.48052568293 5321.317408664034 60840.83655059655 310601.30187575286 429030.9581057848
2882378.2921636947 1500.0 403364.2017478419 254814.01723117885 203511.56652270813 375306.82773457584 29438.441338635083 400175.55866136495 1145.4992841088692 391442.5926588968 357458.0881790123 465721.4988053719
3343417.1601439808 2700.0 49516.429429338765 391966.8916432714 9250.04626561264 523382.9896613429 242906.9385156862 562909.0344045687 272966.99115278944 479933.5169670267 315692.5839222568 494891.73818208737
4013140.694430176 3000.0 315751.0936429763 368879.4086689327 433393.9541553301 386695.9956324553 338427.0980434535 572531.6081062636 190940.45049015156 517703.081418278 310039.71289913927 578778.2913731959
4368640.969701898 3000.0 274545.3902102565 552941.0762881965 419564.0241424934 425567.0825235458 530972.4711753511 402743.4221586096 313286.15522343206 506999.844776568 562024.3223325874 379997.1808708581
4247943.941478118 3000.0 276705.2588351345 362029.008677612 464282.3075631848 567476.8111749126 479632.2895961943 150842.24122173048 307107.2958433103 539745.0167947535 582167.6614178047 517956.0503534816
3696891.555318436 3000.0 379122.5097633107 480264.5173388389 341375.9222522523 401107.33454414736 392352.36201660935 457232.0095621749 326654.8998411024 396009.56244095415 468418.25630611647 54354.18125292938
4001277.77166887 3000.0 7010.23442363998 538983.3349233844 335221.56250657846 527651.90648593 464994.96037906536 440771.52950734727 232159.28402901723 521736.4378129406 404317.2080486551 528431.3135523114
4611258.333802498 3000.0 316560.02184739604 493323.9239582096 341586.6989421159 543455.9020926049 507874.8264515079 525446.0445944801 526660.6726737648 435268.3952090056 632659.8792215531 288421.9688118604
4559151.80784242 3000.0 261703.0099968435 505760.41548956005 459076.1928572726 460893.154614965 605818.493903651 479970.6666615257 342443.74399157806 372419.0356705092 543998.6582271949 527068.4364293201
4061506.345242245 3000.0 368684.6379508782 317874.7669737324 520908.5721380178 407022.5681268082 377787.8341260324 323776.6051825301 467960.8274237045 525086.0843453429 278999.1904191653 473405.2585560336
3971558.3347625 3000.0 338698.4298076935 427755.8657518985 413614.6834345531 500879.3144994991 279760.5045605639 476668.5595392586 250791.4322592729 483537.3910755512 286308.9291809145 513543.2246532949
2048550.8850029048 2500.0 281976.7068593765 398523.06735232286 457925.63246976695 10778.065705260908 304871.3855985438 418330.5486961953 2915.0 0.0 2915.0 170315.47832143813
