s_bytes_all avg_video_rate s_bytes_all_#1 s_bytes_all_#2 s_bytes_all_#3 s_bytes_all_#4 s_bytes_all_#5 s_bytes_all_#6 s_bytes_all_#7 s_bytes_all_#8 s_bytes_all_#9 s_bytes_all_#10
1338882.862859266 320.0 6376.568466235174 74659.66023685367 38508.76403434463 106872.63110116097 209607.32644910252 184275.8908584852 176559.27554111832 199499.54193023505 203136.8897136512 139386.31452807912
2166521.894988686 1252.5 60809.53397970256 213538.96649219072 134766.970484095 195596.52904401167 176618.61493358723 276062.5711028946 238322.44173576523 316133.4809451829 242293.23898772668 312379.5472835291
2475826.0941101736 1500.0 302804.8142775495 351143.85687397287 230774.41369874025 265441.02016105177 49673.03791013193 370430.62134453806 160937.82853608162 320479.97007018095 302653.14872490393 121487.3825130228
3291211.3982600323 2300.0 270579.0109011407 285690.9337525997 249811.71040086684 394713.016513704 393382.9435587427 379727.0793269145 215306.20343741856 418022.2252151031 300813.9765919093 383164.29856163263
3571721.4951277813 2600.0 323753.08698954614 348938.25792021817 347604.2136194679 243055.67086614147 400238.5790630408 409337.7389067959 272128.06527589815 295906.53064232634 456145.1669935104 474614.1848508361
4434196.072174848 3000.0 482413.7554462078 418393.4975324264 393715.1850006564 498747.9771831252 423197.241338857 448433.1597119908 392629.7592298119 356308.80441303755 416079.3928355262 604277.2994832091
3581746.045338479 3000.0 351870.1791958442 379070.6672379495 449299.8253123149 285090.8520576811 423114.1680838283 448599.7065852301 425403.642168168 449506.3515104009 274570.2747106936 95220.37847636805
4075180.676249868 4400.0 0.0 326669.501871948 274270.18733040226 363253.6901085244 484322.2145240992 405267.35378130537 563088.3268223829 564068.6781837139 512564.0086156225 581676.7150118696
4498831.688994324 2560.0 458446.1388337967 594796.2709286598 448158.7762916299 533466.909433087 503796.4977170031 421958.850898364 273051.9016713007 500370.4706430582 467705.9734082103 297079.8991692137
2790471.085660751 2700.0 294837.1609533351 98081.94746986868 310829.10640371044 527005.5793457519 473424.501902812 237467.38168772927 334675.7992379604 422108.1577546409 0.0 92041.45090494184
4284333.833349365 2766.6666666666665 404869.9091038447 462157.582873843 496163.5097026634 621546.658236328 467617.39938886446 646071.0590261851 347272.43076332955 90171.74822022984 311656.3223573754 436807.2136767021
4748451.965006481 3840.0 528740.7072936184 497036.1516181142 480382.3207432189 335965.11086373794 434030.8475855115 424046.7020306116 527710.4945045608 426508.7934218269 480738.8190221145 613292.0179231652
4821615.571964353 3140.0 465843.73010496655 539270.2329570283 267328.343779117 554088.5371191583 535509.8704084407 536078.4218553947 392200.8211485254 615718.4877240782 356492.34524849115 559084.7816191537
4029027.530117205 3000.0 164221.76174733875 575401.8672628009 519911.6270819385 397975.5812518757 386861.9809481463 459041.1097825975 390368.0287715332 403526.4772999568 293840.16602089594 437878.9299501211
4043171.602798448 3000.0 342969.10935954715 510735.6967438564 415731.5671671407 437120.00344544847 411466.64734452014 259814.54564157303 370859.3228496952 447095.6488670627 396834.7846079832 450544.2767716218
3726905.864675861 2580.0 371075.97583288985 283405.07002631546 0.0 107082.52299956472 436924.77913485153 624337.5738899484 461939.6583665242 592891.5084142347 325956.32355963864 523292.452451893
3884146.776727231 3000.0 207773.848970194 320562.97749366844 439673.1777990391 466960.281514975 330008.8631969923 360744.9727085982 401263.1531932583 536692.4160702868 256392.8956719472 564074.1901082717
4152009.396544485 3000.0 465033.1133245566 496231.4061044153 110898.48497268165 471370.10671176144 513336.979240275 449668.6402194123 72254.14274018868 600030.0152136912 525699.0666864469 447487.4413310556
3823637.113809832 3000.0 118538.63414352358 406687.41515571065 547583.2343212435 375110.9740672685 336345.3688925353 488137.9808933181 399924.8213066796 372629.6184076054 242729.9320626698 535949.1345592779
3910166.5705103823 3000.0 454867.98575480125 394335.11422897 280840.1558281704 500376.6720728793 431503.5620429313 438620.7589979948 389736.3074158035 361506.0257528544 442639.8482264783 215740.1401894988
4193860.231989223 3000.0 378252.89469969954 485190.0817719737 395754.2149496981 373051.5257343838 527198.5306690774 185729.978647796 291677.5748183554 626585.0792322787 400798.3941957816 529621.9572701782
3921754.8887269488 3000.0 339080.09160219214 422511.7894308883 294003.79630003223 402200.8927720099 494676.35202171694 524284.4351054708 188132.8246775228 329910.92582983273 482264.5865082674 444689.1944790151
4157488.469931874 3000.0 379151.0359366497 531472.0953113181 321908.4535733608 402530.92028111295 331582.1214659932 442777.6679896936 316151.3748840742 557971.9344089819 389350.2933705111 484592.57271017856
3961840.929327126 3000.0 196975.669945248 577965.3506950476 312090.4822331412 435989.51463392784 472899.5655725004 408862.9638921122 278429.90549768665 513864.798904857 402890.11958685104 361872.5583657543
3873442.212690343 3000.0 386205.7532042017 233231.9480932692 308948.92449770233 458975.4366296058 541622.1419745808 384388.9430644322 391905.00128768 406969.9302121432 401355.7283569301 359838.4053697977
3983366.178972536 3000.0 390480.00901098974 376609.7458728113 441474.7542300071 530793.5536720452 445764.1146758728 401666.9455768235 420681.4678873504 270608.05089852854 360506.0159770448 344781.5211710623
4228618.617857276 3000.0 441472.1966647258 429921.0338927824 352865.5631160285 530637.7404540762 424773.6949790178 484488.4234971948 205132.50176912107 316068.47544267675 497422.8768714332 545836.1111702197
3313125.0616004188 3000.0 189700.5822633654 502946.15623921785 403315.0442938915 546877.9848884466 306211.81236825214 531669.5851443856 79395.62889852904 17266.54500417691 388581.79150451056 347159.93099564366
3202473.551882704 1657.5 476325.570543969 306069.470236094 302601.5041618536 230814.1875537523 246969.7299383788 310595.6063928792 326284.34911844274 462997.000132437 349632.34570187086 190183.788103026
