s_bytes_all avg_video_rate s_bytes_all_#1 s_bytes_all_#2 s_bytes_all_#3 s_bytes_all_#4 s_bytes_all_#5 s_bytes_all_#6 s_bytes_all_#7 s_bytes_all_#8 s_bytes_all_#9 s_bytes_all_#10
1269665.1111396193 1236.0 0.0 0.0 0.0 0.0 0.0 0.0 110513.73023983336 369534.349891568 437181.7802694106 352435.25073880755
3046661.704502285 1238.1818181818182 390538.2351381981 292677.7599025406 247652.1712973945 376319.1467437152 343415.0943509629 332391.4814275694 0.0 367469.12422523607 251340.07804477843 444858.6133718903
4389127.267795646 3000.0 164399.92874571698 383789.1695074424 456920.0646435901 375761.0674683537 449168.24242861936 581887.3165492326 444237.15672329033 373546.6274408442 646803.868679808 512613.82560874766
3360865.91656245 1350.2857142857142 492648.3112534844 415655.0956653943 501983.4067702792 584312.081811899 373561.8873683288 430236.41883492033 208223.83668827225 71806.78239232172 159800.53418198015 122637.56159556966
1124701.0 738.0 0.0 102259.0 0.0 130764.0 0.0 279876.5297957867 26442.47020421329 189503.0 22.262070485197903 395833.7379295148
1108324.3331856397 1766.6666666666667 0.0 283053.9196585615 117993.08034143849 344567.5479820466 48468.452017953394 0.0 2633.458809864582 283.54119013541805 4784.217883876462 306540.11530176306
4489683.502795831 2300.0 541742.9560412735 489805.30752058735 448078.8836293764 460180.7684163522 537394.2373128888 359740.2717413696 553406.4689595138 176458.94347744936 342308.3657577376 580567.299939282
1128865.1640185297 288.0 341245.28935454093 41393.63991994821 2434.234744040577 4673.332223564688 1044.6677764353112 5718.0 230401.86793606172 282373.6458342121 214576.0787376428 5004.407492083409
2360880.7245754874 1496.0 2753.4595145862754 209993.54048541372 0.0 401629.0 0.0 427285.31930567697 154618.6681908213 385948.8748180116 298590.04192797374 480061.82033300376
3156040.7685565427 2300.0 61800.869558949336 356.40586556323456 0.0 513679.0113099722 511968.4058717777 452248.5828182501 406453.1609595029 369384.57110810815 439804.2274282327 400345.5336361863
3894648.435323885 2883.333333333333 530664.1397108609 280604.98668764 356532.45524420287 407404.88613040047 563619.280282193 122562.75881267256 0.0 480817.5693027856 535937.2107271797 616505.1484259504
3421742.2190449843 1644.0 543428.694543164 413395.2006234176 405153.4584385215 584730.0965626696 342884.3314890478 335053.85785750434 436925.9427711694 119717.48925859029 4748.742189012008 235704.4053118876
1280984.330359512 861.6 71478.37012013371 106138.48237896671 0.0 221630.19933628367 23015.80066371626 260888.0 0.0 244788.0 0.0 353045.4778604116
2042969.978681656 1900.0 2985.522139588421 345073.13380578754 50591.86619421248 317933.1267372632 93610.87326273682 366448.45838109584 234740.68729441933 414529.0643258896 173158.54516325827 43898.70137740467
1495309.1626367017 729.0 163881.43294521252 214653.94696160275 70229.16355111703 2913.0 222399.4147743906 17313.24302136564 228814.7427599204 28294.59944432336 350427.92001529725 196381.699163472
2624478.2433613758 1980.0 225826.3808212308 2913.0 0.0 406979.3758263455 384797.8873997436 153910.72857473575 311445.606251318 599232.0166212935 198142.38532656364 341230.86254014453
3373705.750900225 2720.0 238117.4300743552 460276.1237260565 147169.6014674384 345253.7972327736 241743.599585521 479091.7717210263 291125.6335374279 379664.04224497534 305500.3760133444 485763.375297306
2980866.0956628043 3000.0 283892.9578252047 466943.0739616928 386305.8254525581 293486.3739197687 417634.3404848308 490718.0294811857 328919.71329171915 34593.072142670855 0.0 278372.70910317363
4362299.352323193 2416.6666666666665 376404.3118109122 483962.2716169778 432409.0933890687 466353.4412161365 593324.263969911 537253.2044730273 346799.3090875324 376723.4846438177 289966.543755647 459103.4283601618
2623729.750411853 3000.0 103602.33849164538 3211.6000819884425 2681.4877432781445 235.51225672185532 4845.709747946281 434367.7537156049 554856.732344536 544570.7021398455 547125.9264412532 428231.9874490339
5489005.779683724 3000.0 793749.3720013238 409895.81616045645 491582.88551724696 543414.114482753 452599.58733254776 548449.1134642515 594771.9527901162 517322.6753218392 591052.6340690665 546167.6285441227
4692655.183559766 3000.0 304203.7856554154 355761.212170954 417740.216570913 444196.0547822893 476405.495342141 395206.8338765242 632448.0688121112 435826.5837794116 684091.8396654655 546775.0929045412
3774529.126395633 3000.0 332118.03492241626 460548.8359080205 320520.77061490354 503478.7960479134 237867.84274235577 404587.2351615998 225854.4389661582 477904.8144875245 290802.0077018266 520846.3498429138
3927921.827890276 3000.0 124752.6288456938 514339.403001688 247142.33803836783 494012.2632693792 313473.418230144 489190.7552037055 280809.5098160617 673725.7702052874 376713.6315953379 413762.10968461103
2576316.068351536 1536.0 353251.65811147843 465146.218718373 350697.0787657227 246476.35505204636 324406.61776674085 69336.34221802017 0.0 380992.1089949502 15859.891005049774 370149.7977191546
2783044.577011979 2140.0 53413.20228084535 401198.0 0.0 365084.71026253246 251609.79654807164 487832.4454578556 130368.66630398562 398301.25173134106 324239.03427472897 370997.4701526183
3175039.808845007 2720.0 514694.4634809119 472326.6774562812 308566.82760110754 406519.6221718349 396459.41234928207 496575.0911143977 403932.6037791385 32719.927315912595 2640.6472879615967 140604.5362881789
4992042.603904058 3000.0 504462.01471802936 368055.0430261776 504123.59507723455 533199.8840759355 449420.1131184127 508408.2797143748 580424.9698585427 493186.1366448049 509476.0064034235 541286.5612671231
3623597.053081982 2720.0 492270.9232816908 298221.0946463678 513879.4855307872 411712.438199764 233787.0750390397 448755.3681239532 182744.33387798068 438405.7639456925 155285.82555706156 448534.7448796441
3926804.110727105 3000.0 330181.7975940245 480539.9996098823 268816.58351644914 437304.44503876 384361.10696748405 515132.48677509406 268004.14810748206 500657.25240323954 271899.1606745078 469907.1300401821
