s_bytes_all avg_video_rate s_bytes_all_#1 s_bytes_all_#2 s_bytes_all_#3 s_bytes_all_#4 s_bytes_all_#5 s_bytes_all_#6 s_bytes_all_#7 s_bytes_all_#8 s_bytes_all_#9 s_bytes_all_#10
1074186.0060875297 1500.0 0.0 0.0 0.0 0.0 0.0 0.0 0.0 317115.4500930184 223790.60366675217 533279.952327759
4134659.993912471 1500.0 514863.41074936313 376717.9461993568 568144.1977670264 425370.8032715455 614154.4739718426 350965.82486907975 518960.2240942684 415282.10999895184 347287.0029910361 2914.0
2148052.6245144177 2000.0 0.0 165258.9815975273 395954.5402091654 492495.8710824908 312437.1567257022 336973.888373489 227325.5620116253 2917.0 0.0 214689.624514418
1982975.8518945796 1500.0 465930.2841162981 418940.49597270816 173472.59539657578 0.0 1484.7018526869952 2490.44379653274 1856.854350780265 57164.69528363103 271539.1365706966 590096.6445546696
2595651.31828634 1500.0 378678.9989589838 480398.74719460605 215607.77743741297 241172.00084193528 182459.99915806472 260514.3423252772 188855.6576747228 209066.9483011595 159974.5385790677 278922.30781510944
2781824.207666888 2000.0 177424.20530466342 260276.10217182044 368327.6029043235 323473.31967215263 243047.97525170344 184294.02532789204 187321.2295609465 324258.44079780334 356544.1559137271 356857.1507618551
3107750.563725904 2100.0 331110.0266637577 376681.3340479236 411539.0389753146 400113.9857638512 310007.9267574497 425919.18642965273 218973.49899982635 237829.03956815772 147412.96043184225 248163.56608812825
2048346.9219980652 1500.0 161294.521457113 247851.45981021028 164873.4526445485 248246.633367727 155928.366632273 245007.73808864295 150558.16641374357 244660.25241147508 162566.8617702285 267359.46940210374
1564383.031798079 1500.0 157280.51191380614 260900.2254042984 151261.77459570163 245189.35156357088 122584.87657519874 238454.41840560225 129788.35345562817 2915.0 0.0 256008.5198842726
2347790.912011564 1500.0 364144.2905624138 154643.18955331357 0.0 247612.8610467269 142215.13895327307 249613.7744716054 167324.9132412115 268006.87485842523 389844.6074716779 364385.2618529158
2157586.455511273 1500.0 179656.5681041642 273153.85682930064 158354.14317069933 252610.8577000145 157177.14229998548 264726.6091488432 155002.3908511568 256203.4333268564 212378.13041684547 248323.32366340663
2453502.082805056 1500.0 174778.11259289144 265551.3833519486 397325.5330087229 181678.0836393285 0.0 252771.66736997376 366014.0808077328 388638.94374709367 179127.30807519972 247616.9702121649
2092299.7538566408 1500.0 152972.93677155752 229071.0819354919 139379.01108078568 43249.98243668033 309082.2170137053 168477.9375244915 396115.8630251229 174541.38605919498 173198.58712063724 306210.7508889739
1986742.7507509412 1500.0 138250.27593119393 211983.53263420344 165150.31291732023 247339.39274421503 162850.63982319142 233159.70988622363 153782.4119948462 264235.64934378135 160472.35065621865 249518.47481974744
2395977.7571843565 1750.0 149322.52518025256 190389.92693417787 187322.5994013031 318184.1962820088 383801.1340491977 320940.3357512763 212737.80758203627 238650.716398613 168281.28360138697 226347.2320041042
3914452.1323941527 3000.0 373738.6244798349 358500.3496076637 460190.8675098 446487.3523293353 375112.23884475103 395335.471882241 364453.7652906888 389054.7960386871 363538.5900874043 388040.0763237466
3854915.089618644 3000.0 338684.87206931005 376575.489541519 404033.9838468466 449469.40791265504 359408.4813206759 401662.192369168 361783.25536099577 363007.91627627605 386338.9383705524 413950.5525506447
3512172.846408091 2650.0 409923.8103156865 340643.6446680097 475124.8744033306 250506.3016305841 447767.7359511313 165687.0219361846 544738.3508881914 302943.0803888736 278418.03563390614 296419.99059219327
3073061.102560861 2300.0 322467.3034644896 315231.1730444964 313643.6213404469 333771.239333736 351756.1754800474 242338.39307040503 350637.7938413869 148256.6021039424 380590.3705750132 314368.43030689715
3946975.0094998167 2300.0 470703.6057400389 424846.5397034831 98520.45157062516 281346.2023408253 251211.76773531383 318280.7957313592 455388.5678039845 536469.1321996447 561215.4808641623 548992.4658103797
3074862.0465898067 2300.0 332671.58751433046 296865.806452461 276027.5085000598 320041.91703792755 273196.9589496156 350888.1504238055 308068.14401510387 339511.02529844514 264304.1573143632 313286.79108369426
2509066.015375266 2300.0 323071.07791488606 264390.5515266166 311539.2348632903 48920.67661973109 0.0 281119.47998458147 503617.0433828125 498866.476632606 0.0 277541.47445074207
2998231.995707292 2300.0 450156.5110658877 538636.80529636 376318.3053774933 416700.2437038208 276899.2716091329 368150.2943239687 281806.6505573099 39648.44361528466 0.0 249915.47015803403
3974726.529841966 2300.0 421157.6515033099 576215.1218982043 425172.9211886071 381644.1090584124 270577.55537540297 206968.7565971948 374605.7709136746 282825.48735123297 591135.6697771513 444423.48617877567
2985706.3206548505 2300.0 0.0 275623.5917135849 352774.4082864151 0.0 2640.588969994277 236381.27309958133 566330.9045796603 560721.47513705 414875.8286335784 576358.2502349862
2504302.5425857776 2300.0 393348.2105145268 530073.018896678 276029.77669033845 329888.6831545731 300086.28315993416 317915.3325173281 248910.2910464641 104084.08336530688 331.09915845371137 3635.764082173864
3889537.148759045 2300.0 702.6479444840114 376989.5290793452 555496.529944188 450654.5936448746 373092.60334986495 515953.24116533017 568696.2837674755 418335.8891348135 273908.1931635629 355707.63756510627
2926031.486579257 2300.0 263640.63953732874 298220.23259333015 274184.0703522202 330157.3002681969 288353.7138713811 312148.3263297968 279433.9407286318 317825.402674642 265707.4402378371 296360.419985892
3317308.107763164 2300.0 303437.8352844303 310744.6335458879 275226.3876720549 291342.6980464098 421693.0791014044 511590.8677708832 0.0 225323.71850451856 409457.6517080437 568491.2361295315
2581355.1065540714 2300.0 419832.5459299653 408505.32293918834 287737.0482297847 380755.3039590784 270166.6729041311 77869.4996957583 0.0 219261.4377269135 271976.9657602721 245250.30940897937
