s_bytes_all avg_video_rate s_bytes_all_#1 s_bytes_all_#2 s_bytes_all_#3 s_bytes_all_#4 s_bytes_all_#5 s_bytes_all_#6 s_bytes_all_#7 s_bytes_all_#8 s_bytes_all_#9 s_bytes_all_#10
695778.9806106836 1500.0 0.0 0.0 0.0 0.0 0.0 0.0 0.0 65872.67369009554 461229.1992129734 168677.10770761454
3738273.779139109 1200.0 411611.0746198382 532571.7317111259 591455.1892122776 495097.4905892388 292512.5332568358 20099.096986351597 380842.8625015208 97906.9388040338 435253.7301108651 480923.1313470216
3914141.240250208 3000.0 600517.2051793493 323522.9528897811 457946.4175708597 222550.7551855368 406672.72536509135 552124.047106675 444565.5993637573 214367.283810168 512124.3061827759 179749.94759621282
4092285.63666624 2800.0 744994.973082992 180792.90899728105 467885.2313493565 573063.2148519146 489596.2691408076 578101.6950248767 308580.70755277167 10287.818410199669 482073.68506260624 256909.13319343445
3030593.259829828 2300.0 383087.1912617182 200563.17207204143 369302.3189374735 490443.723882076 524461.6867569584 378686.29049585335 493816.6254840055 170814.3259000156 1784.028543617657 17633.896496068086
2413101.466139667 2300.0 541730.5619307059 2880.5415732259053 32851.0 1112.0 2913.0 1399.9490848536916 404978.4010653735 529279.5758559325 444840.4612130099 451115.9754165657
3503011.6373642646 2300.0 426404.5330580047 582271.6013611766 521766.3195899433 569921.6061168115 463768.0509227693 309597.0824700673 512509.8763008154 113857.5675446766 0.0 2915.0
3928754.7730913353 2300.0 450201.5040163435 500308.9476138611 519890.2944942768 377246.413407369 514628.6305061659 489489.36236206215 174062.84759992163 33483.75997211297 352052.1834480521 517390.8296711701
3073704.0818268093 2300.0 347080.2269086649 38611.07061030913 388492.0963279895 176293.71550243118 412744.2014537181 579230.2485508292 215830.6675547228 33496.71375607339 353897.442214786 528027.6989472857
2668536.157870704 2300.0 225962.14508185504 23297.55277345961 293137.80836667673 526599.8878386813 401548.0004365736 568141.0961757122 28191.65440889637 36522.12392123305 385423.3413358051 179712.5475318107
3350615.482555716 2300.0 319996.79758304206 315210.375587064 477420.50937079656 517092.5647123669 116418.73995788171 41277.57381830015 393917.038694656 168277.70905548043 438488.1942954728 562515.9794806555
3243537.7574178595 2300.0 455250.88567815017 331626.09795169893 306924.2071682967 573952.4502896414 372247.86356764793 9845.385012788302 349260.9569278109 600064.355288582 235146.3027708188 9219.252762424298
2431816.813072032 1820.0 332931.7472375757 534180.59481943 352664.40518057003 0.0 275135.33460556983 509966.97200706205 415845.6933873681 1136.481827106981 1775.5181728930188 8180.065834455698
3863926.613028816 3000.0 486176.7363018313 503421.05714022246 524439.7934828928 531047.4171803908 272560.93006020674 24277.073443761357 304319.7572732268 613466.457152169 404492.0496988114 199725.34129530325
3811012.774545228 3000.0 412812.0251664552 650970.3433257253 398778.9526445477 48277.15440824808 476220.7537047399 583939.3688945408 423415.3778171953 508320.5628023752 267998.78237290063 40279.45340849998
3587872.146791535 2533.333333333333 421465.4535061532 625219.1971806107 462408.799594203 78869.12662836397 441383.9587099063 541417.938600613 123848.07237164969 36903.33558353546 397819.0494466278 458537.215169872
2791217.892937092 2300.0 320890.3997999648 39156.85107580607 504187.5543183243 489731.8855148936 546311.8689703799 227750.8855003106 459034.03935355856 158846.91526672695 0.0 45307.49313712683
4090244.243200316 2300.0 455302.2807402938 553726.21245632 525284.3772908589 244978.41839484792 340064.88524374546 349673.3327368071 491833.20894525154 78405.71317302375 531399.8744468308 519575.9397723366
2490526.4753252245 2300.0 227706.9884899525 435851.4457608984 312340.7863953602 383703.04301634606 271314.6250961064 306005.1053594176 452202.1931843275 91362.07636014857 0.0 10040.211662667278
3914083.276811144 2533.333333333333 523881.5365701322 585787.0708037353 419325.5112959992 472195.3929442307 411040.0628561314 120262.50740385085 445891.742382562 128263.00974991969 426564.238068738 380872.2047358449
3784358.540389997 3000.0 497306.7315768107 233969.24175818905 479314.8439508612 229408.5664534465 472973.3935286739 373189.2793154438 400234.6267273823 525606.8187193972 457749.81005381566 114605.22830597644
4484165.56051489 3000.0 483525.1905133625 474881.590649002 523990.9739841678 583649.5769287837 543941.1831553106 375872.10041808686 530737.2208115511 265548.07396302145 464731.204570192 237288.44552141163
3501011.7559601883 2720.0 508751.08095488895 286941.8228063481 437759.021365877 329187.4854941881 0.0 9724.61252008035 465547.9144114907 588817.8383774345 510186.7569215372 364095.2231083436
3772828.756945461 2860.0 549699.8400100389 109127.670704757 494458.3859173782 298331.75802893966 537747.694388316 263531.9862212674 390685.1046372425 378415.2147531741 425277.5433527096 325553.5589316377
2234236.04305242 1920.0 358998.3997092128 391445.30885024735 477986.9045579353 396593.6729824792 216294.3528166763 93402.09613045907 273093.1626686428 1243.5626792556675 1670.4373207443325 23508.14533676704
1874732.4507251184 1326.6666666666667 442160.22378758417 33149.74625087573 219374.88462477305 9423.079560257736 227914.92043974227 1275.2543202768495 1637.7456797231505 33201.2477641566 367403.0223738772 539192.3259238517
2972633.5703054024 2300.0 451576.8750667661 439844.9487373221 402007.9598415907 159332.62029243552 496282.0528456021 117997.94715439789 0.0 40649.68497654621 409376.88947867294 455564.5919120684
3484739.381784373 2300.0 636622.9635733732 383311.5149764983 508028.9778604136 134633.108969623 365194.59331315407 517768.95573879615 378596.2922697946 383762.08644245774 136505.34048860177 40315.548151660696
3867646.0662666014 2533.333333333333 407358.5936491732 588259.5613567893 500457.84628951456 267757.8248584401 284546.62569442217 295689.27257948427 477398.4848872668 332333.2089283571 280265.0336048918 433579.6144182632
1850588.3386667944 1443.3333333333333 1699.3855817367887 4358.59932666616 406252.2529643397 351648.4646782992 228074.7007967725 8908.336534766002 234866.6456991564 10053.01513923915 297676.98486076086 307049.95308505744
