s_bytes_all avg_video_rate s_bytes_all_#1 s_bytes_all_#2 s_bytes_all_#3 s_bytes_all_#4 s_bytes_all_#5 s_bytes_all_#6 s_bytes_all_#7 s_bytes_all_#8 s_bytes_all_#9 s_bytes_all_#10
866351.7030468596 1500.0 0.0 0.0 0.0 0.0 0.0 0.0 6430.0 41927.0 385459.8952343368 432534.8078125228
4143179.011486253 1500.0 275150.1941729833 207535.10278015712 513133.459785122 275787.3536929574 362751.4078345664 544932.9715513613 474274.5247112909 516819.19933399104 444235.5393064429 528559.258317381
3961901.492348476 2785.714285714286 385113.217903519 104115.37026133532 449615.9117418053 485336.3036795931 459994.0452722222 487800.5975671907 487775.8390412215 169806.76736444075 417239.11705230846 515104.3224648399
3924147.921476936 2500.0 491778.7976959642 241880.9658378638 367579.8727061008 358064.23773568217 377129.3924339696 492405.9732112139 522784.57941608713 401387.4546428936 340170.5194386356 330966.12835852546
3799720.3375380575 2700.0 426173.4517861969 183646.7107675691 359347.171109523 264896.67951811856 584752.631452975 300882.2603436952 576040.2289237878 471408.5830456556 159961.69107383472 472610.92951670144
4076114.957310347 3000.0 348537.5264838388 572151.6744223562 414433.8286996645 388353.8588720128 482121.3677678368 474368.2778577082 225138.5212575885 324696.6188901421 465422.5962618212 380890.6867973777
4267852.576793071 3000.0 458434.2598066842 483952.1349525133 482526.5800032377 388864.01849633874 406338.30008718086 387827.2449859332 438055.27889013215 377176.3317926735 448223.3035630829 396455.1242152939
4137539.328571352 3000.0 481479.2316399895 347996.5276078808 560151.9686844322 91054.45885769012 468811.5572264861 391338.97587846935 221990.5407170901 596368.1277062378 497544.2209009967 480803.7193520796
3857514.797927079 3000.0 421059.5709549201 354300.8693635183 438559.1836719345 437996.497023899 385521.4298383016 346658.56643864926 458063.3310016564 428960.4047673843 310061.81836838415 276333.12649843085
4251516.275163531 3000.0 489442.5696007644 425738.01546927344 456606.8318826005 394802.3995172015 499652.5106357888 396727.77935274434 287797.7670431962 287783.273730811 489446.34000945656 523518.7879216943
4383943.598338038 3000.0 311465.0379326513 364796.3776822298 618452.2978627243 434843.0475528208 399713.4613629648 411607.42662798497 384497.6104335114 463687.45141644566 547818.5160450271 447062.3714216781
3564251.561917974 3000.0 276220.104722935 507738.2460708226 447959.2516900722 396312.39751617017 432691.9695583076 341821.4661919386 84637.65102953724 321074.4145384065 428540.230510781 327255.8300890034
3062148.645307173 1657.5 489853.98399972025 270564.4477453614 443917.5976493684 142494.4086875756 338076.39835100994 376661.60164899006 0.0 247488.9738266497 391254.05568839726 361837.177710101
3180768.4269868387 2440.0 272075.79277485213 261304.76931435737 389417.72321404377 441011.52898807183 206127.97848352703 302365.26341706153 273912.6756676017 488497.2917772872 263084.2175568785 282971.18579315755
2387851.3657880137 3000.0 341841.3133470774 258164.6197584693 365235.8499469404 414202.5827355263 48415.60578392857 378975.0289871971 168479.8609556657 367797.8463296552 41822.65794355339 2916.0
3864105.439375798 2500.0 1637.3020221819777 479770.1007869654 480277.91620823095 203838.50673551855 533226.5480878581 412035.92409424 544850.591135293 264302.24139753054 512457.696717864 431708.6121901157
4108966.964248223 3000.0 578440.8039181073 222092.2717823772 432428.8007721731 359077.3227781578 397925.6632880029 315071.35233711125 595771.7456042932 431893.4020098105 393425.9160004828 382839.6857577066
4002850.166007293 3216.6666666666665 516127.14884476806 133525.95120242386 518398.567016603 339971.92931218405 480179.14084362175 514511.76460843405 401515.2035950144 389330.0531421724 545254.1553695352 164036.25207253674
3847450.6325022094 2250.0 472833.1000999083 270927.88891832484 410522.84223225794 447350.6039760101 59298.3520143046 284228.23623605416 560662.4746038194 466185.82513333415 457894.552002635 417546.75728556205
3982657.159565028 3000.0 245341.56667266224 451060.894191228 375336.93113533285 240333.83997720567 540413.1780196065 392660.2879271088 619755.6213384086 399369.8743196784 349483.13629969273 368901.8296841046
4042406.954838136 3000.0 396605.3261338575 399684.2225220408 250977.5145965644 402387.76674073073 409082.2444312166 356301.1173923486 451620.4690230089 474795.8663750277 573967.8329181666 326984.59470517386
4898988.547958266 3000.0 516709.2917236023 530928.4322322389 402414.40814119566 581764.8673141317 497795.2377421308 574593.6823593107 569709.2282492814 324444.5357014194 469271.99498059927 431356.86951435625
4360557.918245068 3000.0 408163.00333287154 367812.0563658088 282610.67655144265 487117.6717701177 379769.7019453752 519153.2224862579 572589.7036365425 523133.8972517073 445959.47437984496 374248.5105250996
3979034.6252629873 3000.0 477687.51387671125 319303.0931277935 502263.4672132314 472690.6610943404 222572.9879402408 359587.6561454631 437253.2278415098 439063.4352239592 317659.35836008674 430953.2244396512
4523905.713086652 3000.0 553038.5860170686 525418.1338397434 141110.8316209219 298999.6693917563 378137.51662685774 562610.7218529873 585330.6531092916 448672.8876896672 551432.2408175857 479154.47212077136
4298581.088213217 3000.0 453641.88495084783 383916.9939594902 158058.0561036703 370341.4024494006 520908.8490675917 355993.31453235826 453968.2866638989 672893.4521585329 496636.9496058216 432221.89872160496
4169271.114011299 3000.0 673446.4330468895 170205.49493283557 390057.4281482537 455390.2061546255 543574.4848383055 510759.3397461232 358204.08143660385 330957.0956417065 450165.73314990586 286510.8169160497
4289608.324395577 3000.0 491986.9155609484 432417.2197991285 501707.052256727 214816.2594376538 504071.88332017406 324940.0125814418 547174.4346967824 478949.1235962217 328527.9920606236 465017.4310858764
4186886.7118462543 3000.0 278724.92010035744 353382.22522090486 636991.4696870062 333880.5605326113 403710.41099128645 336788.16995222465 558483.4142900914 457870.94385292754 394157.04605906206 432897.5511597825
4305953.1631986415 3000.0 629480.0840523469 445610.8096162436 540582.9098252677 379979.8799159322 340889.010113402 397568.89792135486 535692.703587791 348074.6213480919 220782.8657386176 467291.3810795938
