s_bytes_all avg_video_rate s_bytes_all_#1 s_bytes_all_#2 s_bytes_all_#3 s_bytes_all_#4 s_bytes_all_#5 s_bytes_all_#6 s_bytes_all_#7 s_bytes_all_#8 s_bytes_all_#9 s_bytes_all_#10
821550.2208287403 615.0 0.0 0.0 0.0 0.0 0.0 0.0 48774.41301726976 206056.45767283757 343431.97244206 223287.37769657292
3692895.987033765 2055.0 334706.2632267684 212143.422318229 108700.09362626236 222338.3828185681 504236.1167005453 539217.3601162294 354059.3515281159 477676.5261810581 423727.4009896889 516091.0695282992
3967191.179968185 3000.0 427502.4979683389 504346.864072997 265666.64401626325 535434.8281473224 599711.8661136362 286667.0918189375 65943.35508713516 466889.6449128648 304233.3232759113 510795.0645547786
4723488.795899178 3000.0 530080.8934418692 444500.7242286279 518279.7103865072 537716.7169579489 499603.6795478501 448244.2853792265 516530.14497698 486377.4572503004 376358.3696692027 365796.8140606649
3751193.543890656 2500.0 429802.3569119785 180018.71922166477 584841.7182863832 499143.05758626136 538888.0010571526 553943.3683512752 64433.5948554167 0.0 360235.4409312814 539887.2866892427
2917876.82853408 1500.0 278189.2875561445 87837.98482333132 440768.9984806301 108530.77831643478 351600.2232029352 234255.50839960435 488328.3236821858 498761.31838679 338113.8315315003 91490.57415452295
3008470.703528612 2100.0 321452.4438453965 0.0 56177.14786805584 350162.8555183582 469826.359258089 529555.0350245174 220389.74256474813 288508.02642678976 420393.1791707328 352005.9138519245
3343661.077422705 2650.0 116805.3777392101 441930.7095696979 93386.83946089336 357547.0844115881 229081.55125155413 548371.1348883221 238454.04299551863 495763.8344222613 302027.3921948321 520293.110488828
3985932.9786305856 3000.0 303267.0396977322 498754.7696021908 280309.12257287785 527397.0061748365 197263.7248464411 393970.98163896205 492504.66521438473 538723.4914839175 213327.48155917044 540414.6958400728
3878700.616299452 3000.0 271174.7944397783 538282.5086066792 212613.38121703512 462650.7883711465 324874.54148800287 571491.2282856429 220398.44185520773 314371.1813832232 452202.7616116722 510640.98904106417
4127938.828518078 2500.0 361729.4523529472 552608.1381830252 220851.4774280681 405856.9366206992 341975.67108287965 392316.199545615 518619.53872145165 589574.481935896 268744.17209345853 475662.7605540373
3747472.625393614 2700.0 320444.2394459627 387138.80852012464 44553.51610374117 365483.8023238848 446446.9243756584 404895.77081217984 461545.2657026432 510256.990391946 246846.921769822 559860.3859476511
4023995.1353683816 3000.0 246997.59838949525 372018.0481268766 375563.967535977 485961.597600947 412121.8785568776 376982.3313601207 466482.834137515 443364.5264021404 332072.5865890578 512429.7666693745
3573807.493584375 2250.0 224837.52905415933 335037.02188508003 447762.2352054297 412909.6492501144 307745.0798623739 599801.7458109803 296267.2176158294 369376.1966257988 116465.3720180918 463605.4462565174
3898830.2845777897 3000.0 424869.2542055488 335375.5387586185 445423.2924585527 374420.9052403885 489965.7676193319 314918.5159509898 338960.057456928 374578.7562046993 361574.8551489406 438743.341533791
4280890.523027966 3000.0 459678.38490813546 442810.00941380585 585011.6783887448 505585.405553945 375470.8332951615 381031.19896398025 377588.89746612206 441894.8895213198 288087.38296654035 423731.8425502111
3881330.612252153 3000.0 412859.962083285 398533.75494636246 342971.46046418924 346917.6366641515 383005.56288921 448300.582870324 493044.03504275513 508032.3196051842 207877.8983632452 339787.39932344604
4143712.147916447 3000.0 350826.0211588602 459362.90542643226 405412.8531034826 557710.3651289765 183930.64102219508 496707.6055199259 324264.1738818116 466212.0797147293 382309.0225322704 516976.480427763
4198264.714570494 3000.0 249917.4173252372 373087.5468048834 414835.59829386405 522543.4792645583 306942.7932220107 516165.49522799934 262092.6502022538 455423.9690921771 582583.0922950155 514672.6728424951
4272027.46995236 3560.0 537159.1437704067 534333.292966882 461622.0613666767 229988.82528686023 614604.0790987653 432375.03687492816 433777.8157562544 92070.93791411564 364698.55596382526 571397.7209536453
4824619.870189958 3560.0 397445.3993740642 545600.1101584758 472101.7482337863 644013.7807738537 455858.6611115419 251253.52724099823 463003.53926564247 481286.8205760537 683920.0945264123 430136.1889291294
2460118.6525658816 1766.6666666666667 474435.1862309018 116867.17638152326 432452.6436760308 285318.5308122403 2935.825511728909 0.0 0.0 290894.7524586578 355853.4505390788 501361.0869557198
3477379.7023666776 2400.0 387594.4194915426 387944.2323505804 97650.66379840476 174445.40440491 203214.3969115498 475050.8662337975 359163.9311726407 458522.1967512578 399802.4837837925 533991.1074682013
4634338.016404436 3000.0 209946.00767986636 395918.14251073246 310173.4936399191 504380.2921462434 534529.6151697871 548645.2975564417 558925.4462947665 525886.6747296001 462464.1181666088 583468.9285104708
3858609.99127543 3000.0 424700.6475416063 357272.4884695001 427810.8723841403 329550.3520830278 306835.19695992547 387592.9003796732 541637.2790914131 474736.593877641 406558.3287493511 201915.331739152
2987421.963258784 2580.0 12480.47501758471 480894.69838057534 243535.8852593452 404692.3931770105 390015.5464795467 347590.7024084639 307374.98945103073 378213.80859854666 167463.50122789622 255159.9632587838
3522650.8375260965 2300.0 518671.9165084418 429957.3876099244 396668.7745083785 291122.7175775805 287003.2794060254 514862.0320026551 311194.92912821064 232960.15400645096 367193.9786846839 173015.66809374548
1399680.7006383908 917.1428571428572 219203.3605130956 223358.8387020241 36919.80989201789 110610.19010798213 2913.0 0.0 13008.387979767838 382447.35956536536 7483.252454866787 403736.5014232712
2073181.4985767289 1500.0 353344.91945115663 30599.579125572185 15654.160223675646 157409.1804330207 420782.1208901336 264706.1009759436 470679.3035688842 291360.1339083422 11950.118399386907 56695.88160061309
3805965.0 2700.0 531871.7031186698 301797.98268242204 547142.4460396449 403231.5102238666 380275.80661591 152015.53722723146 498137.41842974926 603043.388431011 388449.2072314951 0.0
