s_bytes_all avg_video_rate s_bytes_all_#1 s_bytes_all_#2 s_bytes_all_#3 s_bytes_all_#4 s_bytes_all_#5 s_bytes_all_#6 s_bytes_all_#7 s_bytes_all_#8 s_bytes_all_#9 s_bytes_all_#10
185856.77885544932 1500.0 0.0 0.0 0.0 0.0 0.0 0.0 0.0 0.0 13479.18639362353 172377.5924618258
1986866.1160051704 447.4285714285714 258339.9150244536 243043.0786371396 140303.86534670135 246952.83287397903 218689.66053473053 256467.4619423684 164031.32365638888 99962.65011241664 189998.1332592115 169077.19461778086
1207571.124850144 696.0 162678.5161604839 19315.588978896383 0.0 152835.190824024 294970.51914711273 209824.48839042627 108675.47243088017 99088.50676936118 43781.8224381957 116401.01971076363
1113441.2821736722 624.0 114936.72742481758 141416.43052866805 178242.82233575074 0.0 3736.77845844562 275142.2215415544 105924.0 135693.93053841972 14102.069461580262 144246.30188443593
1880284.9941242 1520.0 20775.698115564075 155029.6778084005 130195.89503546184 141754.15520433796 6560.271951799674 247731.6778592612 268821.90934937506 285908.5387531888 272243.891036569 351263.2790102417
3669506.3184979497 3000.0 311166.0288771658 341404.2916150845 331083.4675441249 346654.6932123469 378098.7459385663 394875.14860464574 393098.5946234355 446833.01134188427 342642.7786189142 383649.558121782
3679878.770437033 3000.0 383884.50307983067 367576.094190994 366061.06420855 354915.5577633967 376535.6937467139 398364.97002245113 328055.4466368927 404525.9178618369 351286.9068931368 348672.61603322986
4238756.154181296 2766.6666666666665 451085.75106586464 591056.4094741528 480021.71708786266 550719.4897506495 312459.0010573837 357326.9809037569 367384.8543644496 410456.53400059824 370537.1364806672 347708.2799959102
3649050.141120919 3000.0 328258.607445062 367787.2552715105 384138.3566921015 424698.6400035388 328282.48375253275 396445.6908917446 362321.7438428802 379295.4139455087 313851.4144516394 363970.53482440056
3863031.390500884 3000.0 389453.2097027338 438812.6799152825 384033.6293664899 389918.3484057471 389716.4954763132 362055.7539345249 460203.6133096514 324804.1675369276 356269.59273684485 367763.9001163685
3852141.249442735 3000.0 344974.8733378964 336164.044617149 399017.544188292 419851.2743456755 404452.6666977362 434095.5993520571 394220.3802489645 366753.6609709223 341369.95462619275 411241.25105784886
3900257.499675138 2720.0 370031.17951718334 428365.6588664913 387141.3564145632 343776.35433844104 382595.7291261253 571908.3405316832 347709.06101606163 213381.86838215523 414497.00738130056 440850.9441011332
3752448.633876286 2766.6666666666665 498481.7249383165 489687.9057822581 326784.54941483634 7774.476570357815 220085.91374975484 506585.24643629056 445062.97306831565 407839.0634444963 465851.3267307848 384295.4537408748
3917288.304827869 3000.0 540242.946243732 301635.97942051705 367367.7271777552 427120.55098362337 395423.7752796072 345015.38555522263 347397.5608987947 396138.3034940577 397349.2549815144 399596.8207930452
3731983.1176513447 3000.0 347618.4993000891 365926.5034555704 389995.8459175062 438176.9565034879 330363.1903984217 388193.4099487012 354908.04802442045 419722.3327136748 320129.8662383627 376948.4651511103
4286462.095724058 3000.0 407559.7940291988 410099.70091331727 373856.263657107 425072.9424721494 407581.1716530341 349852.1598318141 454844.6652190904 405626.75745473424 423415.3749820176 628553.2655115956
3631287.0086727687 2533.333333333333 93468.02805585282 253484.53721833747 353315.0642167006 400792.57354210655 370782.8062713505 352862.4231013509 367691.4030474397 665865.4287803664 383144.1894123687 389880.5550268953
3750206.959459093 3000.0 398723.425982703 233373.4816621884 369001.0286718681 390843.0630288059 388590.4958902239 481895.61865189055 370788.3952086998 347809.0681966491 365700.6809048535 403481.7012612111
3851358.2662016377 3000.0 378763.3042670771 372235.9697030287 362687.60909366026 422687.4058626072 379194.2511617844 382188.5360867642 401382.52319090255 402716.3509147868 345801.19357868546 403701.1223423416
3757784.908376352 3000.0 340494.7591173896 347890.4395136541 398371.4113380353 333673.3551512591 355262.5805259054 413658.3299062013 490501.9258285069 355703.9934357855 424209.0571281146 298019.0564314993
3938313.2817196473 3000.0 382715.3721109448 351370.75250743265 516262.774180809 432140.7905875582 366367.3478665197 405926.8419345148 331804.15809658554 366839.60663977 368482.01949781936 416403.6182976933
4489477.819887123 2650.0 400437.9503062324 328123.36090219824 416933.26121270185 558000.0805058676 589444.898525197 465170.943325385 761895.3095344673 242513.60167681304 446630.197637492 280328.216260769
3795666.0591869466 3000.0 387152.22512034106 377810.4251211365 370608.969677392 380453.8063566361 342746.11266095215 388341.70266937313 406250.9870419607 447590.2436502443 349828.3372790571 344883.2496098537
3945268.677233088 3000.0 391253.4322341941 414371.2489139523 366958.6646568071 417168.2191790086 366069.3799564919 390068.8530623468 387190.2302346843 419882.04408105696 405330.919556358 386975.68535818777
3108143.2470998336 2100.0 343211.83680323506 397727.6510104085 380965.3318949641 251710.06932688857 348594.56818259554 379748.09728361823 317581.622627392 239786.38667279927 211182.48351729527 237635.19978063728
2874583.968561955 2650.0 175799.64493731674 237495.64434118703 361602.6169303642 392638.1384052815 362589.0345530668 157059.72105214643 0.0 237828.7546374224 407811.88861520553 541758.5250899644
4284594.946053125 2600.0 473003.0497903817 370773.5134141286 400397.0318595516 539522.2626886207 508241.4946890579 474612.254026631 381778.31998391007 326919.4442185473 357656.3866505167 451691.18873177946
3907252.804375492 3000.0 384448.5603315129 304980.01980195445 448579.0684462382 432475.0555026576 402932.0778014901 390870.20110352826 357197.8875255159 422048.5160981886 379879.7550983196 383841.6626660862
3191016.5435387106 3000.0 376368.0619997933 371079.8405200082 357348.8709694308 444204.62549655495 388874.34639036655 330776.8754518369 440470.6165075371 195258.84389326337 0.0 286634.46230991965
3755276.291028895 2416.6666666666665 485180.7557513341 598288.9173267317 454048.82513121696 386734.15375136974 305456.2343001833 327886.24806055904 303109.870596598 293987.2692432721 273358.30367822014 327225.71318941016
