s_bytes_all avg_video_rate s_bytes_all_#1 s_bytes_all_#2 s_bytes_all_#3 s_bytes_all_#4 s_bytes_all_#5 s_bytes_all_#6 s_bytes_all_#7 s_bytes_all_#8 s_bytes_all_#9 s_bytes_all_#10
651791.7687080821 692.0 0.0 0.0 0.0 0.0 0.0 0.0 193161.03766014372 159169.47163840823 152949.3198212564 146511.93958827376
750374.9800216522 288.0 109032.80609472768 80725.70205491845 6634.823007348853 4065.280544173646 7493.619590749279 4200.0 138055.27879486812 43015.06332883448 204352.1869845456 152800.21962148618
1020178.2502177536 384.0 173769.43428324745 149361.94601134758 135753.67650247668 51359.58827603514 152328.17646096295 26710.429736195834 157699.93807816767 25175.666289788714 123361.92152709916 24657.473052432502
3841155.5960082025 3553.333333333333 148945.00105251194 0.0 343989.21416696004 525235.9492041295 574889.3047838592 617228.0549562478 430465.55437830207 428039.8599878224 449606.3398757535 322756.3176026164
2560558.827133844 2466.6666666666665 260754.46255852905 152765.0410345181 290678.9014512623 144083.7300157174 223617.32575759912 167067.20702854398 406183.8476970807 311965.66741759947 120884.22208345932 482558.4220895344
5131316.301682795 4400.0 531521.1107091653 486857.3712063581 537364.8808215681 391427.1848586864 514877.49197586 603586.1749773748 415741.4588102071 533315.4685821251 573144.9692751126 543480.190466337
4905540.265035814 2600.0 558302.0083316364 511100.386588985 688288.7023470572 517758.8763542933 584148.6850341207 525156.8966772777 448629.14785457513 312818.57303972566 456354.5751475301 302982.413660613
4011082.55133503 3000.0 520549.34798684495 243949.56495934768 499118.4449699244 250164.8773228808 497581.8707013046 109861.24176083542 471322.4373998333 461773.2743537496 507475.1845768326 449286.3073034765
4087105.5227480014 3000.0 410441.9667907365 306788.19905937865 454071.81298667326 367022.2950682786 463156.0020346696 364246.8913258591 491219.947356591 304960.92184670136 451890.5647279605 473306.9215511529
4681362.76211806 3560.0 586317.8371787051 379220.8471224811 487066.8541223952 221386.11674705596 469914.95383139234 484201.263249713 529545.7753684621 553266.2923205061 538986.2360209483 431456.5861564004
4945137.16398318 3280.0 601293.0868162155 468186.78164940624 353494.9570748376 482385.770005697 375952.8522593188 579467.970019801 639770.8218978257 512836.1316981485 411520.0288755754 520228.7636863547
5100990.785342337 4120.0 587646.2863554475 511840.1571934935 468548.1404881513 458974.5026679298 548550.1997442987 475631.2011936514 557228.7678135339 483897.2619734011 557543.04742624 451131.220486189
5006478.809005077 3233.333333333333 488923.4470938641 612556.9773405376 422398.52872915857 295219.76089424826 533977.725407035 524820.9958774248 698285.0636868896 473450.8835530487 566270.7468170488 390574.6796058216
4705393.296142791 3875.0 489218.5433540042 568123.996052224 494290.9999371588 546182.4432658459 469454.3539075632 512013.93858726544 378794.9233102677 203238.73725065013 454320.1916668864 589755.1688109251
4436494.465360501 2650.0 687532.7661279155 385096.0149890024 468717.5424676688 547242.1870640381 300161.9399117882 493870.59300707525 279460.91279132874 522614.423286506 267752.108493124 484045.9772220543
4219038.66943769 3000.0 556997.2518341407 443435.6993273736 168160.89238518526 465283.42524179554 451381.3863683856 359720.1941655704 557173.2288457904 423034.1311431631 445935.1632741476 347917.2968521378
3956049.985719191 3000.0 434780.2195046463 335565.7348131976 418095.3876825629 358358.9069372749 414227.7067727205 388627.56451996975 539850.7283000518 272426.95136063936 508601.8294942489 285514.9563338789
4167966.187483877 3000.0 448448.1940153501 291145.4087611625 342685.46314013354 472213.1226896419 635325.9657731098 406211.55449797935 430913.4559284683 287991.44388871413 445462.4848473046 407569.0939420124
4283664.43966146 3000.0 472883.5803514293 332413.53531321045 455236.3198983865 319715.7568703848 504490.7094681569 544691.1785795501 468492.3510881355 504909.5517972935 455945.1109698294 224886.34532508385
4173326.3532092017 3000.0 473089.299160211 502136.9576067036 437479.8737640082 469428.82828539255 299180.08326954243 468100.621277499 296199.3721681837 364574.6120941967 488521.7417904892 374614.9637929757
4210281.664324913 3000.0 589734.5439157932 394667.0152787875 352606.6147352997 450461.1905560545 481549.4185918308 370781.9064236614 298996.7728073854 444553.2486216335 482245.8611196602 344685.09227480646
3979741.8897396848 3000.0 409908.4531700617 425721.4234768583 545041.7571871947 278002.7214864336 456577.1790383852 338298.28805604763 456554.30837500654 315062.15646651934 478132.6296162015 276442.97286697634
4369310.012500461 3000.0 606102.1253739267 493069.4577864348 531357.4011160539 358295.81378168386 478443.64528038265 89717.60761362914 146343.7816141639 586089.0080202387 536267.0740881925 543624.0978257542
4276303.499715852 3000.0 457450.8837258706 313989.13926480163 447155.61235079647 294912.8187992405 477933.6000759084 561479.2009572993 467370.9929085297 444315.7613331211 365222.81523926393 446472.6750610197
4195403.379648943 3000.0 342685.052369585 406851.4053165668 433120.46611132525 284719.2629300449 535920.3462837375 436880.1973215241 376625.34922879457 424067.8904705077 543935.2307654093 410598.1788514482
4001669.671692209 3000.0 298779.7195644819 387376.0440253784 440395.5890417747 414295.56141168106 375348.1240285126 422460.7698363822 481833.4950580426 449177.1627773814 331997.3813682228 400005.8245803517
4287061.651140101 3000.0 520152.0172460363 382660.5157586872 503421.58166933456 327512.787349341 507595.8072785733 324507.9082479715 347170.62409797026 534580.5445694829 538373.8050043078 301086.0599183963
4359001.955393078 3000.0 387295.9075815155 540222.7419830691 547593.2121264721 446485.63238497527 507000.75548828696 312856.72611952265 492338.8557212508 522947.7102519715 386853.7522696016 215406.6614664124
4366440.613801063 3000.0 456460.9172131675 380233.2608853959 535140.8738219116 521728.6402738582 408695.7868090521 413788.8730526122 356338.93762494327 339862.3666964287 445473.48334716447 508717.47407652857
4217404.314836804 3000.0 339196.3833369272 435538.5290652436 326018.8982845388 429180.69051438966 590752.9379028141 504682.7842185 371742.0130239208 417948.63409817807 296525.6448773039 505817.7995149872
