s_bytes_all avg_video_rate s_bytes_all_#1 s_bytes_all_#2 s_bytes_all_#3 s_bytes_all_#4 s_bytes_all_#5 s_bytes_all_#6 s_bytes_all_#7 s_bytes_all_#8 s_bytes_all_#9 s_bytes_all_#10
1350330.4437267263 1500.0 0.0 0.0 0.0 0.0 0.0 0.0 102793.1527108548 408383.6674147668 355471.78790249943 483681.8356986054
4091204.493609526 1800.0 545291.7375703983 485234.541973845 293637.1965716075 599214.157416995 337620.4236723813 546301.6665521332 389733.0367572718 300794.7957586415 72539.00971474282 520837.9276215096
3817473.062663748 3000.0 292067.14518215816 515548.62507381744 192273.41521087545 527357.8764771373 200674.00071975912 462551.7030505208 332987.6436624486 563206.0432617582 310144.1932786627 420662.4167466097
3304863.601667257 2416.6666666666665 312510.67743068124 456196.5813597596 323530.34739548893 328752.87310629856 306340.5207077717 475231.0 61566.0 483056.3129968504 152015.9676817084 405663.3209886984
3846958.135384262 2416.6666666666665 489220.3857134635 374826.5942147451 397609.3783711391 478303.5544817142 431944.4180810875 426499.5232108299 169476.5134530274 377161.733257982 257479.48532804791 444436.5492722255
3322237.262948481 3000.0 294818.3714268681 407606.2705094272 399441.3129753485 416051.8740030453 386556.3435735277 414197.9186722543 332068.73216594657 386040.0778512688 285456.3617707945 0.0
3282749.0 2300.0 728.1418811397309 48833.05905897557 426757.729863296 548484.6723559527 396590.88918897073 475492.1717099358 429922.55031425646 342123.4313174816 333172.5427012233 280643.81160876807
3314182.0 2300.0 312109.7437341473 468521.3087487746 139812.8205532543 425210.03197067895 141611.74592367766 384773.38870232255 268210.0515164362 294081.32690035267 624631.1782291443 255220.40372121145
2922166.73551054 2300.0 45279.30065218977 349026.88442425 537469.1129452896 261338.70197827063 50658.892126289145 325505.0165006043 327860.1834436883 309326.8588701158 290112.9914271284 425588.7931427142
1998563.3242094796 1500.0 104000.94258905164 131904.14571680495 304197.8166217042 106895.51072298424 249666.39242449877 121841.77245192524 209167.529968244 286280.0465857389 277230.0080364214 207379.15909210595
2065065.940279981 1500.0 271047.7570504654 273325.1832295154 56058.65928683527 335720.52466366574 46509.29409543028 361018.26987876295 41605.22539809397 311772.0266772118 53166.33208995915 314842.6679100409
2302926.0 1500.0 41006.03512808935 350632.40423666424 394313.17794043326 342849.3595966794 129007.2478654744 322805.6973957872 80511.50199539517 340106.5758414771 20644.534372559498 281049.4656274405
2006319.6900922551 1500.0 51907.63826088102 352265.21122335625 62300.15051576267 200077.8372401831 379487.60650303785 182497.55625677903 56418.14772007417 337517.6699218624 66726.23154986004 317121.6409004585
1823920.5380264632 1500.0 30796.157678642943 340019.152229102 53613.80769385058 318295.56344014284 70219.56053860679 304071.0683273998 53950.83833542445 308072.1616645756 37048.040818249065 307834.1873004693
2517340.7718812814 1500.0 95842.81802746048 392704.9538538212 57932.08859392549 337658.0551392348 53037.80060857548 364698.0998989653 349215.591703644 417231.0977022744 55258.81686461615 393761.4494887645
3535625.8391541326 3000.0 38924.55020916115 422496.85442984593 302076.0630061898 399087.9886240828 445666.3281999987 364701.6663542794 412264.3953368594 363683.5438221016 371002.5622201916 415721.8869514225
3956414.333347246 3000.0 379229.41611707537 519636.5543569352 244652.51309691885 511355.640483714 252335.7321844464 495204.383325944 167598.9212808334 573450.0 261399.0 551552.1725013786
4049820.695939105 3000.0 177431.17778108502 546094.5729619901 219090.4320620116 422818.8121071961 449038.1408379199 582909.6910144836 119341.06462968553 504132.5370909114 465066.30167817714 563897.9657756444
4433759.882853689 3000.0 104307.275153497 401343.747165016 436201.5120600718 556965.1752483585 534778.0353472084 493769.40295898926 442713.97768784006 353082.75791048346 564753.4741053629 545844.5252168609
2024556.7524950013 2300.0 443853.91169541806 329208.8872025663 237113.67953409767 30245.76111226937 526279.0091614767 0.0 2912.0 0.0 123988.43008420157 330955.07370497193
4259200.828146976 2300.0 580165.9744036499 481031.12586699706 586758.9645052729 421701.18458568107 456027.6809377846 176785.49048609912 417306.15793813136 316089.7803533019 407769.9231335195 415564.5459365374
2408685.2857576963 2300.0 210899.7625141876 448870.9940152543 82223.91153440981 0.0 58282.84517124257 364888.6339015972 148227.93290654983 380552.3845863212 249060.80425389053 465678.0168742436
3442241.469714718 2300.0 446645.1012082271 537248.1088817571 450741.2773826383 325050.7295424106 159310.78695976397 369214.3860402439 317108.1921015429 181907.80018957125 308436.0 346579.08740856324
3118685.369150579 2300.0 292702.9125914368 475357.07038806553 180891.0474470507 389523.1876008535 183061.1228636312 386102.7099056394 83892.91197402462 371196.9566654536 290418.228725485 465539.22098893847
2953542.3054613 2300.0 45689.93742177935 489395.0107456912 117745.5952733875 387990.842484847 190326.15751515303 465399.848015049 209528.15198495105 248631.5653617576 367856.467029658 430978.7296290264
3612603.82803821 2300.0 234846.8100343595 360892.71287072136 247432.8215509958 363325.3552602579 613122.1718323682 350580.0020687718 567073.3462327748 312203.1237219514 234641.66287617732 328485.82158983214
2966708.3031476624 2300.0 243310.8668301458 215863.05617820108 378065.87194542895 427693.8453943536 125502.09615175682 561660.1913441861 60018.48209727518 434051.62186067016 109870.53413032262 410671.7372153218
3190913.8540963274 2300.0 80553.40736963516 306591.6994240503 267428.0 424948.5644395783 191475.79853811552 425362.406143489 158276.8222512891 337608.1662995208 610995.887524591 387673.10210605874
3662621.864201312 2860.0 376386.0647128636 317220.54778988427 197375.7857374064 503760.8781122103 275817.333869197 331252.0477701755 477779.8670727831 453555.1879481429 338241.4202419265 391232.73094672273
4043620.41004547 3000.0 430385.76107394806 348535.13439728937 478662.9510325141 491696.6332313175 274461.9225318822 431506.70227208384 338832.1306876601 354799.55000960204 415067.54622853344 479672.0785806395
