s_bytes_all avg_video_rate s_bytes_all_#1 s_bytes_all_#2 s_bytes_all_#3 s_bytes_all_#4 s_bytes_all_#5 s_bytes_all_#6 s_bytes_all_#7 s_bytes_all_#8 s_bytes_all_#9 s_bytes_all_#10
694237.1828085864 634.2857142857143 0.0 0.0 0.0 0.0 0.0 0.0 200925.4506831972 216904.9306081609 166480.35686189268 109926.44465533562
1002380.8171914136 360.0 135281.71488327652 184724.9144562566 92227.1102681662 124309.489424199 144839.60123693233 27685.460795858675 97522.6166292156 59834.4921796956 77483.02740103818 58472.38991677496
585652.0 320.0 92064.0 29563.72705403708 39202.272945962926 43339.69969327988 83311.64444439746 101084.56142749357 30670.27071184036 69314.82372298877 28731.62349938465 68369.37650061536
1076363.460233962 725.1428571428571 33122.97469389968 61579.02530610032 100166.0 0.0 145132.0 0.0 296903.0 151128.99960532488 92739.00039467512 195592.46023396205
2401318.1422189106 1728.571428571429 167283.53976603795 428513.0 30719.149158720284 285492.8508412797 393581.7767996464 103198.85162778612 361241.3715725675 0.0 448420.0 182867.60245287252
3287142.877823787 2300.0 272871.2328136914 355638.60382326087 354242.9210964117 467854.2752273649 75098.36458639853 484769.9278690211 422053.9577299652 269138.18619401514 283457.15856425907 302018.24991939886
1969186.831869064 2300.0 404626.3442892771 251283.6987692888 313084.2699406174 279417.6865280304 344811.4819611994 295246.2137921738 61035.82444275383 1684.1214873368497 1226.8785126631503 16770.3121457232
1944324.3332393377 2300.0 209200.6320234106 583904.8901694877 509737.512277197 390095.2765931235 106326.376791058 1342.0522209490127 1575.9477790509873 607.0488335268113 2310.951166473189 139223.64538506098
1468206.9326460646 602.8571428571429 338613.68988638144 200368.2943401531 6246.370388404464 4200.0 6224.852996590715 3323.7212420034475 5886.775239016288 133607.74944818142 414187.0655446978 355548.4135606356
2767663.3936342 2008.0 343673.0653207766 25851.35664809815 385847.9087008455 320285.59326854174 301871.8590764107 277793.75812906603 375402.8904102023 203229.59980819543 232673.8572358 301033.5050362635
3810935.216652583 2700.0 343934.6840280891 298883.4379005745 429902.32301537285 328329.9118192843 393852.56762848905 156378.10394286495 578457.5582482208 184067.9332918328 544710.2377477532 552418.459030101
4070143.635164432 3000.0 518380.81168209226 333331.06245840155 358694.8458569939 347979.08111915283 451814.4199257612 295862.59939218214 400702.9466332755 544930.4357074117 411486.3621251751 406961.0702639857
4104380.2810218143 3000.0 510955.9284701258 472995.4231822416 288569.7843314337 69316.04053385914 411421.0 482851.4331592209 542932.8834388539 532857.2677142775 363888.652673739 428591.8675180628
4020293.6675153626 3000.0 416739.6814781242 515513.230442361 143000.98357536076 553517.4066700133 361318.7121598248 401885.0609842071 413811.3415927387 391058.2252496554 442092.7821018809 381356.2432611963
4015475.2279804833 3000.0 417043.1725966965 363410.0784690137 481184.3655126917 360695.2032285198 391337.9468148624 359619.12688527524 435101.1431217748 349338.074575466 558260.1167761832 299486.0
4116060.144720515 3000.0 306583.99322822544 424316.4955916846 613143.5364276095 221794.7115139888 601475.2632384916 90278.0 539618.0 452001.4556057733 569717.5758759413 297131.1132388001
3993122.620745781 3000.0 521220.85527948535 49617.3068821767 488814.19366026216 522709.4659820482 526477.90825549 473711.2611252233 388292.8640947999 285634.0873806814 374392.5220668776 362252.1560187367
4029324.6586452494 3000.0 383752.26810107246 407128.2116856841 435923.0717106326 318209.2317914363 516016.9358025644 515644.863825032 156435.00471653728 547001.101389369 241203.4890084873 508010.4806144346
4207603.62699951 3000.0 268589.8627429544 535264.5130899164 511941.0591343909 482595.1409211925 305326.5300902857 400089.3059950839 136790.98224597826 480704.1816686521 531625.0 554677.0511110566
4016512.407192522 3000.0 293693.7497454526 361551.7436602363 429681.3946871151 409236.5248098335 440286.5502956744 355043.4896720471 380334.5124423294 490484.7825768417 606731.1309828679 249468.52832012423
4124601.082339245 3000.0 462273.6227142809 255435.70962618585 565745.6532460673 215680.5561098873 575167.5432282052 83042.45677179482 513594.17234023137 575851.3002117556 483560.61568467016 394249.4524061668
3905780.507241943 3000.0 464832.0998147609 305826.76616334845 383426.7571984757 345921.88805334864 415927.4576980778 442232.1125176478 478294.34713920846 467197.0760440468 225587.30786955263 376534.6947434761
4198244.283904774 3000.0 468701.95211523294 273390.481259131 588524.0388776339 458676.9694073296 430132.1438016163 456501.7460620762 197318.62059221315 546920.2382568629 353952.5855059349 424125.508026743
4127023.715896858 3000.0 204146.5615946441 475267.1066158151 615661.6677281451 463020.3658739713 408038.8469949242 346291.8314287769 373416.15484319016 421182.947382392 437670.1493405144 382328.0840944848
4114364.067578281 3000.0 467361.8769272496 452058.09196668107 45234.23161696207 528867.8365753551 436946.818346123 459058.4301819104 609486.5177551974 421327.86986923416 488662.1027806261 205360.29155894252
4168384.073613624 3000.0 492173.9205684414 266653.7590442109 522255.2051226678 256481.56621734824 541940.8600499148 479025.0426854169 510171.53104732005 376127.6277172448 432002.3722827552 291552.18887830374
3909742.613634551 3000.0 462074.8111216962 276822.0152618727 410630.88319193455 400852.3210835563 386348.9421890832 396837.6028429667 416113.5701056514 413509.3673103553 410703.7840799012 335849.3164475337
4250956.172674978 3000.0 543603.7603953131 527129.2559035724 466304.00748964463 436863.2018593424 324717.18092967913 425909.3649218535 322291.2005022407 399863.4954222087 375519.3639617425 428755.3412893811
4416473.281371145 3000.0 212244.4032607378 500272.0646823766 602665.2511873809 473942.48876190966 652591.6843968756 424224.13252288674 355350.90041369403 389587.85355846 441076.3304814893 364518.1721053346
4034459.542831909 3000.0 471640.663015469 330370.7038989846 395234.8666214824 350015.5286635768 591620.5169860835 271106.46425542573 563281.8737272003 266239.6460992422 559264.4801735575 235684.7993908874
