s_bytes_all avg_video_rate s_bytes_all_#1 s_bytes_all_#2 s_bytes_all_#3 s_bytes_all_#4 s_bytes_all_#5 s_bytes_all_#6 s_bytes_all_#7 s_bytes_all_#8 s_bytes_all_#9 s_bytes_all_#10
1790369.530901704 1500.0 0.0 0.0 0.0 0.0 0.0 210638.73051238924 337459.2893735905 382759.0972406448 376167.1087104486 483345.3050646308
3761508.993660348 1800.0 290267.5023459703 466889.9725066076 634677.5819800186 310491.4122656996 494897.9280739834 426442.13840778 375181.7549179875 549105.8038115667 46248.37478868249 167306.5245620516
3136108.240729288 2100.0 454859.4106106577 446770.40459256567 489948.2669164061 330851.73111648194 371933.7440833729 214052.91811846412 0.0 128531.46302334164 360028.6854184277 339131.61684957054
2093914.019063664 1500.0 358522.23470866017 138733.99747242383 242826.90829189745 186964.37137485453 233599.72286082423 145665.5598224287 278007.0315230064 128303.22855434344 255024.8948417052 126266.06961351958
2005153.113158516 1500.0 263564.2156449968 0.0 276997.50108452264 414484.2814718952 94390.21744358212 140359.74463725495 295824.255362745 102360.3643097439 211945.22655691663 205227.30664685855
2863836.8654973293 2100.0 425040.3735844697 234619.37967362624 410235.3492283849 170754.86494418498 201013.13505581504 193839.42985284055 411093.8398323825 265612.7303147769 0.0 551627.7630108484
2547930.805542542 1728.571428571429 531243.0757507405 334735.83374890534 298109.32748950564 129653.2396367706 231762.771702276 207825.50807400583 254378.48058694755 149252.54855118177 249207.64205196 161762.3779502491
1969646.0742363797 1500.0 238989.9237859006 185226.56554110255 254570.94211960607 128752.34942177426 239581.6505782257 121341.18132597808 218709.06608940664 176842.71969305733 240315.4004747309 165316.27520659743
1960638.949188503 1500.0 217348.3572102296 165350.4900634692 247731.88884434808 159368.72897960825 249586.83339455977 145620.14394586085 234140.79195525488 121561.96575201808 269198.89142596454 150730.85761718958
2096372.750104136 1500.0 279284.8427009488 31173.708486218708 438475.85683455935 101790.53706762176 309144.4629323782 132186.75591617337 270440.2440838266 117573.3665833264 274746.6334166736 141556.3420824094
2431155.7395241032 1500.0 429358.3630137002 303965.00905525166 347042.28584863874 27192.556451144017 370196.443548856 102586.07509807032 224349.59339438964 208653.37916064163 236091.547069523 181720.48688388825
2012664.214310127 1500.0 250782.9183934872 153605.0046874637 244825.0110183015 146223.3881254938 232154.80741391212 104891.635934299 317793.1528205298 168943.82522215566 258500.5249865568 134943.94570792757
3192251.356264544 2250.0 383547.4025206581 211382.301562702 196708.49122075023 344686.7117831081 262950.79699614167 175020.5716945492 419669.7420064799 375566.9262065019 366750.23522789055 455968.1770457624
3105270.2553987084 2625.0 407066.7726889961 307439.52549769555 383718.2274847045 399781.4177024307 346124.4035165582 157605.0009284311 0.0 179305.40794402012 450138.9408678523 474090.55876802007
2648303.633840464 2400.0 369876.528895316 303106.7303956423 234423.83312914928 120468.42994478231 355137.3310709101 363840.2389843075 536714.1576620281 200015.8423379719 0.0 164720.54142035628
3871868.969097635 2300.0 403077.8245692824 645038.6902361698 448473.53500098106 567714.6043524676 344001.4985121933 217611.39831962343 329652.6850711563 301260.14565727656 320837.45876587153 294201.1286126129
3387253.418326525 2300.0 354478.34111838473 197226.49063608804 287741.6220183108 216811.5426678087 554040.3234955535 87840.77728861074 544809.8635868236 10434.088207010394 577140.7465965691 556729.6227113652
2680726.662496863 2300.0 99406.07115548418 138927.40822000083 310613.1053913954 324096.645007951 380374.7372629057 210657.5094635515 367266.37582778936 255095.8091810808 359119.25388697203 235169.74709973185
3024962.9259125222 2300.0 374175.2436220684 267857.5338319046 364398.9893668104 127917.7540021677 583217.8001569011 13451.539577911117 556790.2409163879 143434.24807071578 581936.175039721 11783.40132793445
3674646.618906885 2300.0 472487.4350654793 220546.82822737505 474928.4366610996 187278.28782030733 320770.59315621376 264939.26684746507 400734.1653950029 451798.54328435246 470796.2153904202 410366.8470591688
3009252.324635296 2300.0 459268.86383921455 129484.32069534532 338994.8751928186 307114.8874438701 312785.6978390734 278821.7381939821 352090.7927536981 233220.23159175823 380031.7492205277 217439.1678650074
2918109.149161 2300.0 351135.1837869598 179812.06897595068 517288.09950267785 25389.583458489717 563273.0569232113 35056.71440758023 509304.2033011229 102355.26385813009 493278.7538733232 141216.22107355396
1579840.8631714417 2300.0 482635.52585010906 172670.7263210967 316522.9963537326 179658.14151798093 0.0 4313.0 0.0 2913.0 4661.525378312085 416465.94775021006
4519286.160639221 2300.0 552625.2418102447 585730.4840708643 597799.6647111572 522324.6197151068 424816.4333041341 537917.5113130457 370732.4159595369 322262.79341043526 288685.458293197 316391.5380514993
3542655.9697988094 2300.0 338279.118118576 179022.12871359364 232372.3132526953 471168.8803283927 509988.8153452319 599089.9138354443 471652.3559158145 126366.44378452064 472155.3969379876 142560.60356655312
3098902.2137651085 2300.0 359954.0208788115 335049.0689074492 329061.3098828785 260547.64910699576 319537.6190176512 263797.1991884083 334232.8040090807 323349.65259259444 394559.8740462908 178813.01613494824
3256019.8488743976 2300.0 348388.5282482074 369720.1566491434 393311.6674701006 74441.72035348746 647647.6174185218 120291.54513808468 581259.8320470077 73413.89149448638 589580.7992280495 57964.09082730881
3316419.797570888 2300.0 615442.2499973563 18224.483592344743 590993.0416839938 70593.4570262593 583907.8639298691 133926.72951170828 524547.5080524089 131037.83346625588 313022.3630126383 334724.2672980531
3156547.5877919174 2300.0 519798.01394563005 86046.45512216861 330420.2983680934 406349.1632347031 375913.3086401869 137169.70989522862 379448.76106970926 331968.621449891 294194.1475007679 295239.1085655385
3648538.225412802 2300.0 343244.2884328018 624996.0850592091 405565.2906186828 478272.2240232052 320536.3220335789 266083.8730277872 333719.235659641 300275.70217861835 339987.91371176386 235857.29066751403
