s_bytes_all avg_video_rate s_bytes_all_#1 s_bytes_all_#2 s_bytes_all_#3 s_bytes_all_#4 s_bytes_all_#5 s_bytes_all_#6 s_bytes_all_#7 s_bytes_all_#8 s_bytes_all_#9 s_bytes_all_#10
683565.2527118576 1500.0 0.0 0.0 0.0 0.0 0.0 0.0 0.0 37513.7911561331 387073.2088438669 258978.2527118576
3185278.756044268 1200.0 252807.71065935315 161362.96101141884 358976.0052494875 465103.35931702063 437521.2806082093 435031.2641863328 293303.16625632 8490.782972744242 447357.1373116564 325325.0884717248
4253945.624276936 3000.0 481499.041474777 233316.2132020257 474053.5522257882 284361.15862381493 449684.5272317361 422109.5329803049 463402.88513537694 519775.6703388092 493388.57601646776 432354.4670478352
4494410.373159241 3000.0 532890.2828960338 281118.4255375829 585311.360349211 476058.3983141878 543173.4939762431 469072.1483256437 405297.8798006768 409745.5449737419 406040.6021223473 385702.2368635727
3671800.2157448265 3000.0 442862.2298337851 391803.98376619705 437744.2866117026 326341.09470188915 413028.7633080442 371353.7489476976 444035.8741763752 314349.1066366038 85621.18981006267 444659.9379524695
3320138.3491013367 2416.6666666666665 543517.0629299761 452875.29147890885 17908.423653985516 0.0 109587.56805008212 424465.7266874327 473300.70526248513 290473.6988622012 525850.880762526 482158.9914137389
3533116.8362883725 2300.0 458907.7218125273 403041.58091821976 444682.4104408992 134382.74884595675 358122.12551847025 273958.29028000234 313611.9530128774 311201.59837541793 369628.7726382599 465579.6344457424
3240179.7851980147 1737.7142857142858 499225.07529029984 326455.517382861 435116.8879073112 277993.32867637015 525672.2893221995 221766.99166244903 436156.4800974263 362497.988073214 32762.70501488801 122532.5217709957
1089264.380148642 751.2 146212.80747514626 6683.781885758634 78097.21811424136 6301.166095492924 198065.83390450708 6139.577374676071 221580.42262532396 7514.4064303957875 389026.62655598926 29642.53968711057
1237923.4273265044 1500.0 351329.4273265044 10159.852218857008 361938.4337552034 110590.83515908288 385293.753454267 15695.125412589765 0.0 633.4231376307299 2282.57686236927 0.0
4048534.290516403 2300.0 2916.0 88952.94673969831 437229.4087903848 522583.6339783471 470989.4431286176 466549.8158533188 436732.2799560781 634014.26462872 458766.1598463253 529800.3375949131
3954733.563280137 2300.0 460948.01467069454 356960.033991419 318399.4981184223 511812.5247431448 417041.6379599165 16239.920322371016 368318.3446478814 568813.2413315815 597219.8369856073 338980.510509099
1542287.2496732902 832.0 435597.459121968 383499.6870814919 42955.0 130889.6052843176 176811.3947156824 6205.835108667088 101804.16489133293 7914.07702834203 250695.922971658 5914.103469830259
2062057.593049396 1528.0 214355.89653016973 7130.584807606528 419841.6008675422 13471.81432485122 241383.7736056996 173698.40099744915 415875.82539685135 7415.137566845668 457419.4392247704 111465.11972761006
3069042.7617951776 2440.0 455726.91604813474 149687.4875967147 416250.50549741177 190265.13869492157 429205.1798160771 155779.6274451794 447564.6052859855 144344.23429053457 514619.6729442313 165599.3941759871
4539140.693323347 3000.0 441440.4238768622 476457.2311932309 450840.4476685202 441711.00508390646 544796.3863672838 279481.1427113036 523806.9047844892 413293.65676670976 602512.1651067337 364801.3297643069
4220010.550598628 3000.0 421502.7884958086 590586.6542571126 511571.4784730825 392601.8920103109 258138.7720420925 465273.9446275186 569560.7164031279 371413.1699146656 211810.2186738405 427550.9157010684
4042046.756758113 3000.0 520269.22363912186 417151.586303717 479066.27663227473 329353.3562995904 495486.5145612542 291889.8383000727 540553.9468612163 207515.83229341955 435728.53667228814 325031.64519515826
4007665.541005509 3000.0 445860.3861974569 363223.6599243199 450619.2676123209 326328.29497411905 463729.5139260929 356249.42395834386 465190.2606937749 295800.9758943798 521009.3377175908 319654.42010710976
3188937.144399628 2440.0 2914.0 3622.793182416872 473209.7663105206 335823.23644050834 581604.701266671 462708.488352732 406138.0172718524 344184.52731231524 424209.6694122104 154521.94485040076
4127457.594644831 2650.0 399529.061342572 430856.3942625916 542048.0570569226 405919.7725512055 335218.0449501581 484956.7576997244 418821.225204665 331813.4978900871 465159.4001896041 313135.3834973005
4078156.461006671 3000.0 571544.0032417375 253362.32922014443 430288.2404995517 441007.5121132535 441522.7401937968 291487.5910041328 496616.3459380324 363064.18347262166 339700.9753403638 449562.5399830364
3795427.7291599913 3000.0 88829.934137176 432229.2656292464 506692.61501770566 471896.3087079256 437939.4370612418 345506.7467463406 400330.5962565993 395883.6999237187 429763.42619860265 286355.6994814345
4026342.07078888 3000.0 517822.60295271466 290749.1670652811 441324.51544841833 359014.467733203 427037.6244187446 334541.6978518397 514031.3270473616 345953.14452354965 426693.1005028412 369174.4232449255
4123942.50033764 3000.0 440368.92020492814 354606.07979507186 405811.88315055374 434746.34503834345 436513.5999005389 327817.2262647902 464022.0215912302 230450.92405454343 459042.785725098 570562.7146125424
4446937.444592529 3000.0 472295.2979235447 472330.1113562624 550886.3046537993 431857.9583523289 407141.5160184564 508252.3657513186 297410.2884721196 491087.3333427788 536827.2637298829 278849.00499203784
3995333.098820862 3000.0 449302.1505182632 384383.2749249381 447744.60798114166 332498.0216454874 508108.9838310843 264498.113576084 429078.9299828159 398645.4342111226 465871.286001136 315202.2961487887
3939032.179126507 3000.0 561574.0590160583 288946.8972329102 435582.09070745786 295686.28245711426 454338.7642444159 325597.62583533896 472974.0323125633 294795.8256649939 486880.72120439325 322655.88045126136
3053844.477303627 1920.0 394387.8748591054 377521.42071288096 451498.5486138416 319790.3487361924 317712.7336894447 503397.956972132 140735.8766466737 368016.71166356606 169134.30522862446 11648.70018116589
2018134.794041002 1200.0 178900.2998188341 14584.377963252426 213956.6220367476 14684.274966976234 325291.67386931693 13423.959389986045 283417.2841259728 175854.06664718574 436731.96507227176 361290.2701504583
