s_bytes_all avg_video_rate s_bytes_all_#1 s_bytes_all_#2 s_bytes_all_#3 s_bytes_all_#4 s_bytes_all_#5 s_bytes_all_#6 s_bytes_all_#7 s_bytes_all_#8 s_bytes_all_#9 s_bytes_all_#10
2055951.6229566 1500.0 0.0 0.0 0.0 0.0 0.0 288963.24191290804 411791.5974774213 413223.4428481255 430078.2508131704 511895.08990497456
3147971.154869716 1500.0 263523.1302228714 496094.2965444354 577000.6324852277 505064.2431123683 381489.4189156822 309564.7235125007 241264.6001778428 177585.332072472 0.0 196384.77782631537
2524513.8900162363 1500.0 167197.7880144925 234500.4474205115 301468.59492555464 290222.391813126 0.0 171450.70746889286 242108.29253110717 207504.10246442823 419483.383829834 490578.18154828914
2217890.332157449 1500.0 143865.28348491437 253313.98547225527 178314.6034062493 233561.3305892563 153617.58766467357 243087.8750731104 202357.31012515235 128337.50783149392 341893.68512317515 339541.163387168
2205777.633245697 1500.0 0.0 236674.3253123105 164292.72423931878 221701.52860151223 478926.4661194012 100011.95572745729 0.0 140695.6320696902 283336.2988824483 580138.702293559
1630411.5717121412 1500.0 172919.62824224116 30514.73851206139 0.0 217230.23754943663 179562.76245056337 215110.8149764504 182461.0562250592 269986.78827011987 147067.34052837046 215558.2049578385
2293599.7950421614 1500.0 177910.8513797569 194901.1388782248 228629.8047841798 212887.89395895984 212394.33015807607 267062.2234563268 494087.24804440537 396541.9281614876 106270.3762207443 2914.0
1880869.9436239384 1500.0 0.0 228586.8736045371 185767.55016819583 208456.06255035213 410032.7342935056 205406.7793834093 0.0 237549.5606880644 149021.6067673365 256048.7761685376
2422132.73770111 1500.0 488740.7406868625 317522.5650962674 143179.90356414026 268837.2651475882 152020.58188120314 2913.0 0.0 207860.1543275304 337944.6776650514 503113.8493324667
2351620.93580482 1500.0 122411.31867495149 212902.1083947177 140832.63044310504 240775.24454080508 166248.59483035174 228193.49369654636 439676.4705518975 325677.3188784821 258550.13866409444 216353.6171298685
3159078.382870131 3000.0 190760.55267933983 232311.0429774061 321356.0234247712 388208.9403687453 402944.2287268162 359251.0983879148 352639.8272009265 473687.16802958667 340965.0754599623 96954.42561466264
2965980.921201555 2300.0 0.0 206185.59518496448 287310.7225664014 321685.2002493069 334627.3312425509 168353.64364416237 471313.2881538511 156263.29723116508 446424.0026564138 573817.8402727394
2707918.013290292 2300.0 432083.0704305719 237359.00836787288 0.0 213161.7048033987 417773.45005032513 506977.3485301786 474716.0038440058 208525.49277209173 0.0 217321.9344918469
2668505.4860067787 2300.0 391143.5218640908 718370.9560324176 294886.6803007546 122284.90731089016 0.0 251626.7887706273 294890.44705491496 75830.76417445771 69222.2297513709 450249.1907472544
3946969.5372782894 2300.0 529916.7546062315 466571.7881705192 516777.42246763984 446139.62913351256 3561.98512347161 171915.8610843191 437456.8818428855 524356.1144400692 408201.6156872206 442071.4847224204
2997148.248461055 2300.0 291590.825754907 266618.2794853277 307051.95006570115 356955.35222552664 267619.780613436 304885.1155852857 281026.3188959068 301613.8797543264 302102.7916416156 317683.9544390219
3367804.1545407623 2300.0 275203.0183652101 322615.8478961177 295841.96161198645 181037.32547892476 478615.0314107366 189136.6788925113 434658.9301065432 255757.2548867924 383044.4571210928 551893.6487708472
3238515.856343693 2300.0 431997.8160995206 432100.0838651558 274587.3787075875 321094.13158654067 272434.4176520784 320064.7433009091 281056.37090750656 287576.7112006138 312629.6683967763 304974.53462700406
3024644.679469605 2300.0 285249.7401796554 319716.24176753766 263372.35922673525 188292.7769184592 536852.0862612859 189312.164413828 445054.1376591408 35273.27645093272 506028.7916010916 255493.1049909393
2728812.103407969 2300.0 286700.8208458288 101221.07597238864 17.206589751685932 91473.27164508906 377327.04806955263 571976.7262303054 528693.1213584848 501962.215802838 222635.04106000927 46805.575833721
951360.0 690.4 24.0 2916.0 0.0 2916.0 0.0 111452.38666480016 343199.92020282825 394973.3304096878 92966.3627226838 2912.0
688480.0 336.0 0.0 2912.0 0.0 4312.0 0.0 202296.26292965093 251462.54133270163 140028.80786451418 84558.38787313327 2910.0
601125.986133712 480.0 0.0 205375.28797962013 79463.44336065977 127494.36879173364 26836.800046562057 7252.480447201973 4385.106858222865 7299.512515999529 5600.0 137418.98613371202
1036992.013866288 480.0 9391.45740698934 216339.82997248136 137267.62700003415 124757.62808744484 121675.47139933828 143011.65738178487 17356.342618215105 144662.0 0.0 122530.0
3528826.590291457 3746.6666666666665 0.0 94414.80171996164 50367.19828003836 229797.576938775 512284.2886075253 541813.3718121235 508613.0082646698 633189.3286372479 407788.50658722105 550558.5094438948
5909494.784057454 4400.0 658987.453489343 612374.0507632041 592954.5561717583 542748.6537887861 589830.641464693 628684.9266550414 632467.1324344362 513915.76182034623 620460.9661419033 517070.6413279423
5622931.859185832 4400.0 558326.6651373828 569039.4493899419 510035.4493531823 433979.34803142695 546683.9010396145 706206.651483003 541342.192464042 576732.4437012551 527467.8470530431 653117.9115329399
3155529.287561656 3233.333333333333 568338.16676064 639404.8223349117 563493.8856613142 309887.8917083914 0.0 4314.0 0.0 190135.57593245196 431121.1790594364 448833.76610451104
4249276.037089098 1677.7777777777778 479110.3593680769 555169.8091472643 422541.68632285256 568583.5291609275 362097.6270384073 379633.33031731145 419165.1375487605 141289.03194865325 490181.3047555239 431504.2214813203
3097707.540304155 2700.0 158531.4418145025 227681.24465835787 191843.16410855623 234899.0353303952 397242.8056728669 454150.9690259692 336860.9170623913 385961.6615941331 377898.2505918648 332638.050445118
