s_bytes_all avg_video_rate s_bytes_all_#1 s_bytes_all_#2 s_bytes_all_#3 s_bytes_all_#4 s_bytes_all_#5 s_bytes_all_#6 s_bytes_all_#7 s_bytes_all_#8 s_bytes_all_#9 s_bytes_all_#10
51950.55036655228 1500.0 0.0 0.0 0.0 0.0 0.0 0.0 0.0 0.0 0.0 51950.55036655228
1064724.106804709 398.1818181818182 58800.71970908797 115553.86053113372 189833.968407308 224834.34124831256 164514.9677332012 180095.392171585 94707.55247139472 23171.43489926468 4837.242951287458 8374.626682133565
1341424.131613646 461.1428571428572 25638.207071575136 125828.595205718 233442.46321479997 193567.0246484285 89339.26433327163 100961.21370621322 65971.5746487324 14244.510684063813 156864.75774925877 335566.5203515843
1865987.0605358668 917.1428571428572 202700.23759168628 248758.24542774464 208103.6850524569 257508.3802236506 124010.6486849826 120839.5767543235 122743.6497202527 226574.92027602295 147643.80124660576 207103.91555814093
1434829.608115098 788.5714285714286 147666.63515791416 248296.7170566304 144608.7984646817 0.0 117137.69465710108 285863.718789781 35053.86894394719 216436.71760917077 216843.1119338196 22922.34550205216
2707909.6259396 1957.142857142857 249929.0803230374 237667.63896991283 337743.2024576005 80500.62081357751 261076.8072189243 187985.57535312403 472424.4321868109 243192.126572618 394415.241858716 242974.90018527865
2673475.0477874647 2580.0 429200.97080915177 314986.9086056785 347326.3398991537 245686.9494770488 342350.371793594 301941.6306527662 351480.8023509842 198287.9430361508 0.0 142213.13116293683
4388640.868837063 2650.0 454010.4800433036 530330.2694587635 578189.0197933947 498497.9270831235 456840.96552292793 544367.4029841273 243952.1017217267 406197.0078198716 339374.35452113417 336881.33988869016
2171528.731018919 1132.0 422131.76022663456 198213.27536542487 306619.39778357773 314946.0832541369 3142.6445560089096 6319.838814217049 263149.6274908197 381755.9293591744 84456.44315000589 190793.73101891892
3368700.532708257 2440.0 89236.26898108106 187313.62033795012 376889.8975303876 209420.30059129745 495520.3438249392 418038.4766233689 461135.93409776094 319131.5113542795 273854.672339502 538159.5070276911
3905168.593567497 3000.0 365660.7120184659 357351.25078974763 186372.44261010183 405190.8258342312 501158.5185031465 488813.3016629329 374511.9951163612 432359.3664835584 426448.7184857453 367301.4620632066
4153488.171047012 3000.0 443732.1450954761 455596.4156176298 459793.4870937343 437662.0948984855 282331.143400788 577258.7460273842 360325.2662098034 403842.7590686537 384617.6761312204 348328.43750383705
3571699.741747299 1644.0 324112.4911561545 512017.32741945307 286345.31062503066 435264.7984285477 354782.3107351073 473572.727665892 565230.3427792575 277286.0212936224 77943.12595765124 265145.28568658256
1381670.3738075346 1125.6 53533.229911014605 96565.74060780344 10743.259392196538 104637.3953917594 154721.7654150602 146309.67700590796 250489.9786802585 143346.7557273036 278556.3855278497 142766.18614838054
3400903.1045175944 2283.333333333333 281985.1079113535 132805.28324593336 292507.4649461932 121396.12748313136 379670.8981878432 674635.8661509705 327488.42951814947 536495.4643809588 250697.10313463403 403221.359558427
2799074.751585886 811.6 254592.03525519848 460748.5220256053 409261.00979642046 331397.119778224 343160.8246792473 202435.9233327264 210408.25428985123 261558.13638955835 278378.5770788272 47134.34896022689
474481.0 288.0 3986.8538446444745 34930.14615535553 0.0 173521.0 119844.70319859928 26370.29680140073 1400.0 50608.3854137414 59510.6145862586 4309.0
749303.654261581 288.0 1400.0 2645.2981690961133 104746.35738070146 226362.52187664132 177800.45834936315 7572.364224197944 5600.0 7108.0 20703.9481999195 195364.70606166156
752090.345738419 288.0 28168.345738418964 5715.0 1214.8893022990617 4492.1106977009385 2426.0776582473422 3803.91022958733 6098.974290405422 294414.2033804977 304332.8344412621 101424.0
2582832.018481093 1980.0 0.0 214249.253218768 310254.88860808074 406710.85817315127 0.0 161228.09014474897 487264.81501203217 474863.4383977845 133209.22625200145 395051.4486745266
3331927.52806007 2720.0 181545.1054131364 525759.3316059569 181858.84619265425 478195.4612070396 79989.17815583575 511154.81496031873 246820.3984326513 535454.4537623732 363619.28475733 227530.6535727734
3936857.445960344 3000.0 244005.71250654248 422586.4561283288 479054.502860353 459724.8340538858 272152.44410793006 527536.547761607 378970.4133873644 430289.69365963375 332020.52512731403 390516.3163673848
1708929.2720558168 807.4285714285714 54187.932234134365 35623.884172990875 210869.07099599935 131385.51716928085 62043.60292608742 147221.4692140519 311201.5307859481 172876.38759721385 291394.6124027861 292125.264557324
2801589.076793882 2140.0 86444.73544267603 291043.7780211449 86298.22197885509 171090.79642252414 425829.13448332064 278567.07248082245 483496.36401588726 53082.92996694328 374036.6593126857 551699.3846690226
3217059.114986048 2440.0 315917.9636521075 285189.1033954871 337082.5916011992 210023.957776308 452614.0277205412 487121.4495800361 87816.82853348927 412704.8382913017 187570.73558233608 441017.6188532425
4135265.5201764912 3000.0 422916.71966710704 554197.5664083881 356288.35838958336 468478.09786004655 349529.4677101501 438845.4245474589 346060.4754563871 440146.8273520996 328755.63278581604 430046.9499994541
4156032.082994328 3000.0 341179.89227860124 479172.2840296288 378395.8842519913 447723.0459776553 279876.487020782 413877.0814285195 282504.0841824381 636744.1059931936 483589.96717008576 412969.25066143146
3900056.441481298 3000.0 355195.6107666452 540901.2635623831 378032.06435063854 360491.58200055046 414741.3442012 386539.7733754631 436816.86718523526 218349.1409798349 427854.4148086327 381134.3802507144
4028614.135800651 3000.0 545826.1647286153 252383.4025738982 395179.5984564497 412566.0921408854 454512.1468871752 420512.52966834593 354074.6077296805 441502.5070502998 350186.8445504239 401870.242014877
3764495.023556924 3000.0 511955.1725908221 540003.0864682349 221766.80682598133 515200.8497963536 255588.83019590864 518762.0017256894 279781.642156854 475558.6793709214 301114.2940792138 144763.66034694415
