s_bytes_all avg_video_rate s_bytes_all_#1 s_bytes_all_#2 s_bytes_all_#3 s_bytes_all_#4 s_bytes_all_#5 s_bytes_all_#6 s_bytes_all_#7 s_bytes_all_#8 s_bytes_all_#9 s_bytes_all_#10
116453.45521902788 1500.0 0.0 0.0 0.0 0.0 0.0 0.0 0.0 0.0 749.7710089318886 115703.684210096
685047.9518299084 288.0 207062.08458084989 49579.27217102542 62494.39924836544 113114.50847915576 78876.21429251452 101302.85013135828 43415.51294107936 19247.75672843229 3468.9462081911984 6486.407048936361
872401.6078941732 288.0 112276.18239629734 150466.86719067712 168462.33350931012 94287.8469571954 111505.36289758366 103502.90107514964 65831.12219724366 10174.55337364554 40043.34944619623 15851.088850874508
762911.7164229002 288.0 13934.503846920448 59171.83192703722 49077.038439066106 175215.0282733711 89018.17069588187 49318.91557257618 32986.49630203746 0.0 140598.46525483532 153591.26611117442
761759.2686339903 634.2857142857143 22501.268633990247 46568.07294483273 71941.92705516728 125650.0 0.0 128546.0 0.0 185993.0 0.0 180559.0
2213084.774651334 1500.0 0.0 266984.8278529011 140226.0441132386 282541.59489540546 212385.20959042024 413377.1636311731 59412.9225668973 392295.23734996415 50712.94986372023 395148.8247876139
3085511.7917310838 2166.6666666666665 70699.68346504042 392523.3822011722 77265.44521409468 310653.4019287665 459104.4303898265 387369.3163413451 340475.46557370655 441027.7481453203 231085.11061973555 375307.8078520756
3262666.5176816327 2300.0 313197.25668843416 274691.585906978 254896.63735652677 416347.8011554449 391362.105057732 225643.7170297013 120884.79230477403 360601.9585715468 370710.5936404302 534330.069970064
3378177.1434878805 2300.0 303643.596368067 412096.7815310998 286290.0909047557 294772.19117427844 275757.0521545217 398375.89911501744 332459.124378593 262880.6515669334 388700.3898718712 423201.3664227429
3470849.626063644 2300.0 288951.4926211343 418960.346101184 301721.5931626881 257545.356989882 306438.6022095984 437196.571883598 258423.8624505689 301281.7496033265 375328.6926759124 525001.3583657511
2251136.146384426 1294.0 254979.1463844258 233782.91586731185 282275.9506125074 482212.72343279154 240128.7166943964 419180.52194958046 73416.3297721594 33675.84167125296 50985.600086767554 180498.39991323245
1169798.514256385 900.0 37905.57405116972 74408.42594883028 24703.04986356876 192351.9501364313 129493.72978909516 78554.0399930355 93913.42388383918 86357.80633403016 293469.8904863575 158640.6237700275
2574943.849274649 1900.0 266341.5983448297 142340.49616280515 231282.08291774013 219828.05234906008 198344.6073919616 195253.35182157787 201678.15180440823 497461.6340491274 421580.1428396664 200833.7315934724
3446723.3875704138 2300.0 350412.06074130384 293280.3999202445 332583.4165132703 500296.8793845717 356162.43368417927 191512.9132321602 351992.3295717334 265016.0225916863 419168.8929998116 386298.03893145226
2086948.2488985527 990.6666666666666 365865.2488985528 282327.0570570542 276293.845864088 392446.3557305788 288707.9710473673 62510.104642071085 2959.3394234053485 221816.7293655248 110523.40844350304 83498.18842640743
1713670.842675028 1236.0 0.0 219058.0 40423.311433134266 181264.68856686572 51565.65988814076 410443.34011185926 52173.867609257526 338673.1323907425 53473.620729187 366595.221945841
2553972.66839564 1820.0 48470.66443101644 401763.2059407922 33602.55579706884 421480.73115609447 271815.7980046144 145681.74735446883 296250.86807881587 287701.5812534921 259126.3079050636 388079.20847421297
3537638.681296505 2600.0 303457.5658467771 289527.99344669364 325930.6593143333 424151.8279984711 439077.13611772633 129014.19515208431 352053.242004129 291698.227197475 495653.211022133 487074.6231966822
4114308.781872908 3000.0 308246.7569574598 568260.7044560779 350457.2285612133 503509.61611829104 342346.0387993312 207935.5323382845 416272.86362283566 515900.79022653936 471085.4834710732 430293.76732180186
4204274.941978426 3000.0 385509.1353241576 500875.4745083069 369079.1141957256 349513.1231118152 411549.8483763811 561772.2045965515 402628.1256469816 282293.92316504987 379427.8008526029 561626.1922008537
4310919.561477711 3000.0 405233.5806347904 475796.746395029 306815.8628337758 432356.9496301306 344572.87957641267 460568.6998750812 566863.087170222 365527.935063041 429080.9496774322 524102.8706217972
3877622.272193365 2860.0 325088.3287213133 508816.0094356344 50807.56545914546 385158.9098152005 490052.2064362475 619596.2573666075 508905.4355958162 416530.8094738168 324348.6388705628 248318.111019021
4012254.486339631 3000.0 338028.03055905475 490805.2331210257 489544.0129088267 501510.919560737 420848.5247002471 268005.0382104702 466648.8856764557 278389.6854628665 479318.5073538143 279155.648786133
4115305.680121053 3000.0 484441.8537248165 272659.13352865085 497438.2868929069 552073.3968666263 328373.57302859705 419324.88670811616 351150.972361943 441828.353246106 333995.07952718966 434020.1442361004
4084680.360877616 3000.0 303617.0011156792 416451.5277513263 387999.5389734157 508234.7212832877 433496.8269143876 293138.1081353176 404622.04405621113 551881.2859502657 273284.5260795924 511954.7806181329
4125988.9719242686 3000.0 295087.26898651425 500719.98680559295 291804.6067554073 470084.6988406813 277420.23901792103 537431.3014840905 245187.16221465648 504907.2405632624 511983.0393629325 491363.4278932093
3928974.639073084 3000.0 317994.7080066421 352831.2216970378 409453.5433884237 366576.6922633351 367862.7284684334 413026.7126618554 395374.7254941604 384653.4656658432 440611.5313669157 480589.3100604367
4061303.112929444 3000.0 497594.6472782847 388808.5038268708 439635.237878112 268562.3171253525 474377.3067900121 270943.7153775474 407895.43790281255 290888.42524104024 493783.8757132564 528813.6457961549
3953772.0229260726 3000.0 492501.5783910935 107179.005793822 484516.08754302486 443174.97391579207 395065.1407179938 446806.3960987397 350706.3046724571 453413.3719200764 339844.2422741723 440564.9215989009
4109024.551205555 3000.0 323750.06166511134 421458.7233643603 480407.58250808105 526829.6138586273 225294.77525266545 446113.4575016591 321577.7459302565 484658.75643536606 326118.6750140889 552815.159675339
