s_bytes_all avg_video_rate s_bytes_all_#1 s_bytes_all_#2 s_bytes_all_#3 s_bytes_all_#4 s_bytes_all_#5 s_bytes_all_#6 s_bytes_all_#7 s_bytes_all_#8 s_bytes_all_#9 s_bytes_all_#10
806643.0641741891 888.0 0.0 0.0 0.0 0.0 0.0 0.0 11533.778605187068 288237.2427971334 209102.48002446283 297769.56274740584
603392.5829001238 403.2 263158.3026171102 102087.58508814848 10572.993539939798 7496.2205053512225 2664.3904504305974 6870.811193367479 2748.740567866709 5605.422289571832 48081.666631118576 154106.4500172189
1259052.7414332689 422.6666666666667 110208.36799406154 158700.86811634636 55595.245607280325 76219.67131743582 233031.7386369737 214727.6011210644 133588.32710549995 136844.5330270251 0.0 140136.38850758158
2479132.6114924187 1500.0 248987.73097013083 350726.1705715868 336710.72082422907 338030.7988387517 214358.23080783492 139910.95947988512 70625.2053759108 302188.1621526344 318625.7114520787 158968.92101937608
2963180.186696966 2166.6666666666665 241284.78746093667 173798.21253906333 240256.59509840017 326970.08744945505 339088.1520690652 373735.1653830796 167104.39124746766 384147.1230459928 538650.4305827033 178145.24182080224
3811184.3965612967 2800.0 508322.4125463728 117432.11976857614 405908.8726498626 118530.05575510868 491117.135316821 320007.3625637315 550943.6126047008 396653.485314584 514766.7667551144 387502.5732864249
4065772.6185382414 3000.0 455389.41674173705 30739.769505334803 378006.27079976734 516563.9998608826 440987.9401891008 394326.4320927204 467831.2111033039 400698.3966431692 456208.3296273985 525020.8519748268
4114609.5108474502 3000.0 266829.88417439576 544372.103446975 244564.81058212495 272864.9570520894 431548.9952547406 628540.5647892277 338838.7049810574 574868.7132178609 346040.3098973357 466140.4674516433
4247469.287356045 3000.0 420766.670658991 484885.85938977415 353904.4607722007 555869.332730796 18592.96380428316 521356.3519208367 528894.4600975906 445001.2231950848 491832.842516674 426365.1222698138
4039545.890981088 3000.0 256730.39430267224 400490.7827361345 384505.5355707019 511183.28739049146 253684.5599041516 414985.34696372674 655075.1276408334 239773.88161659316 401711.5910743585 521405.3837814246
4355211.419541575 3000.0 562061.4485837796 257606.87953330655 514404.7415378705 488282.411894941 529651.571641188 63596.3669987479 202378.33452511756 571037.0395777159 598190.5977411532 568002.0275077551
3727689.763022474 2874.285714285714 348220.0139989985 297008.4742736903 419937.33406490856 417659.2933104228 364356.4880713164 378890.7534849976 185334.86571317105 325559.9605323637 483176.7713473889 507545.8082252163
5587260.84457541 4875.0 542009.682926837 696698.2073748133 446965.9205733171 492560.8957398007 448765.6938579623 682358.7182802969 533857.5563525606 556006.0317031787 588291.6479751456 599746.4897914979
3947877.081879453 1272.0 483195.6593428966 528554.7470474273 498254.3285256497 436397.8100663872 212417.07541805733 326873.4614790344 360772.8098917559 394846.7709225001 500805.6430731713 205758.7761125726
3206891.465468777 2457.6 231885.1072214252 418285.9009402548 560499.333135815 356493.175175083 433520.7306248221 409650.046313406 501131.9144707048 237493.87345385863 22383.747803304454 35547.63633010348
1510350.1210146402 819.4285714285714 243250.77007865737 78983.99693639413 106364.76751617133 28634.876459016265 197362.1235409837 30784.35385213645 200758.6461478636 246681.52277164915 136152.47722835082 241376.5864834173
2893443.47244156 2140.0 150483.41351658266 374435.2284339888 15546.771566011164 248554.78385893733 334163.06469949224 442849.829462485 189564.24925964436 396402.0785424448 212946.34904743303 528497.7040545399
3823883.554317526 2860.0 98676.98419038496 501073.036492854 178316.92039178452 521043.19976672094 257841.44196524785 596181.6498049801 281179.86525552016 509892.4178694199 399596.6430220669 480081.3955585469
4007381.00167228 2860.0 159738.88663345968 285682.0719871461 357532.78013467067 480347.5691534441 286431.6297209098 541478.4986635204 465634.6053710237 513557.009669877 487789.7093707304 429188.2409674977
3757440.9470282663 2860.0 357526.84810673003 314814.8473062905 431862.3389682563 293007.418094173 112372.00419907154 481334.8122415761 487138.4386209116 435995.124869037 386009.7600066365 457379.3546155845
4355362.173470178 3000.0 461025.5768740517 387997.2068281537 545779.593831057 472051.7953598654 495441.8399142864 480938.0825696677 399173.3422190005 327830.56844642985 387434.345959867 397689.82146779815
4156137.9388158577 3000.0 367404.5846595253 281802.14240476175 454315.9905583171 470745.5691788115 297051.4647940672 404345.5800976815 376054.89982946106 567333.1684677865 409138.4556982441 527946.0831272022
3526957.527538493 2250.0 230972.78113804688 609531.6267650367 273512.7214588948 421908.1964089364 40196.460033761294 477862.0781254466 235083.40668224668 532808.9426175981 184737.98015592844 520343.3341525968
3165136.798232422 1644.0 560401.0240087351 437615.0923819859 507336.8860803667 537342.9053339172 248570.5914080717 424431.1220570485 130193.43288965306 5826.789592501588 209365.55660604435 104053.39787409815
1618366.380088593 1125.6 96990.0 29896.91030779634 210160.08969220368 13189.989204958429 412297.2803280211 22740.87485364469 391857.8556133758 23950.316988750776 388512.6830112492 28770.38008859341
3232814.613759118 2416.6666666666665 504507.20404777135 69373.64306815423 396009.8279804133 449206.2315173402 334226.7132977275 240808.2094140425 299980.19116126065 444017.275694267 187523.95654161228 307161.3610365289
4032799.338559402 3000.0 381322.7454321069 486574.63419146615 311767.7567413923 441056.53993279615 348983.54909047985 572748.866952452 175406.2476479372 515310.6107020372 284628.66238899995 514999.72547973465
4183264.6675928864 3000.0 321872.9814248754 542230.7226511118 230289.1490312124 528135.931364398 555508.4635652218 469168.419556067 0.0 514525.5884294148 547133.8671950516 474399.5443755336
3860178.83736977 3000.0 256695.59481968448 386083.3813345453 368736.86322386167 487466.06101397466 464895.7955471678 306083.3040607661 532437.1254100768 345002.87458992325 253449.83216821443 459328.0052015556
134913.16263022998 3000.0 134913.16263022998         
