s_bytes_all avg_video_rate s_bytes_all_#1 s_bytes_all_#2 s_bytes_all_#3 s_bytes_all_#4 s_bytes_all_#5 s_bytes_all_#6 s_bytes_all_#7 s_bytes_all_#8 s_bytes_all_#9 s_bytes_all_#10
1028878.550935277 1236.0 0.0 0.0 0.0 0.0 0.0 0.0 0.0 204850.91422989752 269909.856326809 554117.7803785705
3739287.863767747 1625.4545454545455 322206.307817912 410152.2331282618 442710.5440695474 474591.8399257947 323861.524123207 23845.96562873824 471857.0140594377 394630.5648748184 519541.8461081266 355890.02403190325
3830334.098870636 3000.0 382539.1317803606 384738.64003058366 361698.6204914135 431900.7374787416 358413.0280713391 330678.986287897 362900.4323446159 342400.2706525815 415221.8773139677 459842.3744191352
3105175.9316188795 2416.6666666666665 393827.7535590738 395153.5230031255 379116.4901619151 410291.3461113331 208420.7327258704 245757.305370166 299021.4240411857 360840.5918043341 253688.6384774017 159058.12636447418
3140413.2463350752 2300.0 390832.3336804384 318168.2607539977 438199.06265117467 219008.45107151105 384269.4466503389 209502.43998508868 257417.51252599692 367879.0448332647 229998.8253153278 325137.8688679363
3534213.1885923743 2300.0 465219.40316397627 529036.6161915117 406341.21816890175 397831.7972099735 238312.8247193501 355545.01744613185 360804.9760293262 203182.99363304887 393609.4084074376 184328.93362271663
2901540.632331568 2300.0 424636.2735187712 218203.5552862 395898.1508007332 192738.69594786197 354935.4443264448 201096.59044743932 260666.2065934524 265857.89986571606 222590.8657838384 364916.9497611101
2931490.880912479 2300.0 307258.4773189988 256905.2763329498 319718.0830964471 260909.73768818832 313027.36147099815 284279.48695263325 429356.48082419 252240.43091445928 325230.152949579 182565.3933640353
3002058.15478761 2300.0 333900.9694317733 387745.5826896621 245292.33255954628 294843.02025111706 242082.34348345848 267656.46456602914 361179.25723227736 186731.040547988 420696.595874113 261930.5481516452
2946073.304389031 2300.0 233868.53502795496 347002.85622046184 288040.6039968367 184277.7599378448 349452.9178388299 355998.454668568 314436.3241578587 274587.93169375136 262009.4582037184 336398.46264320624
3489925.833768764 2300.0 367953.39746311936 381358.6938668443 404384.963364557 498609.2080752022 416671.5671076465 340599.18130983773 368980.9359974307 196310.3096832409 420175.60072022537 94881.97618066
3170411.603086241 2300.0 471666.31369056 247740.4621350669 207462.53786493308 262760.6933809242 289743.238593305 374731.438792158 299448.9221951878 342928.13088286173 328339.1445953169 345590.7209559281
4517815.569155781 2300.0 321838.7106043182 288627.08989979024 198213.42366593616 295399.3404260779 367853.1460081957 0.0 170606.58135762505 346687.0206314407 988276.6882469977 1540313.5683153984
3794342.05482799 2300.0 963610.1414485384 469594.761121224 443739.238878776 252744.88735414605 294087.112645854 261075.85197589584 293562.9433028358 326453.4080875919 216248.81216733655 273224.89784579165
3316872.352550708 2300.0 255437.80888090076 233366.0568179704 330046.2209216772 302790.856972665 301340.3495072387 369625.0238490536 251119.80953801103 278093.17732474045 385351.9450199484 609701.1037185026
3144553.73406984 2300.0 413250.5462791447 355928.9227641587 366075.3782295376 200975.60438863595 398285.5177585026 111724.14019177984 526658.9072985715 218224.2889211371 542291.7040165275 11138.724221844564
3131560.777672507 2300.0 0.0 272486.9740258945 440337.3724323149 569997.1222994077 425212.204433002 286346.93151622626 253730.65141004656 310342.5724948548 241019.98595212263 332086.9631086374
3034808.355649369 2300.0 322613.17132862227 352993.54768641933 287276.3084615174 275708.92290783644 360828.8380600968 202954.94540124256 382297.53257823887 221261.93218596885 409646.4225422851 219226.73449714185
2985334.5843269373 2300.0 343171.8666781237 288329.8395545429 304781.1604454571 286813.04449400585 180462.29506665684 228199.56050661724 284229.4447925986 256820.1904036898 338017.9858130897 474509.1965721554
3307576.4840505878 2300.0 154835.2823511865 274490.43408531405 255049.7005283414 326425.9868792651 432596.70570124674 616840.136856427 327904.48115839536 403675.64535501495 260876.0922334027 254882.01890199332
2131072.798300599 2300.0 406771.36016579374 151520.51258710545 354542.8516716288 240016.20367007155 390659.58439126576 133576.68947818162 451879.5963365524 2106.0 0.0 0.0
2947570.527818482 2300.0 82731.299722755 406633.969786664 464285.2195545049 378277.5109360762 0.0 345575.0 610098.1547417187 262484.8452582814 65679.66050285893 331804.86731562286
3953589.348016765 2300.0 527131.9657601216 569671.1682602965 394863.372446829 551282.051724279 453107.8847347811 285229.25523079926 341554.90922398673 317387.4821973234 331832.69248818414 181528.56595016475
3152132.1250101435 2300.0 189093.18347998464 235256.41973557076 407105.8721794031 443923.2009642404 359229.48825061833 221396.98491521605 324663.73323986994 280973.4492837612 469298.04950399406 221191.74345748505
3078515.6037061494 2300.0 319935.9991546091 9891.012685050007 252865.64176422628 322057.4441320531 497878.52181693 368838.3343197144 471930.6071200774 125933.39699660132 470508.21273286233 238676.4329840251
3039083.641722183 2300.0 333964.39544846007 219317.31142951152 290653.93157540885 306326.0116974437 251040.37761405375 301038.3148678318 402442.788470729 385425.9699683276 236673.2596577056 312201.2809927111
3304897.1318563973 2300.0 299590.77427490894 252317.0913548321 240036.68938282097 322232.64681893506 293476.40457759163 258131.15580524085 423895.1227633247 201159.7197824226 571187.556569434 442869.9705268868
3138949.8170007737 1980.0 373434.9156038843 367648.9687787729 285233.87630760524 242271.5867424154 260661.0409359782 460639.2638630318 375041.0510162119 290354.28186944965 219594.2210355201 264070.61084790376
2023944.2655438848 1500.0 159278.26835385952 164603.0526278064 237125.48388744032 259484.16285017369 143063.6891786834 210084.1683824445 189949.56624823136 296762.3367188395 160786.07662162755 202807.46067477835
1914540.885205436 1500.0 168879.53932522165 188645.30211548155 216251.69788451848 16538.01339204032 352243.9252426313 46649.86651983112 103277.25288450845 363202.8537908575 320015.63655004685 138836.79750029888
