ts te s_bytes_all avg_video_rate
0.0 10000.0 375606.03584254754 894.0
10000.0 20000.0 937269.0437230943 288.0
20000.0 30000.0 939070.7013860166 336.0
30000.0 40000.0 1079835.2190483417 720.0
40000.0 50000.0 2031838.3359356953 1656.6666666666667
50000.0 60000.0 3209113.664064305 2300.0
60000.0 70000.0 4093970.5269950684 3000.0
70000.0 80000.0 4263371.198023976 3000.0
80000.0 90000.0 4224113.757743478 3000.0
90000.0 100000.0 3914419.2765695546 3000.0
100000.0 110000.0 4221951.325471667 3000.0
110000.0 120000.0 4168125.2224337794 3000.0
120000.0 130000.0 4302551.4324213555 3000.0
130000.0 140000.0 4178254.741512302 3000.0
140000.0 150000.0 3835812.6073945905 3000.0
150000.0 160000.0 3999012.7128382036 3000.0
160000.0 170000.0 4360413.34496338 3000.0
170000.0 180000.0 4323167.542891836 3000.0
180000.0 190000.0 3973906.742592912 3000.0
190000.0 200000.0 3624028.1556626507 2720.0
200000.0 210000.0 4141564.695957923 3350.0
210000.0 220000.0 5232052.213399815 3350.0
220000.0 230000.0 3922784.5609698193 3000.0
230000.0 240000.0 2823024.9421576904 1224.0
240000.0 250000.0 2097551.883741022 1556.0
250000.0 260000.0 3534554.9204174886 2533.3333333333335
260000.0 270000.0 4164436.239609911 3000.0
270000.0 280000.0 4279435.869635153 3000.0
280000.0 290000.0 4142656.3922053394 3000.0
290000.0 300000.0 4190822.9598170854 3000.0
300000.0 310000.0 100727.73457400143 0.0
