ts te s_bytes_all avg_video_rate
0.0 10000.0 1855170.5724762883 1500.0
10000.0 20000.0 4014546.7077825237 1800.0
20000.0 30000.0 4391055.352158222 3000.0
30000.0 40000.0 3864999.09678939 3000.0
40000.0 50000.0 3954937.8664964316 3000.0
50000.0 60000.0 4706195.364020838 3000.0
60000.0 70000.0 3652965.276272268 3000.0
70000.0 80000.0 3679911.432454342 2600.0
80000.0 90000.0 3728242.8948082426 3000.0
90000.0 100000.0 3316350.352769293 2440.0
100000.0 110000.0 3483819.8836895125 2300.0
110000.0 120000.0 3663921.630218196 2720.0
120000.0 130000.0 3024546.647428406 2400.0
130000.0 140000.0 2465223.0038363747 1750.0
140000.0 150000.0 3825740.774949437 3000.0
150000.0 160000.0 3920217.94752755 3000.0
160000.0 170000.0 4510851.376938543 3000.0
170000.0 180000.0 3776375.4027902302 3000.0
180000.0 190000.0 3888132.919654484 3000.0
190000.0 200000.0 2363903.334056168 2300.0
200000.0 210000.0 3789765.7773272665 2300.0
210000.0 220000.0 3988186.695468865 3000.0
220000.0 230000.0 2520574.228838702 2475.0
230000.0 240000.0 3796731.568759052 1957.142857142857
240000.0 250000.0 3807681.4307180867 2750.0
250000.0 260000.0 3878861.561749788 3000.0
260000.0 270000.0 3069638.2218360794 2825.0
270000.0 280000.0 3459761.75898166 2300.0
280000.0 290000.0 4246169.675294757 2766.6666666666665
290000.0 300000.0 3997708.1504959683 3000.0
300000.0 310000.0 166900.09341303378 0.0
