ts te s_bytes_all avg_video_rate
0.0 10000.0 0.0 0.0
10000.0 20000.0 0.0 0.0
20000.0 30000.0 183949.3440325417 288.0
30000.0 40000.0 707502.1702136704 288.0
40000.0 50000.0 1223199.4339765902 345.6
50000.0 60000.0 854433.9639867006 432.0
60000.0 70000.0 697923.3465186022 288.0
70000.0 80000.0 613773.2011404239 320.0
80000.0 90000.0 1543671.526704716 1042.5
90000.0 100000.0 1360074.013426755 582.0
100000.0 110000.0 2395402.605046313 1390.0
110000.0 120000.0 2877605.3358205976 1957.142857142857
120000.0 130000.0 3570113.05913309 2300.0
130000.0 140000.0 3793539.3737787493 2300.0
140000.0 150000.0 4258434.294854503 3000.0
150000.0 160000.0 3741294.936929548 2720.0
160000.0 170000.0 4269353.000946776 3000.0
170000.0 180000.0 3753062.3934904234 3000.0
180000.0 190000.0 4896897.5632893555 3400.0
190000.0 200000.0 4086198.9632861135 2733.3333333333335
200000.0 210000.0 3634815.7923181136 2650.0
210000.0 220000.0 4245032.011444755 3000.0
220000.0 230000.0 3859130.442133907 3000.0
230000.0 240000.0 4131377.9810197325 3000.0
240000.0 250000.0 4470318.246508023 3233.3333333333335
250000.0 260000.0 4112213.7391708954 2950.0
260000.0 270000.0 3331652.2608291046 1928.5714285714287
270000.0 280000.0 2193803.0 3000.0
280000.0 290000.0 1973005.0 3000.0
290000.0 300000.0 1875236.0 1680.0
300000.0 310000.0 0.0 0.0
