ts te s_bytes_all avg_video_rate
0.0 10000.0 0.0 0.0
10000.0 20000.0 806643.0641741891 888.0
20000.0 30000.0 603392.5829001238 403.2
30000.0 40000.0 1259052.7414332689 422.6666666666667
40000.0 50000.0 2479132.6114924187 1500.0
50000.0 60000.0 2963180.186696966 2166.6666666666665
60000.0 70000.0 3811184.3965612967 2800.0
70000.0 80000.0 4065772.6185382414 3000.0
80000.0 90000.0 4114609.5108474507 3000.0
90000.0 100000.0 4247469.287356045 3000.0
100000.0 110000.0 4039545.8909810875 3000.0
110000.0 120000.0 4355211.419541575 3000.0
120000.0 130000.0 3727689.763022474 2874.285714285714
130000.0 140000.0 5587260.84457541 4875.0
140000.0 150000.0 3947877.081879453 1272.0
150000.0 160000.0 3206891.465468777 2457.6
160000.0 170000.0 1510350.1210146402 819.4285714285714
170000.0 180000.0 2893443.4724415597 2140.0
180000.0 190000.0 3823883.554317526 2860.0
190000.0 200000.0 4007381.0016722796 2860.0
200000.0 210000.0 3757440.9470282667 2860.0
210000.0 220000.0 4355362.173470178 3000.0
220000.0 230000.0 4156137.9388158577 3000.0
230000.0 240000.0 3526957.527538493 2250.0
240000.0 250000.0 3165136.798232422 1644.0
250000.0 260000.0 1618366.3800885933 1125.6
260000.0 270000.0 3232814.613759118 2416.6666666666665
270000.0 280000.0 4032799.338559402 3000.0
280000.0 290000.0 4183264.6675928864 3000.0
290000.0 300000.0 3860178.83736977 3000.0
300000.0 310000.0 134913.16263022998 3000.0
