ts te s_bytes_all avg_video_rate
0.0 10000.0 866351.7030468596 1500.0
10000.0 20000.0 4143179.0114862532 1500.0
20000.0 30000.0 3961901.4923484763 2785.714285714286
30000.0 40000.0 3924147.9214769364 2500.0
40000.0 50000.0 3799720.3375380575 2700.0
50000.0 60000.0 4076114.957310347 3000.0
60000.0 70000.0 4267852.576793071 3000.0
70000.0 80000.0 4137539.328571352 3000.0
80000.0 90000.0 3857514.797927079 3000.0
90000.0 100000.0 4251516.275163531 3000.0
100000.0 110000.0 4383943.598338038 3000.0
110000.0 120000.0 3564251.561917974 3000.0
120000.0 130000.0 3062148.6453071735 1657.5
130000.0 140000.0 3180768.4269868387 2440.0
140000.0 150000.0 2387851.3657880137 3000.0
150000.0 160000.0 3864105.439375798 2500.0
160000.0 170000.0 4108966.9642482228 3000.0
170000.0 180000.0 4002850.1660072934 3216.6666666666665
180000.0 190000.0 3847450.6325022103 2250.0
190000.0 200000.0 3982657.1595650283 3000.0
200000.0 210000.0 4042406.9548381357 3000.0
210000.0 220000.0 4898988.547958266 3000.0
220000.0 230000.0 4360557.918245068 3000.0
230000.0 240000.0 3979034.6252629873 3000.0
240000.0 250000.0 4523905.713086652 3000.0
250000.0 260000.0 4298581.088213217 3000.0
260000.0 270000.0 4169271.114011299 3000.0
270000.0 280000.0 4289608.324395577 3000.0
280000.0 290000.0 4186886.7118462543 3000.0
290000.0 300000.0 4305953.1631986415 3000.0
