ts te s_bytes_all avg_video_rate
0.0 10000.0 651791.7687080821 692.0
10000.0 20000.0 750374.9800216522 288.0
20000.0 30000.0 1020178.2502177537 384.0
30000.0 40000.0 3841155.5960082025 3553.3333333333335
40000.0 50000.0 2560558.8271338437 2466.6666666666665
50000.0 60000.0 5131316.301682795 4400.0
60000.0 70000.0 4905540.265035814 2600.0
70000.0 80000.0 4011082.55133503 3000.0
80000.0 90000.0 4087105.5227480014 3000.0
90000.0 100000.0 4681362.76211806 3560.0
100000.0 110000.0 4945137.16398318 3280.0
110000.0 120000.0 5100990.785342337 4120.0
120000.0 130000.0 5006478.809005077 3233.3333333333335
130000.0 140000.0 4705393.296142791 3875.0
140000.0 150000.0 4436494.465360501 2650.0
150000.0 160000.0 4219038.66943769 3000.0
160000.0 170000.0 3956049.985719191 3000.0
170000.0 180000.0 4167966.1874838765 3000.0
180000.0 190000.0 4283664.43966146 3000.0
190000.0 200000.0 4173326.3532092017 3000.0
200000.0 210000.0 4210281.664324913 3000.0
210000.0 220000.0 3979741.8897396848 3000.0
220000.0 230000.0 4369310.012500461 3000.0
230000.0 240000.0 4276303.499715852 3000.0
240000.0 250000.0 4195403.379648943 3000.0
250000.0 260000.0 4001669.6716922093 3000.0
260000.0 270000.0 4287061.651140101 3000.0
270000.0 280000.0 4359001.955393078 3000.0
280000.0 290000.0 4366440.613801063 3000.0
290000.0 300000.0 4217404.314836804 3000.0
300000.0 310000.0 162020.36685235423 0.0
