ts te s_bytes_all avg_video_rate
0.0 10000.0 1350330.4437267263 1500.0
10000.0 20000.0 4091204.493609526 1800.0
20000.0 30000.0 3817473.0626637475 3000.0
30000.0 40000.0 3304863.601667257 2416.6666666666665
40000.0 50000.0 3846958.135384262 2416.6666666666665
50000.0 60000.0 3322237.262948481 3000.0
60000.0 70000.0 3282749.0 2300.0
70000.0 80000.0 3314182.0 2300.0
80000.0 90000.0 2922166.73551054 2300.0
90000.0 100000.0 1998563.3242094794 1500.0
100000.0 110000.0 2065065.9402799807 1500.0
110000.0 120000.0 2302926.0 1500.0
120000.0 130000.0 2006319.6900922551 1500.0
130000.0 140000.0 1823920.5380264632 1500.0
140000.0 150000.0 2517340.7718812814 1500.0
150000.0 160000.0 3535625.8391541326 3000.0
160000.0 170000.0 3956414.333347246 3000.0
170000.0 180000.0 4049820.695939105 3000.0
180000.0 190000.0 4433759.882853689 3000.0
190000.0 200000.0 2024556.7524950015 2300.0
200000.0 210000.0 4259200.8281469755 2300.0
210000.0 220000.0 2408685.2857576963 2300.0
220000.0 230000.0 3442241.469714718 2300.0
230000.0 240000.0 3118685.369150579 2300.0
240000.0 250000.0 2953542.3054613 2300.0
250000.0 260000.0 3612603.82803821 2300.0
260000.0 270000.0 2966708.3031476624 2300.0
270000.0 280000.0 3190913.8540963274 2300.0
280000.0 290000.0 3662621.8642013124 2860.0
290000.0 300000.0 4043620.41004547 3000.0
300000.0 310000.0 233553.9784505753 0.0
