ts te s_bytes_all avg_video_rate
0.0 10000.0 1728328.0784455822 1500.0
10000.0 20000.0 4648069.094002908 1909.090909090909
20000.0 30000.0 4062864.4076970574 3000.0
30000.0 40000.0 3925096.8040803866 3000.0
40000.0 50000.0 3899510.6118565905 3000.0
50000.0 60000.0 4654273.81429573 3000.0
60000.0 70000.0 3966960.002763694 3000.0
70000.0 80000.0 3327145.2177764815 2533.3333333333335
80000.0 90000.0 3687199.7975992477 2860.0
90000.0 100000.0 4161003.7390822084 3000.0
100000.0 110000.0 4405348.8965091575 3000.0
110000.0 120000.0 3823622.6612189636 3000.0
120000.0 130000.0 3868498.961406636 3000.0
130000.0 140000.0 3853154.830913407 3000.0
140000.0 150000.0 2429555.0823519505 3000.0
150000.0 160000.0 4551842.850176817 2300.0
160000.0 170000.0 3972970.6761202333 2720.0
170000.0 180000.0 3423603.1068819426 2580.0
180000.0 190000.0 3131790.5560957734 2400.0
190000.0 200000.0 3222751.8107252335 2400.0
200000.0 210000.0 4228769.26437976 3000.0
210000.0 220000.0 4238230.246887026 3000.0
220000.0 230000.0 3845312.0380753335 3000.0
230000.0 240000.0 3234790.3172167344 2440.0
240000.0 250000.0 3886302.9249602878 2533.3333333333335
250000.0 260000.0 3801249.7248801747 3000.0
260000.0 270000.0 3206173.353566997 2860.0
270000.0 280000.0 3766686.321869123 2580.0
280000.0 290000.0 2571623.3438457344 2100.0
290000.0 300000.0 2459082.7048220397 1205.0
300000.0 310000.0 57422.75949678894 0.0
