ts te s_bytes_all avg_video_rate
0.0 10000.0 1028878.550935277 1236.0
10000.0 20000.0 3739287.863767747 1625.4545454545455
20000.0 30000.0 3830334.098870636 3000.0
30000.0 40000.0 3105175.9316188795 2416.6666666666665
40000.0 50000.0 3140413.2463350752 2300.0
50000.0 60000.0 3534213.1885923743 2300.0
60000.0 70000.0 2901540.6323315674 2300.0
70000.0 80000.0 2931490.880912479 2300.0
80000.0 90000.0 3002058.15478761 2300.0
90000.0 100000.0 2946073.304389031 2300.0
100000.0 110000.0 3489925.833768764 2300.0
110000.0 120000.0 3170411.6030862415 2300.0
120000.0 130000.0 4517815.569155781 2300.0
130000.0 140000.0 3794342.05482799 2300.0
140000.0 150000.0 3316872.352550708 2300.0
150000.0 160000.0 3144553.73406984 2300.0
160000.0 170000.0 3131560.777672507 2300.0
170000.0 180000.0 3034808.355649369 2300.0
180000.0 190000.0 2985334.5843269373 2300.0
190000.0 200000.0 3307576.4840505873 2300.0
200000.0 210000.0 2131072.798300599 2300.0
210000.0 220000.0 2947570.527818482 2300.0
220000.0 230000.0 3953589.3480167654 2300.0
230000.0 240000.0 3152132.1250101435 2300.0
240000.0 250000.0 3078515.6037061494 2300.0
250000.0 260000.0 3039083.641722183 2300.0
260000.0 270000.0 3304897.1318563973 2300.0
270000.0 280000.0 3138949.8170007737 1980.0
280000.0 290000.0 2023944.2655438846 1500.0
290000.0 300000.0 1914540.885205436 1500.0
