ts te s_bytes_all avg_video_rate
0.0 10000.0 185856.77885544935 1500.0
10000.0 20000.0 1986866.1160051702 447.42857142857144
20000.0 30000.0 1207571.124850144 696.0
30000.0 40000.0 1113441.2821736722 624.0
40000.0 50000.0 1880284.9941241997 1520.0
50000.0 60000.0 3669506.3184979497 3000.0
60000.0 70000.0 3679878.770437033 3000.0
70000.0 80000.0 4238756.154181296 2766.6666666666665
80000.0 90000.0 3649050.141120919 3000.0
90000.0 100000.0 3863031.390500884 3000.0
100000.0 110000.0 3852141.2494427348 3000.0
110000.0 120000.0 3900257.499675138 2720.0
120000.0 130000.0 3752448.633876286 2766.6666666666665
130000.0 140000.0 3917288.3048278694 3000.0
140000.0 150000.0 3731983.1176513447 3000.0
150000.0 160000.0 4286462.095724058 3000.0
160000.0 170000.0 3631287.0086727687 2533.3333333333335
170000.0 180000.0 3750206.9594590934 3000.0
180000.0 190000.0 3851358.2662016377 3000.0
190000.0 200000.0 3757784.9083763515 3000.0
200000.0 210000.0 3938313.2817196473 3000.0
210000.0 220000.0 4489477.819887123 2650.0
220000.0 230000.0 3795666.0591869466 3000.0
230000.0 240000.0 3945268.677233088 3000.0
240000.0 250000.0 3108143.2470998336 2100.0
250000.0 260000.0 2874583.968561955 2650.0
260000.0 270000.0 4284594.946053125 2600.0
270000.0 280000.0 3907252.8043754916 3000.0
280000.0 290000.0 3191016.5435387106 3000.0
290000.0 300000.0 3755276.291028895 2416.6666666666665
300000.0 310000.0 205803.2466611852 0.0
