ts te s_bytes_all avg_video_rate
0.0 10000.0 756759.7616524315 1500.0
10000.0 20000.0 4578780.738321562 1500.0
20000.0 30000.0 4096374.070220834 3000.0
30000.0 40000.0 4254544.233552726 3000.0
40000.0 50000.0 3702286.1962524466 3000.0
50000.0 60000.0 3097959.2703043954 2300.0
60000.0 70000.0 4194914.637808557 2533.3333333333335
70000.0 80000.0 3792270.869818329 3000.0
80000.0 90000.0 4070655.5412897 3000.0
90000.0 100000.0 4479403.770289669 3000.0
100000.0 110000.0 4161454.2161541334 3000.0
110000.0 120000.0 4001947.7774215257 3000.0
120000.0 130000.0 3956249.6402625274 3000.0
130000.0 140000.0 3064370.2766511645 1457.142857142857
140000.0 150000.0 2755600.142852729 2033.3333333333333
150000.0 160000.0 3509654.128423392 2580.0
160000.0 170000.0 3147469.728723879 1450.2857142857142
170000.0 180000.0 1637332.8314377735 1257.6
180000.0 190000.0 3135506.7314925366 2283.3333333333335
190000.0 200000.0 4275786.14932645 3000.0
200000.0 210000.0 4041184.2249791063 3000.0
210000.0 220000.0 3072133.4304148806 3000.0
220000.0 230000.0 1786310.2458630737 1500.0
230000.0 240000.0 4183103.848194205 2062.5
240000.0 250000.0 3402782.058497623 3000.0
250000.0 260000.0 3516324.659767995 2250.0
260000.0 270000.0 2858292.8200263563 3000.0
270000.0 280000.0 2216735.7486987216 2300.0
280000.0 290000.0 4544764.763047446 2300.0
290000.0 300000.0 4322548.281723005 2650.0
300000.0 310000.0 132971.2065308279 0.0
