ts te s_bytes_all avg_video_rate
0.0 10000.0 873362.4346955034 940.0
10000.0 20000.0 2811548.7718009045 1141.8181818181818
20000.0 30000.0 3753267.997438313 2800.0
30000.0 40000.0 3942538.2046460793 3000.0
40000.0 50000.0 3825228.2619331037 3000.0
50000.0 60000.0 4647905.949949656 3000.0
60000.0 70000.0 3844250.658042319 3000.0
70000.0 80000.0 3864258.6547190156 3000.0
80000.0 90000.0 3896410.552809521 3000.0
90000.0 100000.0 3876853.5691477624 3000.0
100000.0 110000.0 4500442.966873318 3000.0
110000.0 120000.0 3922903.627572038 3000.0
120000.0 130000.0 2890637.914386039 2650.0
130000.0 140000.0 3674216.8185138004 2416.6666666666665
140000.0 150000.0 3645345.6969932653 3000.0
150000.0 160000.0 4218045.776552883 3000.0
160000.0 170000.0 4107546.5893066917 3000.0
170000.0 180000.0 3496238.526871144 2440.0
180000.0 190000.0 3856116.257896484 3000.0
190000.0 200000.0 4018181.8739837804 3000.0
200000.0 210000.0 4381169.91929611 3000.0
210000.0 220000.0 3844427.3894597604 3000.0
220000.0 230000.0 3956399.6006143317 3000.0
230000.0 240000.0 3690868.986498178 3000.0
240000.0 250000.0 3275482.5141589167 2142.8571428571427
250000.0 260000.0 4025559.863234135 3000.0
260000.0 270000.0 3209568.695857356 2825.0
270000.0 280000.0 3239383.4003027203 2266.6666666666665
280000.0 290000.0 3926603.334296429 3000.0
290000.0 300000.0 4523293.33907791 3000.0
300000.0 310000.0 114426.85307253344 0.0
