ts te s_bytes_all avg_video_rate
0.0 10000.0 2055951.6229565996 1500.0
10000.0 20000.0 3147971.1548697157 1500.0
20000.0 30000.0 2524513.8900162363 1500.0
30000.0 40000.0 2217890.332157449 1500.0
40000.0 50000.0 2205777.6332456972 1500.0
50000.0 60000.0 1630411.5717121412 1500.0
60000.0 70000.0 2293599.7950421614 1500.0
70000.0 80000.0 1880869.9436239386 1500.0
80000.0 90000.0 2422132.73770111 1500.0
90000.0 100000.0 2351620.9358048197 1500.0
100000.0 110000.0 3159078.382870131 3000.0
110000.0 120000.0 2965980.921201555 2300.0
120000.0 130000.0 2707918.0132902917 2300.0
130000.0 140000.0 2668505.4860067787 2300.0
140000.0 150000.0 3946969.5372782894 2300.0
150000.0 160000.0 2997148.248461055 2300.0
160000.0 170000.0 3367804.1545407623 2300.0
170000.0 180000.0 3238515.856343693 2300.0
180000.0 190000.0 3024644.6794696054 2300.0
190000.0 200000.0 2728812.103407969 2300.0
200000.0 210000.0 951360.0 690.4
210000.0 220000.0 688480.0 336.0
220000.0 230000.0 601125.986133712 480.0
230000.0 240000.0 1036992.013866288 480.0
240000.0 250000.0 3528826.590291457 3746.6666666666665
250000.0 260000.0 5909494.784057454 4400.0
260000.0 270000.0 5622931.859185832 4400.0
270000.0 280000.0 3155529.287561656 3233.3333333333335
280000.0 290000.0 4249276.037089098 1677.7777777777778
290000.0 300000.0 3097707.540304155 2700.0
300000.0 310000.0 169835.90151034747 0.0
