ts te s_bytes_all avg_video_rate
0.0 10000.0 18465.137140734198 0.0
10000.0 20000.0 1338882.8628592659 320.0
20000.0 30000.0 2166521.894988686 1252.5
30000.0 40000.0 2475826.0941101736 1500.0
40000.0 50000.0 3291211.3982600323 2300.0
50000.0 60000.0 3571721.4951277813 2600.0
60000.0 70000.0 4434196.072174848 3000.0
70000.0 80000.0 3581746.045338479 3000.0
80000.0 90000.0 4075180.6762498682 4400.0
90000.0 100000.0 4498831.688994324 2560.0
100000.0 110000.0 2790471.085660751 2700.0
110000.0 120000.0 4284333.833349365 2766.6666666666665
120000.0 130000.0 4748451.965006481 3840.0
130000.0 140000.0 4821615.571964353 3140.0
140000.0 150000.0 4029027.5301172044 3000.0
150000.0 160000.0 4043171.6027984484 3000.0
160000.0 170000.0 3726905.864675861 2580.0
170000.0 180000.0 3884146.776727231 3000.0
180000.0 190000.0 4152009.3965444844 3000.0
190000.0 200000.0 3823637.1138098324 3000.0
200000.0 210000.0 3910166.5705103823 3000.0
210000.0 220000.0 4193860.2319892226 3000.0
220000.0 230000.0 3921754.8887269488 3000.0
230000.0 240000.0 4157488.469931874 3000.0
240000.0 250000.0 3961840.929327126 3000.0
250000.0 260000.0 3873442.212690343 3000.0
260000.0 270000.0 3983366.1789725358 3000.0
270000.0 280000.0 4228618.617857276 3000.0
280000.0 290000.0 3313125.0616004188 3000.0
290000.0 300000.0 3202473.551882704 1657.5
