ts te s_bytes_all avg_video_rate
0.0 10000.0 821550.2208287403 615.0
10000.0 20000.0 3692895.9870337644 2055.0
20000.0 30000.0 3967191.1799681853 3000.0
30000.0 40000.0 4723488.795899178 3000.0
40000.0 50000.0 3751193.5438906564 2500.0
50000.0 60000.0 2917876.8285340797 1500.0
60000.0 70000.0 3008470.703528612 2100.0
70000.0 80000.0 3343661.0774227055 2650.0
80000.0 90000.0 3985932.9786305856 3000.0
90000.0 100000.0 3878700.616299452 3000.0
100000.0 110000.0 4127938.828518078 2500.0
110000.0 120000.0 3747472.625393614 2700.0
120000.0 130000.0 4023995.1353683816 3000.0
130000.0 140000.0 3573807.493584375 2250.0
140000.0 150000.0 3898830.2845777897 3000.0
150000.0 160000.0 4280890.523027966 3000.0
160000.0 170000.0 3881330.6122521525 3000.0
170000.0 180000.0 4143712.147916447 3000.0
180000.0 190000.0 4198264.714570494 3000.0
190000.0 200000.0 4272027.46995236 3560.0
200000.0 210000.0 4824619.870189958 3560.0
210000.0 220000.0 2460118.6525658816 1766.6666666666667
220000.0 230000.0 3477379.7023666776 2400.0
230000.0 240000.0 4634338.016404436 3000.0
240000.0 250000.0 3858609.99127543 3000.0
250000.0 260000.0 2987421.963258784 2580.0
260000.0 270000.0 3522650.8375260965 2300.0
270000.0 280000.0 1399680.7006383908 917.1428571428571
280000.0 290000.0 2073181.4985767289 1500.0
290000.0 300000.0 3805965.0 2700.0
300000.0 310000.0 0.0 0.0
