ts te s_bytes_all avg_video_rate
0.0 10000.0 1406583.8386865607 1264.0
10000.0 20000.0 5341868.00356543 4400.0
20000.0 30000.0 5526803.194232331 4400.0
30000.0 40000.0 4479090.927303714 2474.285714285714
40000.0 50000.0 1218058.369557829 432.0
50000.0 60000.0 940731.8928365902 619.2
60000.0 70000.0 2652730.9951808196 1900.0
70000.0 80000.0 3471668.296910179 2440.0
80000.0 90000.0 3906867.3611567486 3000.0
90000.0 100000.0 4017318.62909072 3000.0
100000.0 110000.0 3096843.5839495985 2650.0
110000.0 120000.0 2571889.1948748496 2300.0
120000.0 130000.0 1932418.9478165533 1022.6666666666666
130000.0 140000.0 3129731.1156827654 2180.0
140000.0 150000.0 3960098.2822653744 3000.0
150000.0 160000.0 4062907.2110656984 3000.0
160000.0 170000.0 4164912.2063404853 3000.0
170000.0 180000.0 3832150.5552710886 3000.0
180000.0 190000.0 4133115.159555353 3000.0
190000.0 200000.0 4015975.73921044 3000.0
200000.0 210000.0 3901951.055257655 3000.0
210000.0 220000.0 4050070.778585624 3000.0
220000.0 230000.0 3844603.3024926675 3000.0
230000.0 240000.0 3476916.2800698774 2457.6
240000.0 250000.0 1539076.7524508382 792.0
250000.0 260000.0 2764276.0051843883 1980.0
260000.0 270000.0 3250786.4632095858 2580.0
270000.0 280000.0 3840318.7427739734 3000.0
280000.0 290000.0 4241716.614412926 3000.0
290000.0 300000.0 4278768.890181023 3000.0
300000.0 310000.0 250095.61082831558 0.0
