ts te s_bytes_all avg_video_rate
0.0 10000.0 695778.9806106836 1500.0
10000.0 20000.0 3738273.779139109 1200.0
20000.0 30000.0 3914141.2402502075 3000.0
30000.0 40000.0 4092285.63666624 2800.0
40000.0 50000.0 3030593.259829828 2300.0
50000.0 60000.0 2413101.466139667 2300.0
60000.0 70000.0 3503011.6373642646 2300.0
70000.0 80000.0 3928754.7730913353 2300.0
80000.0 90000.0 3073704.0818268093 2300.0
90000.0 100000.0 2668536.157870704 2300.0
100000.0 110000.0 3350615.482555716 2300.0
110000.0 120000.0 3243537.7574178595 2300.0
120000.0 130000.0 2431816.8130720314 1820.0
130000.0 140000.0 3863926.613028816 3000.0
140000.0 150000.0 3811012.774545228 3000.0
150000.0 160000.0 3587872.146791535 2533.3333333333335
160000.0 170000.0 2791217.8929370916 2300.0
170000.0 180000.0 4090244.243200316 2300.0
180000.0 190000.0 2490526.4753252245 2300.0
190000.0 200000.0 3914083.276811144 2533.3333333333335
200000.0 210000.0 3784358.540389997 3000.0
210000.0 220000.0 4484165.56051489 3000.0
220000.0 230000.0 3501011.7559601883 2720.0
230000.0 240000.0 3772828.756945461 2860.0
240000.0 250000.0 2234236.04305242 1920.0
250000.0 260000.0 1874732.4507251184 1326.6666666666667
260000.0 270000.0 2972633.5703054024 2300.0
270000.0 280000.0 3484739.381784373 2300.0
280000.0 290000.0 3867646.0662666024 2533.3333333333335
290000.0 300000.0 1850588.3386667944 1443.3333333333333
300000.0 310000.0 16858.04691494256 0.0
