ts te s_bytes_all avg_video_rate
0.0 10000.0 1080430.6572303807 1311.4285714285713
10000.0 20000.0 3124495.100000376 1488.888888888889
20000.0 30000.0 2960690.582684797 2300.0
30000.0 40000.0 2959944.7337930435 2300.0
40000.0 50000.0 1393863.926291403 511.55555555555554
50000.0 60000.0 2290221.0 1560.0
60000.0 70000.0 3019873.3995117955 2300.0
70000.0 80000.0 3354003.746303515 2533.3333333333335
80000.0 90000.0 2025416.7165498654 2300.0
90000.0 100000.0 1275225.137634824 422.6666666666667
100000.0 110000.0 2261786.3303867206 1820.0
110000.0 120000.0 3011037.3837813046 2300.0
120000.0 130000.0 2387657.731377753 1800.0
130000.0 140000.0 2193905.5544542223 1500.0
140000.0 150000.0 3008265.4630272444 2100.0
150000.0 160000.0 2211134.0163702187 2280.0
160000.0 170000.0 2575225.520602537 1148.5714285714287
170000.0 180000.0 2340066.386763695 2250.0
180000.0 190000.0 2882378.2921636947 1500.0
190000.0 200000.0 3343417.1601439808 2700.0
200000.0 210000.0 4013140.694430176 3000.0
210000.0 220000.0 4368640.969701898 3000.0
220000.0 230000.0 4247943.941478118 3000.0
230000.0 240000.0 3696891.5553184357 3000.0
240000.0 250000.0 4001277.77166887 3000.0
250000.0 260000.0 4611258.333802498 3000.0
260000.0 270000.0 4559151.80784242 3000.0
270000.0 280000.0 4061506.345242245 3000.0
280000.0 290000.0 3971558.3347625 3000.0
290000.0 300000.0 2048550.8850029046 2500.0
300000.0 310000.0 114352.52167856188 0.0
