ts te s_bytes_all avg_video_rate
0.0 10000.0 683565.2527118576 1500.0
10000.0 20000.0 3185278.7560442677 1200.0
20000.0 30000.0 4253945.624276936 3000.0
30000.0 40000.0 4494410.373159241 3000.0
40000.0 50000.0 3671800.2157448265 3000.0
50000.0 60000.0 3320138.3491013367 2416.6666666666665
60000.0 70000.0 3533116.8362883725 2300.0
70000.0 80000.0 3240179.7851980147 1737.7142857142858
80000.0 90000.0 1089264.380148642 751.2
90000.0 100000.0 1237923.4273265044 1500.0
100000.0 110000.0 4048534.290516403 2300.0
110000.0 120000.0 3954733.5632801373 2300.0
120000.0 130000.0 1542287.2496732902 832.0
130000.0 140000.0 2062057.5930493958 1528.0
140000.0 150000.0 3069042.7617951776 2440.0
150000.0 160000.0 4539140.693323347 3000.0
160000.0 170000.0 4220010.550598628 3000.0
170000.0 180000.0 4042046.756758113 3000.0
180000.0 190000.0 4007665.541005509 3000.0
190000.0 200000.0 3188937.1443996276 2440.0
200000.0 210000.0 4127457.5946448306 2650.0
210000.0 220000.0 4078156.4610066707 3000.0
220000.0 230000.0 3795427.7291599913 3000.0
230000.0 240000.0 4026342.0707888794 3000.0
240000.0 250000.0 4123942.5003376403 3000.0
250000.0 260000.0 4446937.444592529 3000.0
260000.0 270000.0 3995333.098820862 3000.0
270000.0 280000.0 3939032.179126507 3000.0
280000.0 290000.0 3053844.477303627 1920.0
290000.0 300000.0 2018134.794041002 1200.0
300000.0 310000.0 19856.50577783221 0.0
