ts te s_bytes_all avg_video_rate
0.0 10000.0 473144.6797526259 508.8
10000.0 20000.0 856537.1104980911 288.0
20000.0 30000.0 1094123.8579810376 288.0
30000.0 40000.0 856228.1419139652 288.0
40000.0 50000.0 715425.2973690706 288.0
50000.0 60000.0 837873.0940469605 504.0
60000.0 70000.0 1730182.8184382492 1280.0
70000.0 80000.0 3509608.5173479095 2185.714285714286
80000.0 90000.0 3610416.514798134 2766.6666666666665
90000.0 100000.0 4621927.479799378 3000.0
100000.0 110000.0 3435531.488054579 3000.0
110000.0 120000.0 4603238.937931068 3000.0
120000.0 130000.0 3935921.204671186 3000.0
130000.0 140000.0 3170988.8082241607 3000.0
140000.0 150000.0 4415264.049173586 2766.6666666666665
150000.0 160000.0 2981579.120954117 2300.0
160000.0 170000.0 3343152.6189154508 2300.0
170000.0 180000.0 3817122.859428967 2720.0
180000.0 190000.0 3977381.7495979397 3000.0
190000.0 200000.0 3900309.1992559377 3000.0
200000.0 210000.0 3778403.7260528775 3000.0
210000.0 220000.0 4251702.713273461 3000.0
220000.0 230000.0 4128530.7904012306 2720.0
230000.0 240000.0 4039236.9377570744 3000.0
240000.0 250000.0 3815113.6805979083 3000.0
250000.0 260000.0 3749666.7508269106 3000.0
260000.0 270000.0 4305977.115012776 2650.0
270000.0 280000.0 3662539.8610051796 2860.0
280000.0 290000.0 3917114.6378637156 3000.0
290000.0 300000.0 4015788.039999511 3000.0
300000.0 310000.0 62485.199056943275 0.0
