ts te s_bytes_all avg_video_rate
0.0 10000.0 1367786.2252629648 1500.0
10000.0 20000.0 4073228.52230435 1800.0
20000.0 30000.0 4275532.470677007 3000.0
30000.0 40000.0 4031566.694811088 3000.0
40000.0 50000.0 3953902.9283315185 3000.0
50000.0 60000.0 3952839.9511588984 3000.0
60000.0 70000.0 4236800.563321213 3000.0
70000.0 80000.0 4224625.443061758 3000.0
80000.0 90000.0 4095835.1216665697 3000.0
90000.0 100000.0 3900852.703985075 3000.0
100000.0 110000.0 4169745.1961915223 3000.0
110000.0 120000.0 3935898.793000268 3000.0
120000.0 130000.0 4450623.400833312 3000.0
130000.0 140000.0 4126684.5500384537 3000.0
140000.0 150000.0 4001395.5124316593 3000.0
150000.0 160000.0 4041074.8849242795 3000.0
160000.0 170000.0 4297301.438738937 3000.0
170000.0 180000.0 3785912.8390055634 3000.0
180000.0 190000.0 4187878.3450977867 3000.0
190000.0 200000.0 4063700.136290105 3000.0
200000.0 210000.0 4150890.981186092 3000.0
210000.0 220000.0 4225433.725220192 3000.0
220000.0 230000.0 3981435.6232435834 3000.0
230000.0 240000.0 4066056.43241594 3000.0
240000.0 250000.0 4189424.425369153 3000.0
250000.0 260000.0 4049620.473580976 3000.0
260000.0 270000.0 4185514.0689910897 3000.0
270000.0 280000.0 4051932.94765649 3000.0
280000.0 290000.0 4002143.1663217205 3000.0
290000.0 300000.0 4069201.434882434 3000.0
300000.0 310000.0 0.0 0.0
