ts te s_bytes_all avg_video_rate
0.0 10000.0 1269665.1111396193 1236.0
10000.0 20000.0 3046661.7045022855 1238.1818181818182
20000.0 30000.0 4389127.267795646 3000.0
30000.0 40000.0 3360865.91656245 1350.2857142857142
40000.0 50000.0 1124701.0 738.0
50000.0 60000.0 1108324.3331856395 1766.6666666666667
60000.0 70000.0 4489683.502795831 2300.0
70000.0 80000.0 1128865.1640185297 288.0
80000.0 90000.0 2360880.7245754874 1496.0
90000.0 100000.0 3156040.7685565427 2300.0
100000.0 110000.0 3894648.435323885 2883.3333333333335
110000.0 120000.0 3421742.2190449843 1644.0
120000.0 130000.0 1280984.330359512 861.6
130000.0 140000.0 2042969.978681656 1900.0
140000.0 150000.0 1495309.1626367015 729.0
150000.0 160000.0 2624478.2433613753 1980.0
160000.0 170000.0 3373705.750900225 2720.0
170000.0 180000.0 2980866.0956628043 3000.0
180000.0 190000.0 4362299.352323193 2416.6666666666665
190000.0 200000.0 2623729.750411853 3000.0
200000.0 210000.0 5489005.779683724 3000.0
210000.0 220000.0 4692655.183559766 3000.0
220000.0 230000.0 3774529.1263956325 3000.0
230000.0 240000.0 3927921.827890276 3000.0
240000.0 250000.0 2576316.068351536 1536.0
250000.0 260000.0 2783044.577011979 2140.0
260000.0 270000.0 3175039.808845007 2720.0
270000.0 280000.0 4992042.603904058 3000.0
280000.0 290000.0 3623597.053081982 2720.0
290000.0 300000.0 3926804.1107271053 3000.0
300000.0 310000.0 96472.04871071398 0.0
