ts te s_bytes_all avg_video_rate
0.0 10000.0 51950.55036655228 1500.0
10000.0 20000.0 1064724.106804709 398.1818181818182
20000.0 30000.0 1341424.131613646 461.14285714285717
30000.0 40000.0 1865987.0605358668 917.1428571428571
40000.0 50000.0 1434829.608115098 788.5714285714286
50000.0 60000.0 2707909.6259396 1957.142857142857
60000.0 70000.0 2673475.0477874647 2580.0
70000.0 80000.0 4388640.868837063 2650.0
80000.0 90000.0 2171528.731018919 1132.0
90000.0 100000.0 3368700.5327082574 2440.0
100000.0 110000.0 3905168.593567497 3000.0
110000.0 120000.0 4153488.1710470123 3000.0
120000.0 130000.0 3571699.741747299 1644.0
130000.0 140000.0 1381670.3738075346 1125.6
140000.0 150000.0 3400903.1045175944 2283.3333333333335
150000.0 160000.0 2799074.751585886 811.6
160000.0 170000.0 474481.0 288.0
170000.0 180000.0 749303.654261581 288.0
180000.0 190000.0 752090.345738419 288.0
190000.0 200000.0 2582832.0184810935 1980.0
200000.0 210000.0 3331927.52806007 2720.0
210000.0 220000.0 3936857.445960344 3000.0
220000.0 230000.0 1708929.2720558168 807.4285714285714
230000.0 240000.0 2801589.076793882 2140.0
240000.0 250000.0 3217059.114986048 2440.0
250000.0 260000.0 4135265.5201764912 3000.0
260000.0 270000.0 4156032.0829943274 3000.0
270000.0 280000.0 3900056.441481298 3000.0
280000.0 290000.0 4028614.135800651 3000.0
290000.0 300000.0 3764495.0235569235 3000.0
