ts te s_bytes_all avg_video_rate
0.0 10000.0 116453.45521902788 1500.0
10000.0 20000.0 685047.9518299084 288.0
20000.0 30000.0 872401.6078941732 288.0
30000.0 40000.0 762911.7164229002 288.0
40000.0 50000.0 761759.2686339903 634.2857142857143
50000.0 60000.0 2213084.774651334 1500.0
60000.0 70000.0 3085511.7917310833 2166.6666666666665
70000.0 80000.0 3262666.5176816327 2300.0
80000.0 90000.0 3378177.1434878805 2300.0
90000.0 100000.0 3470849.626063644 2300.0
100000.0 110000.0 2251136.146384426 1294.0
110000.0 120000.0 1169798.514256385 900.0
120000.0 130000.0 2574943.849274649 1900.0
130000.0 140000.0 3446723.3875704138 2300.0
140000.0 150000.0 2086948.2488985527 990.6666666666666
150000.0 160000.0 1713670.8426750281 1236.0
160000.0 170000.0 2553972.66839564 1820.0
170000.0 180000.0 3537638.681296505 2600.0
180000.0 190000.0 4114308.7818729077 3000.0
190000.0 200000.0 4204274.941978426 3000.0
200000.0 210000.0 4310919.561477711 3000.0
210000.0 220000.0 3877622.2721933653 2860.0
220000.0 230000.0 4012254.486339631 3000.0
230000.0 240000.0 4115305.680121053 3000.0
240000.0 250000.0 4084680.360877616 3000.0
250000.0 260000.0 4125988.9719242686 3000.0
260000.0 270000.0 3928974.6390730836 3000.0
270000.0 280000.0 4061303.112929444 3000.0
280000.0 290000.0 3953772.0229260726 3000.0
290000.0 300000.0 4109024.551205555 3000.0
300000.0 310000.0 191167.42471369304 0.0
