ts te s_bytes_all avg_video_rate
0.0 10000.0 1074186.0060875295 1500.0
10000.0 20000.0 4134659.9939124705 1500.0
20000.0 30000.0 2148052.6245144177 2000.0
30000.0 40000.0 1982975.8518945794 1500.0
40000.0 50000.0 2595651.3182863398 1500.0
50000.0 60000.0 2781824.207666888 2000.0
60000.0 70000.0 3107750.563725904 2100.0
70000.0 80000.0 2048346.9219980654 1500.0
80000.0 90000.0 1564383.031798079 1500.0
90000.0 100000.0 2347790.9120115633 1500.0
100000.0 110000.0 2157586.455511273 1500.0
110000.0 120000.0 2453502.082805056 1500.0
120000.0 130000.0 2092299.7538566412 1500.0
130000.0 140000.0 1986742.7507509415 1500.0
140000.0 150000.0 2395977.7571843565 1750.0
150000.0 160000.0 3914452.1323941527 3000.0
160000.0 170000.0 3854915.0896186437 3000.0
170000.0 180000.0 3512172.846408091 2650.0
180000.0 190000.0 3073061.1025608615 2300.0
190000.0 200000.0 3946975.0094998167 2300.0
200000.0 210000.0 3074862.0465898067 2300.0
210000.0 220000.0 2509066.015375266 2300.0
220000.0 230000.0 2998231.995707292 2300.0
230000.0 240000.0 3974726.529841966 2300.0
240000.0 250000.0 2985706.3206548505 2300.0
250000.0 260000.0 2504302.5425857776 2300.0
260000.0 270000.0 3889537.148759045 2300.0
270000.0 280000.0 2926031.486579257 2300.0
280000.0 290000.0 3317308.107763164 2300.0
290000.0 300000.0 2581355.1065540714 2300.0
