ts te s_bytes_all avg_video_rate
0.0 10000.0 1790369.530901704 1500.0
10000.0 20000.0 3761508.9936603475 1800.0
20000.0 30000.0 3136108.240729288 2100.0
30000.0 40000.0 2093914.0190636637 1500.0
40000.0 50000.0 2005153.1131585157 1500.0
50000.0 60000.0 2863836.8654973293 2100.0
60000.0 70000.0 2547930.805542542 1728.5714285714287
70000.0 80000.0 1969646.0742363795 1500.0
80000.0 90000.0 1960638.949188503 1500.0
90000.0 100000.0 2096372.750104136 1500.0
100000.0 110000.0 2431155.7395241032 1500.0
110000.0 120000.0 2012664.214310127 1500.0
120000.0 130000.0 3192251.3562645437 2250.0
130000.0 140000.0 3105270.2553987084 2625.0
140000.0 150000.0 2648303.633840464 2400.0
150000.0 160000.0 3871868.969097635 2300.0
160000.0 170000.0 3387253.4183265246 2300.0
170000.0 180000.0 2680726.662496863 2300.0
180000.0 190000.0 3024962.9259125222 2300.0
190000.0 200000.0 3674646.6189068845 2300.0
200000.0 210000.0 3009252.3246352957 2300.0
210000.0 220000.0 2918109.149161 2300.0
220000.0 230000.0 1579840.8631714417 2300.0
230000.0 240000.0 4519286.160639221 2300.0
240000.0 250000.0 3542655.9697988094 2300.0
250000.0 260000.0 3098902.2137651085 2300.0
260000.0 270000.0 3256019.8488743976 2300.0
270000.0 280000.0 3316419.797570888 2300.0
280000.0 290000.0 3156547.5877919174 2300.0
290000.0 300000.0 3648538.225412802 2300.0
300000.0 310000.0 248404.72301833326 0.0
