ts te s_bytes_all avg_video_rate
0.0 10000.0 694237.1828085864 634.2857142857143
10000.0 20000.0 1002380.8171914136 360.0
20000.0 30000.0 585652.0 320.0
30000.0 40000.0 1076363.460233962 725.1428571428571
40000.0 50000.0 2401318.1422189106 1728.5714285714287
50000.0 60000.0 3287142.877823787 2300.0
60000.0 70000.0 1969186.831869064 2300.0
70000.0 80000.0 1944324.3332393377 2300.0
80000.0 90000.0 1468206.9326460646 602.8571428571429
90000.0 100000.0 2767663.3936341996 2008.0
100000.0 110000.0 3810935.216652583 2700.0
110000.0 120000.0 4070143.6351644318 3000.0
120000.0 130000.0 4104380.2810218143 3000.0
130000.0 140000.0 4020293.6675153626 3000.0
140000.0 150000.0 4015475.2279804833 3000.0
150000.0 160000.0 4116060.144720515 3000.0
160000.0 170000.0 3993122.620745781 3000.0
170000.0 180000.0 4029324.6586452504 3000.0
180000.0 190000.0 4207603.62699951 3000.0
190000.0 200000.0 4016512.407192522 3000.0
200000.0 210000.0 4124601.0823392454 3000.0
210000.0 220000.0 3905780.507241943 3000.0
220000.0 230000.0 4198244.283904774 3000.0
230000.0 240000.0 4127023.715896858 3000.0
240000.0 250000.0 4114364.0675782813 3000.0
250000.0 260000.0 4168384.0736136236 3000.0
260000.0 270000.0 3909742.613634551 3000.0
270000.0 280000.0 4250956.172674978 3000.0
280000.0 290000.0 4416473.281371145 3000.0
290000.0 300000.0 4034459.5428319094 3000.0
