s_bytes_all avg_video_rate s_bytes_all_#1 s_bytes_all_#2 s_bytes_all_#3 s_bytes_all_#4 s_bytes_all_#5 s_bytes_all_#6 s_bytes_all_#7 s_bytes_all_#8 s_bytes_all_#9 s_bytes_all_#10
3529264.7875196817 2300.0 0.0 0.0 0.0 39870.90538079014 588155.3556287856 541431.8220758704 569388.5469500247 606823.0594719448 630562.3744476719 553032.7235645945
5236474.212480318 2300.0 663425.6310997494 640967.7142799243 560951.3962333051 235984.37340543707 485213.72745862295 890308.366786752 719247.9000305447 404469.3004487017 440151.4558940139 195754.34684326724
5804695.610083517 3800.0 628358.0421979979 482848.6081053005 615354.3324855843 513834.83400979073 557996.2753644149 548784.589328225 392160.3185086867 789621.4595707791 778930.2580048732 496806.892507865
3660460.389916483 2720.0 656135.5829608252 606933.8069556576 0.0 5825.487590628085 238991.4958656958 408346.0267413756 580818.588917502 416338.4679372974 735458.4310698553 11612.501877646013
5073137.948978553 3980.0 591634.7794094367 34966.48211877361 696551.6524339092 470152.1844671549 555207.3306977657 551878.7352788759 745096.6082938755 439686.580619939 288515.7556768625 699447.8399819598
5663076.1402331805 4400.0 515889.79884254606 589334.6399255258 665599.5385362448 441026.1801562122 662313.1420133249 496008.5850676216 596583.6776458614 564690.4913264307 639618.7404316142 492011.3462877994
5614229.835320535 3400.0 690488.524488618 516074.597623454 811478.3008806617 654846.3748879409 639403.0826403567 64129.83024734356 613141.5182260053 674054.490481334 631754.5619427485 318858.5539020731
5614793.736045437 4400.0 626321.3267584803 491668.0414111542 740757.2326571607 466815.1941913819 314674.11666236323 722719.6650189378 628963.3477284331 590134.9204516641 664942.6580704033 367797.2330954589
5621499.8825583495 4400.0 626267.6226249553 480090.8950762299 613051.3775149076 486322.5176730189 621397.2449316737 552120.0010986985 605916.5068637744 512383.1560206603 638636.3589122822 485314.2018421485
6774505.061001944 4400.0 643770.774165433 572738.6826985105 601124.494998117 768912.5991178174 652982.4556529606 800843.6912013665 727587.127927963 597918.9374610054 815529.8401527882 593096.4576259824
5659774.56723231 4400.0 783035.9361019456 626627.813379099 301017.5593239951 687307.5650780274 587450.3230916052 674598.0149300996 543554.8919370838 447998.32770211104 615838.0550551512 392346.0806331916
5482673.534816532 4400.0 599922.5157432936 488247.7546572845 588833.635810048 610283.2097890704 592317.6298317804 346814.9750378971 605412.2036665881 556280.5007673673 651110.4477234058 443450.66178979736
4083129.768691238 3140.0 643051.5245320224 485199.9130682544 21457.856212880484 0.0 372325.36467113113 513566.9892163769 592176.6245956325 626368.2897608401 614400.046457325 214583.16017677495
4878356.449550144 3980.0 656189.7856075667 21652.73951435263 625995.0675153001 369056.0770233615 645159.6713221857 438755.279948775 629063.906890102 453026.32692826993 651056.0188182757 388401.5759819554
6141563.340298862 4400.0 565836.1095895845 562701.6624218449 551662.8577932566 592661.0244111028 857435.4990051889 602835.4212768921 668414.180895594 710710.906159706 270952.78298638505 758352.8957593075
5787598.684041046 4400.0 753188.3268499622 545555.4159791201 677945.572679965 468679.4357708316 602877.0292291485 467510.82131604 661496.4275130939 370529.5185327817 609086.4782607773 630729.6579093246
5662645.737895378 4400.0 670562.3912087438 475661.9201279793 569774.5664617149 498443.91291809024 576659.9736430704 588425.5679068892 642894.1678020176 455530.2881498485 604419.1473320782 580273.8023449461
5762662.35562667 4400.0 653143.5740653103 509268.8354243504 659460.1769336535 378663.6705194069 557592.6622423269 740069.0443288543 608423.8579122609 589086.4919103257 538132.2582852625 528821.7840049183
6027555.096909565 4400.0 645973.4251101717 522968.918055077 609714.8981692066 531281.1085589041 721629.4543413192 512077.1417230757 597339.5477928364 543167.7581282621 629701.7030581686 713701.1419725441
6903259.108285751 4400.0 839583.9469415284 676944.5879068705 800071.7236754018 402372.9373351316 833249.9532403927 639678.1220337217 475606.1938616034 779335.5703222465 722097.9124664156 734318.1605024387
5742106.67467007 4400.0 549308.0355817024 598408.2258929379 695244.9994588014 393664.0058950544 616630.9656712766 601336.0373234936 662382.8755619607 451731.3658129285 660185.6833987205 513214.480073194
3433899.077844433 4400.0 654260.2905680467 467042.99328836566 611350.6592148931 503139.6500463661 676142.1335352748 516127.3511914864 0.0 2918.0 0.0 2918.0
5047031.604659338 3000.0 0.0 5287.919509617167 595793.9994980657 784072.4453591778 291301.5335083776 557945.4326722485 687621.4237044068 694416.2751560395 754702.2351895405 675890.3400618641
5389945.692382512 3700.0 605890.2315186737 526057.707101045 702793.8482446462 763731.8027992444 200785.80567705305 3279.401640615556 697398.7200421325 706961.4423924054 610866.9416892694 572179.791277427
6381716.555574798 4400.0 712177.360311216 627459.2655702513 640988.5663390863 501207.539600593 757003.643961979 778826.7861988853 563699.6643388043 767549.1738294526 290871.03427994484 741933.5211445857
4965159.701523243 4400.0 594139.1385431646 583267.8157910925 220207.1930490948 751964.9113096487 698694.9939213451 515126.86970272 845486.0072282752 650140.7487845215 100251.46905348984 5880.554139891483
5309048.700558353 3466.6666666666665 617935.4912524732 478760.0853483717 617795.036558913 737518.4425578022 397819.18751903705 533861.9561450874 650609.5533838896 175167.99491477426 620368.903748862 479212.0491291436
4767595.920923294 3840.0 601380.7565910378 451626.7032368865 661280.6917889742 499790.2073841174 1270.3863007388704 3348.9685636366485 631195.788666112 659240.8314258764 507168.33386448113 751293.2531014326
5497783.456531376 3466.6666666666665 646022.4172364338 253736.6400995027 623800.8287380582 213015.11950781805 699902.2623318871 614097.2892345847 732949.2298365282 633724.3098641962 457837.5272792432 622697.8324031241
4638049.309759807 4400.0 348610.9992391718 663322.812077465 630469.4807099415 708964.4442554753 845.6315650315431 7132.562184679403 638060.1737074603 518545.7902891857 697030.3696644237 425067.0460669731
