s_bytes_all avg_video_rate s_bytes_all_#1 s_bytes_all_#2 s_bytes_all_#3 s_bytes_all_#4 s_bytes_all_#5 s_bytes_all_#6 s_bytes_all_#7 s_bytes_all_#8 s_bytes_all_#9 s_bytes_all_#10
1241373.2965380566 2300.0 0.0 0.0 0.0 0.0 0.0 0.0 0.0 340714.3395385114 380075.77566054446 520583.1813390007
6271654.335538635 2300.0 609994.036919073 363854.9301762984 783242.6388183912 507666.9776264331 797759.3564420289 585989.010109629 781257.8547247744 712019.7651646917 553503.8275949056 576365.9379624096
6228814.947202921 4400.0 459709.0233625767 602642.1368515192 500263.26350534667 647314.6767771988 677827.2372741215 718771.9883124685 538277.6308591632 688444.1593265698 552721.1674342698 842843.6634996871
5825566.846881725 4400.0 568816.5819192718 630246.6121788386 578155.5247720734 528135.144582872 580662.1677058218 502385.00035740365 706752.1223279918 542963.2460377656 589077.1571384374 598373.2898612488
5212276.443771569 2742.8571428571427 557373.196623102 597277.5033543217 515345.9597473715 589143.9928540525 575697.1838113167 569724.5593191609 538072.8555203405 290281.50898680295 518995.89786006033 460363.7856950404
2613027.499003753 2250.0 208625.0286080698 293135.2823674861 149976.81909153663 282699.4863200485 347825.2358274413 140993.2778525102 0.0 398712.6272435249 368793.4258224204 422266.3158707157
4431859.921059129 3233.333333333333 370895.0226288086 485398.9057069105 325859.0168675224 408338.3135897589 344278.9966318346 430686.185157705 349227.2846015652 467945.3824524769 585294.1705801465 663936.6428424001
3985938.7100042105 3933.3333333333335 469734.9980371344 642097.421429578 619638.6178966528 359324.6726408452 0.0 381800.3619798808 609786.9916495569 755053.8521398028 148501.79423075952 0.0
5039526.464470599 3000.0 601647.7799375018 478128.777404502 633758.2017660559 798482.0278536279 494331.1041409792 569323.7845762174 362602.0789886693 371484.9363183834 347467.1137921412 382300.65969252057
4586194.027736072 4400.0 322131.0526692809 380286.9512734537 451704.0731665033 479627.7396894372 545783.7187307262 394968.0783124339 279419.9216875661 397051.15880072967 608806.9590139447 726414.3743919958
5050493.578227529 3700.0 594046.6660037439 655781.6802675797 324192.569929511 441396.9615583932 406235.2651937098 287949.9258191817 563203.045632016 641771.4529838827 550479.280144097 585436.7306954148
3774567.22228103 3700.0 510595.60831517086 525293.0139482794 572592.3817143831 788004.0889552158 566448.8366327506 0.0 0.0 2916.0 44213.91337048264 764503.3793447469
5928528.496923124 3200.0 783640.3683462695 590705.1516471882 632262.6391621365 724253.2741620403 668991.2970296374 873105.9352664852 431269.5101637661 338512.0268917591 370329.2293169185 515459.0649369239
5669741.585676152 4400.0 628862.9961589624 592103.4434867732 478651.3789351023 576533.3309875745 552069.2321798976 575656.0172946611 559847.7744289148 590882.7788247055 541970.2199017442 573164.4134778177
5610947.886781343 4400.0 565928.5984167536 580673.8416091164 534806.6932340842 524007.2494199016 600950.667498589 652915.5127033611 495738.0116002592 555244.1019418098 541947.8766613146 558735.333696154
5523738.270223597 4400.0 541376.8607059419 567801.0812819032 548273.3850916702 516422.8127908128 557503.8487024824 703596.5974309102 448967.7255191463 485270.7659676627 587761.0526457988 566764.1400872678
3705407.216166114 3000.0 624534.6109179631 284611.8567625899 0.0 0.0 0.0 113840.14111871496 734011.9756183007 517440.6822987936 770089.7440494436 660878.2054003085
5393214.997615303 3400.0 757181.6740214594 781495.6654769024 666778.2861602622 672414.7521228672 435630.7667404389 452719.7293183124 337594.8173778313 411342.0662249861 425754.4207628312 452302.81940941256
5593340.031556526 4400.0 533642.0733965382 568526.9851608494 605712.842970606 596289.6688550485 541031.5239582562 600367.3594363368 461263.3196589587 517940.68255441 589421.631037024 579143.9445284993
5664582.043084683 4400.0 545533.5781172202 607090.7706908855 543187.1653686711 478953.75375342206 556440.3618176939 632350.2337423494 573012.891377219 614855.8381487017 558848.2681233028 554309.1819452173
5561293.87057183 4400.0 525294.6486402858 590569.7963504335 542869.2034044729 546237.7884206285 552743.9867410903 636724.6126261356 542173.9891621801 535853.2492874042 540193.2828132599 548633.3131259392
5573950.666564461 3700.0 526189.5022798373 812539.1805957517 604869.3169208233 653712.8601257753 356080.26550315745 466191.9210283018 506916.175471532 541993.0871612953 526449.121651632 579009.2358263542
5544445.777619156 4400.0 536199.8611905782 530320.9364470465 565026.1201891464 585801.0864612204 523240.3301206346 569709.0127825489 556569.6230425824 603785.3891057265 544620.4647323862 529172.953547286
5679069.121530613 4400.0 541220.1951684405 608841.351928403 536321.0886627515 544812.1143123381 554044.5929451734 628564.869366701 565176.8826812943 559902.6174502764 542059.0881625665 598126.3208526692
5410642.623368811 4400.0 432245.8740923374 412726.14674099046 582291.7282845667 613365.4774233911 583123.7356622664 551984.0150693489 484981.36749619537 597633.6744581845 577889.8380045386 574400.7661369916
5268991.690624965 3840.0 552710.4989562193 565174.5398558767 422965.2621154517 468705.76433641487 603703.9579878481 626730.3071053454 538529.0357478389 670548.4270745264 415811.598835671 404112.298609773
5168585.350048592 3700.0 408172.3993620462 390744.957594352 691488.2165826524 760765.2729495418 374024.8933038845 448906.7098484597 484042.7750920116 590057.1547734446 501251.3196489281 519131.6508932711
5683668.246426763 4400.0 563406.1495638407 595232.0916318318 579048.3807648735 656990.818133967 539432.7848855348 554510.3270356093 527608.5569198655 544358.4846110201 547778.6604858021 575301.992394418
5503201.294974128 4400.0 522854.0477152331 548705.837426454 594618.0445917704 609281.896211559 542884.9022561962 553652.6814465616 484455.3914751613 548797.0168456705 591918.1517098909 506033.3252956311
5622159.618873702 4400.0 566955.7421485928 660498.4725436541 483616.8547771409 547220.4024139647 562057.9788187954 656214.981540193 547523.0751575578 447526.2399359433 545113.5768976368 605432.2946402242
