s_bytes_all avg_video_rate s_bytes_all_#1 s_bytes_all_#2 s_bytes_all_#3 s_bytes_all_#4 s_bytes_all_#5 s_bytes_all_#6 s_bytes_all_#7 s_bytes_all_#8 s_bytes_all_#9 s_bytes_all_#10
1775101.270356415 2300.0 0.0 0.0 0.0 0.0 0.0 0.0 375822.6758022645 402333.7755937876 448902.1018854175 548042.7170749456
4434617.967761718 2300.0 493992.7312940191 520374.6766066764 460300.815666798 489501.4846205088 468392.59757336986 469503.4640154755 321535.5079224936 431084.7678506278 353311.9826027129 426619.9396090356
3640667.2554028686 1588.888888888889 434731.0985604713 327293.6195372917 476571.8190272027 294220.38701755565 414886.10651788645 313146.8594705601 419657.6092696615 325940.33203184407 504433.7588931766 129785.66507721864
1556125.5064789986 1193.3333333333333 141847.24174819753 204080.47111994767 224151.37988600216 242554.53600403736 269716.8685264628 20663.009194351125 167705.58089717632 85641.41910282368 199765.0 0.0
2251020.1183605604 1765.7142857142858 179479.0 0.0 329170.3421410932 44992.65785890681 156742.28543778544 9850.71456221455 431847.8411344486 358124.637182364 446178.7510540454 294633.88898970245
3596030.3048553783 3000.0 378241.4218697776 232180.8577044125 361440.5475861426 337639.7795258771 475588.1708156769 332491.160381187 420371.3290220926 252361.43343280908 470034.3811694528 335681.2233479504
3975084.438835718 3700.0 513385.8408169314 252805.42470027503 418789.5502341643 193981.7610326904 372417.0335832241 126380.96641677587 404744.0193934685 595425.1902416575 653821.8499768267 443332.8024397045
3952716.50673444 3280.0 508631.96550870873 580620.9480582643 391571.1484669107 347106.075914459 292054.2771347599 352271.9088238818 508127.1169796218 202745.28627104 406870.2921540388 362717.4874227552
3646456.7401592736 3000.0 562452.7296155137 256403.6324767777 451928.3023127691 266152.19208709395 444894.03041376296 300969.7916322355 468708.84277166193 241324.8788649975 330626.8451864047 322995.49479805643
4962689.756552694 3466.6666666666665 487222.83584260725 486775.9821013112 594346.9285603437 524912.1445503667 476027.1554681327 216694.84453186727 434129.1547323216 594497.472256506 674735.6980118612 473347.5404973769
5144161.302942971 4400.0 512705.77311546577 492263.7963606519 603798.2389363097 513806.0329749166 602977.0582859479 473153.4884841392 583163.2767773245 300270.7342787044 427179.98775877047 634842.9159707406
4125957.655092464 3280.0 721161.6845997458 439176.0726465061 546187.139414029 197327.91566474416 434260.6086489121 352403.874550496 521973.5816877741 240589.54242157683 425322.3637094158 247554.8717492642
3727906.655155828 3000.0 287077.7442398392 542394.348615231 13978.596868061748 568492.88656607 334420.25150154653 473418.3486757509 441501.6205882615 324230.89190031355 505204.9232869676 237187.042913786
3917197.809664573 3000.0 514239.0173149672 283284.90345969005 526577.6073836279 312317.71236662363 510938.4058860979 224389.48982608973 410965.897154454 326229.41949765873 530944.333594736 277311.02318062825
4587912.957289616 3000.0 489104.284180636 608245.9662862918 754268.0065230656 377014.1618818396 438967.9945175653 444108.2982566997 493799.00488097663 210075.2218590892 501480.4837802411 270849.5351232103
5518015.980515963 4400.0 478534.2476510298 527540.3597845342 545164.684339811 509136.11837663583 606397.1379477069 580309.6011136725 671981.946425623 506871.3251913139 605079.1138498614 487001.4458357749
4213707.77384052 3280.0 541229.8255197584 509221.4414967782 536438.1263762902 329168.0497162201 459923.6051819395 327418.7255495331 501321.4014876272 250585.5985123728 474242.16467472905 284158.835325271
3727019.768399867 3000.0 449042.3039947661 263630.69239586405 499377.1497390423 278215.4210092906 485759.7053347214 239854.9873001996 488076.90166367416 249743.77534177064 464717.783886641 308601.0477338977
4226878.732473225 3000.0 405217.3511241097 315128.88456737646 416621.8946957127 316255.3651994531 519004.301314379 338771.42316195613 325464.9835301776 567525.8362014202 334829.6658157947 688059.0268628456
4844011.575460589 3560.0 774017.1234580786 354389.736789922 509628.1491412839 266708.4956397969 407717.6162391983 363077.70477414737 533008.1214995607 498293.4607766322 584612.54769743 552558.6194445388
5519373.001990146 4400.0 571895.6871356494 529615.3803041988 649452.5367357435 556085.509170882 625271.2076731039 455215.9707446721 562245.5597136143 520170.48630085104 560320.0961846188 489100.5680268121
4517241.921676173 3280.0 658124.125995341 532910.4093585177 580092.0739363753 308527.2242540738 523460.3514432647 265146.2288229075 476839.2242424039 300943.99566441035 291546.0194308113 579652.2685280673
4026264.884914109 3000.0 488739.7197782455 316274.28022175457 481504.0852557763 264294.21873195213 515965.5123305348 262835.1938965147 510087.3395208886 387398.5358422409 461081.51623272366 338084.48310347734
4576453.605470989 3000.0 571406.7990675302 682356.179704481 282235.1363138801 0.0 478914.2213624512 667475.5683209398 812820.3567077812 304597.2733659769 448778.83508257207 327869.23554537666
4304766.541095131 3280.0 498675.4089896695 584906.1532896324 314765.4304401277 445769.8001599238 761277.7319631323 292885.9847724163 497293.5944808319 217088.79686699843 328363.995460743 363739.6446716555
3804187.6295331502 3000.0 563184.5568519748 281097.94909288984 416050.5604664481 303133.639659798 457416.2500980336 298888.73546319024 507724.2513672999 252169.637026596 377175.0874816407 347346.9620252793
3704659.955726456 3000.0 390114.6368984125 350956.7020882085 477414.88539048255 264907.0754477753 504451.4778935615 259062.5016015264 429116.3508840943 290311.2954714751 452723.11697276094 285601.9130781583
3879259.168044969 3000.0 395327.223435888 369666.81377070735 496685.9804935792 358673.3655599912 446853.98217024334 285463.80417877896 476273.2059055516 316452.75814276445 495633.2661867622 238228.76820070215
4644121.789230174 3000.0 467468.2825520276 386757.0377303102 629990.8363814905 281213.2587060216 461232.4973156477 652800.4098128348 814198.3703705738 233038.45676565013 480370.7595181909 237051.88007742772
5430692.57432165 4400.0 442613.0799821744 508117.1138709199 604037.9560480864 416607.8285815775 520215.4796019726 560957.963321101 661381.1781043827 494729.5986487393 558884.5861442948 663147.7900184015
