s_bytes_all avg_video_rate s_bytes_all_#1 s_bytes_all_#2 s_bytes_all_#3 s_bytes_all_#4 s_bytes_all_#5 s_bytes_all_#6 s_bytes_all_#7 s_bytes_all_#8 s_bytes_all_#9 s_bytes_all_#10
1408811.8719667075 3350.0 0.0 0.0 0.0 0.0 0.0 0.0 0.0 363145.0773106121 609587.9436285335 436078.8510275621
6024840.751884775 2027.2727272727277 357736.3186400649 802964.9592845968 715437.094374797 689334.7076741001 444557.95751184353 576261.6806572743 384773.7858635613 733058.088985634 691594.8957052385 629121.263187665
6200546.198870829 4400.0 564122.0665148686 849799.1975496036 588629.3154386922 459258.9224271401 574831.1051410107 773090.6925586502 547035.8207144352 640059.736112592 577153.2345326033 626566.1078812332
6045307.841670541 4400.0 589112.0744118892 828723.1780350779 722446.3575743093 609178.121696764 774161.3250089127 665710.4309801344 747663.2867174438 688545.7863243918 60698.61652876459 359068.664392853
6268113.986066289 3800.0 672150.7458181297 786541.3148605926 639747.3138792838 720411.7100315711 602879.0467580433 688418.876686298 665404.8706857364 770603.2186361464 462565.2928846621 259391.59582582596
4027012.088043329 3000.0 696839.5038041747 257749.4404300352 452824.40530664736 419549.5181252112 326058.00253445667 420198.6417059325 320887.117370292 318722.3524415457 354377.6811655258 459805.4251595083
4521649.123504149 3000.0 362960.8749904566 454422.0898685512 348591.7346133328 514806.2914144169 352436.9827892225 452737.0428716669 330170.1143599599 379584.64022809215 578644.722275615 747294.6300928348
5059102.602787409 4120.0 414432.97196959984 589516.7818233415 336020.23576705426 316758.6810346702 600297.0694394215 359547.2928594477 433654.6996922045 695904.659702359 517671.83222850034 795298.37827081
5941170.457683868 4400.0 575331.231468893 675809.8946505737 654082.5276044736 538386.401107626 544342.781433699 541434.233525891 609754.3593426271 634537.7708658307 568639.9764665922 598851.2812176615
5610971.799525041 4400.0 544114.7760694067 586641.3846586543 549704.446318841 617439.2447444008 526925.4564192919 552036.1191608404 532169.8924741866 572021.9490792446 551832.1764206628 578086.3541795121
4836153.157189825 3560.0 550349.4763486481 614434.05641504 555195.1016745935 210503.6435587798 0.0 276035.5630430234 550343.6810130749 752673.0328637772 661264.2110914907 665354.3911813964
4816613.011867947 3000.0 393214.1468145629 516072.0945656436 417734.8794270308 363608.4271533709 331012.6273937898 434628.8926591636 548129.6013373968 646107.5073006521 508215.0580229498 657889.7771933873
5407146.300400324 4400.0 351265.86545279686 410084.2407285504 546265.7447514945 621985.3516727951 529807.6236862693 581268.6272496931 621992.6334233724 634076.2684970483 540547.6505960112 569852.294342293
5641461.869349727 4400.0 532067.940669459 425383.3763159426 546420.7010602627 639903.7266683038 626207.8744710892 638548.8936886205 604791.5471506359 540100.2083853793 584854.2385424203 503183.3623976148
5747014.976337632 4400.0 587484.6033829794 606485.9626260501 532420.0615399801 512758.362790589 712026.1182177236 511973.3381488914 556112.1219108455 630559.5940744748 532147.5700614944 565047.2435846035
5746356.753435362 4120.0 544046.4105764453 594950.6415418289 554146.7530238737 537793.7812662127 527127.0982603077 620321.6302170211 560295.4501089815 532318.3530380558 580426.957000934 694929.6784017019
4982520.104861443 3466.6666666666665 328461.0676452347 344612.0481410716 430333.32226271625 424662.7675492185 734654.2167687248 727077.841468861 421419.3520684121 424817.1075359874 559464.7341624261 587017.6472587906
5701309.430328459 4400.0 555088.689335182 634843.1925803242 563255.5634692742 572668.3284820579 530474.7883887482 637140.5853608908 522849.7598768186 496798.77948174987 563344.3057402347 624845.4376131777
5559795.843431912 4400.0 519699.2342117798 493621.1059997208 560243.9311092624 636487.6780777981 535386.1278535918 560528.4173825756 548662.3558169631 593656.6858719379 552444.8246984417 559065.4824098406
5714220.848215286 4400.0 514431.4062847741 603918.6275450538 588957.325125711 572580.7346049837 523471.5888407077 586583.336012159 549006.5690144001 643044.0122966991 532355.9135982076 599871.33489259
4834067.982579144 4050.0 522692.320697353 493103.4688314104 550449.1798776845 587594.3690031955 556159.5782080881 531566.5035343806 581958.295470384 623242.0800374842 387302.1869191637 0.0
5243207.103634851 3200.0 0.0 451626.87031613087 668707.7882792002 688924.5524286135 501529.58321996767 770488.3616306053 668346.0546247761 503483.1722085576 633192.8287844126 356907.8921425868
5700698.608099822 4400.0 552540.2633318614 530733.9665170661 556250.4906742055 575179.5969192311 560124.0894376809 608904.5061033508 555417.9362130618 602062.8757779861 549517.2191941717 609967.6639312056
5748867.810015287 4400.0 550776.1213425212 541953.7702765961 560915.4399057049 604537.9766056464 552689.2509192908 575182.6010629752 552062.3789863442 592575.1851878159 599036.1567872955 619138.9289410973
5704414.240759829 4400.0 558905.4500935089 494729.2263274366 579848.9477234562 649304.6186857792 560968.5304804521 651200.165156839 533795.2298104849 605943.7163894507 508798.1132095409 560920.2428828803
5493704.255522601 4120.0 537557.3142677777 528414.30347861 582650.6406462318 626949.6974801747 528041.2620783057 586655.6247091291 542550.4436898071 576469.3051317756 518841.4578674396 465574.20617335
5517835.410439891 3700.0 556877.4337522341 511027.7464051141 675173.3281989172 681059.5616635884 391206.7743261197 539766.6295632682 535095.5641697765 593363.1534429868 543124.1075579614 491141.1113599241
5715387.673139264 4400.0 576813.3933390619 641562.9957148521 538285.0802194081 585265.9085285127 519125.9208671056 521874.0886787337 594687.8632532828 652662.1585259882 532559.6807798315 552550.5832324873
5782650.886239376 4400.0 558050.23232247 589887.3065686206 555985.4215986289 563348.0032705921 533690.0489508162 580490.9774567517 611313.0474404353 698792.5252057716 536334.9759063936 554758.3475188965
5635382.950702654 4400.0 569414.4299140952 521158.0174006511 549980.4751630379 596692.2400404909 568665.576783881 691909.0469150839 512900.85491630057 536461.3011423985 548038.8868664596 540162.1215602551
