s_bytes_all avg_video_rate s_bytes_all_#1 s_bytes_all_#2 s_bytes_all_#3 s_bytes_all_#4 s_bytes_all_#5 s_bytes_all_#6 s_bytes_all_#7 s_bytes_all_#8 s_bytes_all_#9 s_bytes_all_#10
2667608.703429886 2300.0 0.0 0.0 0.0 0.0 0.0 178779.02961746155 638602.0601881823 464443.9814287121 700850.9607776857 684932.6714178444
6004785.313526856 2681.818181818182 693880.2389849821 688972.4311111664 740412.724130748 660417.3779411265 557002.7482202523 715320.4480119044 560392.663793949 614477.8057988627 269682.636949082 504226.2385847829
6250963.958438283 4400.0 719800.5487865792 634520.0679673706 755245.8116459795 610809.7855721301 674264.1182258377 630905.2265794217 502249.1084823145 663644.2861091776 368734.08278749534 690790.9222819775
5605442.9995949175 4400.0 460012.6766917192 702226.324855532 558851.1320890208 572279.7851830984 618717.2579886641 528646.4759992268 615463.2287775921 454389.2184484652 682960.9419145051 411895.9576470942
5624222.6203871975 4400.0 425534.11871699616 541792.0443063648 737161.0907635659 569388.9217030798 608834.0877829631 517693.1791074054 628454.0217505455 518791.7159396417 640391.917786612 436181.5225300235
5633789.098326372 4400.0 484989.97078071407 634840.8493794821 647353.8313515331 495939.270151561 538984.7893528143 610358.4517728125 652472.3307742638 514950.1486237599 637778.9264548358 416120.5296845951
6639238.402933498 4400.0 567587.4374740854 596905.3262459921 668434.9495521982 675639.5200915878 592452.4113641098 779804.3134971085 679206.7334459318 668044.8848868379 703637.8682563981 707524.958119248
5683412.79311591 4400.0 557343.6939958169 692086.4046746697 530200.9976520295 698385.9873583394 537712.7397552413 519140.5233291854 609841.8718882271 548693.6581774261 643550.3340559391 346456.58222903573
5795540.311851203 4400.0 543197.1883615324 665653.7135439033 613793.9700663171 558629.9526026066 486278.3115849546 578105.1193933969 583745.9531192163 514893.4269097966 645834.6425427262 605408.0337267529
5532890.111020251 4400.0 691672.007064341 603768.3065357786 687715.6843203118 583785.1589404461 622185.7194666222 517672.9069897503 770747.117044771 637691.3996147771 333566.498419078 84085.31262437573
5530736.308465255 4400.0 618141.0440043616 545011.2404008651 627334.4490174262 388354.6850581174 591223.1043671976 544394.4227020084 476736.4133438792 545027.0887158888 524581.3431701717 669932.5176853405
4809029.405813277 3525.0 435296.5613889642 95407.81752140392 635879.4443581915 668959.4485625223 674503.5578919719 225561.0974492933 598113.5656601632 489176.934825383 475617.7228951597 510513.2552602238
4563612.417557023 4050.0 631830.5982068992 343766.21901039773 470510.21349624585 639188.3568114766 610826.2943604831 436253.4282278709 12123.862983718056 79428.03205424073 620416.4352116298 719268.9771940607
4936696.555540069 3560.0 679170.9803980819 620254.4591361205 627581.1183852303 103995.20035079416 449476.1541957873 335855.4525872955 574815.671621913 535583.7972533862 590499.0832044169 419464.6384070429
6478724.908607844 4400.0 620841.3853576317 706080.6861855019 576278.5877128388 457554.0480252696 725227.8052199649 660951.4109840768 772811.6525790343 704577.0832824841 557306.7522301724 697095.4970308698
5615730.263449409 4400.0 572968.0753027629 637158.2193428234 466468.009613952 652551.8952445444 462262.76561842737 563353.721394866 563506.6243415409 577529.1288709171 639741.3454813252 480190.4782382503
4715257.604137523 4400.0 518832.483515152 525729.8486794775 588845.3506969451 632238.484348315 617304.924730415 376771.1712506383 1000.564721803982 78715.12882800661 656599.0249118798 719220.6224548898
5339156.605909046 3700.0 631271.2959051202 719067.4372000621 633086.0011709916 355216.1204919979 575766.2872177797 168964.65289276876 678863.650925828 500829.3729665362 603260.7002174178 472831.08692054485
5666346.382218067 4400.0 509653.0094428345 668758.3170995299 592284.8472234865 786740.0266992997 607499.2011142508 182730.32197309355 484394.3819298973 653041.3597841669 599870.8423464034 581374.0746051038
5597033.745056041 4400.0 560850.1174781497 558533.4775852545 681904.1971270647 521459.0360877346 596640.1645213114 512820.40089308936 588370.2045830309 511929.58893153 495256.014739459 569270.5431094161
5454707.751327755 3840.0 581916.8847072576 536540.0472997292 658610.8679897389 571265.1897039239 596979.3278577045 455399.352688212 542891.9962169761 476287.8241585282 411256.7882646341 623559.4724410509
5504034.814923327 3933.3333333333335 765585.2971717269 620097.1378859679 560595.7242312545 194677.4057463916 611509.4253747776 530550.136278285 670800.2462286642 464766.7832353678 619411.5979704245 466041.0608004676
5698986.380715812 4400.0 574199.0579092585 571887.3930245887 558436.6583035436 506920.0243391372 367786.59520300064 729447.3161351881 515482.0796013637 678076.6254420104 497495.87204753736 699254.7587101832
6707556.011049848 4400.0 606484.6928119677 614563.463125583 592913.159092947 737216.6235916142 735621.2588125813 519173.8853445148 575029.6251023721 737387.7322703716 697444.9721233305 891720.5987745663
5693396.794081332 4400.0 639249.9445096178 595411.9114059246 50262.9151771487 661361.6623059796 822181.9623887718 626299.9033466666 546107.538140239 588094.5911483628 560225.9159194698 604200.4497391513
5517933.245464884 4400.0 511879.5496650352 536934.0723352489 603808.4254494666 479201.6113731026 599816.6265228188 517001.0308588942 611118.1685659304 532544.8666793302 582176.4796103867 543452.4144046701
4519521.088592804 3280.0 569560.6870559397 470153.5162831528 1158.289720018903 79100.66968129702 523579.16962789424 662459.2540344114 496176.33250790887 700921.5687907914 692599.1659137731 323812.4349776159
5162616.234686861 4400.0 531769.778383614 229501.82575562983 488292.7992251637 524452.9224945542 505927.784440517 591255.223963561 482606.4992857211 728449.5157848318 597308.9332953022 483050.9520579656
5524516.057121451 4400.0 630312.68768738 473573.42552783934 571592.7216603502 597013.8350274533 612328.9595757092 460344.6618518884 546453.180572607 582733.3611389571 588266.8520219994 461896.3720572671
5831103.441020127 4400.0 655684.9645579911 465191.7660309002 457315.17163936014 561336.5703314008 662955.5665637567 553537.5345298903 694732.5560207382 488722.7469437489 651508.085175982 640118.479226359
