s_bytes_all avg_video_rate s_bytes_all_#1 s_bytes_all_#2 s_bytes_all_#3 s_bytes_all_#4 s_bytes_all_#5 s_bytes_all_#6 s_bytes_all_#7 s_bytes_all_#8 s_bytes_all_#9 s_bytes_all_#10
1502641.7644798933 2300.0 0.0 0.0 0.0 0.0 0.0 1261.2147981641533 275681.8541493923 466902.1820892748 647955.0610989718 110841.45234409042
5484735.611806883 1500.0 876605.7755382832 380619.4168453473 638109.8205584413 434354.5685207376 693614.5485360634 851480.796943709 540416.901174305 457791.4787546685 407111.7291188554 204630.5758164718
5300635.143519882 3875.0 265354.7061284167 543977.475545727 472191.116073683 539554.4701569405 671055.4005500556 604243.9854845494 514227.7333071423 560426.9382903497 568531.4761713119 561071.8418117056
2945108.6198629383 3466.6666666666665 687641.3704839933 748097.902493771 173284.52831071054 577814.9985151346 487551.6803897327 0.0 2913.0 0.0 17286.89106682148 250518.24860277437
5791257.872073716 2900.0 767060.7183879454 508467.7827111509 475572.3430377537 594317.0580968522 712541.2245718067 396870.5434494605 601223.425750161 562511.1418974934 733873.9682297467 438819.66594134434
4014832.6543080057 3280.0 245468.4601688312 377693.52808785817 268827.93517037533 279815.41088936164 274208.9226508228 527958.626713868 494627.74139772187 536493.7380734485 664859.9486268543 344878.3425288643
4018108.9372989465 3000.0 393047.0858465637 553655.2481021197 151146.07937947454 476245.4024517428 302899.9844899981 669714.5150609635 116444.85079003352 660196.6578802804 15194.509947507384 679564.6033502632
4531498.788268442 3000.0 55146.39664973683 32692.0 262067.4669370942 564021.3699927016 655903.451509331 587108.4645508345 533189.0833770233 493217.2929379456 839633.0655725272 508520.19674124825
5043690.852496312 4120.0 386587.1580228381 443943.8911434037 165006.42251880755 536799.1000015333 570122.7285894599 685156.4548920934 473501.42141896463 583731.9166902228 509737.5183741213 689104.2408448671
5415320.475317393 4120.0 500256.4973516332 683000.4092841018 649541.0426032898 693177.2117571356 156029.94295114168 421644.2188888328 597468.4562505077 417997.1501157056 683884.2344003182 612321.311714727
4414727.837822728 3000.0 671426.6512943232 664288.6292732662 226672.4500401421 401240.1009124773 333197.01322686445 430795.0250036116 391366.7063725756 530665.5935449116 139308.26079084395 625767.407363712
3590118.8337590354 3000.0 154917.52443530722 495812.9183095542 129520.89949190574 422392.9104433921 432645.4625297104 377516.1365211541 437822.78028422326 360202.6649488176 282602.48505993537 496685.0517350354
3709501.266507019 3000.0 459114.42169889295 505232.0601000281 161562.83569537915 465050.3407596573 75234.1165729329 604321.3099793078 660452.2049210886 288460.31925853906 73649.88694340723 416423.7705777857
4019176.342478807 3000.0 546719.1658425 314577.39826933935 172437.8633263254 365303.6872113772 423316.6273142441 421302.6135324579 367253.80167304864 787063.0649398842 621202.1203696302 0.0
3780276.24895168 3000.0 272009.66706907854 562611.6130047141 630723.7199262073 0.0 323661.024066294 327201.3410959077 355082.7299983256 421532.8936294358 542922.1154953176 344531.1446663993
4686379.915058338 3000.0 236895.64694531995 462277.8039638519 908430.8739543108 527919.2167341423 232178.32476025785 414093.2608089525 453412.13093688025 541596.4984816591 195972.30726096596 713603.8512119974
3832536.8359899824 3000.0 343313.23162888293 358034.6043610993 374204.8081413253 306054.05236776016 462387.21134282846 348057.7951107906 390245.9938541775 484918.1932958471 659852.323188368 105468.622698903
3778348.514932471 3000.0 287715.61897007027 309366.6857709196 97391.69525901008 0.0 278485.2277911758 491257.1189832123 741257.7439829109 565220.3766421454 485220.0738266603 522433.9737063664
3779715.2077110815 3000.0 277145.58457930444 522932.0982322945 55470.35652153025 733727.822493301 46773.31478354437 704476.3084575544 125618.3677022414 433081.3610864921 519071.4097425309 361418.5841122887
3986668.4512768975 3000.0 178369.15640886745 377638.744629821 715418.1837712257 248626.1925465328 344526.9363788748 467260.0636211253 311134.1496137439 360390.7688659248 413800.741414396 569503.514026386
5350944.24886604 3000.0 900261.278560159 725226.9079772781 795332.8768146281 530956.3027795493 432819.9099969297 341474.70252529 431692.2782914353 364273.6082765096 444876.3968630856 384029.986781176
3796312.111579504 3000.0 422359.7827269011 337944.3820181616 380658.3677675658 302093.6457435464 312161.568860688 472987.1734543996 502063.6558649644 346482.63698506315 351936.11616862525 367624.7819895888
3700173.937600996 3000.0 415555.19797388 391298.7121071945 299856.54415880976 531052.0113941204 340565.69261399395 317888.5581339414 395086.3236444169 321237.85129302146 262265.7523176817 425367.29396393633
3199270.5280330083 3000.0 521562.87782437017 323724.2433443512 396507.3982991271 364823.524563554 424288.9793535836 404517.4914900709 365939.7851025052 316735.2849842503 81170.94307119578 0.0
3317269.9425869267 3000.0 2913.0 0.0 2913.0 0.0 500684.81413018407 753183.1504410466 647642.9733438346 721754.951352988 460527.0442619388 227651.0090569349
4747097.821442293 3000.0 448964.993523688 698881.6144592045 535475.4494301805 0.0 253461.38762106752 679023.9495787747 645005.4576829826 448879.0761892601 410896.84898404696 626509.0439730878
3104595.2359707803 3000.0 126870.32881551929 626895.9071552609 344291.8976554194 330437.0700425371 86530.03230204349 0.0 281368.1272872781 635904.2948736391 672297.5778390827 0.0
4291239.16334802 3000.0 305195.789345774 607081.1359554369 616480.504477648 341083.1753347395 556698.9435678613 611705.1080528047 546620.7801205687 41610.56314516694 352016.3285819089 312746.8347661112
3874857.5414028 3000.0 273284.4829828128 441581.6861644386 378760.2639280252 429692.3241559088 208580.07942079444 0.0 250419.4851999745 553878.843109796 764278.9507694251 574381.4256716243
3305895.29524918 3000.0 681089.5449978744 564082.2311819583 236804.51906934724 0.0 322165.8654961733 521074.4656090904 630691.6688947363 0.0 247019.72819415532 102967.27180584463
