s_bytes_all avg_video_rate s_bytes_all_#1 s_bytes_all_#2 s_bytes_all_#3 s_bytes_all_#4 s_bytes_all_#5 s_bytes_all_#6 s_bytes_all_#7 s_bytes_all_#8 s_bytes_all_#9 s_bytes_all_#10
554515.0477980506 958.6666666666666 0.0 0.0 0.0 0.0 0.0 0.0 18209.76501431789 155673.05370452828 273114.7956124716 107517.43346673284
1470068.0472313594 488.7272727272728 187236.30928175827 114283.25958182788 185981.12577203824 229530.4387260671 129435.33972929083 6000.479110967162 169685.26866505182 123526.12625410108 120128.6535692566 204261.04654100037
3018371.6346062254 4065.0 168222.90497059017 341105.0 14219.062632875528 205423.5987216428 260348.40938151596 48255.372928788594 70297.29019360327 307702.65465455886 849422.4185074496 753374.9226152009
6024442.71520309 3000.0 653567.0000011902 389458.5182807419 712793.8294523731 736223.2316983675 764248.9364388385 121958.89407410425 425629.4594055395 837630.0771308583 705346.8222118291 677585.9465092476
4954499.620878318 4166.666666666667 296010.62807806034 612921.2531275151 184131.6086277376 499040.7554277086 624467.139805308 726462.0484114247 366790.1912539082 688384.1107779042 416044.09063079895 540247.7947379536
5055333.752841005 3280.0 690755.0044600544 725800.6669060224 468609.26291687874 755814.3724387755 120263.84676301952 564377.9441367439 277768.12792265293 612989.7083703438 198158.54552180448 640796.2734047098
4537710.296630764 3233.333333333333 136204.80319408528 504990.18972802366 221552.41499763305 590063.3168880058 211081.16926250205 582992.2370808207 735532.273439446 544621.1057765208 417527.9335300961 593144.8527336315
5833035.50730611 4400.0 472845.9047018385 548486.3669728418 639184.9015390363 691930.6990142823 402096.6333585433 664155.9892038908 601163.7259817441 632830.2664059612 534882.2247123062 645458.7954156656
5588047.523859952 4400.0 439990.4295829464 707313.8216082143 466572.9407947833 592669.0559916885 523907.4953055473 667295.2088415882 447731.755725344 582046.5782156773 507207.2471989507 653312.9905952116
5821850.692908548 4400.0 536658.6689078268 573477.8588911273 595788.8393912418 646742.420698491 468030.6573310331 639511.4029715727 517601.9094012105 681534.383042519 449638.2209874099 712866.3312861153
6447076.852765494 4400.0 671180.2208768283 538662.8430310471 411568.0968287006 644171.4956591023 713910.3560116881 697157.4853478576 797661.3296580004 715651.4191321726 693327.2846652125 563786.3215548849
5996876.695582011 4400.0 750696.89869226 528068.0099337783 759730.7065068039 503854.0110606799 717518.955014471 512432.1146971855 624766.7676454502 590439.2811940719 516506.3963458482 492863.5544914618
5459886.556994259 4400.0 616032.5236514928 650539.7538223449 661090.7607217869 45702.57419344652 284843.97490483057 671882.9429479915 692236.9989407315 729742.247082779 429998.3749831453 677816.4057457105
5847770.807778257 3466.6666666666665 700130.7180719285 825412.6879354168 644348.609780088 495453.0128464582 334934.7745480647 619322.2520158229 695550.7869844506 551427.5977413403 750668.2066133752 230522.1612413114
6024961.84173811 4400.0 524312.6395694098 731978.2154503441 554046.5282540469 656632.4166316002 715689.914504199 503888.3862975166 744532.3839799571 334696.6182203476 718690.0966171111 540494.6422135781
5895674.682181996 4400.0 523991.5970837147 267480.7728092321 647035.2117206092 812218.9642102169 545635.7460654473 688803.3846490796 495304.3918715464 678397.3746844485 508586.2688977874 728220.9701899139
5549610.102849176 4400.0 467554.04721322906 622400.865292069 487954.1198957315 608792.9385641515 506071.5511933339 591033.9901394597 544460.6049873047 629752.2661386762 490588.4139220001 601001.3055032201
5734030.260365143 4400.0 599848.585818112 619635.007620613 491388.7449379265 521825.9668738223 608988.0111700859 658337.8044066239 490884.3516110086 580791.6334497279 508007.7430670042 654322.4114102183
6328943.22847441 4400.0 503022.194598342 652074.1794472686 518191.0987873933 652103.1030373098 755389.8419942642 690554.9086597969 637065.2515515554 688464.9767464527 515175.6479237992 716902.0257282275
6046612.65509683 4400.0 579874.5120124248 529485.1503216461 771752.494921029 484450.8642480913 687553.6653686936 359846.8641233486 634841.0959251475 681498.4687404644 627891.9374190818 689417.6020169026
5898519.195014338 4400.0 758445.8167048245 638693.7387707522 628969.7449393556 585887.1878955587 481916.5768314248 638468.7300779799 462534.47341754247 700357.5770560034 447789.9598112179 555455.389509679
5726363.811761114 4400.0 551817.0544028442 631418.8906613266 535730.9653405679 664576.736824354 470205.2406204537 670058.8745105012 466859.8945405021 648931.2640456458 371613.83076418855 715151.06005073
5405141.307964364 4400.0 514234.0597580856 643467.8004839146 332267.12964482995 469951.144706413 642361.7597196304 748949.3324967949 408401.28128632624 682603.5350196534 316294.9354027996 646610.3294459167
5714969.175326423 3840.0 612473.890045725 625805.6232697426 520433.4200834184 626943.4332561207 743284.6940900974 499340.4589958484 543346.153362088 235031.0671223879 520679.0794611905 787631.3556398035
4363059.01769185 4166.666666666667 176542.52828298928 139496.21836448478 438589.2542549426 754321.4694742295 695907.4677007598 570146.4066670592 705163.9155497078 588812.3936385213 72178.30749073424 221901.0562684213
5815571.538373562 4400.0 555656.009305156 676828.2989493645 681315.988267854 649100.9018301273 469476.9235995053 624882.9274953174 461969.282119027 540005.1495517181 498954.5875337643 657381.4697217272
5733992.494401125 4400.0 632859.6866271162 596804.9869107178 471600.3506664181 706535.5490553839 343659.45987257705 607460.7858511771 582191.7472690835 637175.7223940636 464144.3258065596 691559.8799480287
5865295.263288919 4400.0 474161.59266578086 630708.4523262721 522671.8535414363 670031.5896264868 694524.7810816291 640984.2499775173 245520.41715899255 531538.1673247381 734459.369110785 720694.7904752815
5428433.564131506 4400.0 264922.22172985645 588772.9519595786 509373.588272291 626991.476508168 544504.4619130602 705996.1482373842 467182.0667653236 594659.1856017944 516431.6947863829 609599.7683576668
5655975.561946545 4400.0 583021.0372563333 626738.2868955851 459442.5033329177 662941.4185907379 460035.601102647 601201.5235237646 549345.0467752184 722002.5879644933 372760.6297786595 618486.9267261885
