s_bytes_all avg_video_rate s_bytes_all_#1 s_bytes_all_#2 s_bytes_all_#3 s_bytes_all_#4 s_bytes_all_#5 s_bytes_all_#6 s_bytes_all_#7 s_bytes_all_#8 s_bytes_all_#9 s_bytes_all_#10
322318.5140455946 1390.0 0.0 0.0 0.0 0.0 0.0 0.0 8920.385954423331 154967.4615545247 116552.2876658121 41878.37887083453
943978.4859544054 288.0 12350.440559953104 53135.06258850971 111010.01544685646 21710.781875140216 8849.189276562758 116062.4713582942 162741.13890760418 176104.3827696072 176719.7236701312 105295.27950174632
1019440.0 685.7142857142857 35706.54224427531 102589.5176785738 145260.99610706765 26458.786333290143 49428.04599828706 179640.18663183606 69118.92500666996 169418.76085970717 19495.23914029285 222323.0
2673176.765004027 2157.1428571428573 0.0 413909.0 0.0 421097.0 189627.30219470817 409515.6978052918 177193.007434789 439145.992565211 491691.6017361062 130997.16326792084
4676595.189479989 3000.0 563200.3217464305 632562.0360536943 392928.8771958483 507599.8880260415 273110.85853975185 550082.5887545552 416448.7439294441 459523.647592784 322433.4661550283 558704.7614864107
4214976.551027356 3000.0 519579.2451003953 234110.50752660248 489388.7744312952 591775.3365249932 409101.9441438824 333561.3730822068 533037.0284762552 476062.4185613079 301238.4199471978 327121.50323321886
5923457.187850591 4200.0 658218.5868390545 547044.9076495748 197082.6753808968 647943.6853830602 783356.9525689685 421568.6943993468 540674.8410247859 644600.4041370264 701187.7401710418 781778.7002968353
6413632.928850124 4400.0 625979.3016390319 658861.747092582 704492.8568975745 647827.6222876771 709704.5145859903 702968.6559501002 743703.9002626996 380975.51724197256 530482.9770997317 708635.8357927639
5488425.377787914 4400.0 727560.2465196385 552613.9613483774 644090.2703839776 556963.1812668258 675589.1096649078 675028.526039423 632379.1557186596 609746.7323735511 349388.0976765032 65066.096796050246
4622581.227762455 3233.333333333333 0.0 397917.38154535205 597938.6168880787 797572.5841668866 568012.2026825286 693235.870197475 340783.28583802324 475542.95878520096 312437.1394934021 439141.1881655079
4221320.069207304 3000.0 362677.5866506374 509914.3438610399 281943.7287673519 550657.0031709496 254597.13283083343 471674.7807039401 251305.52972197597 326674.7860180619 523870.3224692878 688004.8550132259
5437200.652505139 3933.3333333333335 593315.6381396021 723725.702671676 327897.07482771954 485089.3581883543 507589.7133024245 588527.9607953697 557766.3183082574 603069.5386760313 468182.9238770412 582036.4237186626
3491731.9291705154 3350.0 492550.96855040215 121121.08197470018 0.0 346409.2276914865 565288.0260110623 596850.4737752842 244925.2523007917 450116.9522451785 308226.1832456096 366243.7633760002
4754327.403418871 3466.6666666666665 429948.46643023775 358230.4806358544 581856.5521783468 741638.4057236528 458812.25770134747 497506.5943185338 245945.9975476747 541242.762633279 385587.89883809816 513557.9874118451
4916127.257806068 4400.0 439047.6402523827 576272.1300593115 378876.0083849735 580455.8395470829 361512.3174816764 522270.6888124075 467342.8509852293 525695.5688536058 471466.6904844032 593187.5229449961
4767900.559221748 4400.0 492445.802066086 535896.0445441992 412381.3692909123 622084.8719721476 356302.9964501405 495760.8646569463 477378.4944076247 562712.6285440817 368684.1901980506 444253.2970915597
4645918.021535815 4400.0 470489.7116443127 548355.6806118015 324421.9111409291 550258.7732187167 433257.31833662966 552703.1657463039 459831.9591159202 569720.0666424157 330784.8171321851 406094.6179466008
4348974.566101072 3280.0 502206.723638744 403488.84864680615 601918.0490595577 405991.4061215092 517732.82486835215 373137.1969462151 280617.8300909004 472156.531472381 346941.468527619 444783.6867289882
4949486.854581024 3466.6666666666665 579581.4006897125 765894.000351584 481140.2778841807 490145.3011723355 421165.70392337616 445668.9301489312 268737.2549360318 480830.4371948606 471380.1060987836 544943.4421812275
5175632.6931372415 4400.0 496710.1428712786 508304.8377118532 570776.3932229663 650018.6248905446 429604.5033596838 574602.4861273002 398028.20505341503 502716.47631919006 422441.7769450336 622429.246635976
5171361.473336157 4400.0 404996.232657212 595658.0317967949 509215.3279357788 532893.0999468066 461018.9954526303 583830.3710194462 494564.3426363252 621388.977026948 415621.6789943753 552174.4158698404
4433578.448649636 3280.0 436707.6164224027 617247.0160905654 450056.4056721348 590078.9125875816 363270.9922200434 372963.0331610128 396164.3160628488 391977.4025553876 269893.10804991244 545219.6458277465
4488931.573783266 3000.0 335998.5439098683 506054.6568664924 288063.0072689642 431425.5063741955 382054.3873803392 542743.3476300923 253395.60406692172 502477.7382209762 527421.4271981961 719297.3548672211
5080604.405390877 4120.0 323313.7525676212 571746.3827271464 325152.60028135066 335217.8124200886 595709.099430274 580708.0239425601 563300.0715826228 672635.7721846201 540106.4969784529 572714.3932761401
4921206.52600587 3280.0 524911.0178032239 610882.7880430364 623813.3809543985 682688.4679909167 629758.4865961053 480204.7049276245 308504.0180775043 451052.3016274964 125938.69837250355 483452.6616130601
4962654.935874648 3840.0 273540.0584831152 435135.75569028966 572025.738181225 595820.1704599685 609382.806330241 616276.3007791041 517340.4193748892 499148.0211774476 439956.23060329416 404029.4347950743
4037890.0811648 3000.0 405044.4025122913 458935.7813619671 316558.51681311463 472830.227582191 359883.2951281693 571840.0612720918 270244.092463474 505881.673230312 270184.00839835714 406488.0224028311
4685547.515734788 3233.333333333333 292243.23692453024 503055.6704785127 260821.7444921829 411111.6033750666 550164.9928039624 936833.0012623024 361643.52966386906 570066.1778059829 299148.3258831142 500459.2330452648
5349840.248642905 4400.0 495901.3135329612 505301.8394831654 525225.6250035666 622208.4080665204 568555.3680482825 613881.5396849989 520869.9501198517 570403.1394978646 410866.8047106082 516626.26049508445
5759034.415169677 4400.0 676804.7030815582 679679.1305128674 623851.723375374 454739.97053306486 419003.7054082212 562246.0406612008 566596.1271066242 677516.2257120397 493520.0487643972 605076.7400143292
