s_bytes_all avg_video_rate s_bytes_all_#1 s_bytes_all_#2 s_bytes_all_#3 s_bytes_all_#4 s_bytes_all_#5 s_bytes_all_#6 s_bytes_all_#7 s_bytes_all_#8 s_bytes_all_#9 s_bytes_all_#10
591472.1574264937 958.6666666666666 0.0 0.0 0.0 0.0 0.0 0.0 138280.0984270266 111330.46145875716 145771.77013100605 196089.8274097039
2314922.8425735063 772.8 193435.5791419496 279365.2608997539 260400.14048933025 16216.8620424726 238037.67344184272 387671.3213984133 361473.4184954728 76999.25436847277 397306.0976815672 104017.2346142312
827492.0 288.0 10711.881952869073 159203.34170775066 173420.76254334388 83078.48874369719 91520.7788763498 150665.60818647128 25627.770630064224 130352.36735945389 2911.0 0.0
1245591.0 682.2857142857143 198208.53406555887 13482.465934441065 2910.0 0.0 218973.3306887844 234377.84386861976 346221.8254425958 0.0 231417.0 0.0
3688026.390607549 2500.0 266217.70268699294 283688.65122213896 316843.7280356266 440597.0819627263 470781.92868019664 314271.96504046104 359944.13027983805 353226.8120920195 313097.8316230787 569356.5589844701
3509928.609392451 2300.0 402123.4641501503 949.1452423008144 2909.0 0.0 389914.8221378463 769245.0642881367 568709.8283703374 747569.1211485048 354126.93044618395 274381.23360899097
3100516.491308815 2300.0 358005.2607256353 264175.0187408381 184850.56503342756 291047.9527845212 488247.6093760283 259937.59333954967 368606.90226932295 279128.0977306771 317439.618539156 289077.87276965915
3089550.508691185 2300.0 44978.50869118492 0.0 318489.1498411332 304608.85015886684 352089.8652067125 232910.02439213157 374102.2928077692 675227.6745884691 495943.1976438314 291200.9453610863
3115007.0 2300.0 324119.5490013473 280552.7639942509 386980.9457317278 269076.71762218914 372105.2346836575 249555.78896682747 360716.9547889046 253301.04521109545 358493.47332263726 260104.5266773627
3063124.3558676704 2300.0 88911.07216443899 322372.5367139887 544707.9763556735 236919.6886111363 309962.5654151085 297746.8416351096 418537.0044987416 257526.31460580265 347107.1230813507 239333.23278631992
3071662.384914556 2300.0 360741.6562359987 321040.9878963307 266352.50575147767 286645.0608825084 364445.2744169925 285383.56861333793 392710.6614128468 261381.9289228367 273051.9747573588 259908.76602486795
3215515.4794321107 2300.0 362999.46940180426 265955.908582842 294200.00450046867 287352.9911019231 405530.4791994746 266441.7393148491 348254.30285763234 345427.59519044805 343569.93781866616 295783.0514640024
3637063.098509937 2300.0 344748.7928106273 302797.9869750353 86226.58942129297 336762.55098009 623373.5837508665 585910.2250762659 504678.6486155319 265751.2700354592 346137.46277102164 240675.98807374688
3239251.6669326937 2300.0 398511.8877914848 312272.5039774427 327894.9834209364 293883.218772316 348229.2430219641 247418.6536241482 374932.3303775511 349820.998775009 310798.92758685426 275488.9195849871
3479023.867859972 2300.0 317598.6227121036 309740.15245593654 308381.60204892536 291635.4935264812 170599.04983086677 481792.0937687182 349108.38757364184 242319.98791483 344462.3972247404 663386.0808037275
3266264.81487466 2300.0 461284.8928125954 450707.2536704647 317350.64815220534 248041.07664586924 381535.6188101511 291295.3563571256 338419.8597440749 285741.4402905737 59085.18356302264 432803.48482857744
3271537.862110246 2300.0 464032.7546595149 260706.57694888505 274541.9155762344 287040.39932172984 387907.7373064929 262496.1967341103 326830.5624562621 277456.51547325874 397105.3237225559 333419.8799112015
2987217.4873739965 2300.0 317338.753967495 283994.71553065936 326269.2725475386 295168.2830754693 379661.62833044 257007.8160465521 2909.0 0.0 404942.4955935627 719925.5222822798
3437240.982124157 2300.0 575426.4234475734 318461.5586765839 116448.74059227522 313714.9522919327 537483.9030782605 261976.40403753155 342078.08478459384 292522.25086382154 395104.6695063969 284023.9948451877
3075856.0 2300.0 368726.0834898 252002.6125217497 376150.5312194799 250662.7727689705 361655.6776170067 245442.4286918878 373049.8751059857 244502.55902940783 350306.71896886366 253356.74058684823
2906896.366707341 2300.0 354087.5670670501 275648.0457462807 338475.91246871377 275113.47471795545 388817.87160355295 272118.947542145 351169.9305253169 222633.2503289851 95718.05628888702 333113.3104184536
3925263.877412861 2300.0 589299.5010070457 233870.1322856136 359370.98691497504 537399.3055354427 677502.1288199191 269835.6922886208 309311.2309468572 284141.41973365867 366295.50518040406 298237.97470032395
3172753.7558797984 2300.0 305559.133667571 288554.760549772 364656.18509778095 271909.0777204226 415686.65730868734 280990.6963775327 273910.3033943936 286332.8373901137 430435.6536158533 254718.45075767135
3083883.884425449 2300.0 382227.2558991373 297563.7441008628 298810.6665468895 239338.36994061124 401199.92588817 299257.94433209865 336916.01474959025 307700.0785426403 231526.7773766289 289343.10704882035
3330525.22376926 2300.0 455372.8578981919 288157.2576763589 2912.0 0.0 329332.9588472929 515068.59312466736 543914.5177511151 567152.9302769246 382399.1985538487 246214.90964086005
3161615.42331288 2300.0 339949.4944600192 266117.23930018704 380899.0123080452 244088.1457370398 321195.3287072933 374459.3706641825 222797.6364498617 436904.66417866247 306458.6628802765 268745.8686273121
3969677.135181711 2300.0 374464.1129713194 342679.6791125468 351087.1915117676 848943.0214957662 224988.46340101163 0.0 284967.4811619867 512168.44862489577 783332.6940151901 247046.0428872277
3258205.527571119 2300.0 294780.1973403585 288492.4989616741 258906.4051208312 430429.231887836 333035.82857919176 254372.6367030972 463295.9600583589 309344.2719666368 330800.45370372635 294748.04324940813
3184007.805739581 2300.0 302820.4323086236 276650.4906416177 364923.2659535941 301109.61683574563 311698.3310269544 305964.6235381757 59481.003668725534 608882.861988822 315956.8953740808 336520.2844032414
3054023.0 2300.0 336735.55061324115 513618.85371153033 319172.5956752285 0.0 351084.06888471096 265409.85022331827 397641.3469862021 294252.73390576866 338108.139596984 237999.86040301595
