s_bytes_all avg_video_rate s_bytes_all_#1 s_bytes_all_#2 s_bytes_all_#3 s_bytes_all_#4 s_bytes_all_#5 s_bytes_all_#6 s_bytes_all_#7 s_bytes_all_#8 s_bytes_all_#9 s_bytes_all_#10
2546271.8141620117 2300.0 0.0 0.0 0.0 0.0 0.0 7009.221470192924 663634.4802538775 536117.2046810099 748618.3904205832 590892.5173363478
6024386.185837989 2300.0 818885.1271583613 661748.8817790116 673899.7227664413 609219.5173632941 503406.4200327912 594117.3980023054 487882.98885054863 605519.6373246107 516965.17526643816 552741.3172941866
4989885.620269897 3437.5 428317.9936621194 167637.78458332052 410242.3151574452 573877.3890122311 464788.3148991066 605534.662944291 493546.21111863793 654531.4948679486 499423.790980979 691985.6630438182
4795805.116282138 3840.0 530577.7538736247 322626.5370443068 500171.8015147294 250986.31322698755 500741.3211294701 512007.54592428985 521701.5769103934 603753.387003262 436319.7254671643 616919.1541879097
5749239.310507435 4400.0 569702.1523526418 556394.9378361342 601920.2076021452 557108.2633740869 437497.76509019575 626173.3859578462 532973.361183732 624760.8271090214 574000.108219929 668708.3017817031
3807984.674657744 3000.0 696811.6875745452 438585.2653659838 2917.0 0.0 2917.0 43349.49608911108 369227.2670735721 830414.0411747325 669849.852426287 753913.0649535127
4326331.734146273 3000.0 706202.6133676689 546613.9022298518 342614.6109936271 470003.1516916367 532344.4410072602 220200.55576498696 512526.5282339898 283417.8316570532 401191.27237515047 311216.82682504755
5270837.107366583 3466.6666666666665 580559.3883452481 636693.5772272258 849960.833250457 354407.40256595064 562209.2470514396 200321.730843471 378857.7598506148 547660.4272090633 625306.4229528214 534860.318070292
2471721.140045047 3933.3333333333335 587749.293031724 533749.6819947271 567012.2043419995 624678.1469263028 92559.1104751749 0.0 2921.0 0.0 2921.0 60130.70327511849
5858504.03975712 3000.0 597416.4638885775 745066.9441435748 791903.3390923209 741950.6441094241 783903.9246937112 266898.1163491932 559377.1740864626 267918.231207691 395892.69557416975 708176.5066119946
4397352.058524237 3000.0 768561.9301856416 520273.3650012126 461477.47253117705 257801.48924973063 567541.1340243124 203208.6707292276 543409.5599235626 269704.5525466781 562076.0143237562 243297.8700089388
4719199.876861384 3000.0 544504.3895564137 258652.6931038852 466477.9431924034 349130.7639372626 419145.2243757789 375238.1842777804 582331.9501558073 602137.221455188 843975.7850821968 277605.72172466706
5409336.084496936 4400.0 413793.4935482391 577748.0306360823 531500.9754022982 638169.3645874254 535499.3143645966 639031.7713620029 353490.88549333106 591296.6935456237 578529.4471775143 550276.1083798216
5618465.947687024 4400.0 571953.95990799 551831.1415702015 553226.0696807429 658353.4475634294 533453.0657322184 499719.6450088808 424382.4495348468 575225.1870275175 598005.907727384 652315.0739338133
6396845.785310505 4400.0 475076.75103096425 618284.9990651106 791554.6175923033 521269.9217098028 427729.1210974623 713411.2777816108 735983.8118763489 714400.2999500463 742797.1009611959 656337.8842456589
5970398.865764692 4400.0 817119.672974762 577894.3988964352 514041.1101531464 623900.3983845274 555933.6962522082 609047.1570057985 622407.1022978975 520714.77687222976 481374.7331530757 647965.8197746103
5477351.831944419 4400.0 463515.4957532014 670017.6273194227 537999.0549616669 573894.7042553767 504298.41317284206 538797.5527089965 567990.1972357741 535747.2716651954 494881.7569742444 590209.7578976984
5684533.482920658 4400.0 611898.1463724871 570902.7807701551 507354.1954030088 589502.100107666 526885.6913085618 571351.4807974199 560944.3982700511 572044.2273188287 611233.6896052308 562416.7729672487
4095001.840874163 3000.0 81636.3234579097 0.0 2913.0 190132.57063826796 899408.3717940913 746253.0911638233 559068.3508962553 730198.8230480022 727952.6891206066 157438.62075520633
5942743.207860873 3933.3333333333335 579052.6175098345 693928.4717863405 607665.7505650404 585474.5592057441 638153.552535113 631552.8252956372 300050.232338127 571339.4635149611 656281.8312374206 679243.9038726556
5622878.146672955 4400.0 503520.1999873549 634088.1607377907 512130.1568060098 630769.2832476384 588248.1356410446 483378.1746976589 496686.3424119458 594881.8790998687 597096.4214074172 582079.3926362258
5363121.5290802885 4400.0 558989.9413234475 509261.4420479913 529279.2523686695 630750.4564523177 376918.02187083545 602627.1286443763 591369.1716420633 566861.1602465155 425498.54230437626 571566.4121796953
5683013.495492086 4400.0 490807.8604691182 502045.4297699384 560504.515109122 650745.7054339692 409245.5423389965 679404.8253786741 751228.4056587146 569777.857008427 519042.9930311272 550210.3612939992
5692869.814388586 4400.0 625536.0642153245 577798.8322463561 584151.4462933264 528730.3935597708 620213.6094596287 515643.58393998817 563970.5489288347 542882.7916800197 589767.1296441379 544175.4144211998
6510592.122483142 4400.0 612183.3652552501 681675.5596592955 664949.761399152 541797.3120417998 675444.4190212856 666956.4324057982 739262.6698126267 609871.3225147314 756173.6266359286 562277.6537372735
5872344.2227179725 4400.0 653940.1248888678 554944.7935291838 664047.0857007317 498962.9267065804 615729.3107776099 614594.4418406468 618256.8184583824 531001.3209056163 558460.8483578186 562406.5515525346
4762411.614973387 4120.0 669586.4678311736 496484.33771582646 555457.11941021 556031.7754062663 570398.4007627262 522677.28582537785 108561.55693626264 0.0 574028.6215423802 709186.0495431637
4617716.564651569 3840.0 814708.5636500651 553713.4690208868 711675.5117795219 181243.93598322023 440450.72804605606 572213.8830900327 698150.0277981568 461710.1005954538 67813.1089510625 116037.23573711365
4548215.314968901 3000.0 671250.4089025541 727924.0930807644 336468.26227956795 0.0 818.2836221035697 103110.3422823473 769343.585039456 544015.2596659872 746429.6657494905 648855.4143466299
4192047.538770401 3000.0 671129.6501976604 367387.8377345687 442518.48020071536 368815.0821524194 502269.80054459424 295618.5767417524 440087.672373582 307291.5911436392 498418.9912525076 298509.8564289621
