s_bytes_all avg_video_rate s_bytes_all_#1 s_bytes_all_#2 s_bytes_all_#3 s_bytes_all_#4 s_bytes_all_#5 s_bytes_all_#6 s_bytes_all_#7 s_bytes_all_#8 s_bytes_all_#9 s_bytes_all_#10
2440975.532071881 2300.0 0.0 0.0 0.0 0.0 0.0 69733.46880896993 401121.4962027639 628172.8108665028 655484.797207197 686462.9589864471
5860017.157763396 2300.0 567836.4487459015 581066.2170137793 530466.3879221267 642724.8339011953 479265.5803451162 626985.4286846146 640641.3870905135 464713.368183694 735125.1280787473 591192.3777977077
5070285.8803314855 4050.0 487145.9266145991 220586.0975510287 371814.8372550156 578232.3768609872 599074.3145589819 544651.1395774789 604738.8766582832 558766.0043611637 508484.0256629175 596792.2812310294
3446617.429833237 3000.0 718696.0225615402 333687.2842244999 474441.44714602566 339151.528550356 442527.9889915878 347209.3897013468 466864.9838909064 321983.24790470314 2055.536862271581 0.0
4953076.496456181 3000.0 2914.0 0.0 119909.6316243657 755801.0758574075 667377.6521208211 801521.7686356336 707258.7849548026 679453.144406962 693103.6279047101 525736.8109514781
4617886.402633294 3000.0 428572.4652810384 337778.0382627807 466569.6649522893 607397.882454653 640923.6022366531 497823.3186810756 482707.568162311 347283.23033728485 450641.8545402339 358188.77772497386
4018687.066411403 3000.0 483264.7788240873 317530.05407749594 414401.5868410552 357057.48063029186 424470.0744670605 351163.092790584 340468.0109952344 525933.5901905312 283084.20351524174 521314.1940798213
4103156.034499122 3000.0 292547.29317641124 599919.0450167995 261182.3255611812 584116.9741875168 345839.8412404823 358672.5553167312 523253.05552847 262693.94447153003 547439.5689940129 327491.4310059872
3928186.4353868593 3000.0 462426.7274100701 285874.4385529847 548299.1532205683 331969.68081637693 139191.468425042 568245.6661279282 511003.293857096 208010.78038007632 517848.53548384446 355316.69111287245
3953715.554770068 3000.0 442412.667428275 278535.0670118772 540094.827915591 305713.0972427085 534608.0881866027 290652.1424340318 491696.1017576463 319766.633985111 503121.74629374046 247115.1825144837
4805592.530456297 3000.0 469691.46785920055 518706.5756018056 616118.0363364959 553023.4102984904 516307.51228219713 521766.4718583215 322679.02741950576 429785.50818705605 490579.0576745215 366935.4629387027
3807486.984647153 3000.0 375169.9053465122 381872.5740402636 339035.77859038167 348410.7048078826 437109.174806727 363968.620817501 453992.84983531694 331629.77204947034 430913.06609951495 345384.5382535828
4075276.8044112753 3000.0 335421.9589846352 436769.53575498745 96015.54719402432 686021.6193162507 463448.1932549733 415003.6402347517 478335.8834670172 342629.90313781286 549169.333110788 272461.1899560342
4090765.356398158 3000.0 558908.1100508997 319915.6747878966 520865.8051404171 272405.87721517176 541683.279285128 287134.5672643063 484616.8491107508 302381.30432788323 527900.0965668589 274953.7926488454
4399324.433225097 3000.0 521834.5899536592 324160.77199808706 478826.3415255389 338821.9132749314 401800.3623409839 394834.3548369897 509918.31155204127 266583.68844795873 541630.9580891555 620913.1412057512
4421016.363691222 3000.0 748686.6040997752 390114.465694718 500804.70604130207 327864.37130191847 431448.36990104703 370724.4858002464 539243.172822044 294576.17598503886 378849.0469039024 438704.9651412291
4424399.974665945 3000.0 507483.9216625472 340375.17853514216 569564.5682571577 328372.44852688327 506430.1858772696 336715.1975168551 565420.6401989032 395076.48537223286 527845.7325486055 347115.6161703491
4175333.708965935 3000.0 473706.3910947761 339534.88088493363 484556.87693243206 318866.4648218172 497775.1014230074 398139.1813822083 501985.2050991781 336098.68747904745 414669.33901281375 410001.5808357211
4058301.423032194 3000.0 460386.1645730131 341827.68880897807 480026.14069089777 257529.165040304 549461.5444559134 331213.2886297834 549565.800839572 278350.8412157293 518820.4576580334 291120.33111996955
4727959.1867888 3000.0 560449.6337771764 400924.1400053058 493296.5603513838 304294.09621593123 321417.65478173015 367425.4698638526 418126.59705947794 572003.1677379753 712816.9012012543 577204.9657947127
4016817.243560997 3000.0 448174.6970191816 376826.62280207657 515263.7434979702 339423.26140088186 445646.8131559446 309841.80005037924 405877.5151282111 354086.4284676508 320363.79519899783 501312.5668397033
3934098.365234306 3000.0 368890.0906044512 431192.9093955488 330316.8240738679 351864.3263896995 470175.875085056 338765.4912859198 415758.3183157056 353375.3351798335 572426.1599054685 301333.0349987552
3982594.9705197215 3000.0 526225.8766009503 282405.9911543212 513921.8963583075 305762.2025041842 459403.9722533608 296693.9827837186 469860.0966647207 331485.8395594442 490289.5763849135 306545.53625580046
4073080.0706943017 3000.0 479173.6884644653 351725.41113011166 437082.2248928697 363476.454183972 461654.732842772 336170.0925335368 456524.4799277965 360251.0280017429 472911.0927938915 354110.8659231436
4708683.155286393 3000.0 440674.63701477245 343012.95653689816 273632.80216528464 513443.7507799532 444892.1471193367 586108.7143238666 442656.8685659049 618719.3071662432 734989.5727032246 310552.39891090844
4207378.655202042 3000.0 443825.33454161376 368294.22763466346 589469.4277569616 317092.592303352 502177.8263422065 251310.334050194 392594.4296501321 353123.4038499732 613740.6706427829 375750.4084301626
2509327.783063235 3000.0 502201.7338520718 294163.66440746473 495006.3732618525 345681.01154184627 0.0 70843.65783042063 684825.3705001966 113689.97166938278 2708.8300507609533 207.16994923904667
5708424.877381174 3000.0 543443.8217276363 806601.9237690018 706665.3302083048 742440.6702682187 711543.4919244915 435808.1648216877 638773.7176685504 338835.3354662195 438278.1556494017 346034.2658776608
4072258.1226188266 3000.0 470937.9521300778 356693.95170225226 432940.8484770985 340193.370309398 520441.0612775324 354776.4619695339 325100.11010447383 544627.9791884006 429654.1956476638 296892.1918123956
4827602.0 3000.0 516437.2451787004 602216.2549134374 789646.9944506218 419132.4533512913 506898.64454612014 344838.5271810133 392535.53201653855 360676.854251586 470086.65007260535 425132.8440380857
