s_bytes_all avg_video_rate s_bytes_all_#1 s_bytes_all_#2 s_bytes_all_#3 s_bytes_all_#4 s_bytes_all_#5 s_bytes_all_#6 s_bytes_all_#7 s_bytes_all_#8 s_bytes_all_#9 s_bytes_all_#10
387698.38511067175 1092.8 0.0 0.0 0.0 0.0 0.0 0.0 0.0 87436.19906638366 144674.724745452 155587.4612988361
1552902.8791059311 488.7272727272728 172614.23048890734 193094.14292388048 198072.1680166829 239574.30559401464 116541.76786584286 3184.3133068802463 194076.1673121828 216671.5611894182 128039.95819151876 91034.26421660309
1945392.939310766 1122.857142857143 114483.60402319772 186380.66372129813 178610.27140145045 288065.9897240407 26719.206913409973 244661.0 66654.0133520694 238664.9866479306 90001.35877107296 511151.84475629614
3088023.1377853616 2140.0 231127.796472631 273100.07743822504 150923.92256177496 262594.79569488054 351878.2043051194 240781.50458268716 328483.6154143369 562905.0361283241 341535.0849716783 344693.10021570406
4205654.401621378 3000.0 307050.72089530545 643381.522410793 378377.8173436583 236672.7186116718 694478.1590882185 386426.5901768472 498875.6112784086 260280.38930170576 516173.3399186116 283937.53259615775
4214316.516682189 3700.0 504544.1769803945 301231.8020824522 467526.8481164594 257859.68150040443 495507.7378048482 254424.8920711508 484534.85707231314 356507.66956571623 601996.3515408438 490182.4999476068
5396427.818178494 4400.0 584558.8758654074 526585.4911619764 718265.885829108 644229.4440632192 599535.444038479 279241.5301896625 600758.5394692246 481142.211038234 527766.0926967147 434344.30382646894
4670445.867272969 3000.0 621633.5627638804 512215.1706325769 468187.79858744703 282529.1557736689 539181.0323509069 215018.731547194 526506.0507062412 151854.84320737596 768742.6318568041 584576.8898468743
5149932.253070923 3933.3333333333335 701509.4316149892 465159.0443997325 442512.8769863268 243314.69985253512 544142.1430166604 462502.5057688862 521126.8776058261 593954.1814848309 634152.1708876105 541558.3214535245
4484488.7981288 4400.0 514786.7128958802 617118.9748472318 601207.6088949594 489446.2828950193 614243.5474625516 464609.0925858645 553683.4702268426 365753.112052966 0.0 263639.9962674849
4969458.263292816 3000.0 690807.0516561681 611353.6837312598 704621.0989460034 575107.0634178277 440933.12322454754 376147.4467740744 687726.0459425149 84545.45362311741 737044.8629083195 61172.43306898293
5409834.345258366 3466.6666666666665 713094.044244116 731610.432162293 733130.2072780288 258373.39610918664 522053.86907149904 615679.421167594 598592.0068303813 512032.6893744952 495492.1958846752 229776.0831360971
3412410.1767801903 3000.0 779089.6789230446 117447.71625828872 0.0 152549.1017172177 476138.8125515581 655743.1124066227 235647.9733246016 225016.1044663489 448901.41102643096 321876.2661060773
4865741.99973264 3000.0 490516.3150425984 281059.7791861476 469616.5672938387 325822.3128190348 547769.6329627802 634356.5091009794 584711.1700449098 659110.5080325672 580006.2680171082 292772.93723267457
4881098.394362402 4400.0 503387.87802189065 237824.35572557512 583291.862402199 489389.28611989855 569894.0522246129 424565.2284870936 583662.303049511 484785.6242145067 569080.761104209 435217.0430129056
5015246.596376885 4400.0 573714.2064898582 442729.9737846269 579522.3964147884 430832.3276694131 567622.3541826713 452760.49385797326 579224.8032819326 407313.8053424967 553235.5143662398 428290.7209868845
4913969.227929217 3840.0 594624.876217169 438684.7562255956 574457.0171321307 568899.0809735387 530878.5326807498 460262.37403499696 591914.4642085187 525157.7398721838 595607.6849187198 33482.70166561387
4472867.897492764 3560.0 736014.5046625301 597641.7207444406 629322.8675362103 628051.4161947058 379201.024828928 348299.0659771147 563880.026182523 353235.3738735474 0.0 237221.8974927636
5589983.2789107375 3233.333333333333 616685.0244177359 463829.4480079555 710476.3233105551 327086.1800361431 768233.4759230447 189830.97624789592 724079.7379698036 637161.6781200378 647443.9512400705 505156.4836374951
4654301.8235965 4050.0 572374.3422330541 255533.27804800333 485082.9008930213 285033.00684721273 568725.7573562283 569748.5418376817 594826.3423402354 487233.8059854847 527336.0392275318 308407.808828046
4612782.476566508 3233.333333333333 0.0 251045.86861426564 654758.0131372302 778973.6816441403 664934.7047472873 730430.3353082789 391836.5566108212 369786.6690650383 461124.2098592303 309892.4375802153
3996705.9886662345 3000.0 459676.2096105326 335978.8406985462 523309.55962938885 250005.28016709108 534380.1394770048 140798.59981430665 658575.8940366225 251514.41373223803 508638.76471021207 333828.28679029207
3922650.3512152648 3000.0 549766.3683366835 380607.16137676657 492496.8091239049 308626.74115352164 484047.73685334506 223450.93713796904 461189.40977553366 268832.11541192664 525761.7395331818 227871.33251243175
4745349.712565771 3000.0 617375.3492498177 137470.1649341051 765732.6519833156 731090.3223034039 619538.2734174918 106380.42166385907 0.0 267260.0552447294 754548.0264399986 745954.4473290505
5074202.739200785 4120.0 458799.9690415512 311271.29174395924 408625.3045830696 534447.702802999 588705.130371495 503636.52186962194 574156.8542662296 525264.2759941393 557431.0669505999 611864.6215771206
4636465.438886327 3280.0 601376.8745472732 474052.55278859707 571265.0180096168 601067.3544099005 511070.0128771162 295200.35695871466 585352.5621942182 179369.59295218572 536988.7657125643 280722.3484361402
4937079.20333169 3000.0 518308.2928991097 242646.17634671237 571236.2914940492 371486.7145192351 507400.2887806075 348683.45610489824 718919.2887643494 755450.7767681119 473714.8592404636 429233.0584141542
4954994.076256212 4400.0 463057.1586509328 261306.75534858185 526262.1256133193 509619.6590810398 525679.800729898 494238.6280455061 575840.2922382157 526547.5775274193 565791.566233553 506650.51278774586
4462948.013311207 4400.0 534254.6037368728 539810.8518176387 560976.877448139 483074.5845013463 712145.1537226129 687449.7030509638 332876.2817129052 261457.85325402635 347991.1040667018 2911.0
4259803.930999911 3233.333333333333 0.0 228290.6944357745 510821.1904615469 463447.4521890719 550515.1603791835 877955.5806773638 489638.7578936111 352085.30565634125 708166.0361799753 78883.75312704263
