s_bytes_all avg_video_rate s_bytes_all_#1 s_bytes_all_#2 s_bytes_all_#3 s_bytes_all_#4 s_bytes_all_#5 s_bytes_all_#6 s_bytes_all_#7 s_bytes_all_#8 s_bytes_all_#9 s_bytes_all_#10
1944881.0 1900.0 0.0 0.0 0.0 0.0 0.0 0.0 280519.2304843435 617458.3229727371 486106.4860620792 560796.9604808401
5662329.440312943 2045.4545454545453 785944.4948073674 722295.8317287331 351052.8549127176 520541.8851644862 1021170.6100484348 622498.7823222788 324374.0705686141 331230.0885983531 444077.5343022762 539143.287859681
4370485.48502479 3466.6666666666665 594875.6010216436 127783.70305658397 567942.6212140229 406381.9928502849 448766.6570901271 329829.0761015544 520260.1544344229 599423.1845768966 221354.94395509904 553867.5507241552
5557954.590291873 4400.0 567175.6938514318 509513.28080550017 467550.0414612923 546307.07131454 640517.2946702365 578806.0071338388 579944.072055615 514662.646326257 609988.5673112867 543489.9153618745
5354486.693878427 4400.0 446984.245501172 333711.91553931864 779417.0240258322 553409.9389104897 604189.0516634564 522009.5512515156 622045.3038177748 513240.4631104327 513129.802552974 466349.397505461
5723779.595062151 4400.0 658002.1871455134 503700.9143229823 621645.9231798757 557148.3662037877 565840.3809342117 491653.2548278693 595212.5719766387 553070.7059512571 643452.4418107019 534052.8487093131
5574710.553326204 3700.0 572779.0761230069 525100.0234606777 526433.5741654901 550076.399833477 696727.8729937098 503749.4816186281 776738.4229373888 490975.2254651867 451879.85920106113 480250.617527578
5640370.517598173 4400.0 636990.456201341 530508.3051316525 584951.324137774 526439.4907028743 565851.8864075907 423625.12905322085 679218.7051180054 515330.0849704098 652157.4253107377 525297.7105645661
5618322.217407139 4400.0 541949.3207108562 421418.6529115503 608110.2146963797 450122.58398934966 683991.0061468125 580584.9278172348 666055.6520009472 523770.1251354492 626288.9968446668 516030.7371538933
5588371.10934164 4400.0 523371.4503242685 421212.7683223354 712497.6868633733 535253.6113110188 630853.5953660761 539026.7921283431 647004.0580697898 600429.5450943963 461632.4592975654 517089.142564473
4494678.44862191 3280.0 558490.6804265836 421330.6725615814 592042.817373143 362433.6638399781 577469.8603900038 452442.82577310887 296053.28315772815 427561.41358187486 334741.0259124262 472112.2056054825
4467719.531814408 3000.0 366713.01809808303 460396.7988383319 144898.5321983353 0.0 174423.28385756732 543208.5988415836 801182.6536639085 831553.06890483 486100.153239726 659243.4241720418
4029429.817320343 3000.0 57756.08066485272 689627.2507883346 48409.48586715537 356806.56417685875 516924.5326021147 781714.7125354417 499158.0322805148 683076.0968977526 395957.06150731735 0.0
4339790.554849602 3000.0 167761.843490479 331896.5567769128 232613.38839176443 444010.2269441546 338326.2064940527 504780.80374605313 805080.2894151573 539192.1033599554 481728.4187281885 494400.7175028844
5028185.041203868 4120.0 361228.8567716985 448932.06586236815 318866.3797529269 519069.0441830568 611202.9873940239 543209.964443421 601218.3557017123 536791.8397072795 572139.4099338081 515526.1374535728
5192540.316277106 3840.0 610267.6982233361 597548.5447145866 499717.2660347893 534168.4659463661 584271.1400897566 509952.0299167977 660861.7645978867 485896.5189086804 299861.9290031145 409994.9588417924
3936238.6737103313 3000.0 337482.39576497755 434251.49054364505 351129.5487123442 468751.7980089185 276974.3414942258 383679.2357727332 299363.2335389239 466753.7432608115 225365.8897127442 692486.9969010073
3828590.674541065 3000.0 249476.76510954648 629112.6488495457 200592.85672182424 437254.10603066895 337533.2184010484 429760.6925679559 361387.0415853224 437750.5292248279 306149.99923382007 439572.8168165048
4723931.399835499 3000.0 319142.9215300324 428067.2593535307 253146.14961881703 701695.904414715 67132.0978944928 726002.5723143737 746084.7169702551 616942.2656000935 410200.8806791805 455516.63146000885
3714282.21122998 3560.0 275483.1493280368 490503.5369306782 400172.6533238129 0.0 193224.17881389864 602189.7914674289 694739.5551049821 464584.4746136904 171890.21771277132 421494.6539346804
4578658.665181229 3000.0 779404.0596621565 438962.2493239806 601035.6370773423 444036.4296300738 301898.2491303367 472901.4371975802 339030.08519764536 467206.91777988686 269943.3102935068 464240.2898887197
5422034.958865827 3840.0 871888.853701353 478377.76615023415 542822.3097324339 436936.0589011804 288289.0963574372 465681.977832987 695592.1883120696 525564.5586643121 581932.8708986692 534949.2783151497
5595054.932011875 4400.0 578984.8343966437 575895.9949492244 565354.1902760526 523680.5425370116 581467.6328185428 518575.8957354412 612829.9329527847 552244.8492213691 545620.7172881177 540400.3418366876
3979118.635724729 3875.0 594874.4203959939 551332.6546405148 557846.4327215753 522863.4672657753 376921.597269759 0.0 183336.25583695667 503766.0884883428 312495.8099500459 375681.9091557652
1656126.3359320287 2300.0 596600.8822229436 504319.5172142749 455505.7221939316 46802.81493773943 0.0 10.821371061851249 2928.178628938149 0.0 0.0 49958.39936313924
5262897.376202376 2300.0 294770.3938229594 749151.4808237919 544025.2148365052 567365.5928242804 442845.2726755668 607162.5848756792 581908.3542819243 494794.9219744764 586918.8094375485 393954.7506496441
4605470.224434485 3875.0 615381.1134463508 404624.13785951387 396713.7053908844 502432.2457006299 610005.6823557749 548412.8776648049 578460.3620303404 549930.2568768507 399509.84310933447 0.0
4228542.0 3280.0 184309.5954503029 529325.5237442596 586728.0948492642 465061.4072202391 204166.99150898843 749476.7292377668 405996.94650045625 635420.7906465756 468055.920842147 0.0
4453713.259675143 3233.333333333333 177945.94487642864 462729.2203405268 656368.4991919439 558913.9261419781 604507.2105279029 456711.0721338562 333264.07751632656 374511.1327067466 310618.83880325063 518143.337436183
5110355.686419018 3560.0 646981.0867347086 425025.9399383885 709822.4506282998 256042.87715961877 743184.6072155534 472631.8475764715 628118.7553521551 420372.4168136823 289340.24581161694 518835.4591885224
