s_bytes_all avg_video_rate s_bytes_all_#1 s_bytes_all_#2 s_bytes_all_#3 s_bytes_all_#4 s_bytes_all_#5 s_bytes_all_#6 s_bytes_all_#7 s_bytes_all_#8 s_bytes_all_#9 s_bytes_all_#10
1989447.2037202693 1500.0 0.0 0.0 0.0 0.0 0.0 3630.566241694941 392673.8230271607 392028.179962864 594867.4170096033 606247.2174789464
5216878.978583205 2660.0 586408.7935379278 631417.0808480494 666204.5265479223 515163.6957301885 162789.6996156424 152090.49560694877 549543.7098091848 739936.847244951 564290.4694054158 649033.6602369739
6051658.187496763 4400.0 652533.5112297263 592620.3932292967 822348.5864592403 567004.1999791808 538576.6646182241 615593.2091281057 318360.25305275194 742396.1748210659 474792.2595843367 727432.935394834
3544392.6301997635 4400.0 535440.4258054743 725402.352914457 397368.6513733407 561603.4116777859 560697.0349953801 594102.9693044412 166860.78412888414 0.0 2917.0 0.0
5189057.731986357 3000.0 327303.0185886217 712841.1445513428 583741.9467968285 593561.7601258979 639887.2211441112 666330.6536217951 647998.1822481384 405553.0756485911 122420.99727467318 489419.7319863573
4669764.171486136 3233.333333333333 644022.6983056841 323788.3040708882 443997.6215755266 343819.218686278 437128.2877230557 659223.4077079297 803368.5394643518 433061.59444961336 156842.42221574043 424512.0772870677
5868508.270921603 4400.0 823540.3287348739 581874.8873709185 659905.2115961716 537713.5948953391 509944.3877677093 565237.6111228722 611659.3631315881 573530.4311300663 515041.1874352749 490061.26773678826
5586009.845676172 4400.0 421486.733577113 603479.6543959614 714273.2721415473 656180.0103597288 546108.3381569947 597593.9677592926 469947.9680336505 564004.6406348704 506179.2046790647 506756.0559379477
7102681.872344534 4400.0 529784.6347846427 606450.390024689 541958.2732348421 695698.6489328522 518482.6948948921 1007849.2195312232 650546.5578928739 1416291.5274448618 565082.6153025118 570537.3103011451
6392900.230435872 4400.0 743627.8848656755 802759.465358048 592551.0904186966 697199.3894228237 558266.0541890677 632288.7082186771 506083.8641366685 613384.9311638776 592276.2665027244 654462.5761596129
4656668.445558288 3840.0 219392.87714932763 0.0 439513.9880881863 629095.7223824641 738632.2090669816 498606.0804623681 281210.2508411162 532209.397918864 609536.8485367792 708471.0711122011
5253110.041993136 3840.0 489381.4315910397 0.0 414662.8178636308 634977.8361179219 757394.4031916084 521717.9389621447 532809.234131746 686488.3975640844 588427.6606281169 627250.3219428429
4182129.554002194 3280.0 191211.38959790397 0.0 0.0 410914.4251830128 615816.7778145609 702158.3499162487 599648.7714978397 575064.8232460312 580825.0285786889 506489.9881679085
4902722.075683674 3840.0 728971.5392882708 691653.5843177964 328270.5937216582 584259.3933009803 499077.0063747669 405975.6188889104 689000.8371500738 66108.26255325275 367810.9125782129 541594.3275097514
6272771.733232118 4400.0 591763.5259380481 550502.804592001 635263.8453440906 665789.4076261115 688670.5337885217 654805.591720202 656052.851749104 566994.3765988708 658489.3314725637 604439.4644026053
6026940.673106644 4400.0 818147.0509267832 565110.368459811 528767.4323764346 675306.5988320988 529328.1919300047 673038.7643359246 527191.3354313987 639424.8007293222 513396.0435661754 557230.0865186913
4786333.39449189 3840.0 545291.4303048323 513058.05984671065 146844.86342172953 0.0 446634.2540477066 645582.7367962566 523888.6375394815 634074.8836238883 713742.0001845395 617216.5287267456
4941867.979131458 3840.0 578549.5988630207 386892.51564072527 547761.0060437131 267521.7550839035 365526.5446369051 602563.4753477841 559277.2488945345 541866.6523785553 507221.5667234776 584687.6155188393
3777332.968414216 2650.0 230946.97994992352 0.0 152666.5387716905 520586.621700946 818242.0933590838 559911.0714033325 573842.3663345566 320947.30843039067 376284.73756905337 223905.2508952385
5580980.906078868 4400.0 343779.37090216944 559832.3380198928 501052.4955452701 607884.2094284219 509130.7260270429 597507.9189911195 526747.1613948833 650745.7837661715 646361.2949829131 637939.6070209836
6451266.034333968 4400.0 742598.7475247337 585477.3151193669 607486.0637688572 597077.1637692181 744652.3921169627 669102.5028235212 773183.3049134177 554258.4998844396 526420.34557504 651009.6988384107
4523143.7641528975 3560.0 189034.07112287215 0.0 387625.0347688401 633744.0130681825 735718.442620529 666726.1362387738 642378.2982923092 307648.3608295299 412883.90154289815 547385.5056689631
5653332.070402213 4400.0 490747.3318720036 597869.4700554733 583226.3033427123 551625.0863996645 530185.8619239508 614660.9048461575 650617.2939726841 547956.2204070848 501671.6611778238 584771.9364046588
5429112.123454411 4400.0 624034.7824197131 483497.3911496957 555710.9611961548 565156.1285348095 524520.1504998076 600019.3843642913 520737.0765709182 564303.7147251349 418587.9415065142 572544.5924873713
6424150.399371381 4400.0 600366.4376703117 559029.7825294276 485924.59157165047 635025.312752061 693164.7062788894 638609.7045179987 676896.4002886185 750123.2860766936 645798.4635776153 739211.7141081137
6026575.4577644095 4400.0 774133.3993085688 511471.6398048945 631561.8297317774 584159.2659020941 533422.1149306014 642219.8870666139 504346.13574717386 621570.4723199075 578630.7100887289 645060.0028640494
5109446.808473136 4400.0 499759.3150504868 617710.9147648938 541216.8064570327 571352.2175613868 521729.6131444853 549001.758744959 550040.2473680484 585013.1812406441 505829.9529986308 167792.80114256917
1740773.447504423 962.8571428571428 18850.39449451322 76373.86965707073 151927.35293002133 80198.4221425099 47641.40828030811 482571.0271540543 137707.97284594574 406682.5736240758 338820.42637592414 0.0
4521027.013162749 3000.0 365020.034085312 554430.5205152987 736820.5742673532 470542.581855741 216461.4624866652 420272.7312098194 528218.4628170235 438919.73579075583 319800.40085646394 470540.5092783168
5460219.270681767 3840.0 129967.98683725068 0.0 404402.7031172339 581299.1672769318 766283.1461124362 510982.41337043815 895306.0891457304 930430.25650341 633677.9754473796 607869.5328709563
