s_bytes_all avg_video_rate s_bytes_all_#1 s_bytes_all_#2 s_bytes_all_#3 s_bytes_all_#4 s_bytes_all_#5 s_bytes_all_#6 s_bytes_all_#7 s_bytes_all_#8 s_bytes_all_#9 s_bytes_all_#10
657935.2718574527 958.6666666666666 0.0 0.0 0.0 0.0 0.0 0.0 0.0 121969.18043240822 347697.8475999361 188268.2438251083
1105938.857195823 288.0 214313.44763099655 282428.6294388806 187118.6510726701 36510.43216678455 93158.56783321543 36852.04999450185 108774.3882009005 9476.494259265894 68920.60399412698 68385.5926044804
619560.1814094023 288.0 70525.63695090965 61272.10144857108 84241.13254724363 36788.39536511675 100339.60463488326 0.0 103408.0 56396.42081639341 58699.57918360659 47889.31046267781
933006.0903435668 567.0 159347.6895373222 85034.04206441587 21314.957935584123 109040.7078001015 41470.29219989849 95482.86501124412 71887.13498875589 106975.77747559448 134777.22252440552 107675.4008062446
1245700.3343690864 840.0 124418.5991937554 123108.13765055317 138243.86234944686 134254.09964857087 90908.90035142913 119728.95498198092 132396.04501801907 102185.25174858957 140994.74825141043 139461.7351753309
1215784.219525167 840.0 128087.26482466912 114350.2325109724 116369.7674890276 134872.47454384572 121094.52545615433 159149.5343581736 140359.4656418264 103052.29654279178 115836.70345720822 82611.95470049787
1275617.700297273 840.0 157699.04529950215 137624.07478830518 88524.92521169482 140798.95649506446 129637.04350493556 106428.13057534018 143924.86942465982 155059.73404470037 94344.26595529963 121576.6549977708
1214936.6440574906 840.0 120103.3450022292 87807.32157143843 146132.67842856154 119009.99913027984 124068.00086972016 106365.68166773036 137206.31833226964 143025.69852428266 121929.30147571734 109288.29905526128
1771093.5882479695 1540.0 115010.70094473872 144199.78963857578 348555.54471214226 191494.98244579547 275747.68320348643 172586.30484780855 281132.69515219145 130372.79933967856 84484.20066032142 27508.887303230917
2505083.108298875 2300.0 13477.112696769083 152837.16463984834 260005.8353601517 214498.77686687425 389812.6287641988 193341.7874933687 394820.236230381 222831.4309969942 420903.02140827087 242555.11384201804
3638125.0043978943 2300.0 475141.0043978941 214615.18131997535 520580.7465640905 555423.3967533807 593404.6753625534 238852.63430526663 445592.2970561655 206514.34822986377 349080.7735426811 38919.94686602303
3425911.609405223 2300.0 0.0 226572.31460620437 719207.5039750723 643872.2430842873 379803.45437629696 224781.39375074656 414941.09020739247 188571.47093361063 455533.52906638937 172628.6094052227
3137413.497091109 2300.0 352911.3324337968 188289.65813170304 375557.5744262161 361018.2192703044 402330.8159838737 248087.5688942463 333262.2214546371 191389.1943828511 460132.8056171489 224434.10649633192
3181722.076249961 2300.0 412835.6308708423 172051.1980368637 398921.5637439512 333978.23111748986 458083.3139973168 172366.65800908554 415464.44982922886 214434.47298759207 374821.37491129775 228765.1827462931
3224622.729275258 2300.0 431588.2960773391 240679.1390589507 447268.5109748615 209177.5020441656 463134.36909839 162172.49467879088 511146.5053212091 191474.6662581149 497413.3337418851 70567.91202155093
4014442.844234333 2300.0 562062.0879784491 209151.06218634348 709500.9395493843 618649.0780333199 529176.9202309526 215937.02132037768 402553.18072710943 205301.165032078 380477.6329204349 181633.756255884
3132022.096953124 2300.0 344385.9167823922 236514.75456923255 436008.5723924912 191492.6024079263 484731.3975920738 142436.78699938234 433703.8275806635 73077.55271418519 597226.832705769 192443.8532090077
3113182.92857998 2300.0 355065.1467909923 195745.98466116664 452130.0511226749 204633.33864265785 450452.39138796966 84900.98195846159 544632.2522270695 158285.28177794322 359026.4214090172 308311.07860202715
2919362.248814695 2300.0 387635.2182110124 76093.69678016646 511624.3032198335 219322.07206975488 389447.2952391102 181974.7770627896 380573.08713749953 99948.38414721968 258539.0585151231 414204.3564321855
3139249.5161524443 2300.0 467044.9693963176 193138.5748259512 366878.4119726167 253519.14859106764 463829.2563703609 163311.0201547244 423889.90750534425 222425.07477665105 474355.60580328375 110857.5467561271
3671824.079045944 2300.0 365601.4498015299 780837.5814719215 565834.4219704216 218879.00800908176 387481.3584513039 216379.39491645843 447871.1485270263 165507.12660365546 292118.95110225846 231313.6381922864
3057279.9401560407 2300.0 396009.2580918594 307321.2224176825 365507.9240454181 207192.66588450407 356242.3037584652 202276.1992920075 402290.1677728041 203933.3667138924 345171.6492719862 271335.182907421
3220916.4673518897 2300.0 419435.6090825865 222398.7906905158 447922.0342687865 205255.8883813227 505022.60650585714 173741.38763095217 379627.51835209946 189433.34685256728 503669.2522772012 174410.03331000093
3330176.088857904 2300.0 363490.33980633033 275034.0486850145 433614.8133906952 209453.5720472667 450664.1809915488 176271.58940650756 553370.4223626361 199732.08707555756 491576.9129244424 176968.12216790434
3666191.652546997 2300.0 310009.8778320957 160046.86175900098 358372.48393246194 308195.2752096624 395915.0251940459 255694.72330882863 510503.52788786375 688780.2717269092 370332.8119184605 308340.7937776679
3202799.8533667712 2300.0 452053.2252850987 2910.0 0.0 244660.0828394712 454045.7998118518 206378.2266428203 458109.1678466272 721474.9159222743 403634.5442995434 259533.8907190839
2583514.4283920475 2300.0 389297.62740846345 25190.74450986436 0.0 229039.19740496276 409046.80259503727 224975.6963184501 512356.0381121719 588570.265569378 399.0 204639.0564737192
3789536.961191841 2300.0 612662.8244366868 561404.3268569119 253234.3278374568 539461.6890032815 397923.775391944 207427.57330455456 406589.9678455483 145878.58685269483 393384.6543911666 271569.23527159565
3257822.473513758 2300.0 473737.564258391 190955.1545649002 511816.263511149 224041.05966457844 409608.7109681608 199696.29989807337 421030.6321246336 213210.41343782636 392135.8839067274 221590.49117931764
3150308.516844532 2300.0 404315.1747012243 202999.1505874413 420217.34078169474 213154.31843750752 372654.833324885 222971.046073926 458506.4953740162 207356.3401273622 439484.809412625 208649.0080238497
