s_bytes_all avg_video_rate s_bytes_all_#1 s_bytes_all_#2 s_bytes_all_#3 s_bytes_all_#4 s_bytes_all_#5 s_bytes_all_#6 s_bytes_all_#7 s_bytes_all_#8 s_bytes_all_#9 s_bytes_all_#10
819018.2858925806 1424.0 0.0 0.0 0.0 0.0 0.0 0.0 105302.27657783544 204949.56176335347 267964.072535337 240802.3750160548
2531318.6992644523 1020.0 315767.8056384477 253804.46679467667 379188.3021735473 283990.35371374205 283357.05731603847 141658.72847096718 205964.0 144380.8045773802 273401.8994088766 249805.28117077608
1992395.6826010027 1500.0 205470.5813637273 183988.4458311515 228135.24984406383 192457.10027549905 209126.33889608888 193450.7138491253 194246.25220910585 204244.2053800382 190614.0828506113 190662.7121015917
2087440.061737852 1280.0 200967.893936503 156869.22883161335 268178.4684886453 182232.21950506896 134462.5493146441 231578.3318473472 254805.24672793507 193960.1142452996 315757.20978863933 148628.7990521562
1312671.624728346 1104.0 104582.08636940076 110836.18413471142 84981.54899070894 166040.4786789959 77070.22884235825 130627.35273552623 91788.79575126352 161657.03438922248 214911.52755602283 170176.3872801358
1948026.4891507188 1500.0 167346.92960022893 190029.89598704493 208236.89291346484 195287.830905575 194680.4396597672 175489.50174329747 217296.8365679765 199299.46451190583 180585.82201955 219772.87524190792
1949436.756484784 1500.0 270181.4680639341 227071.1411868587 253982.22727051613 245249.9526950217 267998.27602648805 199822.96414887265 196635.127233356 0.0 83152.48967982555 205343.11017991125
1238510.4001402631 840.0 176444.2992680241 170503.10087223907 69207.20366500635 148578.79633499365 66930.65893791418 140782.34106208582 70792.97399477268 164027.0260052273 70069.3469395328 161174.65306046722
1536548.4942919745 1060.0 67845.26805029412 138582.73194970586 61950.35085414587 282273.8158516098 128377.85211910072 152535.97706638082 74740.79875212179 181708.20364433835 237905.9301994632 210627.56580481396
1998734.815517017 1500.0 194102.30090956448 206216.48591095465 171994.14998959668 208519.49225265 192550.8319786816 200414.38555977933 209226.34117438455 210516.0221784904 196420.08082204332 208774.72474087172
2133505.864049545 1500.0 186690.3113488496 204822.46214065872 178695.39630839595 217867.9543637528 209972.48952327875 209425.71475324148 182781.9664862739 240905.4159224353 286312.82906308403 216031.32413957483
1954359.8261414636 1500.0 269990.658467016 242819.6876477929 301797.61716123763 212797.94993345105 207276.1091489172 199496.2459381188 195625.05296689732 189097.676213209 135458.82866482355 0.0
1248613.0 972.0 86699.28333499726 232780.2927936692 82888.4238713335 188815.0 64784.30289482734 163587.69710517264 65892.20436986876 146645.7956301312 68105.86573455324 148414.13426544677
1545266.5993098589 1060.0 60998.64149139649 187414.90021026996 243406.4323183735 169148.0259799601 73793.94306641436 146557.05693358564 79174.36792731674 181106.7765053741 207081.44223084836 196585.01264631987
1977908.5415144733 1500.0 201158.9515077338 193708.37232798213 190561.5982026005 178311.34851525805 221102.46797700244 191531.6404188328 205192.1803492682 197003.1136576317 215646.5649225293 183692.3036356343
2341276.84881531 1500.0 203946.49598937985 184012.68092085136 235168.59986240783 217415.86871142336 263659.83083935856 279968.18384973484 197064.547097026 246267.95923342867 291360.0365980107 222412.64571368863
2041840.7772767623 1500.0 272535.7473595283 173842.66567793634 213208.802276224 214667.3272560988 210046.3016183871 199093.80110220803 210061.0345115596 202467.10136143467 166601.40277426175 179316.5933391237
1947600.435827721 1500.0 187119.45791225316 209281.59640299703 187963.66101322084 188997.68847929427 217160.2286419206 182865.08519644607 153977.41681966404 176684.38651386573 223633.3435972393 219917.5712508197
1918284.6893715288 1500.0 186502.14145619515 181058.1849358565 199363.0832288245 179835.86858733027 214445.58663389037 179556.1066993485 201181.73555914735 196725.4379720397 200304.52264493212 179312.02165396433
1376294.107884346 820.0 202359.81001302967 192789.1066409226 142131.1912303938 1417.6513254423048 86252.75497973381 234234.2431466358 284176.6354072432 88732.71514094487 77275.55482271088 66924.44517728912
1089763.424384928 840.0 59195.61923638324 249927.18888226617 131845.1918813506 0.0 79841.4037041438 146019.5962958562 79543.43878881473 150463.5612111853 68539.08447255209 124388.33991237608
1542283.8645660996 1236.0 104830.01047511204 234470.08289357065 212825.24708587723 174330.35695195253 228042.51173414392 194488.9173032712 117580.44917114424 0.0 84456.33381102639 191259.9551400016
1459255.5852245796 950.0 156489.87990125167 184488.8311477204 67308.27047344277 148322.72952655723 57366.382898217365 246784.859790156 155442.163968851 155697.59334277562 81775.03005803609 205579.84411757125
1940238.1813750796 1500.0 184343.93227882072 184404.65163215628 217334.1222278488 172035.0291142302 254036.7581079744 200653.1754770979 200927.4631342725 180958.34782543065 178320.70625491894 167223.995322329
2079779.5144894316 1500.0 259347.69783391437 213586.59962879552 118412.94862560222 191040.8635728747 255337.83478812655 229496.79284836297 202220.45446578637 211250.67647950328 196499.26206132185 202586.3841851437
2029038.3052348776 1500.0 194757.1362183549 183633.50166059128 241162.3342150556 177643.59263574745 197138.0952393957 219951.06331103345 211454.28985743315 207707.9681447548 185216.08612543813 210374.2378270733
1349852.1247250042 972.0 192935.7408473693 210242.7745086354 152688.61100261868 172142.9983663808 69400.04031630167 149314.9596836983 68431.79015746868 145990.2098425313 63053.526926979226 125651.47307302078
1351163.5415316178 950.0 67131.02826234214 111600.97173765786 67374.11219553318 187562.62603051477 92208.1861504308 269058.5676885991 171583.24984002125 144430.25809490096 72237.93273840804 167976.60879320974
1912860.9828471944 1500.0 186528.9500218589 185478.138365652 265149.06154908915 183514.00195664255 207537.10916268415 177775.81606458587 186781.76146509024 189303.82797564327 159920.0353218306 170872.2809641176
2131395.894120076 1500.0 206140.28024919957 209565.01043222717 177858.24886670182 188015.59090411325 194829.6708100756 210595.55125914756 175867.09974868107 243944.78096644863 270729.2066832996 253850.45420018164
