s_bytes_all avg_video_rate s_bytes_all_#1 s_bytes_all_#2 s_bytes_all_#3 s_bytes_all_#4 s_bytes_all_#5 s_bytes_all_#6 s_bytes_all_#7 s_bytes_all_#8 s_bytes_all_#9 s_bytes_all_#10
2345280.8446014407 2300.0 0.0 0.0 0.0 0.0 0.0 0.0 420422.69476071175 648046.4021279076 731670.117896135 545141.6298166863
6795189.877054273 2681.818181818182 605741.087454398 475000.7188747157 838811.8490005967 353591.07512352546 836656.5304771421 591611.9391449885 788519.0234996073 829711.7708551747 693772.4895736261 781773.3930504988
4904617.278344286 4400.0 600168.2783442857 287316.9052300959 637591.1126524268 715103.1292251176 574226.3424136259 536426.4432631067 766233.2779194049 534240.8460342438 253310.94326197816 0.0
4763667.630225007 3400.0 305789.92526122427 541477.8674893591 826288.8973706943 495342.2888518407 630520.7393577961 314291.015130691 389997.45961470855 279460.1768115396 338042.3756617526 642456.8846754008
6314261.663818119 4400.0 681539.7873652717 509852.44586298487 482202.6187342718 538804.5284851328 771803.3342074351 657693.5294074543 737796.317091181 599406.905644981 769468.1199291521 565694.0770902535
5599186.611925605 4400.0 406156.7068714914 500309.9723741989 693573.0530798556 675409.3101830182 600331.8024545399 552414.3557257572 532599.2950635478 517787.7628628248 566156.0573473966 554448.2959629744
5670754.29469322 4400.0 609025.6887234878 566064.3288644812 561269.8038449005 552050.0150622738 557074.8203856623 525778.6042357488 540995.3517207494 606106.6952223444 630739.9848238651 521649.0018097077
5542555.419918191 4400.0 603855.3051661841 511051.1382083298 491462.78413695097 598827.3432970516 646729.4824897817 477308.7123301219 512023.34365888697 573238.7565421547 555482.8963898909 572575.6576988373
5528935.854263187 4400.0 683506.9843302064 525783.2386207096 508932.4016561484 486466.0746098435 527487.9879215169 580651.5454719623 568635.0430467213 525219.6930680048 518899.3490317276 603353.5365063464
6423611.936659698 4400.0 634342.2889700588 732828.1952311597 696775.4874828138 672991.0730284861 871247.6836270059 641820.8569306966 673173.0104711591 569965.7970924206 333013.2685597847 597454.2752661132
5843014.219195928 4400.0 401636.4054843195 535476.8656861358 789111.212964546 601863.4472868575 554939.7791040734 672800.4363676938 293535.9208211902 731258.9679022644 563351.3914656003 699039.7921132477
4462082.505648363 4400.0 496801.4329944353 551284.5899274566 623340.2426786661 517863.2535172854 184828.8501832001 0.0 313941.9892324376 599786.8197337554 540967.1073051112 633268.2200760159
5727240.519621567 3700.0 759472.4386375725 661179.6697013645 522152.7903173464 516547.557750501 738980.4325362435 371549.3315376648 423817.35716798325 610421.3892827642 643411.097731241 479708.4549588857
4335386.248100882 4400.0 509732.0786628707 540910.2603873453 549858.2250851836 508797.10337704455 548883.875293038 590585.7081264374 273807.0930991937 0.0 293404.84253378963 519407.0615359792
3349613.0959302317 2440.0 474461.29527164553 649136.9338602424 638855.5116225427 312229.3551758007 328685.89746506617 232068.10253493383 346496.45769507816 338537.9570980978 27428.2205066957 1713.364700128365
4466491.088747378 3000.0 83496.03478067603 505745.6431521723 724471.3647202527 568023.8210819939 630581.5767707479 390034.9020378793 250182.2668170513 635671.3906392265 340621.1214817425 337662.96726563585
4678516.830988125 3000.0 455871.2370897351 342424.7235039576 388599.7154984859 360002.5240361016 395321.6719399768 712086.2062334267 753948.4130306216 401348.3569845716 516271.0372775389 352642.94539370993
5451143.808358613 4400.0 367168.0997859989 596897.6522048756 694020.139113838 469728.1857807821 460626.28819722414 564478.5387091461 560019.9766297634 529971.7513923589 623576.7316763381 584656.4448682886
5390009.063326165 4400.0 626231.4045956768 531348.8757439137 522775.5987966454 454320.1265956405 399854.8481620969 516704.1895546727 625244.7718977632 581863.4124244113 628625.5945344623 503040.2410208818
5364615.435679741 4400.0 534075.9535608322 531660.3489594709 571243.1062926315 498638.63673139503 486337.8387754011 550536.2887157777 549061.113282173 584323.0265054607 528297.2627376931 530441.8601189066
5522076.21104891 3466.6666666666665 687796.0288586346 367699.1603419654 386842.7090951363 781252.5205669417 646070.4893688655 455153.3827974309 467554.730881594 563023.1875651622 649276.3837687506 517407.6178044294
5373521.950972424 4400.0 558436.2024974696 541365.489870986 431625.0194871189 537879.5073677225 667832.6965136477 501153.7262342658 563991.5625843073 466106.7693411444 509895.2205289968 595235.7565467653
3858650.844296584 3280.0 268127.6108786407 0.0 279594.18223699887 622102.6177936307 683114.0151646617 525363.8018188583 575213.3829858503 0.0 367946.5807467385 537188.6526712049
4429749.517267565 3000.0 508654.7665820567 0.0 358921.2261396464 586033.1007527892 635727.905863569 622649.4125456419 511488.5306968539 367984.26603496657 508374.0339761655 329916.274675876
5356381.595937835 4166.666666666667 399381.8187746575 365813.4305398341 147853.78561062142 627781.5692063672 668192.1034646074 495284.78502421634 515562.6767747423 663701.3603709203 795335.9775376035 677474.0886342644
6349940.800569458 4400.0 668341.785245525 708849.8045824668 603191.1892376166 608555.1738290993 790427.8062844115 548749.0449201337 724696.4669306461 539294.60928658 535589.8029442409 622245.1173087374
4728945.850698596 4400.0 553328.9753516739 667307.2779967025 515264.6487787065 526864.2823233511 212897.66835676588 0.0 340981.3470108685 617201.9239546064 717463.9441315681 577635.782794353
5365068.312518721 3560.0 601138.2837726497 716866.7615678983 591718.7710022061 810475.5590664747 520278.7973483495 532012.0088093039 333679.606336403 358228.63399992115 384727.5518058146 515942.3388097011
5425961.703604965 4400.0 490454.80578815145 453681.6938857631 523386.6453985354 612118.5637176202 721960.3108372819 536064.8099963367 500059.22077122045 495039.250583296 495200.4710660639 597995.931560696
6272211.594134659 4400.0 654479.0442408875 594182.7203606381 527768.0775076732 584498.0854373418 574055.3721347703 574245.971567566 740050.5037708689 696163.1146164186 621058.5914317693 705710.1130667243
