s_bytes_all avg_video_rate s_bytes_all_#1 s_bytes_all_#2 s_bytes_all_#3 s_bytes_all_#4 s_bytes_all_#5 s_bytes_all_#6 s_bytes_all_#7 s_bytes_all_#8 s_bytes_all_#9 s_bytes_all_#10
2666855.2742253304 2300.0 0.0 0.0 0.0 0.0 0.0 16289.1107902575 807395.7835027254 548262.2197817006 748815.3299063772 546092.8302442699
5535241.120309008 2300.0 649780.1821291503 594237.9283448601 628316.6122864593 553441.3445647149 675920.6584494847 231200.64789755497 409891.4775192065 729321.5984302358 515302.1890290991 547828.4816582433
4087625.840211113 3175.0 268658.96706709533 437728.7035918526 378747.9348067127 0.0 365306.35434464994 652291.8039242441 534281.1970514131 350414.47581016395 414353.0559475074 685843.3476674736
4258337.343517678 3000.0 505411.765254548 0.0 442845.7798120807 335350.3558655064 526085.2645207702 658721.8849047753 728169.1554802172 344345.94625940983 504793.2346984218 212613.95672194829
5286907.169739742 4400.0 412487.5623704957 558318.3495811704 512703.2069908379 575438.5055216574 573870.8065146554 446749.9514671141 521646.0765816549 556889.8475454806 622300.1486406169 506502.7145260579
5527093.073796029 4400.0 495701.57408152113 540443.4498760231 412988.96901873016 650239.1269182381 589637.1280516422 521916.3137769279 596665.7479036807 575178.374105317 583666.8862038862 560655.5038600627
3737004.1782011 3700.0 582011.8560953316 414938.2900185204 560472.1556698894 565301.7714409285 555753.0098748837 674907.3295531222 380702.7655484243 0.0 2917.0 0.0
4550271.04911351 3000.0 5302.631211720426 537299.1763385329 648990.3777930936 613356.7142048917 719534.615011173 572999.7113892582 454899.7938214367 343449.98022989364 394197.7562474318 260240.29286607867
5130877.51953608 3466.6666666666665 456292.052655439 726225.9196165802 609463.972735403 526945.5865630994 553110.4886005145 272138.29494859 445874.7982226735 535422.2426428387 515666.4972251858 489737.6663257556
5363829.798079624 4400.0 510801.119109717 606983.1489115029 585500.6586262676 525095.4161185883 611321.1517750204 489548.4142927452 585039.3119143702 421595.6341620233 579284.4527448243 448660.4904245641
6101538.494699383 4400.0 570688.4040119982 595211.5197233398 559816.2523228957 603756.5110748727 716651.5296243157 603754.2351281805 566045.0678999439 709940.2583836683 612654.660001703 563020.0565284658
6392878.878994055 4400.0 720933.5753539801 552933.1620665621 667124.4011508606 692603.8083410874 756288.4959196984 604893.457118958 517031.66347083775 739076.3356360885 506309.0658852065 635684.9140507755
4494358.219669652 4400.0 527568.0851297337 544331.5922627477 404982.5774708858 700918.8227980912 588691.4278134258 644004.1799293385 58042.57417312532 0.0 486541.442677573 539277.5174147313
5028406.18484042 3233.333333333333 568026.463782067 725835.1924624619 645314.8002768327 414938.4732290228 538348.1014823408 336479.0544606674 460798.03391447087 266107.33640784194 653273.4778574425 419285.250967272
4116925.535980399 3560.0 531701.1006732415 524362.848514817 43252.90587921734 0.0 520260.0835469558 661563.2744287861 663446.0422777262 114646.5997465318 391945.5832321182 665747.0976810055
4750846.339423588 3000.0 480795.3190868764 0.0 2915.0 527352.7702090774 725102.9724090884 623294.5331729531 648802.8794765113 502141.4252102069 689281.9832599306 551159.4565989436
5596735.232396796 4120.0 708520.8936375679 420727.858879297 542472.1803572354 564338.7443948372 525366.0097356739 583740.2109095596 608746.8969000683 562302.1269236953 589891.7035488399 490628.6071100215
4600684.436406121 3840.0 591967.9969905147 516695.1391892641 579515.1634616064 599820.0056048555 56190.44202025229 0.0 533455.3852273945 525615.8672055838 578851.4582609279 618572.9784457214
4211941.308374891 3000.0 419463.3108603721 0.0 409467.3379037317 584366.2728392428 449644.3892570255 0.0 478336.9571783184 800064.8409468442 726296.85001237 344301.34937698685
3842025.218891588 3000.0 57954.00248548065 0.0 515173.0657248602 604679.7928967209 693989.6263306866 389688.8859629112 537226.9394271538 220417.6896576673 490180.6253833069 332714.5910228006
3945390.438888177 3000.0 494944.3228430809 243652.8510184112 530354.7370480015 260856.02518167812 605831.7534462146 271966.9741665402 409469.7039833669 315237.23235352355 508331.7145846824 304745.1242626773
4232607.770757942 3000.0 548596.6562869144 241522.1150995602 500652.4265698431 714527.8799231634 386451.2668262346 0.0 643908.7916151586 143541.20275141532 485782.0997646259 567625.331921027
4356896.592952362 3000.0 614628.4055135761 659070.3898976954 24067.77853650181 0.0 413619.7342170798 616457.7003885978 810072.38519675 392111.01918563823 629078.718839498 197790.4611770251
5518910.396717331 4400.0 495611.56530432793 622740.124379562 605756.0068473353 498563.1116326782 451448.7027814268 688605.5469513328 521592.611014096 562329.5964644554 573309.2573185152 498953.87402360176
5721071.632846363 4400.0 571480.2108655531 595455.0823983931 496259.2630753738 610146.3953025653 595402.146227806 658216.7310959824 599213.3397679753 442312.85254804126 569704.9780076881 582880.6335569846
6410692.533225521 4400.0 576120.9330657604 635699.1263451347 715662.8640450512 701798.2410536979 668450.6535412269 732773.4868008094 766386.5061628027 419994.6692549982 624485.5797485431 569320.4732074976
5297652.95021751 4400.0 559577.9428825238 477706.39958131785 570731.1038764154 516682.7718302288 644552.5931666866 356198.5951107212 554025.3372301899 537733.1487686414 484062.1374000128 596382.9203707728
5503340.208887042 4400.0 569087.0248304938 540461.6259563374 595477.1330970111 432546.8426002585 577385.4763827861 597115.9727742844 616995.5641861382 524746.7239545919 394165.6706378925 655358.1744672467
5668669.196169637 4400.0 527443.9817148254 633987.4204938445 572612.329092638 538355.427084524 738033.7651630421 398174.34723890055 537029.8396141767 619391.1852913976 611589.3962213558 492051.5042549332
6336645.589079197 4400.0 626641.4788152871 513095.8130494078 680837.7419197506 601645.1171921671 622637.7869926884 651919.7088105216 591448.0549940548 738577.7071575072 674979.4263052308 634862.7538425811
