s_bytes_all avg_video_rate s_bytes_all_#1 s_bytes_all_#2 s_bytes_all_#3 s_bytes_all_#4 s_bytes_all_#5 s_bytes_all_#6 s_bytes_all_#7 s_bytes_all_#8 s_bytes_all_#9 s_bytes_all_#10
1715238.9847200897 1900.0 0.0 0.0 0.0 0.0 0.0 2060.4317828604862 175599.5564899302 485697.53137509234 558755.7298506064 493125.7352216
5368443.290906371 2370.0 735581.4352108994 623751.4619940834 495286.3759064111 480885.8253731789 714292.234542831 465159.21959014144 400781.7073083665 632018.4091964089 193825.65212218167 626860.969661869
6516207.631904331 4400.0 781784.8521523627 659592.7217180073 804664.0423439286 754067.8788583116 701256.2139885664 685637.5936003216 626203.5555353852 497028.1586066092 525324.7253176791 480647.8897831589
5557863.522876724 4400.0 727020.3468770527 589013.4040572281 583692.4943352194 614707.3137859282 397340.5334137808 656781.4609209128 387206.5390790872 476589.7555001917 538766.5548958969 586745.1200114259
5749383.599732971 4400.0 580620.6261501885 547381.9312937459 557970.8517314821 652882.5624321266 453704.111280446 627067.8485177313 546329.0581797179 689424.4490275499 507034.5641148011 586967.5970051817
4668082.969859514 4400.0 391261.615450626 570957.4900219627 544069.7429512623 535690.055675075 758107.145596148 661829.4186607306 780591.7445687131 422656.756934997 2886.9993589112128 32.000641088787475
3982792.322850226 3000.0 2353.447989476099 589.5520105239015 101684.55389318812 472362.5632913871 778518.3773902608 494375.08792246965 718875.4737372398 371997.2116671575 516249.2265300446 525786.828418478
4561815.677149775 3000.0 605880.1388252046 540985.161318603 786832.293808874 643781.9013165429 457161.5603901735 1744.621490376334 104461.61912725838 462068.4866385371 657932.2340481017 300967.6601861029
3489958.008223722 3000.0 123339.35588668252 452823.9009311688 343529.5878792578 441725.78602095245 254642.56538669477 396654.27575790527 405005.878328626 422124.6092560851 159865.32776878195 490246.72100756736
5234758.991776278 3233.333333333333 710381.8389498403 589716.5584511 502144.4770321631 591552.4271518872 634469.1258977873 724234.9011114233 308287.66318207694 256424.9059276483 709513.2801947673 208033.81387758447
4275460.188063713 3420.0 124763.19838376583 540674.5589012619 531391.9888583162 489505.2718380047 650818.4869388815 373585.2960503186 390231.30951085454 441309.8628830017 346998.82680209767 386181.3878972098
5098553.864327936 3350.0 241146.53526014023 554242.560805179 508968.3539966148 523275.6274904331 313470.6391033877 488881.7444250571 604186.5355388027 726657.0586867592 583643.54471483 554081.2643067321
5545452.946375245 4400.0 386820.7289675888 631032.3077386615 466964.8171515719 217078.07111053352 700023.9122539974 740291.91322801 528441.5500972855 673571.9839187005 544896.175692288 656331.4862166082
4289031.35085131 3560.0 551621.7740855119 591799.1598023885 537216.5800572324 623890.4684201921 356306.0188677818 0.0 128870.33859486927 514904.1179906655 475949.26084491087 508473.6321877576
3435048.2635785043 2300.0 566378.7652820741 63922.19477589634 99556.5096295351 392390.3425354994 619834.150542607 371278.8708193438 303051.587416877 446716.0523449329 147942.83727609186 423976.952955647
3075874.4724476263 2300.0 178158.55080133476 562258.683778659 32420.15222329843 558292.7779164144 154658.7399384477 370629.8866946077 196814.04111741183 431081.4135236218 222814.27050999564 368745.9559438351
1363291.914355666 2300.0 222517.97374017432 451000.2098180724 165560.49751024495 469387.5841833103 49003.64910386391 0.0 2608.6047846262286 302.3952153737712 2119.100816218548 791.8991837814526
5578638.0 2300.0 281116.94612364226 678143.381158629 690729.143221429 798365.348613411 699876.9407794471 459856.7806127233 705467.8178421354 586738.4828474934 191819.9982656877 486523.1605354018
5098204.882003005 4400.0 106293.67416687784 489539.3913567679 586410.2957403994 492512.80590259214 615752.8867950424 494146.8179307508 651698.0936606852 473460.4658540574 603965.2693610032 584425.1812348282
5573176.540438356 4400.0 477354.6101973803 713684.0728070373 522412.1381057806 540303.9453327275 560703.5693239516 483269.3549860654 662371.837380848 510798.9750336671 550810.2610413214 551467.7762295761
4992550.107179569 3840.0 793752.7137419379 636336.6864612577 673224.760861917 309644.41649352736 124423.69017005056 441969.15352044144 356795.8272884307 617858.0539669226 442686.00492765306 595858.7997474306
5342132.774276014 3466.6666666666665 418191.7289834172 721400.7073085228 558058.3032599562 675320.7710556566 476441.5937343978 620404.1998887344 454297.9706442672 558072.8734040444 303867.72422275366 556076.9017742636
5503993.011240199 4400.0 569159.6279059515 575952.1968315043 582722.4089228917 640169.3081929043 476664.55478280224 581215.8794746158 382112.8319260734 453871.96247324 562761.1703184831 679363.0704117329
5568263.9662390575 4400.0 506304.6428104575 625188.5709198649 370708.1396471626 571680.272828535 729101.4707592981 447918.0793546925 521865.4734593592 491610.3571309008 678570.0309959855 625316.928332802
5638739.244649315 4400.0 690470.3270565759 637351.8971953948 596937.4137784876 640930.3387212208 711827.3330113457 531014.4088607751 148968.408784994 587752.8283540243 519214.08544407744 574272.2034424191
4679928.303810697 3560.0 446407.7026194576 599856.9131886931 486358.9298454566 517340.648247559 566098.248238755 358458.30575018405 508569.6833899442 476439.67901670747 311217.40726493264 409180.7862490079
3913118.4584301016 3000.0 303387.16186159453 407478.3552174134 430559.3546712392 485849.6357789351 274112.44227599783 538664.8415649324 224216.51514243957 530342.4882151051 261323.57709293644 457184.0866095084
5559931.931764696 3700.0 792707.3497004511 602436.8384043482 480448.9599091943 322913.0259731305 391703.6224662726 364631.853403057 738394.1017709132 649749.8565561464 621300.6575668822 595645.6660143005
5996225.519935859 4400.0 248992.505281944 544395.6871623766 528463.0042179888 619111.7505195371 746736.1336841853 495656.2726936113 778139.8854528728 770855.6785997925 618753.8031953708 645120.7991281801
5318959.238752222 4400.0 754512.4899940502 778484.7703029122 643775.9997361675 0.0 120740.2820537818 555099.9315593379 502510.17771282536 568611.9923608071 774604.5668796283 620619.0281527116
