s_bytes_all avg_video_rate s_bytes_all_#1 s_bytes_all_#2 s_bytes_all_#3 s_bytes_all_#4 s_bytes_all_#5 s_bytes_all_#6 s_bytes_all_#7 s_bytes_all_#8 s_bytes_all_#9 s_bytes_all_#10
725904.3568024315 1390.0 0.0 0.0 0.0 0.0 0.0 0.0 0.0 104200.25914729688 352461.03744166065 269243.060213474
1660464.0703427186 380.0 112751.81830689267 193195.94849147028 161924.62257264083 257822.6073758381 172208.2697773655 189335.55322918625 217924.8559057843 152568.96753839063 25147.82598591296 177583.60115923733
1490805.2970835872 748.0 152592.07051895358 165434.93448444246 102334.10855925742 190887.358539046 261994.02059685427 58526.93787145379 84267.92973472895 125681.92225071996 191373.28998313568 157712.72454499494
835428.7720947975 288.0 160116.2705054571 103130.25302573889 19417.636699033188 120471.41656984872 97266.87593537533 34303.56845155167 81842.63438958945 62099.73786981742 124062.24083435231 32718.13781403356
1609327.8531721532 1188.0 81696.50367646504 98552.0 0.0 239043.0 58460.39495017858 345779.60504982143 91649.5982932082 295054.4017067918 382721.0 16371.349495688164
3562043.7369243028 2700.0 381861.70134605234 251270.34070341088 504296.6084548486 215784.0883589793 400678.5079930487 96016.6697106962 289403.52449501294 600234.8566524214 526677.9665615145 295819.4726483177
3959110.6345041054 3466.6666666666665 494580.144482695 344225.8295061441 443780.1260062329 360466.3314274971 484964.8371753396 314242.72963499825 426455.4846149821 270848.9550305695 447586.80436803744 371959.3922576098
4400688.141497443 3000.0 601062.0216399431 559013.0855524818 573338.3860345146 261426.98711597815 492709.448111223 261017.2707167933 705229.6605403367 122480.95821509804 580018.4611495343 244391.86242153984
4066809.777881927 3000.0 416210.13757846016 204272.25178342251 524612.7482165775 216401.45954434745 418027.9277853257 374621.2274966656 475548.0027365184 292049.4889483728 607829.3666291588 537237.1671630777
5239312.235822257 3700.0 706632.1700354889 604677.9070611929 582376.2825998517 228933.7560662172 484023.1622517357 341155.4164740758 577957.1009155338 515292.0549644436 585107.0222451868 613157.3632085302
4216028.381324784 3700.0 559909.4995067535 491905.8658475521 579260.5044266396 352937.2540933315 0.0 223296.4446254562 613158.529752981 388771.02562156273 702587.1768144612 304202.08063604595
4143997.651791694 3000.0 551268.7425494929 229513.2319201222 456923.76066256256 436355.2087497243 504408.5929846108 392792.5255739727 474803.0809566703 297612.8330194213 501733.7214369007 298585.95393821667
4083536.554812315 3000.0 545008.7996838418 54886.58708337208 216974.0030707236 344061.6239462653 439446.66829251294 405769.2580982063 382365.3411270894 425798.8123052064 623861.5919796966 645363.8692254007
5885106.66130936 3000.0 580231.4141497392 818793.2640229218 253509.85777282255 226227.9017027233 536359.617331407 944757.0024979464 549831.6013401825 629105.8009973759 477851.6342505592 868438.5672436823
4934945.981242818 4120.0 467919.890795781 368319.2871976943 429750.67416059936 371163.35147791705 530150.9844342271 480574.66754358646 592843.7395050733 580301.9707958571 553540.2237558302 560381.191576252
5490336.408206459 4400.0 608074.4633318356 620766.1099426198 586545.1742016679 528803.575633562 573082.1130786372 426430.7641818395 541530.3021739585 565243.7328836458 584415.9779829177 455444.1947957751
4761111.708429027 3280.0 590485.700540482 637416.300216601 663121.6302277207 527043.3146239766 444288.17916688113 426966.6558757821 519478.29028838925 199150.6128021597 526560.8014448542 226600.22324218028
3240710.11748413 3000.0 487354.3156316979 477748.0206420584 385748.9046572205 261339.1294009392 415941.1529663011 298032.039249685 526311.4401167079 152421.77409320977 0.0 235813.3407263106
4574208.90053235 3000.0 545727.2639443657 887854.3586959142 446944.74581115285 430449.265177557 512822.7279219928 778796.2977227067 0.0 256657.23520861403 436784.5872920163 278172.4187580294
4121805.547267 3000.0 442934.2179005187 374788.7973786392 458130.3434571289 356134.6348512705 490358.2985370315 303353.0077705413 430684.49117171374 328370.1812963088 560924.9314018525 376126.6435019946
4044835.588814362 3000.0 388781.2114743404 252262.03778308743 526019.9622169125 228832.6989320619 433413.2420607589 402268.17469397926 409479.1911727698 227021.62535272693 488323.98257841344 688433.4625493116
4342414.80062069 3000.0 489268.0484821785 455979.99029718566 696969.1075187754 263020.18452862895 491489.2918332096 247927.7394048148 402485.17451268114 352778.0226511421 504940.8367523691 437556.4046397042
3827690.797123911 3000.0 481856.83055679465 258629.28193715977 406712.2175866989 230484.2164010335 505770.1260330302 310650.381430556 442822.000077238 334088.8431194744 520068.6957711713 336608.2042107545
5240644.572767236 3700.0 513864.49575631216 932712.83239944 513728.61532700673 402984.3917787568 380850.0001316024 427714.67892483535 580827.5062190667 490685.4022351051 540051.2362462574 457225.4137488537
5987589.073579514 4400.0 599844.9952454738 722652.5400526883 617998.125664647 502868.53708508535 466822.78212897945 693536.329160121 438177.8358304427 714496.0864339892 679755.5036053332 551436.3383727538
3566722.894551144 3000.0 478014.9565276179 736455.517602213 384534.3563261527 108122.54811264372 0.0 264900.5704666921 463824.0899669626 341854.0613547193 465138.8926652298 323877.9015289131
4475977.999130125 3000.0 718013.0539790322 580073.5954529903 660550.314229618 146625.85362213763 657640.6510631044 196250.84930846305 592782.8838355376 22323.707171190723 619304.5753554092 282412.51511264243
3385259.187789633 3000.0 493082.7295217653 291343.5173565382 468572.0572754384 420015.3234890252 513832.8917679454 459362.2980224187 446095.96184143954 45151.70561278703 0.0 247802.7029022752
4745397.278548102 3000.0 567391.2442620872 805626.1794002465 558909.2589338389 271534.30135084124 566605.3131507109 198452.1093153201 422187.70563557954 490500.45383873454 458191.713423834 405998.99923690857
3684289.2840258367 3000.0 408651.7791666468 305355.147553774 475930.9969834716 365283.13968543767 442896.4985200728 355060.6118556025 459850.6343024644 249039.434355608 565933.2099709861 56287.83163177261
