s_bytes_all avg_video_rate s_bytes_all_#1 s_bytes_all_#2 s_bytes_all_#3 s_bytes_all_#4 s_bytes_all_#5 s_bytes_all_#6 s_bytes_all_#7 s_bytes_all_#8 s_bytes_all_#9 s_bytes_all_#10
1002674.2383889252 1570.0 0.0 0.0 0.0 0.0 0.0 0.0 0.0 56677.66530368012 390985.9054063259 555010.6676789193
4439396.727083439 1840.0 347776.36852340674 421798.4452983801 382637.5736726653 379533.6664005855 638180.1131123463 43670.146689191606 562219.3094356362 553739.5269785555 553731.2184352682 556110.3585374033
5590134.899857769 4400.0 573390.6076912307 567972.4268364055 704252.402734201 356246.59726579895 524148.0908075254 599573.4935210879 569900.3239595704 554143.3568250563 591848.532197071 548659.0680198222
3923163.149962797 3000.0 578297.3004060612 270565.277301381 550387.7521940573 229244.8047683673 560972.0728042367 179818.51015192282 683119.0093667599 98148.34925110804 650903.864005071 121706.209713831
3969449.3667352223 3000.0 684593.4116319142 101989.19408588763 505316.7245174511 255178.1611353673 577198.9727299043 368817.7400589133 560946.0961047196 109796.06242841388 613881.924490089 191731.0795525621
3840530.5931709134 3000.0 621102.368019742 106323.81194493105 652593.9949233877 124234.44308378753 684113.1668533265 70826.11453240432 685896.3063983163 81152.24647667623 693162.2146722791 121125.92626606268
4739850.986549581 3000.0 668132.1790010219 707709.4785736464 718850.4420385947 238440.5932167181 686961.548434337 75472.09276179815 640853.6903865306 212338.40116810796 674695.3335178795 116397.22745094728
3867186.0102663194 3000.0 602295.2270195591 108048.49893380792 645556.1393347229 111316.43942319632 379591.8722739707 430367.77635374246 683997.5185674725 78104.82185687231 511758.9127673684 316148.8037356059
2530529.0214036214 3000.0 653502.184468632 103873.84351640304 602830.1701829827 165653.82981701728 473089.309823136 294358.69017686404 0.0 0.0 0.0 237220.99341858653
5254929.006581414 3000.0 629514.9639214838 272811.4749011937 728220.2333724711 749167.4140891244 764351.9187408391 605381.1402495503 700390.061824548 27775.79948220294 694173.795921979 83142.20407802096
3417997.628455496 3000.0 696389.0841535969 76788.79768570751 714086.9717576066 62362.622880001 697042.6255416247 61263.00476073992 379997.7940161597 251101.5075681104 227770.86626136448 251194.35383058465
3577565.5419056234 1883.3333333333333 250772.7447600051 281628.94946673384 252378.1270611195 468746.6316923784 680413.6813778937 440791.8957680124 659278.7613647829 121657.70907739535 396541.870976183 25355.17036111936
1969581.87170124 1500.0 368454.8296388807 0.0 0.0 0.0 0.0 2911.0 0.0 307378.0566549107 749956.8439446313 540881.1414628169
2129665.547433029 1500.0 495282.8903874182 33074.9504597698 375609.2011192198 34027.31286673022 360357.603104503 23165.98211849288 358244.3711031141 53806.28722706901 370056.359551324 26040.589495387718
2012100.3968994413 1500.0 388892.4105046123 14281.237840024894 368558.7621599751 23539.225175645617 372936.8958110923 31049.75850279316 386755.1205104689 25646.114200682998 376991.885799317 23448.986394829222
3878873.6710124407 2466.6666666666665 425111.1418330186 350474.48205159564 394028.3897205565 14899.0998678277 408496.9001321723 11726.473016120284 536573.4812161231 560226.0457677566 522151.0170471757 655186.640360094
1732244.6952757747 3000.0 461837.4525889429 319136.47434159264 604195.9182758717 148935.4973863232 0.0 0.0 0.0 2913.0 0.0 195226.35268304416
6170559.108594478 3000.0 706523.7011722144 811612.1670575304 709831.55958697 811381.018655897 586308.9165035863 778629.2755363123 703897.9980949257 290476.3403018523 718521.4568455413 53376.67483964824
3913149.327249135 3000.0 711117.0752881297 56814.63718017338 703425.1773576533 59540.93380708804 713840.880234825 91790.71943281568 696784.3457483843 77406.26013052225 668338.7147187229 134090.58335082064
3843087.211473343 3000.0 653527.287989155 84734.1729054001 636862.51404623 164567.79359430796 703855.6908260478 74690.9387984237 617005.2482597483 122875.56505403008 690860.598783764 94107.40121623588
4694832.372270482 3000.0 734449.018357675 37582.59032204165 397583.4219477442 388477.6390955408 628615.2947727691 815848.9276426479 677797.2705360447 292953.34652670566 581860.3594810467 139664.50358826568
3910776.946552953 3000.0 602199.1499489759 152743.4460967225 664503.0334722539 97307.6232554282 733051.9981704705 104614.2147804055 646590.6024928462 158919.98579954036 624336.0709552623 126510.82158104789
3120918.7594453776 3000.0 621238.5865449094 131541.99104610135 697075.0177752452 41727.08581030943 0.0 1348.009680219834 1564.990319780166 183621.0721103164 703546.5591930975 739255.4469653983
4665447.870883864 3000.0 695459.6427561139 809069.9443810603 604823.7134640557 220335.38909049783 678947.5878815927 77432.64415786737 691209.3522398709 94779.47499725917 710571.1308114515 82818.99110409495
4004059.6014363854 3000.0 702581.5657429744 51118.27128969395 576426.7274939585 265198.7456715428 684236.2227040944 119434.85220596191 677159.1457115004 141840.43560523284 656298.612238826 129765.02277260012
4705884.280226149 3000.0 674837.3238679614 94358.71273304828 675172.3703226243 647520.0464004163 702742.4927784267 349392.7478091218 635076.7284967166 108337.0270026229 695315.1185458937 123131.71226931713
3838600.752823532 3000.0 725929.9804649681 19300.46078297783 744048.6221749583 27993.67186702745 732238.7905483898 32256.67537780577 764271.1339534972 44334.07504150743 682767.0741467086 65460.26846569165
1609840.4163612572 3000.0 747559.524024311 72922.4448053386 728454.9148920574 55035.532639550176 0.0 2735.6537724505392 222.34622754946088 0.0 2910.0 0.0
6248043.642415663 3000.0 664129.032928423 534265.4140186924 793842.9401958784 675839.7374235811 763447.19276302 707279.6996432048 705852.3730667 661673.2001946217 600760.3131998694 140953.73898167157
3819012.196570689 3000.0 662165.4504276409 125739.80785117343 705229.9209940317 54481.33369024868 688170.316990027 56508.52763121543 717163.3065412868 18911.157113026664 743898.6430971061 46743.73223493251
9.161013647854563 3000.0 9.161013647854563         
