s_bytes_all avg_video_rate s_bytes_all_#1 s_bytes_all_#2 s_bytes_all_#3 s_bytes_all_#4 s_bytes_all_#5 s_bytes_all_#6 s_bytes_all_#7 s_bytes_all_#8 s_bytes_all_#9 s_bytes_all_#10
297841.2983223493 1092.8 0.0 0.0 0.0 0.0 0.0 0.0 0.0 56423.844249385824 123233.4678831108 118183.98618985276
1649341.557957942 388.3636363636364 243669.0582945489 242426.59273554743 224599.32381616908 156135.51511922292 194469.7938918552 117245.53701958376 83512.65871084807 93797.724132384 89996.08916241782 203489.26507536453
1408727.0313349487 1028.571428571429 94254.20669090532 82793.78168464021 182589.75018147635 276370.0292151121 163800.37594757482 85733.62556196708 137714.37443803292 167936.9211169794 94461.0788830206 123072.88761524006
2432123.313524046 1980.0 238578.08839741847 128047.4733672341 261490.00668197413 143542.27243667378 240733.27150145947 196001.0636644089 465417.7001118984 183041.1744014257 410019.061822267 165253.20113928604
3333027.0341050783 3000.0 444404.9461944744 166253.82824735736 444831.2854911446 67613.73892773766 0.0 167639.69429217235 434873.39868981054 342380.87607328093 546615.3407014472 718413.9254876534
4799348.274044067 3000.0 538206.2362003184 377626.3859675808 596939.0523620024 207487.00534147257 623108.5774921868 77790.3887878328 618852.5226438825 746363.9771137848 662013.100096428 350961.02803857706
3040895.380048862 3000.0 520640.49071156926 168576.4190774193 461049.86743325257 387063.7023619004 466268.7568895264 220938.1130383378 393089.4796016356 284741.6615979279 0.0 138526.8893372927
3987029.891548908 3000.0 500003.4041806144 727704.834842596 780762.1758138837 315590.7172997561 647733.4019039395 28154.576621917666 0.0 156243.97224786886 441835.8909921293 389000.9176462025
3984029.862724141 3000.0 473420.1794358241 320586.84834491217 629401.6335131584 91658.24929180065 510981.8776579587 678875.2642150822 552316.186146222 525279.9805088409 0.0 201509.64361034217
4741180.338542579 3000.0 476591.23446499393 246573.63550655684 419948.6798978904 342320.4629744078 445821.3134083797 1000119.8641884038 542548.8416761814 460914.1514945389 487845.50486853847 318496.6500626871
3894240.0178470793 3000.0 549421.2622599239 290206.62794976047 479590.5718191172 348007.5363851782 593905.5815921923 211971.7431947631 559633.7002395713 264216.16317127453 525619.447650212 71667.38358508614
4181616.646660688 3000.0 658656.3897735582 311011.1806164854 623655.4296099563 214481.977467553 501470.17892207 252849.5680415029 453558.4635705837 392989.8378276562 489602.6753486712 283340.945482651
3992476.525784116 3000.0 466374.3205846802 304720.8375000126 487362.1024239127 365867.0860241201 570118.1843121934 246670.1391287284 537956.5837883875 272215.4739547135 551666.7369122106 189525.0611551572
4979529.729896897 3000.0 472916.2390325498 351652.04911082407 710181.2961348193 416012.72906825977 800228.8977094884 518604.5724874266 527640.7009336047 402470.0930998338 592991.4084232568 186831.74389683356
4031783.311399132 3000.0 624634.0976582991 192954.9220078879 467395.8194132359 317686.8145634362 573985.4381497994 138892.54423246515 593700.0575777972 261203.1755943112 522450.9497425875 338879.49245931226
3930939.257720708 3000.0 495312.75557423336 281306.62579127774 601571.5230339632 291876.686604994 513414.1329704367 202226.7294158313 481479.6540095503 226174.26884360984 687517.2869537445 150059.59452306677
4138728.764386405 3000.0 770413.2427313173 7361.285807142788 780102.3447779862 118866.74104082816 660397.9141811857 48937.52925082864 691628.95514389 202720.98780221972 452197.876189948 406101.88746105897
4042134.841701308 3000.0 511577.0262235917 367152.2401664559 412676.6680818911 438512.25642090925 552214.9892574721 286242.1727331005 492801.2944869688 216905.02349677568 541683.0579903147 222370.11284382903
4858027.791782551 3000.0 568377.3385262558 742126.2094115455 565822.4649596093 386356.9095533357 692046.754418263 229258.8232857858 511253.36913157057 344318.2096480588 503827.63356452575 314640.07928360003
3869932.57397112 3000.0 591865.130668196 196465.0331785368 571889.9668214632 196651.95734407668 572989.0426559233 194403.41869134296 482849.31198444415 308658.61474583496 452732.77658501454 301427.3212962875
4039585.376000323 3000.0 488452.5445474384 269230.34901740635 491432.4065422858 411918.11932046665 572819.2359642438 216682.33493806972 446646.92597225646 372987.3177353351 621739.13124963 147677.0107131907
3942835.6416055458 3000.0 502921.2910920022 121765.38674591508 750195.4306919129 130615.9118845346 693049.0472498187 155651.74683153798 644984.3662010315 160144.970088006 433092.6167355537 350414.8740852332
4614689.539091207 3000.0 461714.556415131 269942.27259667945 505280.1318964664 631049.3573904794 481635.7890382622 719358.4258800328 452936.6452201018 247070.28501876997 676104.9826025778 169597.09303270635
4097191.415295633 3000.0 784223.2451303804 60369.682636739104 693102.0722328805 174334.0456154839 443704.3608555431 339995.42136891035 491170.8886437839 320129.66581081843 486827.71838566905 303334.3146154239
4500535.47239018 3000.0 517115.4458481455 254965.66189686547 545697.6755002395 344530.8521482652 489756.79001920193 300964.7511894016 474407.2591683031 340410.3812263698 592367.6717260557 640318.9836673316
3634327.803937763 3000.0 167239.11231418813 160527.94404415714 442175.8434522994 416540.179109973 582616.9105566517 290619.66524495475 465614.0893384744 301336.4671816835 590983.1912417646 216674.40145361665
4731166.308376425 3000.0 618942.7852414482 197246.12872701595 480871.329847785 417927.9411480534 457797.1184464799 348408.2515646246 649421.3762466365 878609.0874395857 489404.1572172681 192538.1324975278
4336817.216682205 3000.0 0.0 181458.486863152 548453.4186271261 688753.669266706 223057.42524301587 95798.88642431704 364774.5024603444 875995.2953593524 598496.3657746502 760029.166663541
3893701.045418525 3000.0 464183.0081388266 182916.3567879944 613192.4183909738 6529.0 0.0 181529.643995039 515625.5653427796 780572.9489821097 485351.7976628577 663800.3061179447
3875385.570961071 3000.0 487629.4132843883 281034.4159777784 541279.7638187613 262403.4200938116 474440.1724738856 279736.5504487268 436159.7236977343 335128.9285443199 530009.1433795799 247564.0392420853
