s_bytes_all avg_video_rate s_bytes_all_#1 s_bytes_all_#2 s_bytes_all_#3 s_bytes_all_#4 s_bytes_all_#5 s_bytes_all_#6 s_bytes_all_#7 s_bytes_all_#8 s_bytes_all_#9 s_bytes_all_#10
1905923.2640183188 1900.0 0.0 0.0 0.0 0.0 0.0 0.0 387883.6962603664 501359.24477041815 397447.997552949 619232.3254345853
5937709.925134415 2740.0 964725.8841920318 697191.3016076552 574608.7414301634 578098.4610878059 515895.32655516337 564562.7792540059 527692.1107259963 453615.37623072177 680751.6455788829 380568.2984719888
6794394.829481987 4400.0 829418.6819869485 496333.5209446262 548651.6079156911 695148.560939056 710737.7700550416 719928.1111621979 716287.1827211808 686465.4017159009 759289.4179907609 632134.5740505834
5873790.674480249 4400.0 816193.6168324815 580953.4139066928 580043.8652324185 568610.0521110235 602162.0937001138 564306.5303235924 543778.9097988383 521377.9119637682 533269.6835861697 563094.5970251509
5625762.451578867 4400.0 632295.5752968651 551043.3706378225 537404.3846979092 530892.9613712002 554644.9219582604 547097.3302145742 567668.6890636522 520864.76737168815 531219.9623594665 652630.488607428
5644324.010371164 4400.0 566642.3132774202 551106.3923627269 611034.8247646588 674305.4432213192 686485.0841795988 662949.5775449472 635251.4996656971 442657.7202897946 238127.8637144579 575763.2913505435
4474293.18129281 3200.0 594171.4118788783 439242.5181492489 565764.3926512179 652969.1551155313 298550.3671401223 11.768702545303702 202701.8987733241 523986.007503977 646198.7795363263 550696.8818416382
5280181.9668861255 3840.0 707351.5104071837 512553.9312572621 568946.7963042511 384272.18708063423 373837.8860973699 568562.4986702972 582704.7495911998 542324.1261291394 503642.60016670806 535985.6811820808
4382053.354332138 4400.0 602223.1947308339 541217.7547521633 485356.97871476086 525178.461817518 652295.4686137707 550131.165435859 361445.6726911573 0.0 170093.60262205335 494111.0549540218
5717597.94410433 3400.0 706170.0555702604 659912.3145342015 716766.3968151981 769926.2463211584 609476.6428696187 583786.7026069695 267989.12741977244 596209.3786718044 419334.7356329808 388026.3436623649
4693027.729593978 4400.0 764936.377908298 655302.1044732706 529041.853635904 553341.0610744146 461836.0012277082 0.0 279888.7964651983 512219.5476656416 485272.2688621687 451189.718281374
5322484.234623056 3466.6666666666665 450640.709433328 586804.4106272664 708595.9821209161 498807.8628382887 829008.2192910163 465953.48144294217 507811.2535554048 384478.71888067457 395672.4608196527 494711.1356135661
4677755.51430675 4120.0 495445.10856070055 571907.1400788066 212085.0896873568 351085.55822518875 664253.9868648369 667117.0622547416 550147.9316428894 160028.55678804105 378484.9340969332 627200.1461072544
5142334.649999194 3560.0 650806.1104865737 495771.0494760081 680658.8672655318 459101.9230512042 471193.1223067234 359909.17495925387 276454.84569154365 546241.9663786099 535338.5794717236 666859.0109120223
5748723.571210109 4400.0 454770.9926191176 668114.9834558876 552197.49050857 546736.0358009934 516964.2991576174 688115.0012826262 495784.78714122577 581810.6391285579 670810.2072958231 573419.1348196903
5425128.182473694 4120.0 511204.777899125 583444.1771526004 636007.3465939646 564909.0703574276 517905.07720176736 529938.5196679975 596027.9165439726 579449.8683719614 537029.0852983878 369212.3433864896
4465951.529804908 3466.6666666666665 421034.44470269314 596732.6908013356 691890.960670894 683984.3880904948 444976.2576866691 384551.306475682 324017.569127886 526709.3882237292 327810.5103334311 64244.01369209321
5385803.950919747 3560.0 611693.1708351795 678471.6304660123 540260.9598747424 734178.1596569456 601078.6808709353 447708.75191708346 444839.3202575281 416369.1882541345 342002.8715645615 569201.2172226256
5598014.801186366 4400.0 533332.3966171634 506051.8166514346 627517.7778286696 512838.2897488684 562559.9919913386 574105.9727823806 632680.1767806236 522202.034506698 603988.8258814078 522737.5183977807
5879148.48677372 4400.0 521427.3060397117 502200.7301654364 631044.8867880903 566102.2369963939 633896.2790004829 543742.3033509457 626620.8298446304 638088.0777364208 598532.3112440179 617493.5256075904
6205744.016742855 4400.0 564607.4407725208 734618.1196983277 434365.99777633377 683746.6511371435 628836.6330324346 734243.6393051462 576985.2977081111 740828.0681381935 484449.0186545701 623063.150520074
5097386.884401057 3840.0 557460.4269654324 599408.3171571944 587503.6696787594 662048.5885388923 376455.7283449385 0.0 274850.3045723305 623897.2131788335 748179.1126548124 667583.5233098624
4914361.629542132 3840.0 482385.88675836846 420373.8688983852 480887.2133287287 393747.5050837891 431235.5056920963 570880.2575128693 533151.389242281 517576.6736032401 543220.5868693969 540902.742552977
5202236.818985061 4400.0 614599.7030127408 550701.6382983716 686743.7754999754 708617.077089122 694990.9124307585 684105.3467544907 631443.1514188049 246397.61223776484 3548.918557229071 381088.6836858026
4724364.268769496 3280.0 754061.2691812516 576220.905350007 458535.7334927743 376646.5058874058 951987.6644344263 582018.097089902 251953.2223212009 0.0 269719.2190278623 503221.6519846653
4955840.526715355 3466.6666666666665 535716.9123550315 576949.7016927626 562323.8642261438 539881.6336744308 530929.2398572515 459216.9070319894 211040.0139998177 536794.9759749835 343017.4248194988 659969.8530834451
5185787.115868682 3840.0 743543.736093784 775829.5959814283 309034.52668311563 372156.74726308335 334361.7006407431 551310.7585535663 526464.2762709113 589247.5236955341 396140.6711424436 587697.5795440725
5591881.361281515 4400.0 523188.679753612 584143.4081957112 603201.2453430842 539048.6952998387 556097.6217912207 555818.0329835194 472113.5434866055 505277.3184196242 728641.6560992154 524351.1599090836
6541153.69287118 4400.0 512323.7005585758 700836.8267239657 663408.8762783867 706555.1573907249 712807.0841842822 693731.6365360236 598097.5026753428 545788.724325302 690627.4243307152 716976.7598678614
2855473.43225074 4400.0 699240.8738740868 529229.9974969708 652620.8048920142 640400.7437537905 331059.01223387785 0.0 2922.0 0.0 0.0 0.0
