s_bytes_all avg_video_rate s_bytes_all_#1 s_bytes_all_#2 s_bytes_all_#3 s_bytes_all_#4 s_bytes_all_#5 s_bytes_all_#6 s_bytes_all_#7 s_bytes_all_#8 s_bytes_all_#9 s_bytes_all_#10
1961557.4625692116 2300.0 0.0 0.0 0.0 0.0 0.0 0.0 251023.14218030337 568772.5747137023 492176.7308652316 649585.0148099742
5901597.615693729 2720.0 768402.8009392291 527869.8327785188 675159.1054139731 600448.1145614501 831304.8316113132 482411.9271236535 655859.4661214036 528018.4588812472 261466.5454578704 570656.5328050703
4896719.208157711 3700.0 415202.58474949887 495241.2616360665 629463.2310069189 636411.7801592713 302387.0641853036 0.0 268212.3601617084 623363.6172440029 938035.1269368724 588402.182078068
4175641.713579348 3000.0 462919.66321633593 622398.5414820987 121589.02399785776 584323.4848830558 210943.4381559488 563451.5618440512 240770.80263354027 563375.1973664598 272859.90808860003 533010.0919114
4733546.427252529 3000.0 266080.1163167591 524536.8836832409 257460.34562805705 626067.5139197843 985798.7047735282 445266.0925446184 411437.5812278952 474988.5691656376 296465.9609958995 445444.6589971093
4817922.452047465 4400.0 312969.73541165446 554213.7210994908 511654.1047518611 595982.6930392269 327674.31844523724 0.0 274419.4044782857 598822.4076226196 914139.3817821656 728046.6854169233
4892734.440855876 4400.0 720176.2398144786 120292.88088552724 2916.0 0.0 747855.7541054937 656638.1071132866 726839.8297647807 663943.1691828526 695854.5576635643 558217.9023258921
6677718.493992058 4400.0 774880.3235999362 686559.8614071009 734801.8516975174 670901.6561205244 785246.9791552201 606620.9293407076 787251.754312524 611269.5460325642 484995.6656667697 535189.9266591932
4769379.160931692 3466.6666666666665 602824.8923073758 529716.9610797262 293540.26308288914 583828.3259392487 728481.0729349367 453451.6352513906 310058.53665529593 437212.04477444704 311529.17493329785 518736.2539730839
5073772.906632632 3560.0 880109.4719273091 342488.0174779267 588486.0408901373 482509.5268831506 311354.27136044693 484699.5550550426 340610.5768055273 599445.0284089721 495164.2441356786 548906.1736884415
5307103.0680547375 4400.0 578138.1582350178 611104.1559248551 546846.8589917045 570745.935238929 484949.6822208826 565407.1934137389 566205.5785516029 604029.0575284769 419009.0218259888 360667.42612354073
3642488.916529116 3000.0 842164.5029462678 389291.61430953705 347204.12412370485 439091.09434406296 319096.72539863666 522747.7697066115 105245.21940418938 0.0 230224.20993949592 447423.6563566101
4801272.738837192 3000.0 881431.439285903 510188.1743554791 334142.5200625117 312442.72019073897 597321.3421398083 677448.514053417 171319.0925958193 629407.3310202162 240965.2489703492 446606.35616294906
4096153.3866762654 3000.0 336278.895394414 504600.4397808577 268673.33751902863 503555.7136281971 312800.32820267207 529581.762069912 274241.9218777968 502335.1180420457 272533.2204373269 591552.6497240157
4279723.939979972 3700.0 782442.4786759139 484997.3308961611 450290.8088402152 460565.7777930347 317225.8483667729 570961.1756609823 360293.5879573552 0.0 264895.40701039444 588051.5247791421
3989953.487486141 3000.0 450131.91402174433 513274.16478359175 268791.4506435422 592751.538761585 183321.8786033 597996.6774976058 270045.7009283819 448293.9539869065 252030.96596585435 413315.24229362886
4742578.538129903 3000.0 414024.7269399526 491447.1326031217 246258.7351236289 512333.7117162778 260652.4404592453 628180.3431860404 856778.4136991561 441245.4369233643 360138.19456923194 531519.4029098847
4105206.8354954254 3000.0 282791.69139841525 574563.6337068327 226431.4820056883 585778.0461929345 211573.69450703493 593801.070470207 211306.07939881456 620476.305429155 209842.65567419823 588642.176712145
4030110.2070989935 3000.0 200185.19046634872 604658.0881477538 187232.39808596985 603273.8892012069 203287.52141260635 638994.1330275382 96977.74533217149 713732.7733903906 148587.8512573184 633180.6167776892
3690887.788303743 3000.0 192749.05781792552 535979.9421820745 223636.8030553085 461960.8877907614 373497.7353441768 463211.4338277458 326603.3836290736 447214.9115229079 262170.5307410749 403863.1023926936
3980670.211696258 3000.0 347285.8336637035 446915.7134474159 284314.74707950314 490290.3564701736 301502.17353610403 476972.1781603927 239405.18998993223 463990.6748105377 323920.6003056164 606072.7442328783
4599349.784309182 3000.0 229580.91838119985 442681.50033916894 263090.1373082514 451897.6086278141 901346.6273532092 499036.14532216266 554864.5590965105 424789.6858532939 337720.0561562263 494342.5458713453
4074151.194193056 3000.0 315177.75935762445 500121.4748271679 296347.7942217385 494316.0359650785 262894.5951735529 434734.1646816895 335720.7058222322 616388.1617042362 235961.03494592 582489.4674938157
3791528.1114798095 3000.0 211859.22764832163 627779.7938494401 241211.19083232683 478422.10200728674 106552.70716038645 0.0 272053.1935261716 667766.0630882481 754431.176091468 431452.6572761599
4088628.739030352 3000.0 383148.8286765205 605904.081341432 195886.05037790653 613808.9496220935 265914.5561862624 472938.9288298792 287389.45280310395 475927.5664288306 281925.6526141812 505784.672150143
4132638.202899405 3000.0 204493.2193852561 601631.9385770726 231087.24491105968 568013.7681142114 264965.64965166245 476065.4461848089 324218.5698701145 480938.9469948346 275460.59001183393 705762.8291985511
4633715.354478396 3000.0 850166.4450036119 471207.5111024075 344435.70413966 567778.8003687465 229235.72314198257 533712.0135690201 255951.8053556372 563320.0189506756 242353.0214298521 575554.3114168019
3919866.613609799 3000.0 248879.2002652937 547254.7519792968 213494.65607591867 564786.3580163956 220329.5987965909 569697.9077496923 221741.2725649063 537647.8056130906 201915.70628814975 594119.3562604643
4546429.654502388 3000.0 259424.5397640253 455989.59329008 316005.9452936428 754849.3518596307 552588.4224691002 585992.1587913916 418472.8590922385 602373.9613369096 202338.82049943463 398394.0021059351
4718272.345497612 4400.0 445359.0202845137 590853.7942000995 457700.3455648024 544293.7368728089 638840.3272079914 577615.9603525995 490590.5612663031 622608.396915832 350410.2028326613 0.0
