s_bytes_all avg_video_rate s_bytes_all_#1 s_bytes_all_#2 s_bytes_all_#3 s_bytes_all_#4 s_bytes_all_#5 s_bytes_all_#6 s_bytes_all_#7 s_bytes_all_#8 s_bytes_all_#9 s_bytes_all_#10
724239.824919911 1022.6666666666666 0.0 0.0 0.0 0.0 0.0 0.0 0.0 187249.4657179977 346401.83988171804 190588.51932019528
1119123.0932575297 288.0 170284.63204970368 218781.9954370249 134693.95103595965 7810.614499497875 22222.66435524594 135300.0097872286 16280.585577854436 120022.31425868312 93860.053209303 199866.2730470285
899842.0818225594 596.0 19028.08182255937 121664.97202390386 15760.02797609614 113110.0 0.0 140853.0 0.0 0.0 367181.1524241214 122244.84757587864
2362798.0 1766.6666666666667 125110.50286628529 282280.4971337147 182090.12578469815 191257.87421530185 184580.205256072 210352.794743928 181994.8481518307 406991.1518481693 187290.1870143935 410849.8129856065
3837223.1927063167 3000.0 206005.88288132203 560565.4209514055 608718.4387805616 215967.99252026077 552023.906528246 174997.0073448654 562871.0640451368 149643.689261554 561841.6986454447 244588.09174751965
4523091.736076144 3000.0 511842.51685665245 613957.5546620383 402540.22369460366 124436.07919542216 243338.115900004 665847.1911827226 486182.2282187436 456517.6396375221 533302.1217361187 485128.0649923158
4742978.961234297 3933.3333333333335 325960.97093840817 270495.0095142729 518673.7068114791 456293.1950955691 305204.9313644695 544276.246078939 470048.6947152187 662064.8007866173 509181.7510677743 680779.6548615488
5478697.82222234 4400.0 511900.1099832433 517876.1492837056 633606.6033758381 669938.4999443392 487554.74739611713 576858.5181923467 483778.5831088296 602489.2591330189 431215.63956580486 563479.7122390971
6093429.992925753 4400.0 753419.2344952669 608244.0777498339 477494.1397840192 573800.8391016616 755222.2067911186 715652.9949427431 696472.2100293859 632741.5848668736 216250.1715344858 664132.5336303635
5120428.151579078 3933.3333333333335 738844.6650218181 665046.3068062457 46983.32300708672 385360.32780502166 699719.0471179199 518839.17880324216 586371.6002353823 362845.4522805369 337567.4126128068 778850.8378890186
6113974.885308376 4400.0 662708.0206234553 607870.7306216148 585569.5461208968 629517.0307253341 558875.3107536956 657681.9949468067 669724.0259807245 458756.91048136086 597181.6699803697 686089.6450741177
5786911.078244322 4400.0 551350.5639661107 650158.8269792269 492624.7862408571 639420.3788903509 597212.7018711502 458874.5038617465 546635.2680861233 768772.009605102 486396.2894117365 595465.7493319178
6172337.670730745 4400.0 676503.0535017502 643278.3029769284 439786.2323853268 405231.1517628233 744604.4694901711 686696.0598830446 777576.7169092435 675278.5986849491 428962.1809401808 694420.9041963271
5927009.443235625 4400.0 389142.32148920017 614964.7233924345 546689.7950807333 753908.531434742 676110.7306336052 639270.6191797464 568342.3677817984 505735.2372455555 562200.1935556965 670644.9234421125
5910730.734005869 4400.0 706922.6998219886 495606.25812633627 525269.4344390852 786238.8858484775 647861.2336760333 392950.4184071116 556797.3833081776 705316.993213145 691971.0322501594 401796.394915355
5996166.628025362 4400.0 535061.41421469 724074.1326930657 693967.5600271466 456936.4606636668 699208.2080751087 391269.4135643734 710200.7014230336 397974.6463343336 686831.807756596 700642.2832733473
5552626.77449408 4400.0 587545.8370626795 733698.589253799 505606.2773892953 486417.7351714232 512219.7728469789 599169.3790662703 561403.1340854935 754872.3609920306 199348.3613521086 612345.3272740009
6237209.062324265 4400.0 783892.427886345 691642.0295168522 357265.4718084969 491566.2468729247 762874.3176613062 563785.9757895478 754538.659084152 641073.6846331636 472855.1141823626 717715.1348891149
6147067.95962219 4400.0 665280.2436720782 578470.5884761881 236126.829702724 702818.0246048896 817855.8867747262 541667.4291462593 734353.4687148145 492171.4401842345 582887.8260446576 795436.222301617
5835563.96030868 4400.0 669525.8664247625 372375.7015057696 553084.8711889068 440223.27790308464 482471.7985189988 823614.7524774785 658061.7439405051 691303.6083223126 650233.5481792584 494668.7918476039
5959494.928242184 4400.0 616621.1531642067 461111.326506185 637694.3212540215 517696.0777180103 604614.1595902335 741598.1706969179 638488.8113968406 667761.5335815041 535845.3363091344 538064.0380251299
5756101.478212656 4400.0 543402.8150993695 665304.3534663531 439611.90085304703 624909.9566660973 566850.7837495266 754152.1200433547 283813.5133702108 514666.619892757 659336.3211398474 704053.0939320924
5977863.401644915 4400.0 422414.5405017186 582878.6802913364 785695.1951371776 608623.5441439678 549952.6989009746 590342.6132570904 606919.6932651608 623017.9566567857 478800.40410375607 729218.0753869477
6019180.519913153 4400.0 708428.5607541446 580828.8826738328 258850.8544378993 613875.7257839292 499737.8932135735 789718.3005744691 666485.3137491158 629012.9252022645 718003.3836255771 554238.6798983471
6337072.107956699 4400.0 474491.7415902217 677069.8526616072 629300.4443269174 744092.9396212656 748014.2247179974 565951.9244702805 638967.1702245434 552467.8542694399 638761.3272512676 667954.6288231582
5600769.031711569 4400.0 590901.6393492717 390772.5458653907 576663.9960132395 678938.8914949413 639909.567814366 613934.1357408073 527218.8260001172 628298.8428605846 621034.0658482328 333096.5207246179
5688816.372355255 4400.0 607563.2447869177 746905.4841140059 625533.3400066434 534255.8489657604 633457.1855328969 686270.516015969 609615.5395620042 703169.3730231137 305408.68153451814 236637.15881342583
6586331.933895138 4400.0 752947.6782323588 658514.4922670946 732806.1549873108 645032.2218069561 830156.0119786405 671865.1167789872 215663.01429167303 616562.8180265846 762495.5892362113 700288.8362893212
5707497.938642194 4400.0 213253.24448977195 702490.4089244431 768311.785309191 471053.6517877782 629440.7768123297 709452.8667957343 719831.2521086286 364784.27491450106 508574.9344844631 620304.743015353
5939726.413938606 4400.0 643706.486035634 426377.6147455658 501082.2357415401 842312.8199228974 662862.8793566783 302058.03209075984 556365.5530699474 809228.5862823025 507169.4074319773 688562.7992613036
