s_bytes_all avg_video_rate s_bytes_all_#1 s_bytes_all_#2 s_bytes_all_#3 s_bytes_all_#4 s_bytes_all_#5 s_bytes_all_#6 s_bytes_all_#7 s_bytes_all_#8 s_bytes_all_#9 s_bytes_all_#10
2125646.1188226123 2033.3333333333333 0.0 0.0 0.0 0.0 0.0 20290.365207646053 490188.634792354 516686.8173470192 399127.1980875072 699353.103388086
4814517.371213239 1909.090909090909 504643.11740863847 737130.2244172934 500427.97491421725 532485.2218966467 713804.1366087147 473005.1543838917 515169.34343712666 93112.63537168986 578104.6666741632 166634.89610085747
5133013.869853599 3700.0 510018.6810772138 524175.74014055694 355661.7471943188 410071.59956722753 519763.84891518985 646663.6433708869 172009.55178603792 542014.9418900999 845039.2232418065 607594.8926702614
5833142.02515066 4400.0 691336.2358910578 612236.4042194909 481987.5574730846 733214.1735101561 667699.5946180352 650021.1025827362 608239.5715619883 290639.0744129127 516366.2924278353 581402.0184533631
5897464.131793967 4400.0 142915.25774502955 555155.2491030724 644400.4338560106 583301.5819813008 652309.3837177781 646803.2163692308 650631.6859599827 648568.4683676008 681002.9459803705 692375.9087135908
6240018.715926036 4400.0 700146.8068827057 589017.5102575425 825745.6106585538 604038.8567353539 724882.389352161 614471.0574027 539079.2445729914 596266.3274405636 463826.5181632692 582544.3944601949
5850317.768557133 4400.0 547247.0108845845 581141.5953448463 582600.2422986415 642915.2353784028 596535.1736363948 570319.6822697502 564025.3508652922 576688.4905173976 472252.4380526717 716592.5493091514
5124985.146427707 3700.0 517016.9805905331 594006.5736053434 547239.2456171713 529164.2871256105 106805.91174409405 177447.90603165067 514803.703977768 796331.0939241367 604377.6872667294 737791.75654467
5336314.912638805 4120.0 429705.7376477374 736823.9002817034 178562.09461815134 544081.1481470128 551942.9715604404 307135.84786541347 603006.7631649812 698534.7597907035 676848.0868660475 609673.6026966142
3074640.8233727477 3000.0 509889.93961624 0.0 2917.0 0.0 2917.0 94608.20190629092 485428.76765330776 697068.9438909085 634106.1991000035 647704.7712059964
5804826.79760802 3466.6666666666665 514429.1127100308 775338.5109211288 533659.0053915597 701690.5296039532 499727.6848457481 570364.942096261 533181.9616267484 584537.2392797635 478205.64741510607 613692.1637177191
5748100.806151935 4400.0 605053.9986524731 533677.3091503109 678466.868510011 396976.3266038007 563248.257149355 791458.5792431535 587316.6126500036 491358.23312380846 646665.212935737 453879.40813328105
6105663.390556756 4400.0 767540.1169547043 517995.2964285849 555329.6553626853 606788.6362147648 627010.9901494217 556860.8816971491 633064.6381107322 425993.4984131793 623802.1105044297 791277.5667211043
5808140.705714316 4400.0 590680.1219267839 592896.1498557503 546251.8501442497 180119.14250117814 557788.2796240542 605361.923329181 754469.8651277024 681776.4078244228 618878.7952719474 679918.1701090462
5059029.799843754 4400.0 470092.4162124678 702478.2850558492 569869.2795376264 690263.539402892 451603.7639163832 728390.2917663985 155959.84032085072 1748.8595934906425 620444.2870035789 668179.2370342163
6223054.097832796 4400.0 550156.5271610706 691337.5303744184 639756.8982798376 527751.8810121447 699325.1810472114 584881.0182296227 633245.4674958162 644962.2297451178 716713.3233467374 534924.041140819
5919941.141592689 4400.0 506851.24435213616 642725.997365768 713784.0832571547 616546.2929084762 537582.5144836926 526087.1889373682 688748.1934974855 795836.5814904289 623141.0957855611 268637.9495146176
5490330.761279253 4400.0 526226.6682595944 574520.2560077353 366738.297063006 837080.7196871608 597586.2671728461 386895.9020128705 648137.058127203 485112.1120480313 506461.2999195564 561572.1809812497
6177393.423707914 4400.0 466027.38938361686 636306.1456060881 590737.701944863 599459.899875802 664293.1532514226 633679.8788113631 609458.5579978141 625310.0083053098 653053.8962618589 699066.7922697747
6066919.507566908 4400.0 641196.1729175785 694289.612600435 517950.4697501312 731872.5950784102 442808.2827017717 723749.1300642183 440910.831986358 733118.4789244372 408626.7902434302 732397.143300139
5694644.836040788 4400.0 555090.8092404647 640586.8751486888 561610.7977292556 531393.2921409832 621570.8155248355 528686.0774759152 719603.7581289532 421575.7932765399 592647.9545222378 521878.6628529143
5880075.241729104 4400.0 497890.3747936072 702083.8323247038 444860.2140712766 746491.1829288906 674757.2666103134 797409.6406117865 655096.3370077873 2582.424736961686 562122.453277212 796781.515366565
6016811.012948564 4400.0 538637.0643530951 693781.5237897427 588689.2601590357 697070.8389605024 581966.9193568855 318278.1722059357 608902.9469664095 643578.6002961016 660209.7596438671 685695.9272169897
5147192.614308221 4400.0 500535.5936706965 2242.2712876251635 530502.6973232906 566170.5228943307 382061.6383385291 718185.1824935424 682583.9810094616 589211.7066532205 691047.7023951863 484651.3182423386
6547900.196942145 4400.0 730014.1623162491 700862.0176597058 612571.3686397931 556482.3114125717 743661.2908699723 580374.494752844 762991.8280207074 728340.778005482 484362.6099789856 648239.3352858349
5874476.86230703 4400.0 524320.4865831898 733674.0831186991 477533.3487797786 753821.3891747516 549440.0428452743 470749.421457746 503691.9561594499 584801.7892219431 587695.7960229528 688748.5489432446
5420773.351926691 4400.0 511140.5601538409 656298.692892134 600248.929767457 704383.6415217941 639871.4609813504 66028.22475631408 676469.5596739519 432732.5769568922 633633.7009950638 499966.0042278922
5604007.09194262 4400.0 567929.2565839941 531185.4796917292 476721.5048217418 675669.5535660947 433176.7868693542 679843.7956157112 471638.66422770167 625204.1967522682 658941.6474156445 483696.2063983802
6457071.813917681 4400.0 525672.7255554739 620725.2975801724 549753.6698186222 699470.3085199352 659652.7900596339 686634.3327398543 630234.2194004655 650837.8850114967 857179.6489003346 576910.9363316916
5932856.06087566 4400.0 509227.3146747024 620839.0382491929 460896.4340954335 722798.2444251617 663798.7565752569 590984.4672581116 567623.6569228044 524069.0121570167 555485.4316382691 717133.7048797105
