s_bytes_all avg_video_rate s_bytes_all_#1 s_bytes_all_#2 s_bytes_all_#3 s_bytes_all_#4 s_bytes_all_#5 s_bytes_all_#6 s_bytes_all_#7 s_bytes_all_#8 s_bytes_all_#9 s_bytes_all_#10
1696397.1088705258 2300.0 0.0 0.0 0.0 0.0 0.0 0.0 327232.2012132794 596228.8144913029 422690.989279898 350245.1038860454
5925697.620322531 2300.0 745802.9556857988 534592.7438727438 629959.1125502491 465839.97290795983 593537.9857274822 442798.766434268 793277.4385463869 580502.7372375738 714972.939115552 424412.9682445166
3874279.5871767215 2883.333333333333 438415.5832630085 287066.29079603776 307570.20743211603 403433.13692791207 390288.0545429719 427757.5796649066 363566.88005219854 381383.3705462554 439720.2925301163 435078.1914211985
4490151.571261811 3466.6666666666665 324951.42921949626 551973.2018250377 563815.3584844968 457206.8711702768 379680.6409484217 484278.1449877253 241986.1281957469 623679.3400462472 303674.20861747675 558906.247766886
4252725.799274277 3000.0 266848.4531936262 522035.659174784 345873.6330731797 439221.9970500648 373480.4976088535 469608.7948813097 362551.72264600656 466732.4601381749 363266.4461616312 643106.1353466465
5090194.734160947 3560.0 873724.43899546 398147.2209351172 417663.0301759705 487488.0106726677 344818.322025481 399270.9289442876 452810.6764319708 582225.4498470565 558922.4742333668 575124.1818995676
5572583.665062515 4400.0 568522.2819720417 540237.5777372452 528006.0629850217 601744.0818565027 580443.2408164183 567116.3952555433 454103.8361596936 495974.1127784634 610944.8957831933 625491.1797183916
5620425.360296661 4400.0 539291.6282327274 611521.3846463008 523337.9932960126 614303.9596756423 464219.040055049 647738.6778562046 497193.9078050004 640513.5829631662 361459.5833830995 720845.602383459
5860504.3021904 4400.0 535571.8231508653 701289.7702546315 462949.1226673591 692513.9799133682 453453.060439006 709175.0507322457 416754.5433839032 724639.9510248109 469310.8530550572 694846.1475691528
6483693.916181996 4400.0 358962.95464425767 737053.9818150993 519087.8812450044 678569.4534050731 778560.028091535 770659.7937798447 640648.2551480614 815679.0924230315 472179.2462694791 712293.2293606102
5872174.088602079 4400.0 804548.731784621 548565.2608717143 537368.5645719431 582520.9355213594 494112.4551185953 592590.1630884705 641086.2900070638 586787.5968102461 504621.8666952213 579972.2241328447
5681275.2396126 4400.0 498701.8821998537 639152.2306704528 538332.5607435984 616379.6892795323 438443.2217242 652843.6965111006 552664.7008668171 617884.7222662006 386333.4154011468 740539.1199496976
5719339.889882025 4400.0 540982.50084613 747946.2732377013 93004.2329031036 247409.88894801927 611640.772208496 674212.3894105209 715792.3415952259 658855.776482263 809668.5740194179 619827.1402311474
4634994.452352931 4400.0 539601.460589452 615531.3860772644 577107.5538094784 573414.3431093582 193741.37351935665 0.0 331944.61041054304 583851.2344245847 507202.6514856012 712599.8389272925
7043955.26968043 4400.0 750116.7172936898 650102.2312781287 844948.183506836 754122.7989740788 858098.1907949749 603303.2759302863 665889.6686733554 745140.7399420802 428287.77705133526 743945.6862356649
6549844.260130011 4400.0 340677.5490087228 766883.595886297 443098.6175044525 767429.6326720759 758789.2429072788 729256.1409304843 732733.7302191324 712348.932583878 787319.5318886908 511307.2865289971
4769070.14124656 4400.0 589288.0596785977 657428.8472442287 247194.228018712 0.0 332483.643288184 609462.5094748004 542730.0100162753 606301.121848561 541547.6644937531 642634.0571834472
6884562.822407625 4400.0 789842.1550260461 752004.2981545884 722285.7485348698 755512.2377315029 651674.1873608212 655560.4456499412 741267.3012173835 558893.0235924736 540470.4293972969 717052.9957427006
5774366.738813275 4400.0 463925.8103207615 743042.0750340691 395292.400975438 765811.6495517731 345043.48682528734 757096.1674774488 358768.0445732658 771542.2265791603 403248.4948523149 770596.3826237564
5650842.8243847005 4400.0 403869.24210676976 745151.8070254416 419881.5564970161 754079.2277007217 367997.9828205047 749363.0318937205 204361.0700796793 759201.4514895597 476574.0589005762 770363.3958707115
6629095.935964978 4400.0 708665.8663917864 771132.7379024862 728996.9907573299 720567.3588940201 637756.9849643016 350490.1228906268 604771.2332702469 734670.4506391357 804891.9140013761 567152.2762536685
5806782.302695876 4400.0 632488.3746327524 589373.6805968268 596160.7064480741 607888.9273483476 507273.4093513814 600521.2201368872 542965.871680276 605597.3283849251 530286.4997067992 594226.2844096066
5419498.900060471 4400.0 473101.3024369295 613795.9373930865 620185.6418190375 604407.8395639191 533413.8732961942 761529.5392171908 90835.57601401204 260077.7669226894 817383.0705030978 644768.3528943149
6040091.719023128 4400.0 847101.5929692786 608657.0723136018 539743.0858580406 601059.8312370718 565925.9333771913 578897.459834681 515152.653821164 612933.9324407812 556162.0086616125 614458.1485097047
6846387.717852678 4400.0 867394.3903705769 689851.4576227008 637725.2923480785 728609.5045619778 682922.728304584 755100.4415908421 794245.7656156146 627347.4153789484 483404.975100211 579785.7469591444
5814144.734864023 4400.0 397694.9323839805 593205.457588679 694817.1579983402 637360.5368440894 598391.3039989478 601901.079162203 526655.1645367207 621857.102800502 522370.7117248872 619891.2878256729
5621486.112334682 4400.0 485589.37593351566 611155.7581306034 451899.08959380863 631480.9939319944 508513.79675042 638791.7014764355 407518.41015671537 705739.334149626 517681.5574945361 663116.0947170275
5713046.055361917 4400.0 450181.8588110597 705344.1937376097 514057.6591052721 698682.6080510691 332086.5207960436 675854.9138081892 492876.7030138714 701635.2638195892 459194.56116521306 683131.7730539994
5798255.43815481 4400.0 541186.5764792238 683395.3607142206 421672.4694390557 679070.9204527438 417579.82867730793 731474.4468034627 518289.2546274674 680810.0020920746 388463.9391186176 736312.6397506363
6842841.809502356 4400.0 423251.2012259693 695308.5780277683 742741.0451550352 713520.1605734185 737898.7332006772 765504.252366977 668027.7472203657 749558.2496683225 685742.4283639895 661289.4136998331
