s_bytes_all avg_video_rate s_bytes_all_#1 s_bytes_all_#2 s_bytes_all_#3 s_bytes_all_#4 s_bytes_all_#5 s_bytes_all_#6 s_bytes_all_#7 s_bytes_all_#8 s_bytes_all_#9 s_bytes_all_#10
536586.4186271208 862.8571428571429 0.0 0.0 0.0 0.0 0.0 0.0 52634.29876378492 153538.62722372392 138583.0042206991 191830.4884189128
1006898.093583985 288.0 171918.8800407178 181006.3572503198 102822.35685217884 22991.80644164256 87961.59903755077 87903.43865887447 107940.14309159496 37315.49652362874 166476.34017722087 40561.675510256246
656321.378054559 474.0 92964.48778889416 82737.10258737343 31057.89741262657 0.0 153868.01675438875 53695.983245611234 92673.0 0.0 141626.0 7698.890265664803
2316488.109734335 1523.3333333333333 219977.1097343352 10375.900947816688 211426.0990521833 16303.026806016933 389193.9731939831 347390.30114683515 66089.94205192354 329790.07851441426 153593.482732834 572348.195553993
4176349.402599237 2900.0 109219.37871757583 508009.62128242414 382197.5709605514 368867.6209643502 422819.4773699013 631288.8514569467 604752.4792482504 16036.886207905349 675999.5198106726 457157.9965806596
4306547.056492079 3000.0 442563.5979649905 669573.5383466076 206320.1751828172 592284.0317427433 399975.81022287806 430552.8290374233 292502.670076074 485265.115858542 628844.194785705 158665.09327429862
5026577.288301094 3700.0 675847.1040020996 378455.7882203208 594174.6486862624 378977.2346431017 371462.1578079512 425524.5356595166 654912.0710947243 655366.6948102522 226783.7293326907 665073.3240441745
6541058.797909137 4400.0 549633.694519954 610879.3935601217 540489.060389051 832003.4842401418 629562.2215989284 693768.7413594219 553882.9276665392 721816.6210313751 689257.105871129 719765.5476724746
6318193.796450345 4400.0 793225.2409765997 760787.3502137628 569785.9317548891 711687.1036457364 522862.2542563736 599808.4420905651 538608.3892510748 633797.2234321287 478947.0971543286 708684.7636748864
5641426.540557073 4400.0 545830.5263393561 536901.9344133802 573380.1951504248 637983.6382292067 449733.82193947694 640846.3027482716 528953.6216757054 630160.0804596988 527678.2409145383 569958.1786870152
5871350.31505135 4400.0 533734.9365322852 740448.4313310481 510516.7448257164 605369.8581622482 591316.504872764 646866.3813800787 470227.7371931352 642740.6208737534 487952.5874270711 642176.5124532501
4722448.549459544 3280.0 551164.9676164899 551599.0378802161 523234.54569932434 617724.5489939366 140669.90151868496 692234.6148461717 650478.4877414812 144953.69834337858 76096.36928446457 774292.3775353964
6060781.108409532 4166.666666666667 682851.2912750138 719737.132622099 553118.3094364086 593525.1753484856 646137.655041712 657838.9334687014 464327.5743182871 679690.119137296 417104.03053784295 646450.8872236859
4698689.608972337 3560.0 547639.9053187126 655616.2188834585 383637.02056843566 410584.6695801956 699171.0956239772 585346.2544208086 169070.121834763 530727.8585402555 93310.1137411066 623586.350460623
5581738.591683246 4400.0 524311.4944175201 631834.4863305783 469146.8372346502 643415.6497532431 478541.28341485554 635826.5901806992 494491.0213351921 623182.8244117907 474584.7623253842 606403.6422793333
4814663.778815043 3280.0 598660.7334387664 655515.4047735464 387891.8059027107 277.0 172571.19515583414 559718.7165807311 593227.2732229623 571089.9185942329 685967.6800539859 589744.0510922733
3958757.571276121 3000.0 236026.639120318 512600.1556573082 255386.44189126315 578395.1122966823 205931.00779610372 606683.3212582696 212468.32004544805 617248.488416088 146731.14855681706 587286.9362378229
4635394.97980253 3000.0 196911.9677425771 615099.7686716251 89799.13367455435 595698.8212889521 174175.85549898088 632603.5853454381 773062.9483147992 569433.3905975441 361082.91740932985 627526.5912587293
5376534.640498838 4400.0 169083.68163624895 513739.8181363404 644598.1041795188 488795.5418890347 615721.185932174 653499.1620864647 491988.3815125378 588974.3355758833 612011.6708770747 598122.7586735614
5713273.361603784 4400.0 575477.1494729903 609354.3758861847 489093.9132514139 616925.4008443484 535369.6717639882 461193.5977351592 592629.3162650992 644897.8390247778 526631.0945351899 661701.0028246326
4615704.088871976 4400.0 562358.9692015732 570694.0796966495 554693.3458367183 676242.3943060237 339202.82307774137 0.0 118990.17059359889 574272.0887717464 529826.8282059229 689423.3891820024
6177918.282575493 3700.0 771172.6081355239 657221.8855929624 692452.0203640272 714444.5041675782 668026.9905890388 742288.8371609054 573484.0501249975 525300.8861199092 286809.9650200177 546716.5353005322
4088685.151405376 3000.0 222139.88159529056 660557.1858750194 189049.8617521204 583928.3135616363 225352.1764421796 579399.3241353368 182379.51044361092 598521.1094787673 196244.36756810296 651113.4205533116
5166938.013134657 3466.6666666666665 692890.1349746985 534932.8392395944 495913.8368082364 819609.3651723319 64884.001239950085 700403.1354185945 129741.62480327427 678193.69557702 451670.7490007381 598698.6309002192
4990407.277127681 3840.0 549623.8200719707 645296.5671315519 546395.3978593893 588265.3415951919 448644.9494730999 0.0 118811.6763158296 665469.045831611 779648.6654881986 648251.8133608381
4500095.799003523 3000.0 490688.3345837388 647829.9089440017 190856.04508758787 480810.7963233565 303515.8046434854 739295.0538553811 14853.440048046486 740070.0403930576 86387.07082604879 805789.3042988183
4032178.10310088 3000.0 120250.73583167224 516909.97623566346 249365.66535978377 590677.8517515464 177137.52577970346 564983.9750340047 240188.56522328468 645730.4296367993 159476.554107847 767456.8241405747
3827266.194341074 3000.0 632708.9101663489 95218.98673277136 134798.29268983906 571640.400850972 214182.97695483468 621933.3757336317 203273.0814898816 577974.7688005958 158517.91762514785 617017.4832970519
4003884.968582535 3000.0 159313.6943911265 662042.819555476 127311.51291369766 547047.4496094874 234271.9183496336 622243.2710990296 190848.67565203516 771105.7038544677 31735.821996214872 657964.101161367
4731933.934013389 3000.0 240169.5521831171 639980.189179951 664771.3587062535 630282.9815540521 300310.157620583 699587.1417747408 127533.22319163324 693624.9839932327 145798.6736922593 589875.6721175669
