s_bytes_all avg_video_rate s_bytes_all_#1 s_bytes_all_#2 s_bytes_all_#3 s_bytes_all_#4 s_bytes_all_#5 s_bytes_all_#6 s_bytes_all_#7 s_bytes_all_#8 s_bytes_all_#9 s_bytes_all_#10
2630383.249232392 2300.0 0.0 0.0 0.0 0.0 0.0 10695.555140829252 561620.9146311381 572918.1778499568 636362.955752913 848785.645857554
5746477.911665943 2300.0 632656.7084990004 518849.070695633 679928.8954614484 675467.8481723152 693312.6809195508 580025.7411699673 753226.9178318789 589154.7907284055 420770.7970866654 203084.4611010787
3007272.82531504 2300.0 11783.839101665284 21.952219800913976 543882.3209261507 542652.804388744 488982.6609582539 199161.26150705048 457815.9444551535 159634.99481463293 463486.2592492623 139850.78769432625
3582117.6006456004 2300.0 527164.5807244189 52358.43713400217 353975.8101219719 210738.27018071228 352133.89569094 535366.431686146 722122.6348169278 225663.2960882628 533458.8199189324 69135.42428328606
3965882.18423809 3980.0 459744.7697925214 574419.6810096584 541988.9662269225 509456.4483815967 52581.54773032595 0.0 498223.9504614548 692410.7755984341 572251.0094736092 64805.03556356709
3601168.554102934 2300.0 397093.8029578764 467482.4283993544 596562.8417076601 241348.15583804372 437638.0428840872 221329.6467782037 562795.6472579294 86274.92440086388 544155.6047922922 46487.45908662317
4352759.462940726 3350.0 493325.4996011234 42729.17519887704 523122.33555951546 467205.1029152518 539819.3672646566 619775.3944334409 558482.8704211103 272542.8480592414 545690.4597172727 290066.4097702374
1933292.1140698628 3000.0 5121.211859273511 0.0 463464.15781147307 313892.8908730476 13970.951315479391 0.0 2913.0 0.0 583656.0539205725 550273.8482900169
6360112.677697347 3000.0 594752.1224960564 752496.6844756489 526494.1652939053 632470.5211501014 682638.2618240177 619208.1888766901 718836.2257977142 607874.5408206899 554898.0357075346 670443.9312549883
4861066.941468446 3840.0 545497.8313728813 365305.5206192775 444695.34200789273 291361.3091976935 444125.1301075219 569337.7396986288 575005.1842391555 498084.420177767 518739.6534114031 608914.8106362236
5674511.6703155 4400.0 580538.8806427916 592653.6100072187 574816.1753528387 579066.2524086135 539255.0872885173 588412.2581880452 535816.7361611265 553763.180483532 598671.5740591658 531517.9157236518
4241887.808308117 3280.0 558184.5831006599 542729.1846086198 587161.9633059718 228948.9674498554 459577.18986512633 329144.27802251914 408696.2496390259 405053.2687394001 376859.71809423226 345532.4054827071
3085406.2500756187 3000.0 0.0 0.0 2922.0 0.0 2922.0 160883.5874617789 581849.005929566 701745.1539583348 960324.9571285094 674759.5455974292
4818225.749924382 3000.0 790091.8596078119 628900.087912969 846105.3163123917 597421.2098721442 801114.6106276107 330765.1143396733 557880.0012174322 244887.67163329705 21059.878401051883 0.0
4959699.0 3233.333333333333 623566.5644370246 664903.570980637 869229.0096978747 507134.6977620504 488731.919969428 290805.5485208838 396151.20630627946 369278.482325822 454171.7428071015 295726.25719289854
3897128.649377899 3000.0 453670.49198362266 324733.644325282 479992.3255072483 317366.10414605506 500960.8390206815 273410.66646605305 500492.1113048655 274556.0095802506 494615.2139170276 277331.24312681257
4054734.186414613 3000.0 472322.420188522 322043.04787420883 528431.282005968 277763.77311082365 382374.7224560012 366184.5430654906 589286.0695670783 303278.12837569194 428339.1132540972 384711.0865167303
4146173.1941946894 3000.0 468332.5787506498 275306.92045675096 308795.535878467 533571.206128687 330529.6942345099 696968.4571420546 461735.7716163702 0.0 489617.25843283767 581315.7715543637
5206941.759945542 3840.0 729014.3640328626 410911.0258247093 570063.983729515 194681.1863228253 457256.52864852746 649587.1104577499 606392.9126817418 542415.1891190207 530191.9672573146 516427.4918712748
5549836.247442907 4400.0 595997.2186919624 662753.3888331206 565398.5170097554 429841.1487130652 531440.8803258053 490359.8938375545 637691.98621902 670331.8115809779 585294.0555483255 380727.34668332
4606807.851011177 3560.0 504322.1216358569 648660.0463068443 605830.2204921804 519970.73086820106 539835.863320029 247582.8325088454 451023.7173130516 238829.33234847104 239509.3982698442 611243.5879478527
3799459.12243798 3000.0 395470.4163003312 352451.6953128425 425139.5550978656 370065.1321586445 512780.3440326969 271418.1095525232 507007.4376164588 225066.9042970761 507103.4661755258 232956.06189401503
4686568.796965369 3000.0 457195.4211664466 339058.75542826345 655436.7519751122 192660.6943385391 480448.8872317799 280283.1808868842 469221.30263755406 629015.0929267836 805637.716275991 377610.9940980153
5335216.180643983 4120.0 532512.1721031639 279970.5832745012 561938.6591532803 561547.4607727381 612260.4603942533 605643.4999629285 642849.144768707 507769.9376898797 470030.9191848314 560693.3433396993
4692773.011565842 3560.0 610371.9010383344 475617.8987435933 665598.6153682878 598212.5964156264 306781.2881217998 374794.8016855852 506819.562609851 405751.2757894625 495195.06959669216 253630.00219660928
3861140.8366297535 3000.0 439856.5796039122 322161.47827875515 604409.0923706999 193793.3619936417 465500.0001958084 264335.5801039356 346313.6345444281 375301.4926112159 538119.0122524741 311350.6046748833
3828544.380475159 3000.0 510994.6314732173 171213.5108326481 442948.1254517369 310551.6443129475 537644.7028104637 293333.3778315253 432502.5838029986 325583.7017081598 478602.8284586426 325169.2737928189
5041745.774087016 3233.333333333333 525432.1818367017 362536.2949062577 342690.9744894148 555002.4327555906 839119.5745666337 504343.8807424024 549099.2205482415 278409.9993959022 549235.7658674697 535875.4489784003
5511122.212173971 4400.0 559892.7950558586 505459.5195232312 530099.29695663 591554.8365983504 597960.1865830012 526503.6489138264 593377.334453728 553368.9577917224 542813.3431593722 510092.2931382504
5641034.4085263405 4400.0 546380.5485267884 597644.412914222 599148.5925363224 418431.2442710877 605970.3841636573 609980.2136013885 728575.5788582996 466416.9996152757 551860.5436572952 516625.890382003
