s_bytes_all avg_video_rate s_bytes_all_#1 s_bytes_all_#2 s_bytes_all_#3 s_bytes_all_#4 s_bytes_all_#5 s_bytes_all_#6 s_bytes_all_#7 s_bytes_all_#8 s_bytes_all_#9 s_bytes_all_#10
3283775.504360745 2033.3333333333333 0.0 0.0 0.0 0.0 0.0 162215.17023983912 780465.2857628447 866911.7996072674 797944.740618572 676238.508132222
4921019.795965282 1909.090909090909 554524.8275275099 787630.7888475034 502749.1154026792 747607.0801871431 330126.1063391965 722206.9495651457 327669.6277700771 72684.30336044129 530780.789887015 345040.20707857056
3594476.9194940594 3466.6666666666665 473746.91465211846 280508.9281221169 506916.2776056243 210010.2096776121 515761.3996054826 107116.37528204414 493898.7438433253 265403.45973565616 535618.5632676736 205496.04770240595
4237972.142817937 3000.0 599714.6068507591 659771.1805562661 469943.3495063177 302136.0602316861 388249.3629664188 267677.8733685634 496899.3298612514 345546.9619675429 496874.0947029051 211159.3228062257
4323008.105570392 3000.0 543856.7763477861 153696.82409907147 595597.8289896363 237241.2800458059 497761.4068942357 201784.5209854419 662986.7299822477 98279.2700177523 658436.3143108967 673367.1538975178
4131539.2418444497 3000.0 634173.7438265381 314367.48783983046 584392.5848512405 342901.53121201857 506811.6614107806 263577.0749100008 517002.6070390834 215886.53851239345 437053.00070397125 315373.01153859217
3875932.879121509 3000.0 489630.91577135527 268378.20807900134 526738.5581330318 235146.82567252516 467972.40556637326 204516.3767248492 507083.720201976 342506.80725151056 492043.6363328851 341915.42538800044
2946818.410825628 3000.0 453379.2277763364 306758.9870073679 485112.49164772034 216482.919619268 525056.5425224872 157719.242252448 0.0 50916.62660743067 408723.641818981 342668.73157358833
4652786.937215569 3000.0 146945.51393353962 475922.8307139343 640452.9350398129 847865.3947084562 599198.2548681997 434894.8092977976 522031.2470741476 227258.18997395405 466708.8474343403 291508.91417138686
4724225.507250883 3000.0 552750.4356884636 738915.273230884 498495.38352021424 492079.970344869 0.0 107099.25568825797 504433.8284647724 730851.3492640429 468322.5241695744 631277.4868798044
3776530.127101028 3000.0 553138.9179165837 167324.7765618331 515760.7471938923 255086.9778441231 528741.7398802979 241907.19824022893 480312.8908925416 272953.5968136154 542137.2428279724 219166.03892993985
3809667.78237427 3000.0 582856.2036944986 197505.4748812351 566750.9119295917 173111.3601164992 631128.6288870678 103115.84892362676 601284.3259877322 137079.67401226787 618541.5596544003 198293.79428735
3980609.1956483778 3000.0 600550.1071633927 131759.7171255985 82311.33491164894 529668.5381527094 741632.0432763909 293852.9054285092 637808.9630293468 142725.50977809037 616630.0472465535 203670.02953613727
4606706.949413361 3000.0 545586.804875287 150452.11082277537 449568.5718786453 372957.4670724781 496087.7815141241 210372.566505391 584366.6150557023 655861.029847555 662375.042334094 479078.95950730937
3931414.97591533 3000.0 27721.500996510626 86351.08014023435 483509.5559453321 780287.2686703238 686415.6954421919 276744.39980191784 633116.1942008679 162708.5437403213 608100.583941963 186460.1530356673
3794647.8659981415 3000.0 457284.0720751928 293338.4223237451 411876.1624326623 396878.8973508152 513059.7833423619 249729.587677574 513502.1925772261 196086.46705394212 382360.5880995153 380531.6930651067
3861453.228939628 3000.0 561978.8403233466 155661.8345708621 571169.6763068171 262267.7726886028 549010.8044569506 221232.88130183663 468698.6999396018 288380.737953075 536798.8022904659 246253.17910806928
3879356.473096076 3000.0 547675.5872589359 187513.24266347016 633417.1167796353 144892.4834413699 446387.70170502097 270037.4059401888 628022.7044683651 212215.5542300305 593670.3899285308 215524.28668052825
4593501.957047336 3000.0 497853.6323476944 248679.1814641652 487969.403178697 276305.64050634694 534334.9618663273 308296.49265536334 572424.7028652512 704909.3333460189 631280.0731819597 331448.5356355117
4244272.75196846 3560.0 520986.5602910411 270934.2888372526 628971.1366787493 226058.0882987616 497503.7222033645 223233.2211735689 529092.9523205587 222259.65851565215 533569.765023215 591663.3586262964
4572080.622911258 3280.0 541240.3685345899 600673.298668227 530492.7315559565 543164.2268078355 539010.2677040504 186862.3547608803 654270.3931511157 162998.0401385917 618550.2715860648 194818.6700039456
3793600.8242874015 3000.0 596484.8418053134 138553.0453139551 298297.1828282485 779823.8792980372 435794.6758747282 1877.4930060924887 1038.5069939075113 242733.2792207136 508077.1762337058 790920.7437127009
3892979.934133216 3000.0 600550.5662746088 199709.23455827095 655051.4564188488 121703.5435811512 646082.899947415 130254.10005258504 590356.4738237773 129557.6714932602 576943.5220625643 242770.46592073448
3801524.1195651647 3000.0 548221.2716345002 247472.86638199983 541685.6904511757 258657.27896819293 422168.77502047305 211953.3580229341 467090.6188389228 302421.8828643808 315974.77140500146 485877.6059775838
5142995.855591209 3466.6666666666665 613302.7978700044 744499.9009301012 528604.6631689664 800573.6248304729 535761.7603349544 66132.63772344276 459564.75491222384 271089.33364526794 582823.108938472 540643.2732373029
5154621.546393612 3840.0 559725.6739820641 520135.63237353374 592721.5916447387 524354.132970153 546889.399753261 563066.493086945 583664.7772020827 503388.21578659874 531587.9624819641 229087.6671122705
3811401.345149679 3000.0 545570.9622287087 238108.28364360696 516268.7227037941 225534.55213513525 399614.1055078974 333964.7189305367 614230.3017259031 180315.69827409697 572318.9339729196 185475.0660270804
3889572.268574756 3000.0 574956.0350826068 168503.02801665606 561212.8337901873 273766.034542971 586795.0976767753 175681.50326996332 381588.49847106135 425803.9701071996 516136.72999011737 225128.53762721748
4662638.489220598 3233.333333333333 519507.340614357 247664.4882662926 530131.3356116588 681417.3371235277 512350.01110138535 658613.736280466 450570.3176542189 634913.2954014891 364312.260274499 63158.3668927037
5580000.22276147 4400.0 594242.5984424201 494116.2333381579 540141.7851064986 564087.6872265815 541653.9690133943 605859.4039501194 606232.8132368432 564474.5734613417 643387.9094982035 425803.2494879094
