s_bytes_all avg_video_rate s_bytes_all_#1 s_bytes_all_#2 s_bytes_all_#3 s_bytes_all_#4 s_bytes_all_#5 s_bytes_all_#6 s_bytes_all_#7 s_bytes_all_#8 s_bytes_all_#9 s_bytes_all_#10
1512163.184793727 1257.142857142857 0.0 0.0 0.0 0.0 0.0 0.0 377456.3004604665 455382.3931043029 224797.62416550049 454526.8670634571
4942194.745174226 2396.0 399016.83511929377 510312.8379462024 306926.70237978274 326494.2875458012 452255.4919580407 569067.7322748641 577291.5287180312 595243.1432470088 577866.4262225612 627719.7597626408
3065097.8661291725 3000.0 73991.07003204616 0.0 2828.288029926223 85.71197007377748 0.0 85640.67472638802 606874.6139713833 593382.1898302791 895131.662959579 807163.6546094966
5216931.771023279 2900.0 591385.9802261719 478291.7714558711 713937.2250405867 603807.0502751069 818815.5804101148 615885.9489670327 339374.4455291583 349868.9505339166 269851.32650569646 435713.4920796234
5805902.049351487 4400.0 653787.4466447849 625856.3327075578 466119.7526867693 474343.6604378316 619941.4582092799 447800.0324744894 573842.2891393594 620688.4625496486 783954.8286905346 539567.7858112312
5799149.364945234 4400.0 679192.9893508173 570364.9675783889 392224.4911171226 526987.4654613822 777187.6675958781 557458.2756563018 588308.0920331742 587776.6479436021 561471.7137515779 558177.0544569894
5684838.018582873 4400.0 579099.9068137461 488583.4339172701 587742.5767730048 632445.4739795405 561999.4800609596 540103.0611333589 498182.4069198524 594561.7203102636 619339.9684521428 582779.990222735
4767372.362523918 3466.6666666666665 2915.0 0.0 505503.8866790591 627712.7428478774 672047.482509019 651290.3983180391 683779.9708744588 556621.5864763539 341575.58712779067 725925.7076913206
5527766.983151873 4400.0 388631.06672078336 530918.2870076697 601356.0897116001 536363.4129220981 505991.6698272062 564522.2262473608 550169.8690670441 444962.8605907304 704086.7577451658 700764.7433122136
5744237.728775407 4400.0 407096.89901094174 281559.6934281255 802909.8761837739 597418.9342999365 587422.4284011634 478996.12871867575 780855.4485857585 458696.6729866804 791884.1466424082 557397.500517943
6260365.870242463 4400.0 386343.0607857391 546074.4225488784 485543.9105143332 531291.531497233 830248.1614249132 578395.5570521512 478260.9429713049 473686.1560146439 971291.2958031284 979230.8316301376
5859368.347451252 4400.0 702565.1123766988 629134.7657832917 571690.4907777708 600186.7229463042 611003.870858513 516227.552020807 630016.1203182021 506194.1741160242 494039.1801472397 598310.3581064009
7013274.743399546 6080.0 599072.4556119391 648750.2269329329 419038.3646657761 660852.9371277634 578015.6682273647 865681.2227330433 947342.6164582398 700298.8768431579 817584.6788341897 776637.6959651381
6816724.623132384 4750.0 850554.7972241079 619125.9259104314 736977.8603243177 659388.6100602571 718045.3816990289 596270.0150793869 726361.8617131381 696553.7855920885 783703.0333032153 429743.35222641286
5785163.546443046 4120.0 805082.4319308134 642445.0434000732 362019.35376692895 624745.7185289924 618064.1051280353 670217.5847661652 463387.98837720265 511230.1887030068 537329.7807165557 550641.3511252727
5530105.928515922 4400.0 569784.3511929209 528744.9559337887 522103.261051333 594502.6292581192 550448.3974910297 589932.4951985097 256867.7654342788 453296.8715195497 880828.5518436093 583596.6495927835
6024306.11170878 4400.0 839437.1938748673 645260.1738547832 602311.140082077 549502.4250662581 404122.25091275584 623553.1634244152 589487.2423383628 657532.4943916798 532802.9322313828 580297.0955321991
5746575.737216295 4400.0 637552.7258696196 527722.7872912463 655014.0525482657 577570.2745580587 460163.4464586168 588305.6423161619 645120.3969309703 490928.0011046899 676072.3004213558 488126.10971731023
5753850.271397361 4400.0 597194.3249216898 636122.6809536408 577671.2258303191 611972.5162079954 661472.0412099587 636775.0497085014 475455.49831019033 299807.52634148754 584990.8210898064 672388.586823771
5964244.923804804 4400.0 610670.1425315712 396368.5578234836 533070.6363528989 770323.0063967207 651028.4527739475 501636.7864517146 727044.1793389331 652354.1577425109 687366.417595253 434382.5867977702
5791632.898259131 4400.0 788618.4912455436 576068.0722228157 449509.3966935921 403440.6318824701 463992.1899518564 407708.5582494277 676137.3595366864 636447.7000884565 778119.0191171219 611591.4792711607
5882214.944444936 4400.0 710063.6348819768 620490.7172152562 632854.259781921 635313.7685651357 622304.6821159024 448559.43126234494 404657.8100979727 788889.1758286145 554579.0759947534 464502.3887010579
5289524.671178362 4400.0 383775.27454928576 734237.4622121986 749784.5653902388 730022.9655987786 662400.2310954831 221878.48068689773 322860.435232903 640111.7662308734 283660.7985362236 560792.6916454796
6413567.061439915 4400.0 682916.5784506869 623836.2208948812 453717.5882674822 574408.2988180668 526632.3109022683 602849.0517712486 706055.7277613789 744206.9227708454 700898.2711159582 798046.0906870981
6000683.9708257 4400.0 749719.1235109617 608993.449879668 437223.12561674137 349830.8309166137 775480.2535501342 645675.0819920175 550624.7279344883 610054.8453549701 737890.0627731199 535192.4692969846
5636914.573815296 4400.0 448306.6227054819 556975.3852471325 474984.5558530227 687850.3001191284 365980.8302256086 663185.0666156489 621091.1225702334 572120.4717469123 648872.8785850875 597547.34014704
5896790.43508681 4400.0 766867.6049287112 1214548.097344899 351073.77624995186 540114.0172810635 523337.9095769308 631502.5529916349 691796.4185925046 686123.7023745665 392941.622933348 98484.73281319869
5108155.413952732 4400.0 313895.4770753428 202927.7096210915 590712.1269466317 466298.36669592094 672457.0227615492 488676.5311266015 688744.4757019038 489699.2461935111 694987.4738824739 499756.9839477048
5697873.023949616 4400.0 540803.0384409357 382855.2308461812 502230.6868401592 463194.0831551782 749820.7995878302 628979.1097674008 628596.5680182988 546763.6717400518 680138.0058931601 574491.8296604196
5950564.28477535 4400.0 655653.7561095328 598695.019290293 404764.1276586028 446025.1144487416 646355.5091633506 582239.3310851312 814833.9347435095 610427.4494746304 548290.4554179469 643279.5873836116
