s_bytes_all avg_video_rate s_bytes_all_#1 s_bytes_all_#2 s_bytes_all_#3 s_bytes_all_#4 s_bytes_all_#5 s_bytes_all_#6 s_bytes_all_#7 s_bytes_all_#8 s_bytes_all_#9 s_bytes_all_#10
2035171.427498292 1500.0 0.0 0.0 0.0 0.0 0.0 0.0 349194.84434863407 507451.6006451632 467094.4110519801 711430.5714525143
5287392.716665498 2563.6363636363635 568048.85943401 797637.1717900616 473006.0865304897 611720.1571831952 394058.4892705105 203951.37993842887 494018.260472457 508486.4562479196 561521.6985987471 674944.1571996782
5773128.613804231 4400.0 592123.373149744 641830.0931730551 771097.2545453431 521453.5228144825 574650.0613297138 522576.1309089519 533829.9260334307 566606.7140827593 538848.6271880973 510112.9105786527
5609723.523778258 4400.0 621836.7225591025 550208.6550240542 567619.5627136752 554104.0619571708 540044.6585596849 520089.19464289455 552389.9715702723 540856.6060799245 610780.8880227417 551793.2026487375
5421908.703681074 4400.0 606370.1652728758 494024.5722559905 489984.8594524904 609240.4930007468 463481.3300082823 731507.0586550472 665998.0023642879 602682.2237812099 151682.26571808738 606937.7331720548
5552803.80378215 4400.0 628387.415309497 599836.2009393552 289353.8063107789 587211.7481078417 628213.4526403049 626475.8820164737 719913.7755108373 579591.7337375602 308812.9090137951 585006.8801957059
5836260.144656711 3933.3333333333335 692967.4790969508 752838.7115666346 561601.1938473124 610932.5051999628 421316.5639385785 567994.9647713514 614243.8718636411 518766.49314789294 578188.6380438596 517409.7231805273
5513419.265509812 4400.0 396067.3707867061 449777.22769573575 811349.9662016246 535295.8398522686 466285.0587518319 570048.4885608966 537626.9612794659 667414.7333842486 525893.3849862509 553660.2340107837
3278535.753735821 3350.0 538924.1814397662 573905.1201810865 311006.4990031225 0.0 2917.0 0.0 0.0 498680.797412775 741078.0820251936 612024.0736738772
5017923.046888154 3000.0 673138.3986070368 504359.7081835526 623817.6972189123 582444.300606313 722581.6002276619 495026.2816693012 544587.3282352106 586380.7964223097 285586.93571785605 0.0
5296724.529701563 4400.0 241958.89935654076 497864.1177036821 563537.8666576052 596128.0374332394 615382.6472778615 542399.704349134 574971.7492820502 562038.5020003588 555704.5957711913 546738.4098698997
5159597.682126128 3233.333333333333 559248.1729452801 587271.6847458095 553077.0629295958 321844.3839332288 306582.5716097467 438315.69264290354 453685.6132047392 551600.4293063993 735099.4712932839 652872.5995151415
4920763.001024513 4120.0 360502.9809817624 452580.8071905468 1524.1897376384693 573489.2408592036 831450.5224281839 498450.8628285572 546231.7228022714 572737.0908936864 559601.1926287642 524194.39067389816
5224088.359242279 4400.0 570468.1924884592 536759.9472926254 547113.7392634543 502725.7820259954 473693.7389832045 536683.7886620284 630105.1614531619 487325.1271414767 413048.98079651606 526163.9011353569
5539527.988917787 4400.0 657472.8875502809 436433.4620412472 461215.31062968937 599450.2403369397 648151.080232661 531605.6276135466 590151.6748681213 520473.19583080674 532153.7017957099 562420.8080187847
2588028.876071329 3466.6666666666665 607247.9179212983 560699.163785093 241074.35728133933 0.0 2915.0 0.0 0.0 0.0 526416.1808124251 649676.2562711728
6193978.296173794 3000.0 702356.5394512054 530791.2745535625 728472.5240551152 520961.5186096132 751321.6295090414 497879.4815270845 684607.4392740417 439327.50899024855 628772.1676173441 709488.2125865375
5324439.592780768 4120.0 531032.6157734175 433116.1909813767 471347.5357488697 555244.5287890476 477174.60349865584 507686.8548551473 635808.0391488991 545047.0589389525 614336.7457743937 553645.419272008
5767146.639786767 4400.0 518406.4555143242 666194.2878350215 521991.3320249533 588606.3205149603 658138.6832469497 535814.7955219429 577109.6215170426 558087.4950721906 621290.4732076768 521507.1753317044
5533493.203889406 4400.0 523653.0929594725 532465.2555270419 499544.6501558457 586687.2241859387 580392.1893501553 512586.2074585692 554290.1774822247 593193.1993052571 627123.6806090461 523557.52685585496
5593794.796648544 3933.3333333333335 531794.1185002576 546652.4195488642 531374.2556367018 759165.6514788509 665095.0973777617 449878.59805889067 405510.40502953145 566932.5719954772 540297.4545918172 597094.2244303913
5251259.94370607 3840.0 692566.1831958253 628763.9850947695 458205.4342050281 374518.1972283616 362617.3978364067 488500.3025214428 495848.1869805504 573134.2200855329 647243.9727249958 529862.0638331573
5725706.487080137 4400.0 585403.1985583763 554549.2225561456 586756.8280437227 577037.6143568787 622720.7236631287 540319.8805333872 453509.80294043233 512868.5067661301 692365.0570214973 600175.6526404383
5534081.342115626 4400.0 537484.3224226814 544641.3680237273 540494.4678013463 544189.2690952856 663891.6900404559 579652.1681747341 529135.332179312 525422.9349342991 543455.7691656065 525714.0202781773
3993838.312958687 2766.6666666666665 526079.7441338006 595014.439519941 395052.9643948468 231212.0223928728 720040.6270936023 355542.463200227 309365.63550657313 279792.8064658297 293985.5906453428 287752.01960565016
3951216.04816942 3350.0 344633.73288233083 488650.8961802556 556368.9103251531 479331.4083888647 2915.0 0.0 288004.77809892443 548414.4869956914 663483.6246815148 579413.210616685
5905378.101330776 3840.0 691921.6375201752 687571.25148238 535064.1965960659 755074.720784198 409404.7274876187 521272.6921210924 525854.3497763594 554040.8214152596 647774.7671078966 577398.9370397303
5479252.636011187 4400.0 544160.571774726 564701.9551502786 613454.5262454664 531643.8004709434 554163.7634681503 539762.2324896951 593934.5540213934 550680.3714611602 509828.3224160115 476922.5385133611
6497567.260012556 4400.0 555376.6751776387 549649.1393994739 573459.3887421493 657128.516196965 672201.7286653346 699633.9438536577 728894.9227750865 657660.0865091464 798193.5715699408 605369.2871231622
5685732.681726701 4400.0 440179.4346085743 484216.63508200384 808317.0665134465 580874.9712547588 542276.6878901819 604650.0329711555 605791.2335900726 561642.1426963237 498842.07845757576 558942.3986626074
