s_bytes_all avg_video_rate s_bytes_all_#1 s_bytes_all_#2 s_bytes_all_#3 s_bytes_all_#4 s_bytes_all_#5 s_bytes_all_#6 s_bytes_all_#7 s_bytes_all_#8 s_bytes_all_#9 s_bytes_all_#10
1997094.4718001303 1570.0 0.0 0.0 0.0 0.0 0.0 0.0 542333.1003928186 379658.9998506674 549462.1613120746 525640.2102445698
4034447.2078975146 1745.4545454545455 380246.2481486008 494673.1889226874 484151.5606174767 425376.5305111048 101329.49007809113 536014.1851308615 454764.57415160193 380397.6667430537 480175.5470388734 297318.2165551632
5358294.278199457 4400.0 363895.8370283029 514752.3959197931 549175.9060043609 602187.2920792387 694543.5457843891 508585.9197421328 457464.4535575168 567785.7338086828 540100.2619655643 559802.9323094756
3351695.042102898 3000.0 627572.9393400968 338148.7452618487 287451.47268700897 503018.5716857603 279097.214371672 513569.54565837537 141086.0810337895 657239.4001217132 4511.07194263328 0.0
5443180.262040069 3000.0 298201.41313347867 501980.06662088464 873485.7578473161 589468.7815025428 677547.0951612805 501675.80461327086 636244.709369131 476855.2607314207 580636.5352636018 307084.8377971421
3185535.7379599307 3000.0 409570.1233483775 337966.1349031109 306019.0926251461 418513.3307050593 474128.81031451136 328140.5852897249 393394.9047453727 420528.8051690591 97273.95085956893 0.0
4582333.413866532 3000.0 415998.3490916136 294359.2930819066 384493.3239312474 546817.9781406685 858789.7993088624 452804.2225643833 482457.86337904783 360490.1205134162 407794.3667243547 378328.0971310316
3294467.4215755104 3000.0 498260.7385554389 322990.7394943433 20164.10808368565 0.0 429014.6028285397 764605.5839115516 696765.9173899861 485655.8958699225 2919.0 74090.83544204259
4606320.164557958 3000.0 803740.7564068326 551176.6147356114 825325.1091598797 109415.18905579322 443254.8148897516 652479.5423700312 699045.8672637456 423974.64440576814 97907.62627054391 0.0
4164121.3706247415 3000.0 2919.0 0.0 2919.0 16524.713843956226 423712.60480907024 759943.8306793491 720114.895339923 766399.3997438852 765367.4995975057 706220.4266110521
4754185.791277939 3560.0 769135.9170874655 397685.6949304488 489328.4181915986 292197.20019476314 454200.75811611215 302703.7907769293 420267.4045972696 488479.0498689361 516409.128249714 623778.429264702
4193129.383251078 3000.0 758440.1151861456 256860.48848492515 517918.4605485101 264137.7387699776 526871.3364670034 255218.07378883308 528476.8919104561 278205.76184662594 513968.6349980072 293031.8812505935
3086692.454846241 3000.0 475470.08730697207 243001.30868612183 151714.59832999558 470476.0856777472 639306.1166178486 428866.3488806909 365901.6952325105 311956.21411435504 0.0 0.0
4442043.771228807 3000.0 2915.0 0.0 2915.0 48968.07539375982 824663.5738601475 609540.8042461384 905525.369485608 534116.5954772719 831652.6999114979 681746.6528543832
5291650.821647408 3466.6666666666665 763587.81253284 621477.1105036422 774543.453351515 341993.82698360324 553533.2207324988 278744.80466709373 364786.2967301346 523784.61609648727 510647.18210124463 558552.4979483485
5450101.4071237855 4120.0 533680.0159558973 642274.7362546241 463182.7264613069 523113.7806484508 556226.4396262567 617116.2875498267 528952.5155481488 652596.9957789223 387758.2520828237 545199.6572175277
3323234.53043927 3000.0 514988.1709654551 257730.1143939556 460627.04559976177 326744.4086071278 513112.3640425525 571900.4587946851 541623.4375964621 0.0 0.0 136508.53043926993
5590110.80411722 3466.6666666666665 740981.7771744153 705807.7275176217 733008.2893416296 510741.4630830495 513707.4474921959 362405.5822979919 468905.9529014895 413712.3843205597 515779.42191898415 625060.7580692827
4603682.613963703 3560.0 505727.4937526181 591786.2078468006 228309.96384409152 0.0 27074.896621344946 588572.708284668 838289.2905959566 664439.2308439456 672665.7194613463 486817.1027129313
4145945.137992819 3280.0 392920.8949782172 532096.1565015902 447206.1478878983 320480.6097068296 519283.3866657325 249814.15393469 384101.4172604452 318980.6985644923 402988.8582551095 578072.8142378142
3587043.430252986 3000.0 181460.9134869885 0.0 2918.0 0.0 128987.7782242304 524507.4158620734 700084.1212579452 749065.7873177826 652773.62514054 647245.7889634261
4068138.0273466087 3000.0 641244.3058199873 356723.5422519724 344516.3946828829 406173.6452986596 896114.005402967 532964.8228107657 209983.7669667674 0.0 353998.07799865655 326419.4661139499
3828729.2299707416 3000.0 409689.4175407157 425112.5651559154 476445.8464882336 272918.6267025289 432196.50394407305 342715.9223842511 515819.6339433551 236793.28001000013 305611.2040456721 411426.22975599655
4021153.225916652 3000.0 351669.8098534664 398866.8884320417 552054.2953624785 386993.3238938713 322888.15914734936 391930.0413026673 374975.3489941609 580540.9065151319 350730.1512789762 310504.3011365085
4765564.460883836 3000.0 486218.0501670211 655375.7965387256 723913.8963233714 384586.3570524048 545165.1866896258 333426.6931481315 430583.8810272434 367893.6384113876 513175.8432778761 325225.11824804853
3774983.8132848176 3000.0 356576.42462461366 317689.5914444226 468743.2175424496 354047.82558975794 180051.76944210412 681369.2376304414 421027.5046264418 282418.96821593266 457871.0676640028 255188.206504651
3895473.012170939 3000.0 492959.6619535263 274255.1356274217 449201.4970374785 324572.39866872807 564383.9491868671 240619.0833573244 436528.3645149296 289621.02490877453 478486.03416473954 344845.86275114893
3939705.203637061 3000.0 373866.2203323742 364626.9398488407 465555.93370759394 343296.3088936851 461508.031957652 355720.4440609204 453940.2428198285 346735.31310710125 436408.0281049954 338047.7408040697
3110218.510023346 3000.0 321088.49888398213 340710.0656621712 444441.6594629739 624615.4777421916 612388.8082720275 0.0 465423.4527922238 270643.4397580744 30907.107449701867 0.0
3803651.106586448 3000.0 2914.0 0.0 2914.0 0.0 393124.863748215 628252.8926185202 842255.966410816 626457.6935967368 856373.2727261778 451358.4174859826
