s_bytes_all avg_video_rate s_bytes_all_#1 s_bytes_all_#2 s_bytes_all_#3 s_bytes_all_#4 s_bytes_all_#5 s_bytes_all_#6 s_bytes_all_#7 s_bytes_all_#8 s_bytes_all_#9 s_bytes_all_#10
545455.3705344488 288.0 5855.485870115348 2800.0 100.83747497592591 3351.162525024074 103202.38730177574 87004.13164257415 58299.21981043755 58734.41883428084 82025.08344282645 144082.6436324387
665966.3530467021 288.0 87756.14674507618 84856.38907063869 89415.5285107388 54062.64119937829 52093.69626072955 38393.94320597328 88956.99463880264 74022.4594928752 39634.72501906143 56773.82890342797
651048.340354322 288.0 52499.38958284556 82612.42096533823 56527.61051689976 70642.77614710253 79407.18364640391 70648.29738453537 59916.30359963184 55625.39928709396 64614.121130136 58554.838094334766
431171.7175084315 288.0 30349.0611460872 59115.471589646986 32286.868881672563 32308.54314561429 34002.96031355998 42395.90980691141 27298.77118151962 61427.39217660513 53316.16197756714 58670.57728924719
633791.2210412859 288.0 43900.01149770944 34652.754579074164 58861.64805849583 71767.72587463463 58133.50803838421 74580.07389009758 72485.81591406393 70381.71279839937 72783.89910005599 76244.07129037078
477058.5848227776 288.0 63331.9150888248 76677.09583526978 55808.53730144288 53822.8404854745 27991.40930027771 26402.17942504073 60848.37503488296 49114.52551958978 33129.116573873354 29932.59025810108
434737.23697774846 288.0 78709.98022786657 49394.938205032144 7280.839281935693 17591.713837462208 41090.95445573759 45630.82875115543 24776.442247666982 44391.19827055961 77573.22375183206 48297.11794850018
512124.3384922237 288.0 53500.5622552641 79375.35628925805 106925.03143293165 43535.90963784611 58807.86051822655 52759.81132304726 44228.86093790829 18566.304213541516 13696.915326062252 40727.72655813797
425628.59801834665 288.0 48491.28307256781 42002.37049182119 49639.52962185856 63579.90704780592 48897.196541365454 44275.69498059132 35757.57830478329 26644.330572903556 32270.86356931349 34069.843815336
521902.020420112 288.0 64669.1405966979 37722.676333039024 62660.876238435696 51007.19794847625 43222.987852423976 56337.53819048921 59613.877181264965 36140.88787774698 57958.84060273404 52567.99759880397
575160.5826998045 288.0 38619.75509878784 78654.71522149762 75625.3077040792 39492.057863292845 58585.21242805621 70490.58258576476 40965.21393978381 66029.59108069015 63398.34798493138 43299.79879292062
375341.3218841544 288.0 48876.45078143395 47822.67117247836 3531.380973022966 92654.70356761452 66034.91583433915 49423.38570559361 25637.941314997715 5392.174908062631 14738.156778410925 21229.54084820046
285309.41434217105 288.0 23598.800069758017 6960.912137399858 1415.087862600143 17680.97798815345 32157.34443905881 32392.260905428917 119132.44588404374 28018.14265434884 13180.808403182798 10772.633998196465
210149.11664401373 288.0 13532.572860326203 13791.322986597504 4552.636561739985 23572.336988585485 38064.30580678757 44143.41206263576 35600.95580844209 28756.56012445392 4814.44132760943 3320.572116835804
413445.4393787431 288.0 1699.2398870112283 5547.355975220858 27856.25751497869 53384.61602036517 39681.11900270963 39556.459193842034 37746.79523462665 36837.29963880345 117139.69900857873 53996.59790260662
604018.9537796879 288.0 33367.5819282241 23311.28349364576 45701.21947400717 42892.43945172003 57158.1539382645 59238.07841808644 64247.16569428104 61188.189375683694 91056.63928081606 125858.20272495908
666831.5386368915 288.0 70146.4528329071 103859.64450772115 106056.19289697656 69096.68488542906 63667.56658278179 93918.38257339792 45761.23262591351 61768.33514931436 27923.20580087913 24633.8407815709
709787.2843630243 288.0 14927.74964226831 12523.509329204036 29786.995172575487 62809.92722295228 70467.7276108721 133695.8194273242 91566.6043336289 101845.93092712964 98291.5580363242 93871.46266074506
763090.9610249399 288.0 49644.807132809074 102902.77141638852 97747.31443662556 82435.54647865027 80637.40977231931 81432.1778964109 85492.09896835971 75500.52913349 34911.04400310833 72387.26178677822
694323.7487015182 288.0 69790.007175405 67852.08295049137 75951.15058490098 28850.63970639892 81148.6056018003 108715.82862424813 21977.841616365244 81903.93564067676 61038.63639814094 97095.0204030906
692817.1452813181 288.0 11000.277265442668 148951.5170074086 9313.54892591719 40724.58886371698 39079.22749562736 104924.10555205794 72413.0374607597 97217.74036244786 46040.93665923265 123152.1656887071
601944.6420821827 288.0 49829.73249238187 55465.604913249466 29300.87543688522 10036.024854316764 78002.2089049604 46619.73883544489 75014.43790699092 87573.57457322085 31991.25001861107 138111.19414612115
671160.5558352678 352.0 110691.9532560288 88322.60257923897 68569.28648382013 71566.71351617987 62513.5423259194 31236.4576740806 3451.823085407573 102021.17691459243 79476.3773068596 53310.6226931404
809229.7990842815 480.0 84006.28129018049 37666.71870981951 87983.65049506073 70226.34950493925 82456.72836639996 93409.917204807 40342.8674727374 79894.32862268106 184900.55181160296 48342.4056060531
1047830.3652530044 780.0 121052.20091571848 8548.463191367257 167719.53680863275 31001.576722246955 191694.69194935015 58055.87709121775 138759.8247869982 180134.3320337413 130340.96841023702 20522.89334349469
1289758.836985852 840.0 181176.73416905483 150988.86608032638 71532.15756929335 89463.1973172702 118616.0900307033 214273.1251932959 47001.80703031669 133268.4697956778 115199.69448222214 168238.69531769145
1168885.917056586 840.0 55687.0245191533 191903.80632936975 3192.8422433500355 212680.32558498872 47660.59454607345 202100.945076696 23515.47194734953 210589.89844029772 20392.00269802388 201163.00567128343
1136410.081620276 840.0 21807.93982311368 193825.4835116093 151691.486483659 106150.34560446788 122034.8959354763 116892.59414102194 114334.44484468715 100834.37440784558 117063.4181742221 91775.09869417308
