s_bytes_all avg_video_rate s_bytes_all_#1 s_bytes_all_#2 s_bytes_all_#3 s_bytes_all_#4 s_bytes_all_#5 s_bytes_all_#6 s_bytes_all_#7 s_bytes_all_#8 s_bytes_all_#9 s_bytes_all_#10
620937.0936915813 634.2857142857143 0.0 0.0 7041.334209332746 168122.23959526682 114174.01524340168 11871.691274772153 82282.4267190946 148007.53276972624 84215.58060547977 5222.273274507295
656215.2193771539 288.0 1643.1146250579354 21033.16512159896 78967.35241569969 66492.16535946043 32899.83919329577 6278.269593305919 4200.0 93125.55018970478 159224.02309211966 192351.7397869108
384524.3521580236 288.0 134735.38688700684 6704.299399487953 1214.4724483437192 5468.528196426274 2626.2263074244247 4115.705468592646 1772.0682239829298 5716.0 77814.50237202246 144357.16285473632
997659.8143099984 326.4 207612.5902357872 41921.744537454 43119.69454247223 57576.759508210365 131949.5514139164 160038.9695222728 101922.9401908149 110826.08482231332 0.0 142691.47953675696
1022988.7590163444 720.0 112422.74824300372 58761.7722202393 72237.62852485245 83807.37147514755 100299.06220601522 151225.6062669109 98345.41929649116 131843.18399002994 115550.64813154704 98495.31866210717
1221765.90860996 840.0 103050.00946757072 153858.7601265746 117973.9705506214 115960.0213021318 61868.622030505845 166522.91097682284 158036.3887975667 118190.6050896244 161542.77645041674 64761.84381812491
1241310.966910177 840.0 124278.19129318482 149646.67518899892 151777.73522785807 13264.48392887446 170345.5319021809 47226.37693519349 174495.3595004988 176787.03455644025 109047.52696410588 124442.051412841
1278225.282678767 840.0 146360.87279583688 96873.08249464886 108497.64151508636 125278.56813355185 107251.87254866534 133566.20899290778 145325.24520585337 184983.4817271276 47939.97726517799 182148.3319999112
1198249.8628540337 840.0 50457.93261491563 180302.59290956293 52707.24701265024 200011.83747822017 21306.30135206398 165287.25150118052 60456.36893669151 178812.3042610182 159747.61773380404 129160.40905392634
1174051.2673278663 840.0 80302.79605256271 118511.62590804402 130381.42544274706 141973.33184693803 89168.59245684388 114253.04731683728 136735.6583877366 122877.29845095534 92885.20621810392 146962.28524709746
1173502.726864194 840.0 182746.36576188737 56160.10730420754 83152.23183654851 134767.36033201052 216196.71696644567 25110.6908649953 133303.84172367564 89982.2974754247 151588.68782352307 100494.4267754758
1324923.5767232417 840.0 104160.9632042096 91785.04759979618 145012.0288916049 116020.33930820978 83230.14717996735 207137.50761109736 133021.20767223247 215250.15260929748 105965.80529573443 123340.37735109223
1301317.6193647194 840.0 155135.77438619183 118147.10904818863 134244.05117989072 142949.58599139616 88386.23695114993 182143.4753444524 53712.19304063352 170344.96062838475 69911.65806251092 186342.5747319204
1159031.8423484818 840.0 36921.20337612493 187307.70599860197 38002.90149132477 170927.41051168606 60721.08609481454 177082.63460848996 51541.50047308661 174640.78780138638 146776.078364147 115110.53362881974
1164975.1350353267 840.0 107669.73733852286 121660.03375968324 113586.9279768798 118524.8915797242 119223.57500353645 120811.42259407342 107913.77218823638 129193.34732480143 86456.14421017736 139935.28305969137
1158923.5727301312 840.0 155652.31202785816 74127.40689237202 186001.6133722072 45477.68584826983 153637.35104401642 86475.98417019843 152240.16277482436 104189.86904966048 136867.80435075954 64253.38319996484
1240128.990236933 840.0 141578.36869188183 106712.6610740802 177841.64098952178 36630.03358175233 202877.09842417145 122398.83304736656 130161.90319889173 104232.64803495334 105996.80635507272 111698.9968392414
1244042.7414977069 840.0 125765.00318876113 173397.64819130086 68386.2468680706 183172.9652999782 49596.24239861299 165629.3726963656 63131.69190534246 190680.3864369188 32801.729415427966 191481.4550969281
1254555.2366783952 840.0 43465.15930493771 184110.46904574527 69698.4164631078 191973.7281792665 19254.09494705085 167867.8811742913 111761.97739104748 176369.0245671401 114568.42500626492 175486.06059954336
1219493.5375123436 840.0 94340.71268679312 181989.8829974635 89587.39568140663 111698.63508225324 123802.9614862744 151928.20800391346 69105.25824541188 145043.84848751247 194074.01949991903 57922.61534139592
1219877.4817538306 840.0 126245.357574702 83242.885332033 142673.4896582685 66689.14210963625 149959.10816569728 103734.1027130152 168037.03672191055 64338.4320506629 134869.37331680913 180088.5541110958
1203893.583871273 840.0 140101.67201707198 74618.06166686119 148285.08950667724 134780.1258249118 100828.43319228318 110830.99697180744 108954.35221685318 104354.57027152208 106333.75774417154 174806.5244591136
1215063.149037377 840.0 101378.4284495172 89046.77629089614 135141.97627828532 188944.1985026813 48527.00229323928 163280.8839030161 73740.71887691227 175776.36776074528 48301.52537067411 190925.27131141015
1250837.3574624776 840.0 58777.73627257322 210701.6802917072 37544.86284785952 173206.1527390205 102435.14406303893 167338.9280492506 141767.64295156967 111345.03297209016 113918.03049289277 133802.1467824749
1132506.936901183 840.0 96287.14224883956 131545.0669348853 86419.69261095265 108481.60101679062 130775.76128024553 141240.89625818675 154768.3937213297 64383.63677730099 190356.9811959745 28247.76485667749
1141047.9850484794 840.0 153697.43841665852 91650.30971229335 120486.326191196 95927.3050212742 119488.85476010056 125347.17908264362 169459.5085841831 90540.20138602424 162040.98759009957 12409.8743040062
1284418.1608083055 840.0 131867.35567328782 142702.27802816572 166712.29914654506 126331.29777288064 105129.56890767596 119716.90848715109 116563.86882842744 192649.270846786 55247.4926174271 127497.8204999586
1245533.1158563488 840.0 167945.0117152029 153155.0516769579 67070.77579953376 177441.9105846643 41848.93981594801 209163.7683108306 28554.20034249684 137451.74231041322 82831.72271228145 180069.99258801978
1181614.7233353455 840.0 50101.03575772481 174532.340007285 127172.35416450238 119479.88565816624 118213.01963725816 121052.70581463716 87196.72305584859 108928.95291007096 132940.49339789635 141997.21293195616
