s_bytes_all avg_video_rate s_bytes_all_#1 s_bytes_all_#2 s_bytes_all_#3 s_bytes_all_#4 s_bytes_all_#5 s_bytes_all_#6 s_bytes_all_#7 s_bytes_all_#8 s_bytes_all_#9 s_bytes_all_#10
224001.87431993985 288.0 935.1812465899902 4319.8989115133545 3680.076680600259 1370.8431612963957 1037.7773739557783 2876.2522088805595 20088.250375358934 46132.31611107277 77821.33327739635 65739.94497327544
375701.0023166574 288.0 44123.694574039706 20474.48594201994 41731.564301638384 43273.69582755929 27298.66078636913 36208.24991754881 41816.25273178647 38162.74866811034 39824.6019132801 42787.04765430528
419777.1125905045 288.0 64790.45985253805 63447.36596524834 73530.75026760186 26101.232468577888 82044.7409998061 49518.574731914894 41987.769129842665 11638.71741397792 4368.0483187599 2349.4534422369543
391923.01077289815 288.0 5476.0107728981375 2276.633241448112 49859.11125361108 37513.05366547107 64706.73973364153 82785.99351866255 93966.34962897582 41639.4297351755 10899.689223014324 2800.0
346045.5929804992 288.0 5078.548860726794 1720.2537323270803 4631.197406946125 1435.1261298590075 82269.08116444632 36725.792705694665 43398.28127642929 53995.41810466976 67563.51366691441 49228.37993248573
346720.7294200612 288.0 50126.05188006682 70904.6311476739 56704.17881423093 50431.51694678862 28756.69069977404 800.788824933814 9488.856904809209 29297.42167512911 31274.983216912995 18935.609309741714
437341.88809085975 288.0 60460.67445430354 42142.02812586904 33004.73025158764 44256.83440882204 45307.71541335851 25968.659654559204 54820.71056128704 34376.73954084091 45004.72386695312 51999.07181327873
362057.446300656 288.0 26461.84259688704 60051.94381188431 35854.52020838527 60502.269736980845 28379.422359387343 34421.92101933771 21058.870498912267 26656.37553207266 35821.35177960056 32848.92875720801
428948.2480739036 288.0 43481.37223326463 26967.127374700383 59543.493819349445 36289.312922353805 17942.653786019804 70838.41585883811 80284.97239512585 10526.206818462517 24559.78857986441 58514.90428592458
391464.8092343407 288.0 32091.331744147206 36745.423496364114 52879.52116113188 29654.61396739771 24741.86471932687 40841.66004417636 46320.76144868948 57800.81143550081 22747.57409829081 47641.24711931546
390619.88005216734 288.0 52987.07044132563 28405.336358438577 58625.7193581796 55895.13426942349 44166.33528454688 9039.690187765424 16142.306466347953 52085.978773614326 45339.71116190373 27932.59775062171
490772.5146001833 288.0 72537.53494419403 62108.96591022947 22941.243302504517 74199.53313205615 79214.00358590952 23554.500928497207 3368.2424064898923 48082.11409127427 75692.53993276968 29073.836366258467
341965.3760458946 288.0 40584.60915162877 65030.219401387054 47518.5787639368 33854.01638380791 18291.41063316785 47611.94836698974 9045.117149497755 18356.208747186956 34389.85536349034 27283.412084801374
381473.81496389856 288.0 37833.94987181373 38260.3629745527 36519.67964146317 43327.05617195058 30476.48693061772 18262.95948389445 52545.44203197637 45012.6854139998 36973.9268067726 42261.26563685748
690740.8347397016 288.0 80142.1846820571 52800.233424101534 77517.55225638287 64357.878153131285 63015.52846749106 56590.323515804965 44062.19313174888 56270.96046015873 69759.6355741097 126224.3450747155
618689.1653434854 288.0 64683.79864764618 76735.34352931887 56552.019232722 50286.90469765688 68337.0398770033 63780.0845555854 52767.28916688229 58902.5737514781 71017.60872860486 55626.5031565875
611136.8787044209 288.0 26318.30816310712 59344.3601757052 67379.87350967148 70421.2090401545 63274.48195830746 62683.22847157027 87581.10295195255 56522.94229937111 61315.0518354568 56296.32029912442
1013172.1580238682 330.6666666666667 82127.18492640904 70902.81969186249 167462.30236179143 158637.3042896085 185150.39736523456 89108.7572086423 44098.25341379928 60372.371272491066 95163.04333734054 60149.72415668907
849429.7860399259 320.0 147172.51641997005 118260.2646035194 74363.41039409394 78247.59879340992 58794.83406721884 35508.13362211727 90129.05413873911 94652.3210008152 70889.44735670116 81412.20564334096
724228.0825311055 288.0 62085.1113590039 64238.30568969322 75742.07606605352 92821.5641255325 79694.41344797048 79140.01519047125 71052.56043506913 89639.41444880054 29300.40787941979 80514.21388909117
505890.2265546964 1372.8 41107.47038159664 11821.32447343169 37370.10405223219 88672.31867351351 57128.02241350382 77994.86563933326 70272.85006008121 52810.43470670683 40426.46773691924 28286.36841737802
415208.6462510021 288.0 11147.181744044628 19943.973197474887 27624.579547160836 64935.623730586725 60697.34654286405 47549.41055700866 69015.14068811169 33155.934382267966 35542.89807213924 45596.55778934329
743889.3062494985 288.0 67961.56493675032 75118.39959682107 39946.16016929715 35245.08078828959 71439.66179096258 33015.79460213554 50227.14482230541 79873.90887734173 142845.18225510267 148216.40841049247
680052.6157998315 384.0 143319.035514472 44381.58028535943 50704.0718323871 23521.9281676129 49349.72708370925 71230.36075399317 52965.44352545256 102346.46863684503 73382.1775895279 68851.8224104721
783182.7364338925 600.0 85825.12251833403 90833.877481666 117329.0 0.0 122376.0 0.0 142248.4240418556 3946.575958144363 147733.38850459922 72890.34792929333
1239821.7454254392 840.0 181235.17354143292 213045.03354504527 138129.7822696219 91253.5515340133 118961.42278981493 71871.13783392627 143409.53774239405 66651.09085185971 158092.2143871809 57172.8009301499
1214084.9003069915 840.0 160561.40507758883 57213.60155212469 192008.5449217434 128263.37407083358 76972.59251837782 80737.3469381331 169659.96407905943 176113.2715580608 78469.5628723505 94085.23671871946
1214851.9495916748 840.0 176400.2294569282 134920.39096303383 17251.75376882122 172104.6551757248 88088.9573320447 155376.66842207627 111846.3748447787 137422.07669572937 104731.28335078256 116709.55958175514
1046210.6303058116 840.0 91540.97574818376 113980.69249381816 86812.67750395858 125292.97866036637 109870.46085120544 121562.038041123 149720.93875044605 34055.8260795646 159868.80562675494 53505.23655039081
