s_bytes_all avg_video_rate s_bytes_all_#1 s_bytes_all_#2 s_bytes_all_#3 s_bytes_all_#4 s_bytes_all_#5 s_bytes_all_#6 s_bytes_all_#7 s_bytes_all_#8 s_bytes_all_#9 s_bytes_all_#10
431503.2400710953 288.0 0.0 0.0 0.0 0.0 0.0 6918.0 39418.44720930289 99792.23589216414 145481.68315766772 139892.8738119605
1855966.660086876 1220.8 220300.8767126928 166791.65805500397 195257.65297365692 147721.55574417987 216132.08280193305 181732.8258342541 250009.64180706127 136305.27825634426 186241.7025757944 155473.3853259552
1016799.099842029 564.0 145649.59431159767 96821.73501385398 97240.77051657737 0.0 217686.4132925639 57862.38547435891 193842.34480633048 100197.54673768106 107498.30968906567 0.0
1236175.587208127 840.0 168064.92492325624 188615.4294371529 141516.22211561984 81816.48116185742 145023.17274343903 89895.41384645831 120079.19517478286 98998.73504458304 89293.42555285039 112872.58720812656
1222351.679256973 840.0 167069.15139509866 154748.64497450794 69243.4130743806 192574.8438275425 84563.93451851075 131536.6147087895 2403.810293043486 198620.46690168005 73273.82407356377 148316.97548985586
1125463.7335349005 840.0 51036.93897996303 165063.91207003468 110593.2776852926 97940.60479961008 51387.70332037169 162450.6887248947 106841.98806198846 114765.49199289746 144221.67386269948 121161.45403714824
1185291.380999772 840.0 117505.47185388308 140182.54261421965 135494.280276845 72913.70525505223 158782.8416413214 90419.62615901484 149367.10108564596 59615.72454599248 217894.1884844385 43115.89908335896
1182241.3809380664 840.0 164974.9855596815 55693.46665068026 171673.52048244243 41508.36441732695 205198.70061164405 26859.878346236783 178429.66774628154 139868.55757237907 93668.0780104096 104366.16154098423
1206892.7462702466 840.0 91424.54991752836 103184.07654385196 139225.94687540966 87554.83866661927 143513.92294492104 89980.44896694455 168340.15949814397 139196.23496593916 73149.18230631464 171323.3855845739
1181874.890275123 840.0 58597.491791914894 154979.53705594392 70737.76680548221 192826.46598784596 112533.33891663911 165044.11866079416 49813.41551552082 162730.54193818115 50401.59900247332 164210.61460032742
1118945.86244206 840.0 78405.67898900941 163569.56485013047 128353.67397239982 93923.93146843975 112003.92567330688 99276.70180125957 116756.51408315486 93755.76609891091 122190.02203663735 110710.083468811
1066950.739074732 840.0 141776.74229923275 113168.11498916493 151376.88610268524 51956.26924357234 206908.7270613201 24321.17973074354 162459.5200469555 26169.29960105759 181846.1979516016 6967.802048398381
1255398.897402725 840.0 204112.0676936689 27059.93230633105 108039.48425266516 184345.0569123533 152599.81588078057 102683.67279563288 141622.41793942283 67251.73211126075 130946.60731375756 136738.11019685204
1161674.090068933 840.0 153838.71436015412 90234.65906452372 130800.41904731798 86036.92145042983 128728.84507912675 144148.24967254698 52349.51572715636 189443.49025268323 59817.93769819279 126275.3377168016
1123932.039839064 840.0 61395.52881606916 193194.2516663373 70421.61787630853 145269.7552271718 64150.24088050872 161203.4783636974 49309.8759718478 165966.42478761153 15172.838938789291 197848.02731072257
1131126.7649216326 840.0 94497.33894269008 93669.44946155691 164015.9541498496 105201.69329824208 127674.9682943566 94811.09464921684 119543.70910942135 100578.47860425209 117352.53225767324 113781.54615437365
1033921.315842689 840.0 197268.93518496613 30376.793756679683 203650.291170939 11532.2249821162 193100.5133405949 6738.449332349096 184091.5426870453 6001.457312954701 187570.59276376996 13590.515311274225
1169537.899762467 840.0 172458.23044862837 124333.57803394644 114246.08344238104 0.0 188227.01550900316 148670.35360212886 94777.50333324732 121771.2100558542 96874.91749976652 108179.00783751112
1127210.0289158917 840.0 90447.0650155912 107503.45392525251 89306.21467502712 117865.3096402304 143951.7409081992 129420.61692712504 35666.591071063405 209920.8924901007 13324.40994312441 189803.73432017767
1171654.364404763 840.0 45479.47959871848 212049.5498848566 73518.33247026046 136361.27808254006 76182.49360989365 169495.88412937644 114662.0511058092 109023.8943651423 51123.39718211441 183758.00397605135
1190092.756553119 840.0 115493.1768299394 105266.4220118948 112487.3093096275 103890.02284031696 131623.09291336665 159430.55338776414 158574.526435331 50867.79854110159 117905.50483008892 134554.3494536878
1061348.870637857 840.0 186374.16407425795 8249.678214457452 199097.94950985472 7017.050490145296 203365.13352079235 6502.866479207636 196316.5337761346 39178.466223865405 199065.40628444904 16181.62206469245
1169030.1980689252 840.0 197172.79966265088 117229.96659874452 92127.1416831602 113668.28877099315 96780.97426004146 111953.73349002334 107863.87259764456 108306.76132159289 116517.64174576354 107409.01793831082
1212174.8530809928 840.0 126524.40051254316 105617.4377253418 165535.80946820078 135728.15560563852 41768.4572531059 145505.04268197872 70409.79896157718 212618.0528779072 13758.76744583936 194708.9305488602
1218768.2267456064 840.0 68045.40301702886 147987.53110446787 7993.861993156133 97991.22028143345 147448.62142682506 128697.78862882777 158818.42996554647 151751.49879047752 201104.6319090493 108929.23962879417
1186088.3238203584 840.0 125711.51944549257 104548.78024095182 156711.48304339848 106001.15472703222 120757.25565934494 122367.11537795808 194812.6347163387 14964.941104830545 204002.03129258164 36211.4082124293
1179953.15503344 840.0 203907.49530650495 21395.06855471133 193134.14588334784 21829.660190411218 184061.88598655083 4639.114013449159 173135.46064817533 5602.53935182467 201963.5419177886 170284.24318067593
1130991.83174104 840.0 90663.92437929413 94865.40218869352 120756.62663510552 131825.54873028654 138834.74941456018 86174.63259448511 107243.3309591105 100249.64364356094 122440.43642725164 137937.53676869193
1245885.2868086002 840.0 161377.8463023014 106084.08303536598 109615.60734514764 120393.44491327892 102886.22555828164 102472.1815608592 166811.66924519854 134615.02691790948 75309.9983180327 166319.20361222478
1226484.0963518952 840.0 131196.508031765 125874.58832013023 54160.47011722671 151739.7694214202 159935.90952592384 138107.85093542928 113744.81707167027 108621.0419465928 124822.09892876292 118281.042052974
