s_bytes_all avg_video_rate s_bytes_all_#1 s_bytes_all_#2 s_bytes_all_#3 s_bytes_all_#4 s_bytes_all_#5 s_bytes_all_#6 s_bytes_all_#7 s_bytes_all_#8 s_bytes_all_#9 s_bytes_all_#10
435779.4082255953 288.0 0.0 0.0 0.0 0.0 0.0 0.0 53832.71140380925 128347.78055456784 114168.44475487128 139430.47151234697
915198.5917744047 373.3333333333333 145809.35365732832 95815.0118980575 161434.75955280755 119765.23071008174 24981.122389421664 53888.54564127541 88547.2467667457 104689.3211586868 13443.470325946377 106824.52967405364
796594.084300024 660.0 17829.531976001912 107169.4680239981 11087.609538120392 110592.3904618796 14149.046149548423 135655.9538504516 25006.8731054128 165863.59677793263 22342.441986458714 186897.17243021983
948704.915699976 840.0 39790.1526796818 200296.6579353601 23719.2298987633 185753.90928445532 59290.50755567933 189588.34408077615 3631.114265259933 97978.45937540618 135794.66938618638 12861.871238407424
776940.3404397956 444.0 15733.45588945763 165297.6752841377 99547.86882640468 93915.0 26979.09930593505 54409.90069406495 17483.215012246183 143587.10204828184 6864.889141980906 153122.1342372867
1127347.4072447785 660.0 7917.115494677972 144927.54406552637 17060.93291099767 176058.7229764274 129136.85361921268 157284.24650896704 87656.21685187361 170089.63206834346 80583.32790181377 156632.81484693836
1236425.438473588 840.0 81851.12865498695 177721.45074676367 7847.672913675338 162517.23088288045 128209.0689028167 183715.1972288057 78686.52913504244 157355.97385045476 59148.38249243946 199372.8036657224
1089571.663629699 840.0 47076.72132852124 123068.99403171187 112111.59903046647 193279.78308805425 68519.46477662052 135467.48635403256 54191.909408650834 164634.70316463703 46938.15265914336 144282.84978786085
1182579.6387755703 840.0 113322.23128708854 174206.08558866568 49971.100815293015 183107.82049685475 55005.55889216087 163635.34477387447 33438.62415321289 169497.39574879603 79651.59746146749 160743.8795581566
1005902.5114365688 840.0 85006.15901596032 176710.84852252447 46928.085887034125 187979.43009738863 62356.60203650872 182906.63621744403 53088.93245446991 187095.4628443618 23830.35436087684 0.0
1340594.821442782 634.2857142857143 19505.678795176987 239568.27211259247 153627.24149542552 152765.167316553 162379.84922023356 162848.56292309362 17744.274579703466 202722.4448195809 61801.97261256785 167631.35756785452
1199025.070346558 840.0 77938.19059501785 180926.92023435305 63049.06772784719 146499.97125747585 104393.98356658316 168215.82083863782 70944.69043448623 168085.0573537742 64058.01802215181 154913.350316231
1213472.6356726778 840.0 96042.04373320926 132913.0094126068 78479.05506484395 141064.38046516353 126475.31735799991 157660.88442920143 115777.06063867734 145460.6691204872 54926.386444905125 164673.82900558313
1236268.3579015234 840.0 93188.04011682706 162243.6835829034 55931.08543196596 176606.43708973558 76102.53131827584 187717.2941793184 58965.04153160944 202647.90927482067 59697.45001252589 163168.88536354108
1328438.9855852737 840.0 113790.2359111982 179826.86777465232 71812.28913541608 152338.7468310575 77434.37270552827 166383.73815597902 83256.62106789077 196388.3990823205 89893.09814199136 197314.6167792396
1491879.680137926 840.0 230517.46972145807 149172.0232734565 197630.5817187797 160811.63428348766 80508.21105043494 184185.6191879714 128748.1035234145 155317.5620057486 70229.73838370605 134758.73698946845
1176207.9307497328 840.0 68792.50911900013 176081.982217633 34251.37395990837 149710.69554402228 97711.78031191356 169683.22942605594 74706.41035159052 190779.9753660545 62349.27755825135 152140.69689530326
1189532.0814694576 840.0 81918.90658082883 164797.9645245716 75238.43981534604 157537.90918242783 59956.74993652332 172955.92024161946 55553.53249076626 170837.04280144456 44303.04694837176 206432.56894755788
1226427.397672532 840.0 60323.37708979413 168763.14847293732 58595.079061287215 181186.58025011665 57631.19451956535 237887.6615230654 53422.18763048796 178035.65524060623 69775.26529084484 160807.24859382675
1315669.1918816222 840.0 78571.73860588146 169849.74937001054 68476.8966710918 166432.44435059375 69060.21002395973 184026.09397740653 64690.83955254297 154727.27737906 196919.4111959407 162914.5307551348
1445443.3071472528 840.0 233240.42595447463 176952.24908819076 137872.06020755068 168365.25191467538 98488.45027624966 138653.84440822323 108261.19742858032 122695.378191207 93381.16502209716 167533.28465600414
1180887.9938225527 840.0 38620.53999266204 166979.09807699706 89999.29083556228 173358.61108744066 54149.11798649918 173372.3331471604 70914.27583643222 183973.11642680352 52732.36412781166 176789.2463051838
1173774.196840258 840.0 48009.19569225586 171904.58641022551 59233.67546525104 197679.310540492 37910.255953814194 152965.36375402735 93816.7201253032 184648.798229102 30850.31229952297 196755.9783702639
1208201.3850078646 840.0 70988.78177522782 177829.6951205783 60384.95884646549 187716.61603387707 62285.616960225954 162370.45701392792 77986.05624394615 178216.24701896094 63708.05758650309 166714.8984081518
1117178.9643219868 696.0 67299.59121272284 196462.27355731017 45253.099551953645 51660.85061070432 201117.66404454596 122202.40563469524 187810.95228284597 181867.47587988316 63504.65154732543 0.0
944253.0 840.0 19155.385001566858 185981.9061920908 145559.73744007185 143414.97136627056 173193.11783701976 192430.42168072917 74282.82196145176 7317.638520799312 1585.7860321154174 1331.2139678845826
879150.5777973431 366.8571428571428 1278.236734410482 1638.7632655895184 111648.71613244408 164890.62442471163 116744.30854381136 156959.54627974448 45558.31703589241 87199.4875833961 24842.687393146683 168389.89040419643
1186155.1570327613 840.0 45277.22825376722 171098.14323530058 59886.11471499199 198438.5396319582 20969.37413974652 177292.80794009674 72365.21428679563 162161.99879042245 75871.40349081728 202794.33254886483
1175155.2651698955 840.0 33491.265169895465 198693.90411836843 87916.47988274839 178804.6358893086 36634.419683642845 192144.6830176404 41056.03799023968 141781.0287447996 136598.97667307302 128033.83400017902
1206932.0748206284 840.0 13278.113717515096 180232.29141060472 182791.53637395616 156560.96728674587 67020.09121117815 151192.02296234213 70535.83825503402 186087.40036151928 40499.09159993542 158734.72164179754
