s_bytes_all avg_video_rate s_bytes_all_#1 s_bytes_all_#2 s_bytes_all_#3 s_bytes_all_#4 s_bytes_all_#5 s_bytes_all_#6 s_bytes_all_#7 s_bytes_all_#8 s_bytes_all_#9 s_bytes_all_#10
907915.739532976 288.0 21829.33240776263 93585.12423700112 76535.20656721511 78195.6081845991 114904.72652222218 88172.15202306103 94504.55406118314 117078.96460113776 105402.1968001684 117707.8741286256
1221301.0956940828 288.0 141146.56943876267 107665.1265198616 126317.68473287411 93529.9407997662 124239.82122506692 129700.69081410792 107157.37362112578 125704.69636352868 145709.58880889625 120129.60337009247
1208301.4632714284 288.0 128616.37927265286 128917.45840129293 124808.5066729693 132795.88743482588 122044.43488477002 108808.53447700868 137553.05382266344 121575.17289147996 87837.80251951597 115344.23289424954
1077190.7227034343 384.0 101136.48545614812 151198.66549068238 163462.12721222633 159187.9145957618 58237.52994861573 74191.32858492437 80228.67141507563 130862.49594070375 77188.19134420528 81497.31271509097
1010339.9221064209 634.2857142857143 76340.77940636076 108465.55223027522 131070.85484822452 11915.81351513949 139944.43840012516 2570.561599874833 145695.3457695176 85315.55691581778 147994.4836049914 161026.53581609402
1174491.642847781 840.0 83914.07789357917 174798.37034650423 61292.62965349578 0.0 157857.89876872697 119731.86973116203 288638.3814911631 122626.39381601338 156827.93072922362 8804.090417912661
967875.7505650864 480.0 1820.4350457982212 0.0 2918.0 149883.70346971633 203182.5736691733 189795.16280185943 129495.56005925096 0.0 168516.29006381525 122264.02545547292
1108190.8448048842 768.0 161726.31461285302 61711.87754403906 146310.38856192588 11904.103761893832 175381.6952116735 157748.7478154224 145141.03345790107 18803.52351500303 183454.3319659713 46008.82835820105
1413208.814202591 840.0 185641.47544750516 55398.03188679549 174793.1061533126 61936.62245495991 198153.63657522865 43709.94286187875 199073.52980073457 177448.98216898262 183171.4611305944 133882.02572259904
1230741.966414455 840.0 114741.31069550398 137760.84738078603 71718.28918822348 201850.0077950728 90246.39001039902 169593.17884268938 153289.22327257454 82206.23901623534 39705.63744876355 169630.84276420722
1116230.4404081346 840.0 73798.28784336039 213476.4622951259 241539.8153988879 106505.26884684723 157547.31982702724 40889.1075239357 2597.797323596749 0.0 209454.65730543688 70421.72404391645
1069364.9628936867 504.0 240212.38121633296 143897.63208230658 103275.5802982782 87164.76012580411 112501.02590314212 156177.71117441714 63665.52785036556 0.0 149820.77303722518 12649.571205814987
771846.4333031554 480.0 140979.6557569598 0.0 0.0 1026.7135881314484 1890.2864118685516 0.0 148152.51424995 132820.65931129793 172995.82036282157 173980.78362212598
1152428.6395525842 600.0 42771.22245380448 32401.490904334656 246002.00581255107 160684.03354042902 123813.54351184604 83374.11294519775 72531.04606049729 130295.15155453878 114705.25905254412 145850.773716841
981958.5829012204 840.0 99654.25615208397 170261.15963244278 56347.77421910973 172606.5128307842 88798.1475662561 146118.36562943453 164736.1889796975 74165.21700381684 9270.960887594663 0.0
1429773.2198376684 840.0 173562.93272447804 170908.8643826866 160034.16898395785 135054.96882658603 215864.25238842872 104311.32128734604 167621.959435425 66364.36742592056 191820.96393527795 44229.42044756167
1091793.942625818 768.0 173503.53096197176 49386.39656823756 195902.2694184064 44994.29868590026 190290.1779886617 47234.227993077264 512.8785460766164 0.0 216000.3157338596 173969.84672962694
687198.8280761301 570.0 170505.58759991208 57418.263904396495 107782.45804911724 46211.65552597855 155675.13444856164 67489.52540998143 6817.212598566037 1076.0676206709634 1866.9323793290364 72355.99053961679
1357774.6755985154 582.8571428571429 167361.67866720847 93250.63174271407 149269.6553133647 151857.76891104036 165134.1678533927 135352.80780505307 100078.73623497844 156365.00596536556 60283.86298099444 178820.36012440373
1236166.3305779528 840.0 31109.333861867573 181080.94911474377 169397.95426982443 114981.20221229448 103589.24686455312 129434.4512986519 155418.45717560156 104336.32170683736 105677.94522242612 141140.46885115263
1018420.2337929632 768.0 194760.63222674452 76909.19342388246 145459.38691895033 72943.25698507293 136431.67509472347 113089.07869124536 3571.779943295641 0.0 149029.6913337785 126225.53917526994
1137276.552545207 696.0 183890.8878256225 83608.49825492577 90477.02106159725 126352.48477282068 166238.87757598536 0.0 186550.6646552602 92735.0863435287 161635.01759413444 45788.0144613322
1188077.2169457446 840.0 175818.08902014632 76356.43190960589 145374.84830163277 60441.08756544311 168551.62121188434 179960.3257047488 193046.7672814174 154605.48480917804 33922.56114168775 0.0
1468715.3765041304 840.0 166387.547302077 167953.52073630237 107183.36036444682 84825.3463427987 109960.41022160836 212913.41245172932 189300.2084524161 33825.498493726394 202095.06915536427 194271.00298366105
1059565.6048081182 840.0 169872.10648266115 139294.03238695333 73101.78432901402 103673.1861519768 162903.76401301354 158436.7442964252 5451.005835825585 0.0 172763.32085743494 74069.6604548137
1435814.39274326 840.0 174595.57655396298 178393.33714888248 170369.55040684735 10262.554578058538 237711.3071250812 157077.1286402486 186245.2726410877 94492.89031912955 155975.46192950127 70691.3134004603
776485.6259444914 475.2 8359.625944491336 0.0 199689.4997613432 138551.10759684915 123344.39264180766 0.0 141782.9312261477 17243.068773852297 147515.0 0.0
1029794.0 696.0 149774.55116001196 9346.448839988048 130277.3713184418 17360.62868155821 189850.76396773875 185036.4929935381 159303.5112838581 139167.79907436966 49676.43268049543 0.0
