s_bytes_all avg_video_rate s_bytes_all_#1 s_bytes_all_#2 s_bytes_all_#3 s_bytes_all_#4 s_bytes_all_#5 s_bytes_all_#6 s_bytes_all_#7 s_bytes_all_#8 s_bytes_all_#9 s_bytes_all_#10
419637.8038664757 288.0 0.0 0.0 0.0 0.0 0.0 0.0 66551.92785701553 97882.80551589234 99272.23045196736 155930.8400416005
1203726.262956231 472.0 167528.295246015 153060.1421873837 151896.64591110934 163617.4121416516 96388.22968566828 34139.4709616964 98709.0093755814 86743.01055235774 118699.35209019584 132944.69480457142
1215074.9331772935 840.0 176512.17105886652 68496.31828387186 137093.21374925136 65670.83806699928 105411.80356107785 140486.13690344122 78121.45155378555 200257.25554151135 82923.47655257914 160102.26790590948
1247576.5807707356 840.0 113515.440451334 107785.559548666 106418.38078952822 140575.74165512266 134050.14186735504 62427.735687994085 35537.0 190221.7671023435 160533.81196473603 196511.00170365616
1116811.3747494267 840.0 103719.10861844334 84643.53712268466 77668.09372411598 69830.50913791366 130586.60371647034 74215.51923760599 216926.5559429695 112355.21130679476 97816.26078430672 149049.9751581216
1154998.9460069048 840.0 36620.59697932756 190767.2040815107 10500.48263968536 169965.5106412621 119304.6271041361 139758.38466265253 24220.25405520922 164017.97367930098 114670.61482045129 185173.29734336887
1088072.704587729 840.0 81549.33378565189 84646.4085773393 61299.64044980121 145218.5555813706 83544.20181489669 131526.35654497577 121369.31342223292 169248.43988167102 25642.421316674398 184028.03321311512
978658.2956038718 582.8571428571429 116514.47987877688 131057.00635520938 23357.907651217836 0.0 59355.43422197133 169565.11718444608 145609.62250487448 169155.22908188988 58946.16654172656 105097.33218375946
998902.2620865968 750.0 140746.09828133226 0.0 1550.273339012056 1337.1045524773258 143827.62210851064 105896.4181728102 130181.01191694732 120056.7543680076 201176.65769047505 154130.3216570245
1256155.2474412771 840.0 226329.53778002883 130568.01754787032 81719.88945889157 103434.26104288622 101756.48623107249 97961.45480149276 148902.65553829825 153001.3590357068 123880.03595447796 88601.55005055199
1218436.396601766 840.0 156581.84090439728 107421.623987842 95102.81702980927 137524.90703642467 90523.39979498491 126580.05447547244 164184.3506162754 151020.1747510621 81043.80904178448 108453.41896371356
866164.8859505784 624.0 66635.19215169207 0.0 55619.98577866153 188298.88993928093 144160.39585805262 100346.23393733687 115398.48131823885 82919.01316842923 6309.301898993505 106477.39189989284
1305039.7467553988 840.0 149162.35517948805 189056.5953923866 35239.355629239035 118759.87017443332 160449.5947907831 136302.9000812365 143707.12571654934 119893.68765621212 107744.22391228985 144724.03822278092
1376329.7161489085 840.0 84854.37564803782 144171.35093837872 95296.22919989577 151079.45323798273 96076.4189811772 145221.00225183973 88223.13227805431 196705.41295122376 234914.5197898296 139787.82087248852
1285435.317043209 840.0 147101.4711147906 175855.01615840374 27599.35602361239 114362.33632580964 165051.41182982258 130926.97909841048 83683.61885114196 178187.71286326734 107399.7351062816 155267.6796716685
1194050.3821935065 840.0 62348.77401736016 183877.0123304597 92168.3092276293 132571.4652182796 129481.17013225071 141392.91078050455 83705.33949505881 131838.49903878753 54257.68384156337 182409.2181116126
1227020.1440600916 840.0 113208.35379215136 107025.2386672792 123155.27762514152 121273.44345533368 122322.35344775688 128454.26417740584 52239.82257077918 133791.2272551647 140784.46649101435 184765.6965780648
930503.0 840.0 1512.569559535344 209109.28230737292 122898.9406550007 132420.47751977138 97566.56846324969 105892.22716274974 79433.91915413403 149364.16276876756 32304.85240941864 0.0
698823.1420693661 480.0 2009.3653139105145 908.6346860894856 0.0 2918.0 370.0133831359083 159332.45277014535 131747.63783660904 162971.99103799817 108045.86969532678 130519.17734615075
1336235.4783922103 1160.0 169973.33716328006 14621.52076735393 14170.59560672134 61838.50438766142 208456.526900524 178265.86587846914 191579.6263873188 139970.26367370627 175135.6149768954 182223.62265027995
1427062.564004972 1005.0 150676.37179817067 166023.93078555368 198566.46714717423 183746.41382777347 131537.2210486194 199597.59006357208 134746.60845924215 72658.77640831805 19639.116342452904 169870.06812409533
1045818.7315226516 564.0 213707.23695967003 75522.11677473366 16361.611223512116 35400.27704353136 159185.5735320046 75974.0 59722.00005729583 136018.69512694393 94411.01914142314 179516.20166353718
1037678.662726908 600.0 69664.05487738198 214941.3635208856 7930.969694282885 90.69591824949258 53976.477537903294 133571.7129988984 173066.70576863355 179703.32884562088 63604.21746198959 141129.13610306242
1015664.1912060631 1560.0 98571.42128389188 0.0 51193.25405070819 175446.31238762356 91952.40368417966 148016.6061464996 45719.5345692542 67070.88916173475 30627.19781504899 307066.5721071223
2889120.944602488 1280.0 614991.0532488225 454060.290157562 302441.56880733225 291411.3788875166 226830.0886468752 208395.32266027955 194036.20306547408 178834.75576078804 203325.1616017384 214795.1217660989
1500151.3450583117 634.2857142857143 217341.78501921037 165764.50168057808 169461.62514514255 208806.40102077645 114992.76119750518 157724.5307288814 182532.5332476982 68973.14743554912 84022.3200979347 130531.73948503577
965546.9404170295 840.0 95510.7140085378 127731.48493472944 125860.23845615024 137195.6661376362 96140.2699343471 147871.40709304335 21706.159852585413 150257.3518632469 63273.64813675305 0.0
1240944.0 660.0 86333.71945381662 198182.2456456006 145884.61841167515 120967.15777569248 127161.13117029746 82314.12754291763 73930.35288864096 187791.0436221453 141030.03407689134 77349.56941232242
1201140.1772044788 840.0 82470.24789854897 119392.53991284494 20305.31588483846 192778.72953325976 171110.9048878505 143594.376786064 90619.08271857044 117593.83359682155 80125.75513435935 183149.39085132076
868261.8227955212 840.0 158263.42734225612 61781.39545326516 81241.1400712431 122776.6158942472 113922.96244520966 104828.28158930002 0.0 0.0 139037.4298931755 86410.57010682454
