s_bytes_all avg_video_rate s_bytes_all_#1 s_bytes_all_#2 s_bytes_all_#3 s_bytes_all_#4 s_bytes_all_#5 s_bytes_all_#6 s_bytes_all_#7 s_bytes_all_#8 s_bytes_all_#9 s_bytes_all_#10
582513.1361107366 288.0 9020.70422130457 50105.09740700258 89698.71315181426 22385.4852198786 3816.437487260356 75771.24170635418 74020.960061666 38829.8936780871 78468.5443430001 140396.05883436892
630493.3474051428 288.0 72787.43210554835 93742.08078740472 87689.71868435267 48814.17101246119 29742.65874796308 72716.71362014492 59093.22125535621 48763.874367861965 58820.70997059279 58322.76685345691
570398.4475971849 288.0 66624.09114553685 59155.15242670941 69874.82343041533 60255.02618049897 66014.15357122749 33072.76062331072 57407.573019800366 69956.03787786134 38431.71761291249 49607.111708911965
413234.43827602017 288.0 50905.157135505855 43331.92059412792 37522.75284470306 40948.52668430917 33511.70589735782 32650.84516436077 37743.48517948923 42928.68805002493 46306.784276596765 47384.57244954464
500509.5605568964 288.0 52996.99688691284 72635.0371683322 75452.82726850949 75599.88443476032 44760.99330389533 34007.20881525156 31923.31379297279 56668.536324141765 41169.31581784664 15295.446744273408
330835.0700540191 288.0 41854.31327318728 42126.73657229565 20425.933295193583 36619.21329301332 23368.47409721377 50962.12991148493 48273.70120340138 25037.50676496039 23410.78846676914 18756.273176499657
475517.95514379017 288.0 30915.0 33326.98404736196 43326.37108115041 39691.75250115954 38823.07897484617 61908.66334843108 57137.42159395722 41939.32175282364 64761.7389745658 63687.62286949437
432879.2651175499 288.0 41556.49242737441 35840.74490504149 47790.34270245004 51384.82267695921 48222.22062362292 36624.20457190807 25694.627280118933 62539.881990212 50209.13127691702 33016.79666294585
478761.4000710583 288.0 69502.29675282056 39890.42442423896 34581.8237066742 57199.93701685342 37814.73524368148 32113.57352641556 61698.89860479193 57452.49741373453 33242.387643020644 55264.82573882706
233764.09448049185 288.0 30930.56536837673 36122.52154071466 11949.08961515522 15927.392827547992 15610.143603874909 16307.650214410947 15042.1983038113 7689.143169285828 39773.28592482984 44412.1039124844
231547.24771537905 288.0 23330.99856908696 21447.49470520008 19745.835873280204 20223.277948703817 42846.05432027391 43572.2377594397 33517.69992732647 13385.686083798544 8863.437149495301 4614.525378774089
507747.43536196416 288.0 48731.91803714069 56088.32662678537 42726.53461320226 50111.64639988125 53972.92341764931 53527.38236867275 58450.06874535886 44182.03063986303 53044.50278647304 46912.10172693756
381295.6268875003 288.0 30369.84405182065 49654.43603685162 39160.31035680995 30048.82887727186 31573.71298352165 30944.70038425675 101538.98369173038 38639.33272563422 17758.681070734237 11606.796708868997
472354.07405935513 288.0 73257.7009687579 43200.78103234019 20832.722019054487 46650.494380714656 25867.149280795016 40989.78178685957 64461.7288809938 30660.61436418616 62325.11740956395 64107.98393608939
553207.0731761128 288.0 43294.87726798027 57709.9214095371 54634.50328856004 73023.00602501728 51389.30008579634 48075.98973226007 67031.8573140161 23935.79660618493 71820.06648815858 62291.754958602105
577903.6414739897 288.0 36317.254809200975 45610.2236445938 59006.57295187116 99216.56431265722 89713.49738187842 25765.199815002743 56531.226487422224 39377.47371114927 67139.10606588199 59226.52229433189
381867.5002429715 288.0 15577.66323269576 35943.106421492776 50724.16957597282 40636.07390107817 46979.12321464772 51813.553048009824 31399.490578215184 37875.38834452719 38446.93907696785 32471.99284936427
398791.8549585252 288.0 32328.98146081688 36583.82218667811 29772.63752736866 47693.814091908695 38513.218788418846 51314.95752094759 29479.048148123424 21949.77214034535 68523.2603069941 42632.3427869235
541182.9321912746 288.0 50519.24769444292 80605.21417462277 30753.73220429193 39296.582677645376 72203.71569217782 63169.95264227744 8555.78370074452 114894.4205825628 33479.82626530112 47704.45655720784
635013.2372213972 288.0 91437.83371496384 91766.20993699096 73755.12416730293 41333.06833724673 30294.793001070288 94110.1954300586 48568.4881599321 76687.4696105032 38999.43000759884 48060.62485572974
605810.457297705 288.0 69854.03120934273 33665.49300653927 64283.17215918283 58909.30212915922 104524.33383953692 74114.3275040032 96655.61444228615 47753.72612244579 29825.621146625683 26224.83573858316
894579.38943784 288.0 51961.72774283907 73124.29357661061 100507.27078472634 128502.23831789072 97512.78195441904 82762.85055166864 72222.6571869939 107337.193067864 85311.60744061695 95336.76881421074
827201.9526085405 288.0 119353.63922968342 51114.26946075825 126169.38021483964 88730.7613205495 76044.30108042558 101834.6496259582 79052.61048515397 105113.92469309708 44786.72037723768 35001.69612083732
264033.8189110997 288.0 11661.359091032587 12879.810367150489 23163.693096371248 13668.94486251738 24094.31967750244 35144.68007322237 37087.85462614328 42626.55648226927 33106.15336800932 30600.44726688133
815791.7361720381 288.0 65856.66856087428 34342.61044551108 28117.27860784963 74969.82637159311 117110.96793597368 125803.59097123072 125236.31437808149 82865.70425886229 64601.63538007254 96887.13926198924
723228.4690769652 288.0 44866.95306815916 53100.871447240206 59441.24849492517 53314.844389275175 87549.01207021887 86472.57515369654 60353.121833491234 80099.35744893957 90106.5771159916 107923.9080550277
976540.8383944512 397.7142857142857 170764.14205860218 154105.54797171635 152458.98232522138 42755.16603891133 23362.96160757453 132240.03839242546 91211.3095655564 70358.69043444359 84108.76679619476 55175.23320380525
783377.0 480.0 89216.63371963243 57788.366280367576 91934.95857455264 68412.04142544737 97297.13203022984 77996.86796977017 155954.8284673472 6945.17153265282 137831.0 0.0
