s_bytes_all avg_video_rate s_bytes_all_#1 s_bytes_all_#2 s_bytes_all_#3 s_bytes_all_#4 s_bytes_all_#5 s_bytes_all_#6 s_bytes_all_#7 s_bytes_all_#8 s_bytes_all_#9 s_bytes_all_#10
457523.0280248556 288.0 0.0 0.0 4666.682355359943 32095.819105066585 86368.1846981092 35807.98359089067 91611.99737372131 42545.98939456734 72486.53814133018 91939.83336581038
694313.0315776919 288.0 90563.71927403046 40708.21218062908 76987.84360829309 94695.10438504165 76276.13837067614 123307.38048303127 63857.18034199393 46569.66777352519 33519.5389171692 47828.24624330174
685019.0701224161 288.0 104380.71326601226 74388.50043283963 56079.36246743064 67307.02006223857 81176.46719316221 74323.41753547938 47010.92611665151 65908.5493729343 55569.657462374125 58874.45621329348
647548.8371951535 288.0 59796.1102650101 51833.09528688174 51603.957974268415 56698.07350966637 107105.35042514437 62515.43552036721 42229.07066798333 59539.13327961047 73053.48055968409 83175.12970653737
476166.408193326 288.0 34686.35311751197 41299.69279391884 36620.2186387634 45707.77823440641 43985.399399337846 45399.67118379233 29274.674320222 69761.45558457261 55181.08690378357 74250.07801701699
565003.0919697699 288.0 48561.370180299855 71185.64630358909 70844.06984568654 76391.35675131192 57364.94621640206 71476.69437096121 43495.31201609779 48872.74525861826 38060.61997489669 38750.33105190659
602043.2346282683 288.0 68179.90414282563 68631.08615724387 39480.23335770564 50987.65576080538 37523.768183000655 70239.18547708179 57085.188198412114 63025.9589148616 78949.19426668325 67941.06016964838
642861.1496061122 288.0 68806.3489517336 81647.83599164369 66745.42504206748 76380.4199702167 53254.34996631064 54565.02069130217 77875.18985594432 59594.31920662592 40124.2659292216 63867.97400104608
494625.8270158471 288.0 66495.5946253291 70311.09102621922 32326.025977913458 60770.51286905622 50093.78186724904 47268.085809656375 33581.29337859276 38142.641787031615 48589.91387809356 47046.885796705785
490139.8667413824 288.0 53345.632542119536 59495.800355488645 75389.96336541808 64281.27877209447 28225.06715925775 34657.04064588195 32697.62157985751 36153.296968644776 44120.780312313225 61773.385040306464
506787.609665794 288.0 46147.71154011998 48850.5351893808 47078.455941774126 52742.79735748336 69164.1239908098 43310.45192721649 43725.13569419024 44286.09604404558 65763.31767496621 45718.98430580741
615941.4657409268 288.0 54409.22699015253 54106.17168820077 29892.49295579389 71609.92479858578 84071.1535516618 73252.41876359012 62271.07485346408 66057.68853767404 63380.10343293184 56891.21016887184
343702.77824072394 288.0 52602.557280156354 46196.3886125131 26724.063384879628 22745.81950436768 23086.85286660962 30846.802550141023 41563.65181680751 53757.71242806439 19927.75565705565 26251.17414012897
522106.2402481933 288.0 21943.921424815228 33261.94176638652 38681.738086530655 77079.09970420167 45549.70138654409 54766.790375056735 43640.36832481913 70931.71285037446 51625.04493847152 84625.92139099327
478709.7412598318 288.0 53576.45726502396 45819.17368441235 43628.84752155028 44793.09247173887 62701.85615468006 67598.83803355492 40096.07566039973 28979.003832621645 24296.63851524424 67219.75812060578
449757.6872715235 288.0 34716.64795943144 38409.59519644683 43961.88093125728 43840.436031522506 47835.661904561726 53689.04196080203 35629.23008729397 57161.172539539744 55759.612216795176 38754.40844387281
481399.6715021488 288.0 62082.32950352544 55278.68821164757 40142.94423680746 50913.17853784576 36243.825610339394 53087.90762026477 57195.32653145618 58029.694480803126 41638.29853142631 26787.47823803277
541109.9871790686 288.0 57784.99344092322 47436.1191949861 34056.259507196235 32453.577370600826 72914.0623149926 81542.4358548764 42230.638334476855 39366.19357809474 93387.5074948168 39938.20008810493
691221.0352228638 288.0 101563.2170392477 74035.2575638354 73136.34353553582 42207.48458413145 37779.32903929375 82748.8480106395 68065.99792339597 96757.30540553824 34999.70087733456 79927.55124391134
590928.8305390013 288.0 72266.0873761258 70133.39288803896 68371.70995238783 26132.219005922558 72989.22334775812 44885.21846720915 48779.43489970762 63700.5639792463 40721.373956007206 82949.60666659765
365897.40805510135 288.0 43980.68187340189 55921.41128776141 63309.623078852885 29060.673687886727 51726.70083292262 43698.390489066456 26759.79014547872 39891.42163008235 5834.7150296483 5714.0
606958.0082135764 288.0 96544.08112379836 53484.26655700823 5644.789606667288 110724.49803188168 73468.93736464322 10689.63251268929 52042.410989296506 64497.183212868345 61493.92677986258 78368.2820348609
730884.3472346453 288.0 63261.98916095405 60225.31458627484 39704.401234138815 59537.73887567363 54715.79252343867 69217.22108610376 78997.93009015935 44158.60422968047 94538.69631531218 166526.65913290947
831058.3556437982 360.0 119418.56999127356 135818.65239300014 73555.96959469181 14601.452572812814 128617.0 10548.979614015596 99916.85953294208 14150.160853042324 139084.0 95346.71109201992
796070.0828051555 480.0 56699.28890798009 20233.9891317355 138005.0108682645 97064.2393713654 56792.760628634605 119696.97820667407 24836.021793325926 123443.15930420878 33686.84069579124 125611.79389717542
1014138.1317868488 780.0 28824.20610282459 156057.0 0.0 158200.6063246581 76811.61042584524 166306.02432770815 74932.75892178854 196488.05511388436 50066.15843668796 106451.71213345196
1342133.074315976 840.0 166819.16053403026 206368.5305506077 5645.383231337764 211986.1767908641 177118.25821001217 92786.56499912374 95383.62795510657 103389.37204489343 112587.67494130564 170048.32505869432
