s_bytes_all avg_video_rate s_bytes_all_#1 s_bytes_all_#2 s_bytes_all_#3 s_bytes_all_#4 s_bytes_all_#5 s_bytes_all_#6 s_bytes_all_#7 s_bytes_all_#8 s_bytes_all_#9 s_bytes_all_#10
666859.0111634759 288.0 0.0 0.0 0.0 0.0 0.0 18181.71991186868 135638.47804089432 156634.70286575973 195001.4447113584 161402.6656335948
1260252.398903185 603.4285714285714 179999.40252555025 215874.1296166617 128957.09128617674 3349.033072109412 178921.3492906365 101912.62378222376 168238.9752708258 40834.042318003165 170084.212332087 72081.53940891064
1042643.5899333392 531.4285714285714 157432.22839843293 91235.68232616194 1495.679208744324 203.2182351511869 134488.5528173559 173115.0407475956 145351.2878096837 188205.18627216932 151116.71411804424 0.0
1199502.3093243756 840.0 207598.0643585762 71440.01440952993 176803.36354027913 35251.00053429059 186040.95476044572 38094.15576581116 187324.06863411303 32601.161634546857 162042.13665300654 102307.3890337764
697187.2267735493 398.4 77.69067562441778 1976.3396414487968 203325.84370295895 47901.11390782964 90705.70274776257 2065.449347311227 128640.57686088256 116344.9870756876 103326.98671611864 2822.5360979249467
732030.2766397616 441.6 106808.46390207503 2864.335104274099 155200.27049592824 6663.574868838485 124720.81953095915 3019.141139110894 144275.46221665008 2911.018976627314 154515.08888375547 31052.10152154277
1199688.9442391726 840.0 173412.83145225723 22724.355810056262 172248.4191831308 90532.81806595564 171831.05784707036 87361.87207506275 180995.44415760212 48813.58916906973 168245.17865594197 83523.37782302579
758259.2430231408 480.0 145792.2430231408 3194.5819560844384 150394.41804391556 2882.878920216521 149677.12107978348 3497.661957012804 154803.33804298722 3062.925138747692 144954.0748612523 0.0
782476.0 480.0 145710.0 0.0 172723.20450275167 16632.939127730482 139454.85636951786 3284.797885585226 139535.20211441477 3570.2271160917744 161564.7728839082 0.0
924286.6132555442 480.0 135202.0 3660.181466707016 159044.81853329297 0.0 152458.0 2869.871608544416 151613.85764860647 176035.23759435804 140395.03314849106 3007.6132555442578
979633.5501589888 624.0 156138.38674445573 2652.4680762437047 205185.9721093689 34693.5773182132 2510.956189437106 164567.26165076098 136013.76465597606 113856.30165005586 160153.69834994414 3861.163414533183
786006.8365854669 480.0 173003.83658546684 408.86192666522686 149573.13807333476 3386.422088494591 154732.57791150542 3392.6461778189428 150893.35382218106 0.0 147699.0 2917.0
893095.3852794779 480.0 157534.92475756613 4798.253685826894 111363.08143123456 102201.04659275692 110359.2265749929 71026.84810553791 162084.11078949057 9227.50806259412 161433.12619084836 3067.2590886295184
1090801.6234160918 600.0 149481.6147205221 3924.569468992521 170849.63251247525 109825.33848217016 156102.02087749605 6213.965093826344 172133.65657493222 76443.66204926273 193381.84172707592 52445.32190933829
1206238.6796427572 840.0 181693.8923567388 52606.23989497767 203100.85039530223 33397.61736731224 208764.20332416677 27392.3577143699 192478.0387999199 75720.97761872759 190984.378642968 40100.12352827404
749708.8820959742 436.8 601.3116616733151 2470.457156144983 200605.47426680697 139448.32029443106 106434.748282617 1533.474259529446 100578.3385823058 3836.9616770930697 156896.59862850234 37303.19728687022
1102352.8745892183 600.0 142207.76180317783 5177.7599957830425 150304.90776673824 2183.193965704843 150670.26675708368 5253.147172859999 175888.85804557655 169920.6803525291 159579.4108619587 141166.8878678066
630839.1965774874 364.8 153689.55497648052 0.0 0.0 0.0 81442.10782297255 164162.91663213176 123117.97554489569 2308.7316499105727 103015.26835008943 3102.641601006745
622467.3583989933 480.0 165334.4485745803 3667.59252284898 2709.317301563982 2784.3976116435465 133571.60238835646 2793.0268709559296 157241.97312904405 3329.483575208844 151035.51642479116 0.0
931996.4241202824 480.0 151343.0 5459.033245401848 125476.7373567678 36372.6196059497 188318.98830760363 116943.36871069115 156142.25277358585 2329.87915663199 146593.120843368 3017.4241202822564
1143627.8853249934 840.0 177524.32809590874 74054.38435512337 183213.1545961118 9441.645355130844 204176.0918044974 25251.938204499533 174553.27868007947 69511.78991950073 211106.6660042812 14794.608309860312
1140732.7789533336 600.0 182588.3140598852 68202.08450687303 187262.91153961085 72164.38044835522 148542.72575115933 22907.49163823181 191491.78378680185 117414.68976050886 147215.30906329816 2943.0883986093604
1201494.69923376 840.0 200504.6883524344 29997.999653400937 181862.4303847667 42490.6474439267 208258.39790705295 48590.57997890087 194085.6344979549 35854.66567079678 204743.7531168331 55105.90222769275
674380.555503513 480.0 571.2123676305193 0.0 0.0 1516.341142827284 1405.658857172716 10086.002851829056 148077.9811398066 165347.25725178784 230986.95564229848 116389.14625016044
987382.6916813035 480.0 163534.5004727172 112524.660047292 128964.8766609618 90727.27241432742 127318.6806709855 99473.16896388572 105663.7377095905 2679.368899580071 142987.26715919256 13509.158682770783
1241461.333209406 840.0 153279.50813689933 82193.2502522988 150157.98982611223 142232.11802897858 181637.9628135446 66166.91387334038 186692.54208092345 32081.69313543263 146565.1525617014 100454.2025001748
953420.2475974412 624.0 152644.89063320786 162801.25675542356 140140.22031138616 61605.37106219484 151627.63895639798 41213.9762653314 207041.3290627733 32896.94999157391 931.9989351187442 2516.61562403329
1127572.5546124205 660.0 184312.5564251973 15377.327426848651 217013.6521895301 137425.93946934416 150185.92544764915 28869.800843501376 139034.16243240936 11138.40407557675 164672.91828739262 79541.86801497077
835970.7547406853 508.8 182612.2321497833 55375.76940707246 1842.8282066908 2465.4229419823137 197317.05419073647 51665.38093624443 132172.42350870598 133356.98178090743 76486.73664142337 2675.924977138844
709232.0788184021 441.6 109239.07502286116 2717.1705110766698 140204.82948892334 1884.8293832154104 140423.89957391677 10387.24670913986 142879.4327832032 8147.30366429683 146300.12471539795 7048.16696637101
