s_bytes_all avg_video_rate s_bytes_all_#1 s_bytes_all_#2 s_bytes_all_#3 s_bytes_all_#4 s_bytes_all_#5 s_bytes_all_#6 s_bytes_all_#7 s_bytes_all_#8 s_bytes_all_#9 s_bytes_all_#10
623369.3437044704 288.0 0.0 0.0 0.0 0.0 0.0 38730.70605514319 95392.25191321196 202846.26955987044 138431.94224149594 147968.17393474895
992123.3967364506 384.0 108819.59521042932 148060.6478752404 169942.51687709877 79101.82167248799 26296.31005424341 161083.40418067455 101291.07111195147 43567.866955270656 145359.42235813296 8600.74044092106
778617.9692176874 480.0 148883.64017566806 3219.6193834108853 151011.0 3721.657781333161 151858.34221866686 10278.597625913677 148795.40237408632 9998.93682201976 146720.9271516874 4129.845684901304
651733.9800798636 480.0 149531.44578579924 14327.814891850869 144328.0296637414 12401.807562757316 140298.3999484654 3879.0932546071103 170853.69923417017 5480.225999468928 162.77400053107309 10470.68973847206
628960.3251734832 288.0 148263.57557016262 87376.79199143054 72714.9426999348 10374.991998857624 91702.0080011424 10385.842828866298 97517.1571711337 12728.916789516752 87701.08321048325 10195.014911955264
596958.5932642274 288.0 91038.98508804472 9945.17552762569 91769.82447237433 11178.43436509544 89941.56563490455 10481.661080337224 93873.35209606876 14612.172011917502 144545.14339549656 39572.27959236262
424744.05449131125 288.0 438.3918238173483 9429.483998929129 144631.29494509523 48683.18766239725 98178.35545892306 2804.2200366486377 1625.4578980066944 11297.83376098138 96138.1662390186 11517.662667493942
622364.5267255531 288.0 97297.33733250604 4492.258402317583 46049.71624421318 64856.37849306933 134099.26231541554 67169.15319907693 95338.2313459074 1650.4146835713254 101353.58531642868 10058.18939304699
512302.1993798119 288.0 90169.81060695302 8834.689795112721 95428.31020488728 9500.139639095252 91881.86036090474 12085.821057183595 87988.1789428164 10209.987434186203 92487.0125658138 13716.388772858863
632186.1621730196 288.0 100590.50962936696 15312.471908320576 90120.6296894536 10842.102293015329 90755.89770698467 15757.920149061774 164491.28430678922 42568.02369276902 100263.77185137996 1483.5509458784595
431829.0532021962 326.4 1431.44905412154 5555.00649637164 141155.04513297195 60883.94837065641 103874.0 6744.083191778484 95644.91680822152 1541.331594122287 1378.668405877713 13620.604148074666
914054.4688115465 480.0 150859.08815450707 126685.55666255356 161931.42526575018 20968.20907480164 108090.8148219784 35038.88056722141 125671.79728653112 27555.277402296688 135366.16799564086 21887.25158026545
779608.5504068704 480.0 85049.10737515157 61690.87042311609 1733.9492421113196 10181.881047898818 105896.56968138149 40448.13769099784 111488.36121751484 158754.91679988295 149605.92320997268 54758.83371884278
781620.1427435928 480.0 140793.65606552165 22765.488392895888 116649.30380199398 30219.60685105582 119480.9013894656 36077.64487669089 137731.7752558848 6608.691427500587 155645.77984917766 15647.294833406002
940843.404956628 480.0 154103.27551221917 21580.95064562401 114215.41088301722 35305.1728498052 156709.3823095208 147594.2002950201 1739.841394709273 15024.061269297334 167819.5331930916 126751.57660432324
666581.2818090733 480.0 138081.77826097826 34741.06767938519 156632.7145845372 29139.48445276065 130493.7839556266 324.97424769051344 2589.0257523094865 14343.79528425521 121227.37552108336 39007.2820704468
778935.5471242147 480.0 151834.1178445177 16878.092095506265 102059.97349824142 51126.62633689923 125271.00837945472 15059.050755532811 151544.32916808105 2885.3490459814334 155182.7195776588 7094.280422341184
969097.7606261544 480.0 165942.44248231416 19901.69045037955 156126.35376668224 158629.6551085836 120001.8919708568 29362.862624908452 138044.3107999804 21032.60433379548 132117.86910731785 27938.079981335693
807799.9517981198 480.0 112226.80975806752 38100.06658991688 120858.8435272553 36782.51900124147 114223.79291007336 32345.58401486164 128664.98860209816 39434.81131831618 159896.88914841044 25265.646927878806
930500.287575726 480.0 129422.84389240512 29939.525237473197 107723.27701130086 38135.55043923946 113198.9113997868 195108.16353022767 151208.28910433152 18548.075256661905 137586.7500337348 9628.901670564705
787572.4737614533 480.0 145792.5007817493 4838.731732281145 133901.14700789205 33063.65524102281 122355.335849296 31418.96952457981 141345.4601902747 27693.20800180144 122988.36973942428 24175.095693131712
606366.9396148827 480.0 128403.22492772352 20130.65985686229 127209.80017587425 8145.033870013913 2001.8074080727856 16513.452870534835 140660.00736371026 21151.746252547244 123376.55747700512 18774.649412538547
928192.6839702618 480.0 181277.40022427635 108058.87879434906 132348.08433190893 32823.24752307958 133229.6034279624 18214.48225173869 153359.48858766272 12179.57668321376 97180.5942592608 59521.32788680958
750812.9026534022 480.0 142231.47597001994 13765.550988604353 111179.17286266178 44833.08004577106 134485.25329277338 3026.7145878431934 149819.65490572847 0.0 135569.43354151864 15902.566458481351
815291.2492595108 480.0 153317.56665490774 147196.9779439974 21699.45540109485 14973.65115088366 126230.40006009488 43000.73944851176 140393.86985785468 24362.773129910856 131822.56635274418 12293.249259510749
769326.1997890235 480.0 138983.69070147685 16507.258441455353 134950.1463137222 8406.655283834863 121538.4086732661 73504.47801354661 129268.11331318728 12008.353470081349 107133.61196840904 27025.483610043822
810231.7274193825 480.0 119983.55095146578 6271.147501677295 127584.24156075876 14612.713285836086 141242.3885720093 18226.222126915127 107606.20335433328 22123.998774042146 143529.21256527948 109052.04872706524
629118.684481727 480.0 154161.8235320833 12252.3531367936 102858.6468632064 12681.119901922431 103901.88009807756 10768.454006192336 97091.1923595078 21022.08904994125 111035.2645843586 3345.8609496436084
637979.1470975957 480.0 143660.0938254386 23573.120044812957 107167.72508141636 22167.160695189377 106846.46423240536 8635.485101721444 2188.0900693722965 12383.080512781346 104692.99333291152 106664.93420154646
627701.3424990637 480.0 131773.99195276067 4498.287232668204 126461.11479438498 12794.153762713418 121007.4442102334 11752.621114636027 102329.37888536396 12681.442560274614 99714.55743972538 4688.350546302951
