s_bytes_all avg_video_rate s_bytes_all_#1 s_bytes_all_#2 s_bytes_all_#3 s_bytes_all_#4 s_bytes_all_#5 s_bytes_all_#6 s_bytes_all_#7 s_bytes_all_#8 s_bytes_all_#9 s_bytes_all_#10
433369.47444061766 288.0 0.0 0.0 0.0 0.0 0.0 0.0 44424.23386530892 173873.18818248677 133231.55440939558 81840.49798342638
978827.684752064 472.0 163792.86838146215 96916.43092714666 106904.0436871436 128057.18256362992 8318.867958216542 71226.13204178346 10723.726369320682 188923.11775893945 28828.58571040163 175136.7293540199
802609.2890515805 840.0 3865.740056564524 191745.10075075383 5227.840154073596 187435.25058957533 2913.90925635105 198409.0 2913.0 207203.0 0.0 2896.44824426214
997617.551755738 570.0 16.551755737860233 6665.318339324342 211127.93851222465 166741.98494301538 128676.02127547648 126288.73692995917 17250.656828172054 163101.6236201159 6318.601003323111 171430.11854838897
1019485.0 840.0 10326.944377327123 170994.54854662978 3264.255817788402 190645.5057107714 34273.74554748326 188616.6533263842 51338.20540295782 165071.021600852 5904.81948592422 199049.3001838818
1132201.509686063 840.0 2900.7207799964285 182479.2792200036 6004.312851191338 174052.6594004655 3598.692070651002 184056.8384754269 38865.49720226525 228814.27917102995 119654.45438239184 191774.77613264145
1269648.9005291166 840.0 95926.8049551254 167542.1764154048 120258.37205363988 174944.5172877547 23612.619602011968 187020.0 98009.0 165798.6351320638 85142.89977295554 151393.87531016063
1375520.58978482 840.0 68991.97758916802 164383.98308400647 58296.81652902444 202994.4935604448 41612.04524759571 209324.55985377776 74616.71919129744 203082.6690728589 55902.51861459501 296314.8070420515
1362729.27561136 840.0 84298.5253213802 262045.4746786198 94764.0 205856.00794753977 72160.3798089632 177238.61224349702 1386.433317329209 215794.2846188147 46185.85125316326 202999.70642205296
1169856.3045311065 840.0 48032.72438863988 179450.03450132828 78603.05265386695 178148.27134766497 39023.14629564958 196931.10309673595 37400.39210475429 201019.1833860564 12181.875334768623 199066.5214216413
1239328.609273695 656.0 59917.73569534417 179019.38167704394 53065.30248514564 177468.5813484082 153363.93872373903 163440.03059950683 53173.60453033505 193870.1959464225 38674.41097586923 167335.42729188036
1268976.1909320776 840.0 83403.11619077322 159131.54181673183 71228.96143020011 187763.19114613367 47844.0 182295.79496461104 69745.41277880168 196156.160352066 68658.43324569611 202749.57900706408
1215873.026148883 840.0 25202.207291328534 181816.91721936423 58308.49514106832 90569.349078545 121682.9410906496 112774.9933516972 220477.00782300363 150051.3142508914 79450.19754165896 175539.60336067597
1228861.4934808034 840.0 78103.5227669519 189375.10531777688 52911.47609192753 203310.489326222 39910.0 212485.6474754191 27425.15441394175 205944.00260599924 29532.19550463992 189863.8999779253
1236608.1000220748 840.0 25699.445843370257 214921.65417870443 65079.21804133472 207829.0160836057 37166.97694674931 201259.78892831027 28845.79032032028 200314.7482545836 53237.89293643962 202253.56848865648
1292232.1910285992 720.0 13213.41268891466 191286.097136208 40317.46237454991 206926.15407857933 29905.873721748143 210612.722765356 145041.5022362235 143936.01832826863 161446.2304284699 149546.7172702811
1130618.9619772134 840.0 2893.80897140088 341479.696147732 70860.63823841762 142899.70172761913 55291.71498641814 272937.15649310115 36055.09240671196 0.0 9620.606329660835 198580.5466761517
1182314.9109435212 660.0 163817.56473851862 138484.28225566883 43080.0 65529.7657152351 106297.33163150432 177661.77223181044 62879.16226585688 149661.525482628 70449.74431599175 204453.76230630727
1254133.534097134 840.0 81755.51313128116 177204.11024121483 72718.66315816496 166522.7510759169 51777.50754713442 201836.6839266214 106489.31612945085 180695.22182179327 28656.450590841243 186477.3164747151
1240952.6757474886 840.0 31833.586882752035 199025.53277328028 61508.73365380202 210542.229400862 32642.91625561804 202146.58571202777 44044.73345936141 221057.34911128852 40890.00457482571 197261.0039236709
1478376.671776316 840.0 26576.252295478476 196678.4468667684 61823.89691352346 206262.1301302732 15317.779100518635 242306.8076485321 144191.0515284201 169743.55458443885 175201.41623192225 240275.33647644063
1269670.909837001 840.0 132768.73185696235 176695.74511644332 78817.9645844821 178031.2197529717 37662.37550610679 175405.37059971062 75045.99709472325 210346.6068358861 23524.784776198045 181372.1137135168
1254522.427579555 840.0 36419.14459272623 204480.77571472464 53032.43161915914 201801.48213276776 32487.310533348493 181414.0 60526.818151452346 244315.04397259915 56302.52710318534 183742.8937595919
1223048.7170131712 840.0 69658.34128276978 189023.0405087098 35138.52695169817 171867.7597092939 60211.048560699564 190715.90683690467 75564.39773133937 183731.31407154407 39688.87319782594 207449.50816238596
1021030.0 840.0 0.0 184625.5733382105 84049.4266617895 185541.4733633158 128825.52292995712 189368.50404526276 85828.60706933717 5849.8925921271575 10572.07647478816 146368.92352521184
755130.4457274622 320.0 76472.0 227321.0722072603 7768.633502788633 98163.29428995108 10012.294149729203 84543.7058502708 14285.83566536371 87111.1643346363 12689.1607010048 136763.2850264574
1184004.467680032 780.0 2368.5542725378123 138593.0 7898.370478457644 179902.50938391936 139022.04782468066 138762.07231294236 193286.60985160084 180239.25629690933 39412.8442814778 164519.2029775062
875679.3668022318 840.0 60668.543662215365 179040.67585187766 10895.530525046604 182547.38410378844 10282.110566667565 193038.5027680877 15388.811251567013 2831.527863255528 15583.588063155948 205402.69214657
964988.4703154584 660.0 118901.63075284204 128572.08903743204 14690.99728916217 106712.00271083784 12898.349714269089 189372.3615166488 19391.28876908213 150588.2196970034 68364.55255887176 155496.97826930924
1065879.2494748156 840.0 7895.477936351735 203677.78629259104 24091.803238484325 187753.2434308616 36869.25982656164 202733.9492286564 5014.491041602769 168376.7382150813 32839.65160285742 196626.84866176744
