s_bytes_all avg_video_rate s_bytes_all_#1 s_bytes_all_#2 s_bytes_all_#3 s_bytes_all_#4 s_bytes_all_#5 s_bytes_all_#6 s_bytes_all_#7 s_bytes_all_#8 s_bytes_all_#9 s_bytes_all_#10
654232.8766533071 288.0 0.0 0.0 0.0 0.0 0.0 22269.663933876167 124391.20564503982 162298.4920236119 222054.7186733678 123218.79637741129
1052962.5285087563 453.3333333333333 185129.5936509001 145117.84344965566 144506.44267720036 135259.07650134107 38202.71526856655 1077.4517990292811 0.0 147314.650461182 157993.57951407484 98361.17518680647
1178909.7118862611 660.0 88638.31148472667 197154.05590175447 143161.47664828718 6567.750803168347 157840.62903872156 89869.40801198888 157969.09917885115 92894.10066373256 169756.49824035037 75058.38191468004
1290325.1638738387 840.0 155311.16105811798 111909.26181308892 178647.8179476525 81157.75800991425 147490.10223424167 91076.6293574806 177151.2351883757 91577.10281347529 170169.01216972945 85835.08328176216
554205.316246812 570.0 169012.17119367028 116634.30169617156 2454.056237063517 1158.1899509315429 0.0 2199.9373294679253 2540.716528352622 1093.3461421794525 94019.09963012308 165093.4975388521
1445689.2159430762 582.8571428571429 216630.99633494223 152495.27986881384 201859.5317490982 135408.58953022922 160081.32792110823 90975.29186692952 167282.27253032048 90801.49137987166 140113.63649203652 90040.7982697263
1314112.4373793448 840.0 163604.0521083359 83128.01956068794 162967.71706875006 84509.74749851585 173892.07315723115 105030.8297902369 169663.33468380608 109688.55640710775 128961.28082679043 132666.82627788265
750003.2607457109 660.0 127232.2502537096 89626.93344559034 169272.8064362718 91765.40813121118 15003.020246745824 1104.33099507523 0.0 2210.316016680385 83159.92362506145 170628.27159536516
1143817.921927048 600.0 159377.47937243115 158467.75979407533 160831.7018249456 50712.54777144092 120007.61466516716 37453.89817062942 142989.95537576987 79479.0157417507 152544.43665381294 81953.51255702476
905280.5668358452 552.0 167243.23653918784 78067.86560846603 11910.41948842313 1204.0451997681196 0.0 149532.93222241596 222238.03138964417 116999.51709559056 133416.20309018533 24668.316202164013
1308970.0313205032 720.0 135147.5547795198 134798.26549282577 94894.40118889028 155410.85479930235 177030.48793699057 103201.43580247124 98645.52833303354 123589.73364766756 203372.1470726228 82879.62226717919
1208836.073652271 840.0 131399.27124886576 105560.3171472513 125481.3400477132 125822.2746161975 156721.872818698 73648.46502738389 148411.75513617575 90841.55190927148 168834.86947126864 82114.35622944527
1055067.5828223643 696.0 159533.55034248275 73194.26801792391 101957.70423463034 138223.89667153513 38644.47576065407 3971.7377855812815 137504.48533140766 86000.20412836563 157777.24179592382 158260.01875385965
852056.5306523378 585.6 130589.970437755 39006.34176710693 124501.78465990642 31141.215340093582 153203.2316650284 62838.37033941993 4834.397995551655 0.0 166970.32977545902 138970.8886720168
586593.7815525242 384.0 164865.55215045466 4781.229402069512 112505.0 0.0 128527.27566046086 21735.72433953913 130384.88751158702 20876.11248841299 2918.0 0.0
1184151.1089166282 531.4285714285714 120212.7612486341 151015.39511384122 122700.53447429676 86013.30916322791 122648.063192919 138821.66736231418 160127.77330399136 40928.77347177164 134480.51627640912 107202.31530922285
1268359.733008538 840.0 156695.51354082674 102279.6398851868 127155.6563030547 118462.67615064354 159736.8815266018 78524.1352879808 142062.99755471587 121063.55641840276 187999.1867344544 74379.48960667083
941366.1580748336 624.0 140283.54560856856 96470.47333500942 14991.139131255706 0.0 145727.25676726073 80003.63771679936 126978.60458979558 144056.64702690838 163268.24029371492 29586.61360552105
1131043.4654062083 768.0 136086.4602272851 30887.539772714877 160885.63718981302 75977.0573702087 170018.8898237939 72895.08966645284 168383.09637259517 70605.86083656394 160671.5541128982 84632.2800338825
1436718.9296152743 840.0 181853.4580409488 86051.27825168583 147380.88297027454 79443.48280486892 174428.88557040988 182691.73362394463 167390.509030501 190080.4028948033 46887.85127278165 180510.44515505573
1288809.272982207 840.0 55583.60497851743 0.0 132574.73756133646 161798.92779400214 217482.33335009604 183095.722947294 150218.34600002415 148084.0307409399 145939.1476127022 94032.42199729451
799135.3319963106 660.0 13493.331996310642 0.0 143192.54406550148 89191.32390985577 130021.21259413524 130831.13476455957 119599.19594469064 20030.588721257307 131300.9363864984 21475.06361350163
1169916.9383523487 660.0 144586.84774490225 119026.24911290884 164843.3787873379 35029.524354851004 145114.3135520604 79922.66116981927 174091.47364432394 57261.29378363072 152420.87754186473 97620.31866064956
1225322.2527358946 840.0 179338.31327836856 56912.38919014906 169423.82195886568 69453.3912199387 166765.02933805744 74097.86776907858 172915.79124070576 80103.8895507335 179458.60947034333 76853.14971965393
1516091.1864927155 840.0 175052.7228230499 75454.61433294842 88332.42750614801 136103.89216149895 187725.20797961863 202477.8160593186 189355.55651911703 140327.27367818716 176800.56607407518 144461.10935875354
1281185.3081509168 840.0 141352.05902414824 104433.03032413608 137207.35561403155 101011.07643543513 180728.7300390917 99442.95933717705 173909.07251139724 71917.31962693136 163675.6681625992 107508.03707596936
1254172.96820647 840.0 142291.78837925312 101053.47685764436 146799.92031283613 87117.28821289344 152403.62215763057 99904.0374809618 184383.1635266048 78100.58113747154 163773.19201646963 98345.89812470468
763266.3460616544 480.0 19242.34606165442 0.0 0.0 4056.480881945549 90743.77199444668 224609.2823504097 166901.50671069688 109387.54323281688 137497.30717841332 10828.107651271032
1216416.593401286 840.0 116237.3472936028 99235.69443705244 178931.22157616034 95878.06041852458 181715.22690466407 64609.42180989914 159290.48279023392 88738.74280862403 165041.73751549367 66738.6578470311
1123977.6549410038 840.0 135172.82577044814 68825.55379014116 55970.556438191845 157914.16941569746 70200.0812279452 169595.89484864307 133424.21262771267 134141.90316815223 134558.61648937038 64173.84116470181
