s_bytes_all avg_video_rate s_bytes_all_#1 s_bytes_all_#2 s_bytes_all_#3 s_bytes_all_#4 s_bytes_all_#5 s_bytes_all_#6 s_bytes_all_#7 s_bytes_all_#8 s_bytes_all_#9 s_bytes_all_#10
150715.00059443392 288.0 0.0 0.0 718.5893799295357 5473.410620070465 2457.53036281741 6209.728946594326 2345.7874185237424 2006.7519100126517 14844.770547239754 116658.431409246
647793.6793363511 288.0 17582.72013068273 112330.57997853424 42344.67049938539 76763.44927246528 61802.3473720282 28111.057330300493 59742.1449357611 71426.28700711897 52143.790466899816 125546.63234317485
567532.2181055475 288.0 49102.550442699496 86768.74381045719 49087.88312663428 97698.75001568365 61933.31883743394 68343.64023328201 62540.1016433937 46796.56310302042 19728.031633134924 25532.635259807783
444906.7218526582 288.0 50036.80982470349 58721.73648810253 29403.91072832314 53383.95507987117 52297.892514325846 30157.289228929403 42422.492639501324 55664.9230507781 35561.056551241345 37256.65574688191
630541.9281457805 288.0 82498.06198818272 37267.614247667 53876.06954726266 64126.77516488569 44811.11187431448 66485.66236047274 64805.00417682521 83184.82234142628 66643.48402528018 66843.32241946345
509375.3696096536 288.0 50312.87795998653 18846.93937191877 15960.460973791978 16730.199372043047 23775.724160845653 97208.13567615076 84827.02691461105 87891.18093380173 57372.35545023032 56450.46879627378
412740.1327580818 288.0 37542.06539964093 42786.03741891561 63996.71475895081 37145.99253125937 34903.84121784399 31448.777737782624 39704.94570190422 44929.56250393951 44833.741390055286 35448.45409778944
482638.39711492165 288.0 36498.72619352886 51039.643911982894 21048.038702404094 21522.10307518076 51620.37313053136 50472.94908430454 57849.05476976453 81517.38369468448 33186.29105268588 77883.83349985427
456205.5788911733 288.0 85226.15762972983 52277.51183327291 45960.80237354837 19895.438046187774 10648.008372823482 96294.86534430843 51127.00000700397 17198.03125957919 27340.63118484107 50237.13283987822
532466.5441464811 288.0 49396.46482823639 59355.92258984552 63951.58433793887 85469.64698007579 45946.68500633456 37463.414148849726 37402.554580503056 59793.333367666775 45408.82331654518 48278.114990485294
444439.1696125905 288.0 53000.18627202532 64160.648568892095 28144.477172874347 61541.81137141209 35460.14212424786 5349.163935465766 48252.35453705149 56013.84384399044 28196.18232223244 64320.359464398665
557175.5276543391 288.0 50140.79279022496 67317.0417152476 57987.45654608871 57036.73585827102 32477.5225690464 70816.11396784229 64702.97792552535 25556.105548593267 71871.13462282604 59269.64611067348
590763.5268074266 288.0 52110.91310388855 51727.09408502819 41061.36358820347 86090.5382953555 61121.50567574371 75950.10253599625 88565.40085407757 36113.901140123286 53053.1581165972 44969.54941241279
416385.6404813592 288.0 51428.57033961528 60963.31021540316 34659.22049945548 14169.25586831737 37916.82120386005 47738.83201251106 23695.65905278915 36981.38223905435 42039.77875643563 66792.81029391766
524437.2677054425 288.0 33589.47540219012 49552.093948786445 54499.54972454466 39496.23690217159 48287.82558826854 54502.36355967997 38404.07793608317 70889.1417756134 52586.31029760277 82630.19257050184
729116.9836344116 288.0 63275.99290611573 79494.21813976837 56790.03907501244 53944.77883002819 111586.37830217574 75425.5366450171 78313.76449403654 76822.79501412887 59073.829484410686 74389.65074371794
772857.7137179088 288.0 46323.85191928563 96851.18348538267 61251.03914413489 84984.86784270823 79032.30283346122 70698.13282353233 80335.40750542388 88321.68939684962 82395.24777421626 82663.99099291408
823046.1279648996 288.0 97977.32049691852 101690.6461505207 97288.56470269537 96133.64012391747 77450.20768374206 45350.14061145441 84214.5440313225 45656.04361289338 94116.58863014172 83168.43192129355
610306.4817708685 288.0 90137.0123011005 86276.97300697735 35906.950989274206 80264.78172485589 19771.753844331583 82407.02999387441 64281.64409095817 36075.523502461074 54076.09049756402 61108.72181947134
559435.4356187365 288.0 74221.97682471086 55679.688856753804 70810.0361509342 49600.85922513944 74055.88895492 54989.209160031765 91686.28753575888 39385.18686083758 23242.360503471205 25763.941546178838
605666.1071020131 288.0 35214.96721890472 110681.54929729282 40731.51195393023 47019.139922972965 43423.4614488836 58386.79821462017 66341.15559633024 73435.73985151201 64350.86826929357 66080.91532827278
560472.6767015783 288.0 65162.74652771466 50052.32226620342 78215.17427326558 89420.20430773767 47711.349697673446 49627.267011786425 20737.58226314727 28195.647466143462 63703.99156427707 67646.39132362934
889470.6468947028 288.0 59528.986940652525 63111.50080994761 76937.17564482382 74001.41924503344 57775.49829232671 65379.28131513717 105520.78731781308 156013.408262072 139672.98836817915 91529.6006987173
708665.8402143747 288.0 119635.29903432142 96790.43801197349 40185.14454800325 88009.55486100959 25711.817437864785 106872.62338745824 49711.23872593709 79932.48212870402 54787.27953644315 47029.96254265976
617136.150449449 288.0 57489.34242919984 54723.94113506557 71889.52748577282 78431.96692116582 65973.9998399554 41888.50575310598 28431.19951831905 70652.09640828491 85148.76722244402 62506.8037361355
669414.2396189551 288.0 48612.49016019605 44919.24511306151 91034.82799518992 85174.25917601149 68183.83287766183 74376.76572700916 75477.00544083549 54893.028572534735 78600.0134245524 48142.77113190246
557624.2913505671 288.0 54094.35290612287 31904.451227198948 65195.51714385453 48068.84231740308 71364.47175863496 69945.27858740046 47756.20478314544 44785.335787652846 52961.72343734739 71548.11340180664
588293.6021452943 288.0 49025.60214529428 88736.9362090654 45860.73991997928 69454.80437983017 35315.69285185332 75252.6376951203 24436.667357779068 99495.52158637246 1960.014822252553 98754.98517774744
620762.0 384.0 2613.57885850469 105467.42114149532 2685.5062010912147 102213.49379890878 2857.36023874321 114223.63976125678 78621.32194155554 62338.67805844447 59521.61032146294 90219.38967853706
