s_bytes_all avg_video_rate s_bytes_all_#1 s_bytes_all_#2 s_bytes_all_#3 s_bytes_all_#4 s_bytes_all_#5 s_bytes_all_#6 s_bytes_all_#7 s_bytes_all_#8 s_bytes_all_#9 s_bytes_all_#10
641974.8083752602 288.0 0.0 0.0 0.0 0.0 1256.3596262523624 42070.12163174586 100363.9164983171 203857.83817481008 122286.76406887456 172139.80837526024
1438804.0751789475 564.0 159840.7355806222 155994.71562945074 201266.17891840043 118752.96527696906 113215.64949490658 192180.084216322 51888.754652216325 203576.13188777675 171126.8354130891 70962.02410919442
1074856.435181501 840.0 171866.52409925175 72091.17501634934 190652.25721865665 46941.63866014899 164534.91190658128 72335.75982006367 157827.0182150722 16430.458035346277 160104.6021518039 22072.09005822717
1176014.681264291 840.0 205800.42481877943 30175.31616597667 174581.38865100234 180957.58398452835 3546.9676440041017 26728.98006545934 174772.80574151783 149248.59691550652 144686.59514110538 85516.0221364109
1032685.7526071912 840.0 92270.03942021704 112823.78359306084 100750.71468357192 102057.19843014408 92903.24469917107 96627.21819799714 95504.40525651912 104523.3550936556 87975.42987322097 147250.36335963334
982725.4673826776 840.0 123791.26433657783 75466.18817356789 88130.3611749394 110929.18030568562 152482.69381669103 66646.86507995246 143794.74295327815 23661.39287626844 176429.79455741655 21392.98410830005
1068905.4237497563 840.0 193061.44762227408 19896.11096915 182596.35594564947 54421.8021606029 177698.78086858857 7048.906914764815 201726.30182866385 60765.62256193437 153431.36706187364 18258.727816255046
706898.1235576768 426.0 197405.4744368381 4809.881823536609 0.0 0.0 103467.6023344736 141372.4407812988 116646.5588301251 63353.57339944922 66838.82465465335 13003.767297302064
840407.0913072503 531.4285714285714 128086.23270269792 22403.43236021749 96196.5676397825 129812.6847096377 2050.3152903622968 118749.0 76591.73301330552 54177.406125319496 95415.90268643734 116923.81677948998
1035091.1413954475 840.0 94931.16423691668 122588.1395912935 90182.85585374146 112901.40774197369 91338.21007331276 125045.0968969906 47613.21410873959 138903.3263597716 190674.71229401336 20913.01423869445
1008980.7579303536 840.0 96465.0851329873 115815.14200252456 162746.51373900208 57308.51546332077 184972.26351705423 15650.671957959608 157299.34838611764 31778.893285027854 174758.8451152099 12185.479331149709
1075907.6355877663 840.0 207061.18275894676 8404.63869501387 192296.71987827373 3367.4326721401776 181043.26806527172 26774.30573870022 206992.2984036805 77533.3620732331 157935.27625228162 14499.15105022473
1099143.498684547 840.0 203658.7511806279 23787.57692668879 133746.07956907302 104119.42052533332 157777.85643058553 86087.61380733189 154847.12102486964 39761.83991119264 180969.15794754977 14388.081361294397
1162584.0495967974 840.0 182889.9010349662 22483.07273848534 183496.21952200725 177569.27196697815 108885.87378948092 97537.07040456402 93022.82102824388 99526.95478967344 86526.9875520767 110645.8767703216
1030768.880387037 840.0 42375.181603037934 131067.87005979176 95565.32920505088 104830.67733265496 83544.58386203088 108449.7600743008 180342.61564336892 22688.040420299345 101286.46763200327 160618.35455449813
974167.1778134984 840.0 123885.7011716716 46331.29828095547 161057.27470107234 27668.787053135307 207593.8515217241 13788.467053312394 181908.0513037712 11289.38778166278 197848.94625840575 2795.412687787644
1145651.677766977 840.0 183127.30789541377 60736.83685105633 185697.8356864375 114811.6769008528 103206.89995468735 94505.0765423997 102145.65110745117 107622.4168877675 103972.29817393389 89825.67776697731
890907.2109470278 624.0 114661.9138411542 116128.52094842502 60851.887443443455 1486.4635582080402 1426.5364417919595 0.0 130185.40148634606 163296.06405039557 172353.23067025287 130517.19250701058
962455.838445758 840.0 89937.70133121335 100027.00924816116 13329.95562464862 193286.281682617 42592.12370261329 166671.94679971665 83790.39939743567 88981.63598153106 91532.9336101316 92305.85106768976
739336.057425413 840.0 976.2728402367454 21092.29033395425 153021.02520781392 12092.071057451274 164896.91211555235 5794.179464977526 172135.52182025067 7780.758078097071 171389.41771266106 30157.608794418116
1140571.6903238215 840.0 158648.2154148238 1641.9012292947102 220726.97927248877 192845.9339200384 141797.25717611617 56915.00691338858 174286.30732713398 21624.311705052463 166522.96240096897 5562.814964515666
622883.7355867769 840.0 179344.68851234758 9111.101669293625 212520.9232306564 45830.81167870471 159481.7260925765 3820.0797896547865 1311.1941177687354 1322.3358640393108 1597.6641359606892 8543.210495774683
1280353.002378429 615.0 179984.67331379335 185866.45293769788 136149.94612848514 133651.65154825148 2566.0655759975007 150350.36209065106 132645.53109222653 168014.1047085339 22960.002108588516 168164.21287420372
1296411.541247025 840.0 64389.78712579627 32803.585739649185 167627.22269766673 50495.19142912909 216686.0741682944 167055.09813123755 180316.7232882825 138654.89427436638 159585.07233066726 118797.89206193545
1135447.5380581697 840.0 38665.53572167303 210680.4625739674 139958.25761496744 88567.82295980176 702.1670083618792 27020.429692049904 176125.70772718865 59018.76057781741 213781.3374334356 180927.05674890665
1332904.691290205 840.0 192829.93475882083 160857.5706618051 148482.95038262566 110126.0545656169 168330.97240323227 54726.69091943586 154340.28233868725 94718.86732537004 153352.48656254404 95138.88137206722
486618.14807939 840.0 192543.33758632492 53462.58461216174 156856.62866097625 67046.46567093366 0.0 1404.1624571119053 1509.8375428880947 1098.2951926134715 1815.7048073865285 10881.131548993422
1486016.7902824092 560.0 188414.40711727957 211429.6684316717 170355.20431499704 187481.82185446032 125971.45286160478 176582.37613596785 114832.9327271626 150666.07837616673 809.9266316960848 159472.9218314025
1323506.9735459606 840.0 184234.1148877542 128583.40311148652 59155.9350187082 205408.23759985904 83824.77613768393 149939.74167874505 29704.86973436058 218373.98028590996 83383.22457180684 180898.69051964648
1214894.40446489 840.0 73011.99469396319 168987.42019133244 178572.1164274084 47595.55623766295 196358.01707226975 42871.0 194368.2814556297 89422.82102197017 151471.85638677378 72235.3409778795
