s_bytes_all avg_video_rate s_bytes_all_#1 s_bytes_all_#2 s_bytes_all_#3 s_bytes_all_#4 s_bytes_all_#5 s_bytes_all_#6 s_bytes_all_#7 s_bytes_all_#8 s_bytes_all_#9 s_bytes_all_#10
357197.2323848057 288.0 0.0 0.0 0.0 0.0 0.0 0.0 4918.491190183465 101546.73430278982 143714.12170351227 107017.88518832011
854580.8249222061 288.0 54975.18304159968 121365.03865985002 149374.1673661158 27216.824946545967 9117.553601082813 13120.0 82214.19422035967 83044.9004985278 156956.10649140048 157196.85609672393
677816.1166991405 397.7142857142857 150906.21074561018 20049.731947377968 75795.44638113283 14776.553618867174 116990.0 29749.898331473243 108710.10166852675 7243.04093237899 116667.37528960794 36927.75778416542
703011.2011824666 320.0 19114.324027272312 112716.1528462327 48343.12637375957 86964.40411179126 9767.518317694385 146275.3910214242 87346.15225737658 61750.07254751101 53052.58598698001 77681.47369242454
492098.6248113811 288.0 21093.594151240704 61568.256107532725 43201.38379010434 70027.39076250329 0.0 100411.9537001952 7583.809773420855 86451.75178282082 5886.484743563123 95874.0
395036.4525277112 416.0 0.0 86605.0 2250.69172793834 665.3082720616604 15322.045620288403 118189.65619724516 123526.8457876154 33301.36368460521 4409.319685927168 10766.221552029838
503777.2013094205 288.0 146015.31782670203 23273.229645586765 7950.0 4316.0 1400.0 74342.13184843742 30444.86815156258 4316.0 15868.302485708586 195851.3513514232
1231093.9809326844 564.0 129655.74063713849 108851.20307773692 160411.70377226098 18889.69867573184 228299.67769555323 95775.70986888884 187306.7558991311 71885.18863112692 173306.14243716776 56712.16023794837
1180312.7395084212 840.0 143313.32416035415 144205.6993340192 104396.71069258178 1080.631043228689 176875.9063434115 129166.58752448265 85354.50613210585 99848.89429959262 126269.75228223976 169800.727696405
1051251.768385964 840.0 70394.02509486231 154163.56647610935 12885.034150790938 160585.74464807147 63942.33434730286 171518.09533909208 21586.49738840799 192978.06487489265 15562.263402232966 187636.14266420147
946329.081348508 840.0 14770.857335798528 184083.4771821673 27106.465497790625 174965.57282311184 12906.48449693025 167698.3006703329 128679.62079736136 88965.07853230574 0.0 147153.22401270946
1133296.9244487304 840.0 199022.14668482592 106951.6293024646 97639.92980938005 130050.07019061994 61354.37618260914 100037.03216783312 109255.34382717342 101473.24782238434 82633.60846607285 144879.53999536717
1170832.7136709802 840.0 126182.68334265571 44560.18290915052 175415.26932242286 154355.30587460168 29550.798696833936 175275.13742901472 148003.818459271 55113.80410685844 175161.70286357112 87214.01066660021
1177786.4747803728 840.0 131671.13786757973 6060.70194186646 175428.3602635066 126360.80184307705 111004.1359515499 115794.5979062108 120034.64136500926 106586.06324783358 117889.6577385654 166956.3766551741
1047725.1771971612 840.0 48725.75012602618 144492.16092368227 49728.23285089476 149191.2501059069 62458.13995222184 142148.43571679117 79843.83435194232 153311.41373645124 68345.3863715307 149480.57306171377
997682.543805485 840.0 46869.918900626944 136709.74043231786 44972.0761685617 151024.90178573364 49118.169848636855 137755.47202502517 129654.3552844109 106893.87186649376 91398.03140276884 103286.00609090934
1093159.720259643 840.0 83360.68280540833 110044.25927915248 87876.73461083429 123163.72318158433 98439.46896246096 146175.33904288308 191551.7733802532 37447.88492165931 180674.96215397012 34424.8919214368
1017177.5971988152 840.0 162825.25102546994 36154.03847824689 148470.10302711494 51206.8456590204 140504.72748807422 18101.44636460018 225202.47518814367 129438.93717043108 96881.39742381658 8392.37537389727
1154116.7655665737 840.0 161181.35860705096 114648.11343602656 97555.87907210688 110449.01286062378 127228.09361076885 123159.24263766035 72376.85865583067 156566.9846303205 45587.22279601173 145363.99926017347
985687.6439785736 840.0 47456.97464277173 147933.0728296333 45265.23577106878 135814.22314179988 68419.24781572583 140064.9795994484 66225.30829062313 148898.4092293803 50948.283236896576 134661.90942122566
1001937.2150809552 840.0 37817.15733943203 138751.5956081439 42115.20819314184 133396.01083233676 122039.17626667426 103698.9888966854 106093.42085577476 128416.67291223918 85016.94139420686 104592.04278232036
1003001.9644236404 840.0 82477.66877729396 114272.33122270604 88118.01047864696 139999.11341668922 163439.23634894643 16740.639755717417 89039.90237819974 138887.9893548375 153724.8439256407 16302.228764962338
1053035.9701589032 840.0 175850.47244761468 14726.759679592786 192540.7183517373 108017.69256413744 126507.39253327754 2915.0 0.0 172523.930004835 97766.39962909363 162187.6049486149
1091703.696593735 840.0 120621.10894082209 130947.79248578969 117857.62991156748 150805.9636112274 44922.30048369516 100798.54925277104 107594.67568092776 125420.53055528329 48058.361300766985 144676.78437088398
1048436.7172400906 840.0 44506.36882372161 80238.43777854095 111505.51361798146 95645.42790543288 139454.59666817065 147473.609020638 51000.06337938184 153918.75285295263 72849.14708676875 151844.80010650196
1113579.27851655 840.0 178403.84950994237 135005.80207368857 79616.93644016335 112489.06355983664 80683.26563498104 109574.27729394373 89583.81412496865 117921.33386096952 86936.79278778839 123364.1432302678
1074396.391221339 840.0 154603.2498347666 15653.874075693606 164875.91609253775 56116.37812975604 201548.17549041344 35983.40705058021 161201.89246518674 78974.69062718052 172660.6032428419 32778.204212382254
1211122.4091249972 840.0 183704.67900253343 48100.98335999332 176853.69935672777 54046.0867884029 169437.87808572105 148720.46403301213 78415.35140894963 96326.17210653031 106455.9130162212 149061.18196690545
1128193.4898906795 840.0 120196.02832324078 129766.0201308366 66241.52426666729 102430.71735609736 112028.39012171768 167726.70602130677 70679.99039364433 150402.22194715808 31921.974160075828 176799.9171699352
975553.0828300648 840.0 51100.08283006482 146504.6909013185 45284.89548762467 161253.63703747967 58730.97598258809 131037.24071094811 34822.55988004093 135822.35443466154 108747.39036499974 102249.25520033872
