s_bytes_all avg_video_rate s_bytes_all_#1 s_bytes_all_#2 s_bytes_all_#3 s_bytes_all_#4 s_bytes_all_#5 s_bytes_all_#6 s_bytes_all_#7 s_bytes_all_#8 s_bytes_all_#9 s_bytes_all_#10
199467.0 288.0 0.0 0.0 0.0 0.0 0.0 0.0 66533.47059107806 52233.54126558591 75653.1629885674 5046.825154768638
551150.5463817384 288.0 10058.868659847803 97124.83168630248 40547.69148960281 106071.78313774586 152775.03657660182 47164.75427903394 3638.124000058863 2503.910170806414 14117.145258527948 77148.40112321041
560847.4536182616 288.0 144968.49926118544 26719.31907867245 79102.55262535946 11550.852553349325 92007.57819452284 33928.651905172126 4314.0 1400.0 78158.41741440725 88697.58258559275
443762.0 288.0 2916.0 1400.0 2917.0 1400.0 4317.0 0.0 167439.46998436505 111348.4949615179 145898.81058835023 6125.224465766826
414907.1411803531 288.0 4317.0 1400.0 2912.0 1401.5957592815807 4333.404240718419 462.5233289368808 93179.62771088824 173086.28716790534 111845.0507904434 21969.652182179216
704480.3922377209 288.0 5466.8588196469045 863.7088447411492 3023.802862080286 38671.12982017703 75758.35847300154 2112.904235179192 128451.78773893896 164606.56823052213 158014.355635427 127510.91757800672
817289.466581926 370.2857142857143 185823.86541311897 83544.60116880703 100485.14190061988 7815.85809938013 105728.42970404532 240.57029595466747 112420.64605141626 56693.72741463388 126739.19894416942 37797.42758978045
846119.5442174679 634.2857142857143 108903.33940055915 34706.49704962461 123787.16354981624 0.0 118503.50191370054 86218.38264299334 83500.11544330612 32734.899483121942 167228.47261573296 90537.17211861296
1292997.4487589402 840.0 154350.95821078823 137173.66714501334 153437.83042673054 33522.567861851014 182490.25718654817 129642.42218002958 139335.43728277434 114442.83425759868 101481.88660770358 147119.58759990285
1261149.8073252563 840.0 98483.60916075316 122010.7387865758 126303.31347983894 93671.86815282104 135185.92943657894 170805.32105509168 127910.11841430308 122151.45400741936 110545.08092823272 154082.37390364186
1191912.8350756837 840.0 94628.90544422776 152843.44862664395 107092.70514496308 114646.83074310278 105841.58804336264 107766.04399734532 123876.62067367842 150465.99477609995 136720.7729941145 98029.92463214532
1236423.5369415933 840.0 167516.53281656074 62298.28879985238 148363.80158745212 100857.74141878636 118782.52634704953 116021.21770833884 136244.43832520867 90903.38166691782 157289.5544725511 138146.0537988757
1232854.3972721363 840.0 142452.04948256174 81467.78064964809 134352.7789377939 89435.9406457956 199719.29378133244 135376.90453422358 170310.89654964732 65556.9525027112 163311.00052017704 50870.79966824575
1329572.003709847 840.0 225120.5041297696 106250.69134101944 144418.23493813272 38057.704006962565 193450.12115895303 86385.44422828182 184104.74446715924 99951.23301254492 133154.78304287043 118678.54338415334
1268829.8447462018 840.0 184230.7411340609 127227.80654376026 69988.37517524273 126189.50115534678 149238.14911496907 151055.1717522285 130493.78566668888 136212.44131133094 68100.03434066477 126093.83855190896
1237111.5570297395 840.0 117342.9156461414 128231.53956014532 124988.72645932804 129196.53821052836 101088.03264872493 140415.11272913674 153925.87072318338 112244.84597568472 146073.9525732179 83604.02250364888
1207828.4216509 840.0 146809.66258756924 78991.28192420903 161096.03800414357 66942.62231545936 136925.91677050712 155944.21099067412 145101.66575259937 40762.62657797139 131675.20111681888 143579.19561094797
1135152.2506301757 840.0 144397.45867371748 37453.819206863 164068.6362636391 70473.66303123353 184588.5402229108 31774.95302455261 199345.13485861625 89478.42988152069 149152.96810588046 64418.64736124186
1305836.129733323 840.0 176476.56543563562 113892.01216049003 174074.82996124914 98051.9162466382 108513.02883804444 126838.84301876274 117244.77148260038 140307.0501217581 128261.767518802 122175.34494934228
1187233.793794891 840.0 111833.3576789208 140841.26834988478 147728.81686647295 114741.82053197644 89953.50997024422 123318.25929767612 91138.64204687445 138501.69975647886 112916.75565615857 116259.66364020426
1212211.3380617818 840.0 112770.79019269564 113610.83546995433 111865.94687850012 133617.0247294976 165562.47851792997 124330.35332526542 72634.91844286871 132843.93877821232 160899.18591848167 84075.86580837617
1273361.5082055088 840.0 149928.06774640072 95014.533530237 146331.94270015846 127768.1228511874 183718.56618466956 52509.99515689546 207620.5782354071 12040.284647105478 125248.66164552954 173180.75550791805
1285713.0614881902 840.0 184648.53230540516 48956.64933927148 165537.47549665815 70394.58245225655 213440.9914841235 127862.05319587048 143609.29857296718 6379.180666813156 224823.1501222148 100061.14785260992
1163041.2961812755 840.0 160788.24739332322 119427.87954826604 72665.03866167623 123267.74254355307 109665.94485757774 137863.04502797243 61472.063246408245 137944.09630269016 96939.14593472144 143008.0926650868
1327012.419247439 840.0 145297.52694545884 135128.5446359585 79146.97376748791 136323.2293810801 134273.0971119491 188310.29909270175 77223.22444173644 133155.80393254705 116440.69983109168 181713.02010742732
1213897.509695788 840.0 106695.28804616566 152208.4127944422 103831.22980619178 142266.52716104605 150732.63499547387 57691.756332362245 132902.82534410586 112115.46440960196 188794.60761551332 66658.763190885
1190545.654628425 840.0 163208.5448394493 102838.19214241178 165575.9928102872 113569.99251754185 149269.31714468403 64595.1980225462 154227.05875693966 26485.163641593037 174233.05540695888 76543.13934601322
1148976.864019754 840.0 168219.49864196463 50888.10356573111 178239.9773893269 7071.445439397507 182748.6553960901 162925.8482045332 110372.1129683914 34871.03653236699 176617.9416310168 77022.24425093514
1258672.40362598 840.0 154340.5119611013 90964.96875574849 109346.75765364208 138707.45518810165 100336.89848802534 160777.82246594626 57733.8055318221 152706.79275788064 146844.54151582607 146912.84930788612
1281615.5056890682 840.0 125487.16403104649 172727.71829703866 142310.65709087765 173679.906825769 104438.11174235036 124240.16116434014 80781.11376548339 134379.38325522517 93870.64595149724 129700.6435654402
