ts te s_bytes_all avg_video_rate
0.0 1000.0 0.0 0.0
1000.0 2000.0 0.0 0.0
2000.0 3000.0 0.0 0.0
3000.0 4000.0 0.0 0.0
4000.0 5000.0 0.0 0.0
5000.0 6000.0 0.0 0.0
6000.0 7000.0 0.0 0.0
7000.0 8000.0 363145.0773106121 4400.0
8000.0 9000.0 609587.9436285335 0.0
9000.0 10000.0 436078.85102756205 2300.0
10000.0 11000.0 357736.3186400649 0.0
11000.0 12000.0 802964.9592845968 1500.0
12000.0 13000.0 715437.094374797 1500.0
13000.0 14000.0 689334.7076741001 1500.0
14000.0 15000.0 444557.95751184353 1500.0
15000.0 16000.0 576261.6806572743 1500.0
16000.0 17000.0 384773.7858635613 4400.0
17000.0 18000.0 733058.088985634 0.0
18000.0 19000.0 691594.8957052385 4400.0
19000.0 20000.0 629121.263187665 0.0
20000.0 21000.0 564122.0665148686 4400.0
21000.0 22000.0 849799.1975496036 4400.0
22000.0 23000.0 588629.3154386922 0.0
23000.0 24000.0 459258.9224271401 4400.0
24000.0 25000.0 574831.1051410107 0.0
25000.0 26000.0 773090.6925586502 4400.0
26000.0 27000.0 547035.8207144352 0.0
27000.0 28000.0 640059.736112592 4400.0
28000.0 29000.0 577153.2345326033 0.0
29000.0 30000.0 626566.1078812332 4400.0
30000.0 31000.0 589112.0744118892 0.0
31000.0 32000.0 828723.1780350779 4400.0
32000.0 33000.0 722446.3575743093 4400.0
33000.0 34000.0 609178.121696764 0.0
34000.0 35000.0 774161.3250089127 4400.0
35000.0 36000.0 665710.4309801344 0.0
36000.0 37000.0 747663.2867174438 4400.0
37000.0 38000.0 688545.7863243918 0.0
38000.0 39000.0 60698.61652876459 0.0
39000.0 40000.0 359068.664392853 4400.0
40000.0 41000.0 672150.7458181297 0.0
41000.0 42000.0 786541.3148605926 4400.0
42000.0 43000.0 639747.3138792838 4400.0
43000.0 44000.0 720411.7100315711 0.0
44000.0 45000.0 602879.0467580433 4400.0
45000.0 46000.0 688418.876686298 0.0
46000.0 47000.0 665404.8706857364 4400.0
47000.0 48000.0 770603.2186361464 3000.0
48000.0 49000.0 462565.2928846621 0.0
49000.0 50000.0 259391.59582582593 3000.0
50000.0 51000.0 696839.5038041747 0.0
51000.0 52000.0 257749.44043003517 3000.0
52000.0 53000.0 452824.40530664736 0.0
53000.0 54000.0 419549.5181252112 3000.0
54000.0 55000.0 326058.00253445667 0.0
55000.0 56000.0 420198.6417059325 3000.0
56000.0 57000.0 320887.117370292 0.0
57000.0 58000.0 318722.3524415457 3000.0
58000.0 59000.0 354377.6811655258 0.0
59000.0 60000.0 459805.4251595083 3000.0
60000.0 61000.0 362960.8749904566 0.0
61000.0 62000.0 454422.0898685512 3000.0
62000.0 63000.0 348591.7346133328 0.0
63000.0 64000.0 514806.2914144169 3000.0
64000.0 65000.0 352436.9827892225 0.0
65000.0 66000.0 452737.04287166684 3000.0
66000.0 67000.0 330170.1143599599 0.0
67000.0 68000.0 379584.64022809215 3000.0
68000.0 69000.0 578644.722275615 3000.0
69000.0 70000.0 747294.6300928348 3000.0
70000.0 71000.0 414432.97196959984 0.0
71000.0 72000.0 589516.7818233415 3000.0
72000.0 73000.0 336020.23576705426 0.0
73000.0 74000.0 316758.6810346702 4400.0
74000.0 75000.0 600297.0694394215 0.0
75000.0 76000.0 359547.2928594477 0.0
76000.0 77000.0 433654.69969220454 4400.0
77000.0 78000.0 695904.659702359 4400.0
78000.0 79000.0 517671.83222850034 0.0
79000.0 80000.0 795298.37827081 4400.0
80000.0 81000.0 575331.231468893 0.0
81000.0 82000.0 675809.8946505737 4400.0
82000.0 83000.0 654082.5276044736 0.0
83000.0 84000.0 538386.401107626 4400.0
84000.0 85000.0 544342.781433699 0.0
85000.0 86000.0 541434.233525891 4400.0
86000.0 87000.0 609754.3593426271 0.0
87000.0 88000.0 634537.7708658307 4400.0
88000.0 89000.0 568639.9764665922 0.0
89000.0 90000.0 598851.2812176615 4400.0
90000.0 91000.0 544114.7760694067 0.0
91000.0 92000.0 586641.3846586543 4400.0
92000.0 93000.0 549704.446318841 0.0
93000.0 94000.0 617439.2447444008 4400.0
94000.0 95000.0 526925.4564192919 0.0
95000.0 96000.0 552036.1191608404 4400.0
96000.0 97000.0 532169.8924741866 0.0
97000.0 98000.0 572021.9490792446 4400.0
98000.0 99000.0 551832.1764206628 0.0
99000.0 100000.0 578086.3541795121 4400.0
100000.0 101000.0 550349.4763486481 0.0
101000.0 102000.0 614434.05641504 4400.0
102000.0 103000.0 555195.1016745935 0.0
103000.0 104000.0 210503.6435587798 0.0
104000.0 105000.0 0.0 0.0
105000.0 106000.0 276035.5630430234 4400.0
106000.0 107000.0 550343.6810130749 0.0
107000.0 108000.0 752673.0328637772 3000.0
108000.0 109000.0 661264.2110914907 3000.0
109000.0 110000.0 665354.3911813964 3000.0
110000.0 111000.0 393214.14681456285 0.0
111000.0 112000.0 516072.0945656436 3000.0
112000.0 113000.0 417734.8794270308 0.0
113000.0 114000.0 363608.4271533709 3000.0
114000.0 115000.0 331012.6273937898 0.0
115000.0 116000.0 434628.8926591636 3000.0
116000.0 117000.0 548129.6013373968 3000.0
117000.0 118000.0 646107.5073006521 3000.0
118000.0 119000.0 508215.0580229498 0.0
119000.0 120000.0 657889.7771933873 3000.0
120000.0 121000.0 351265.86545279686 0.0
121000.0 122000.0 410084.24072855036 4400.0
122000.0 123000.0 546265.7447514945 0.0
123000.0 124000.0 621985.3516727951 4400.0
124000.0 125000.0 529807.6236862693 0.0
125000.0 126000.0 581268.6272496931 4400.0
126000.0 127000.0 621992.6334233724 0.0
127000.0 128000.0 634076.2684970483 4400.0
128000.0 129000.0 540547.6505960112 0.0
129000.0 130000.0 569852.294342293 4400.0
130000.0 131000.0 532067.940669459 0.0
131000.0 132000.0 425383.3763159426 4400.0
132000.0 133000.0 546420.7010602627 0.0
133000.0 134000.0 639903.7266683038 4400.0
134000.0 135000.0 626207.8744710892 0.0
135000.0 136000.0 638548.8936886205 4400.0
136000.0 137000.0 604791.5471506359 0.0
137000.0 138000.0 540100.2083853793 4400.0
138000.0 139000.0 584854.2385424203 0.0
139000.0 140000.0 503183.3623976148 4400.0
140000.0 141000.0 587484.6033829794 0.0
141000.0 142000.0 606485.9626260501 4400.0
142000.0 143000.0 532420.0615399801 0.0
143000.0 144000.0 512758.362790589 4400.0
144000.0 145000.0 712026.1182177236 0.0
145000.0 146000.0 511973.3381488914 4400.0
146000.0 147000.0 556112.1219108455 0.0
147000.0 148000.0 630559.5940744748 4400.0
148000.0 149000.0 532147.5700614944 0.0
149000.0 150000.0 565047.2435846035 4400.0
150000.0 151000.0 544046.4105764453 0.0
151000.0 152000.0 594950.6415418289 4400.0
152000.0 153000.0 554146.7530238737 0.0
153000.0 154000.0 537793.7812662127 4400.0
154000.0 155000.0 527127.0982603077 0.0
155000.0 156000.0 620321.6302170211 4400.0
156000.0 157000.0 560295.4501089815 0.0
157000.0 158000.0 532318.3530380558 4400.0
158000.0 159000.0 580426.957000934 0.0
159000.0 160000.0 694929.6784017019 3000.0
160000.0 161000.0 328461.0676452347 0.0
161000.0 162000.0 344612.0481410716 3000.0
162000.0 163000.0 430333.32226271625 0.0
163000.0 164000.0 424662.7675492185 3000.0
164000.0 165000.0 734654.2167687248 3000.0
165000.0 166000.0 727077.841468861 3000.0
166000.0 167000.0 421419.3520684121 0.0
167000.0 168000.0 424817.1075359874 4400.0
168000.0 169000.0 559464.7341624261 0.0
169000.0 170000.0 587017.6472587906 4400.0
170000.0 171000.0 555088.689335182 0.0
171000.0 172000.0 634843.1925803242 4400.0
172000.0 173000.0 563255.5634692742 0.0
173000.0 174000.0 572668.3284820579 4400.0
174000.0 175000.0 530474.7883887482 0.0
175000.0 176000.0 637140.5853608908 4400.0
176000.0 177000.0 522849.7598768186 0.0
177000.0 178000.0 496798.77948174987 4400.0
178000.0 179000.0 563344.3057402347 0.0
179000.0 180000.0 624845.4376131777 4400.0
180000.0 181000.0 519699.2342117798 0.0
181000.0 182000.0 493621.10599972075 4400.0
182000.0 183000.0 560243.9311092624 0.0
183000.0 184000.0 636487.6780777981 4400.0
184000.0 185000.0 535386.1278535918 0.0
185000.0 186000.0 560528.4173825756 4400.0
186000.0 187000.0 548662.3558169631 0.0
187000.0 188000.0 593656.6858719379 4400.0
188000.0 189000.0 552444.8246984417 0.0
189000.0 190000.0 559065.4824098406 4400.0
190000.0 191000.0 514431.4062847741 0.0
191000.0 192000.0 603918.6275450538 4400.0
192000.0 193000.0 588957.325125711 0.0
193000.0 194000.0 572580.7346049837 4400.0
194000.0 195000.0 523471.58884070773 0.0
195000.0 196000.0 586583.336012159 4400.0
196000.0 197000.0 549006.5690144001 0.0
197000.0 198000.0 643044.0122966991 4400.0
198000.0 199000.0 532355.9135982076 0.0
199000.0 200000.0 599871.33489259 4400.0
200000.0 201000.0 522692.320697353 0.0
201000.0 202000.0 493103.46883141034 4400.0
202000.0 203000.0 550449.1798776845 0.0
203000.0 204000.0 587594.3690031955 4400.0
204000.0 205000.0 556159.5782080881 0.0
205000.0 206000.0 531566.5035343806 4400.0
206000.0 207000.0 581958.295470384 0.0
207000.0 208000.0 623242.0800374842 3000.0
208000.0 209000.0 387302.1869191637 0.0
209000.0 210000.0 0.0 0.0
210000.0 211000.0 0.0 0.0
211000.0 212000.0 451626.87031613087 3000.0
212000.0 213000.0 668707.7882792002 3000.0
213000.0 214000.0 688924.5524286135 3000.0
214000.0 215000.0 501529.58321996767 3000.0
215000.0 216000.0 770488.3616306053 0.0
216000.0 217000.0 668346.0546247761 3000.0
217000.0 218000.0 503483.17220855755 3000.0
218000.0 219000.0 633192.8287844126 0.0
219000.0 220000.0 356907.8921425868 4400.0
220000.0 221000.0 552540.2633318614 0.0
221000.0 222000.0 530733.9665170661 4400.0
222000.0 223000.0 556250.4906742055 0.0
223000.0 224000.0 575179.5969192311 4400.0
224000.0 225000.0 560124.0894376809 0.0
225000.0 226000.0 608904.5061033508 4400.0
226000.0 227000.0 555417.9362130618 0.0
227000.0 228000.0 602062.8757779861 4400.0
228000.0 229000.0 549517.2191941717 0.0
229000.0 230000.0 609967.6639312056 4400.0
230000.0 231000.0 550776.1213425212 0.0
231000.0 232000.0 541953.7702765961 4400.0
232000.0 233000.0 560915.4399057049 0.0
233000.0 234000.0 604537.9766056464 4400.0
234000.0 235000.0 552689.2509192908 0.0
235000.0 236000.0 575182.6010629752 4400.0
236000.0 237000.0 552062.3789863442 0.0
237000.0 238000.0 592575.1851878159 4400.0
238000.0 239000.0 599036.1567872955 0.0
239000.0 240000.0 619138.9289410973 4400.0
240000.0 241000.0 558905.4500935089 0.0
241000.0 242000.0 494729.2263274366 4400.0
242000.0 243000.0 579848.9477234562 0.0
243000.0 244000.0 649304.6186857792 4400.0
244000.0 245000.0 560968.5304804521 0.0
245000.0 246000.0 651200.165156839 4400.0
246000.0 247000.0 533795.2298104849 0.0
247000.0 248000.0 605943.7163894507 4400.0
248000.0 249000.0 508798.1132095409 0.0
249000.0 250000.0 560920.2428828803 4400.0
250000.0 251000.0 537557.3142677777 0.0
251000.0 252000.0 528414.30347861 4400.0
252000.0 253000.0 582650.6406462318 0.0
253000.0 254000.0 626949.6974801747 4400.0
254000.0 255000.0 528041.2620783057 0.0
255000.0 256000.0 586655.6247091291 4400.0
256000.0 257000.0 542550.4436898071 0.0
257000.0 258000.0 576469.3051317756 4400.0
258000.0 259000.0 518841.4578674396 0.0
259000.0 260000.0 465574.20617335 3000.0
260000.0 261000.0 556877.4337522341 3000.0
261000.0 262000.0 511027.7464051141 0.0
262000.0 263000.0 675173.3281989172 3000.0
263000.0 264000.0 681059.5616635884 3000.0
264000.0 265000.0 391206.7743261197 0.0
265000.0 266000.0 539766.6295632682 4400.0
266000.0 267000.0 535095.5641697765 0.0
267000.0 268000.0 593363.1534429868 4400.0
268000.0 269000.0 543124.1075579614 0.0
269000.0 270000.0 491141.1113599241 4400.0
270000.0 271000.0 576813.3933390619 0.0
271000.0 272000.0 641562.9957148521 4400.0
272000.0 273000.0 538285.0802194081 0.0
273000.0 274000.0 585265.9085285127 4400.0
274000.0 275000.0 519125.9208671056 0.0
275000.0 276000.0 521874.0886787337 4400.0
276000.0 277000.0 594687.8632532828 0.0
277000.0 278000.0 652662.1585259882 4400.0
278000.0 279000.0 532559.6807798315 0.0
279000.0 280000.0 552550.5832324873 4400.0
280000.0 281000.0 558050.23232247 0.0
281000.0 282000.0 589887.3065686206 4400.0
282000.0 283000.0 555985.4215986289 0.0
283000.0 284000.0 563348.0032705921 4400.0
284000.0 285000.0 533690.0489508162 0.0
285000.0 286000.0 580490.9774567517 4400.0
286000.0 287000.0 611313.0474404353 0.0
287000.0 288000.0 698792.5252057716 4400.0
288000.0 289000.0 536334.9759063936 0.0
289000.0 290000.0 554758.3475188965 4400.0
290000.0 291000.0 569414.4299140952 0.0
291000.0 292000.0 521158.0174006511 4400.0
292000.0 293000.0 549980.4751630379 0.0
293000.0 294000.0 596692.2400404909 4400.0
294000.0 295000.0 568665.576783881 0.0
295000.0 296000.0 691909.0469150839 4400.0
296000.0 297000.0 512900.85491630057 0.0
297000.0 298000.0 536461.3011423985 4400.0
298000.0 299000.0 548038.8868664596 0.0
299000.0 300000.0 540162.1215602551 4400.0
300000.0 301000.0 240414.06144642583 0.0
