ts te s_bytes_all avg_video_rate
0.0 1000.0 0.0 0.0
1000.0 2000.0 0.0 0.0
2000.0 3000.0 0.0 0.0
3000.0 4000.0 0.0 0.0
4000.0 5000.0 0.0 0.0
5000.0 6000.0 0.0 0.0
6000.0 7000.0 377456.30046046653 2300.0
7000.0 8000.0 455382.39310430293 840.0
8000.0 9000.0 224797.62416550049 840.0
9000.0 10000.0 454526.8670634571 840.0
10000.0 11000.0 399016.83511929377 840.0
11000.0 12000.0 510312.83794620243 840.0
12000.0 13000.0 306926.70237978274 840.0
13000.0 14000.0 326494.2875458012 1500.0
14000.0 15000.0 452255.4919580407 4400.0
15000.0 16000.0 569067.7322748641 0.0
16000.0 17000.0 577291.5287180312 4400.0
17000.0 18000.0 595243.1432470088 0.0
18000.0 19000.0 577866.4262225612 4400.0
19000.0 20000.0 627719.7597626408 0.0
20000.0 21000.0 73991.07003204616 0.0
21000.0 22000.0 0.0 0.0
22000.0 23000.0 2828.288029926223 0.0
23000.0 24000.0 85.71197007377748 0.0
24000.0 25000.0 0.0 0.0
25000.0 26000.0 85640.67472638802 3000.0
26000.0 27000.0 606874.6139713833 0.0
27000.0 28000.0 593382.1898302791 3000.0
28000.0 29000.0 895131.662959579 3000.0
29000.0 30000.0 807163.6546094966 3000.0
30000.0 31000.0 591385.9802261719 3000.0
31000.0 32000.0 478291.77145587106 0.0
32000.0 33000.0 713937.2250405867 3000.0
33000.0 34000.0 603807.0502751069 3000.0
34000.0 35000.0 818815.5804101148 2300.0
35000.0 36000.0 615885.9489670327 2300.0
36000.0 37000.0 339374.4455291583 0.0
37000.0 38000.0 349868.9505339166 2300.0
38000.0 39000.0 269851.32650569646 0.0
39000.0 40000.0 435713.4920796234 4400.0
40000.0 41000.0 653787.4466447849 4400.0
41000.0 42000.0 625856.3327075578 0.0
42000.0 43000.0 466119.7526867693 0.0
43000.0 44000.0 474343.6604378316 4400.0
44000.0 45000.0 619941.4582092799 4400.0
45000.0 46000.0 447800.0324744894 0.0
46000.0 47000.0 573842.2891393594 0.0
47000.0 48000.0 620688.4625496486 4400.0
48000.0 49000.0 783954.8286905346 4400.0
49000.0 50000.0 539567.7858112312 0.0
50000.0 51000.0 679192.9893508173 4400.0
51000.0 52000.0 570364.9675783889 0.0
52000.0 53000.0 392224.49111712264 4400.0
53000.0 54000.0 526987.4654613822 0.0
54000.0 55000.0 777187.6675958781 4400.0
55000.0 56000.0 557458.2756563018 0.0
56000.0 57000.0 588308.0920331742 4400.0
57000.0 58000.0 587776.6479436021 0.0
58000.0 59000.0 561471.7137515779 4400.0
59000.0 60000.0 558177.0544569894 0.0
60000.0 61000.0 579099.9068137461 4400.0
61000.0 62000.0 488583.43391727004 0.0
62000.0 63000.0 587742.5767730048 4400.0
63000.0 64000.0 632445.4739795405 0.0
64000.0 65000.0 561999.4800609596 4400.0
65000.0 66000.0 540103.0611333589 4400.0
66000.0 67000.0 498182.4069198524 0.0
67000.0 68000.0 594561.7203102636 0.0
68000.0 69000.0 619339.9684521428 4400.0
69000.0 70000.0 582779.990222735 0.0
70000.0 71000.0 2915.0 0.0
71000.0 72000.0 0.0 0.0
72000.0 73000.0 505503.8866790591 4400.0
73000.0 74000.0 627712.7428478774 4400.0
74000.0 75000.0 672047.482509019 0.0
75000.0 76000.0 651290.3983180391 3000.0
76000.0 77000.0 683779.9708744588 3000.0
77000.0 78000.0 556621.5864763539 3000.0
78000.0 79000.0 341575.58712779067 0.0
79000.0 80000.0 725925.7076913206 3000.0
80000.0 81000.0 388631.06672078336 0.0
81000.0 82000.0 530918.2870076697 4400.0
82000.0 83000.0 601356.0897116001 0.0
83000.0 84000.0 536363.4129220981 4400.0
84000.0 85000.0 505991.6698272062 0.0
85000.0 86000.0 564522.2262473608 4400.0
86000.0 87000.0 550169.8690670441 0.0
87000.0 88000.0 444962.86059073044 4400.0
88000.0 89000.0 704086.7577451658 0.0
89000.0 90000.0 700764.7433122136 4400.0
90000.0 91000.0 407096.89901094174 0.0
91000.0 92000.0 281559.6934281255 4400.0
92000.0 93000.0 802909.8761837739 0.0
93000.0 94000.0 597418.9342999365 4400.0
94000.0 95000.0 587422.4284011634 4400.0
95000.0 96000.0 478996.12871867575 0.0
96000.0 97000.0 780855.4485857585 4400.0
97000.0 98000.0 458696.6729866804 0.0
98000.0 99000.0 791884.1466424082 4400.0
99000.0 100000.0 557397.500517943 0.0
100000.0 101000.0 386343.0607857391 4400.0
101000.0 102000.0 546074.4225488784 0.0
102000.0 103000.0 485543.91051433317 4400.0
103000.0 104000.0 531291.531497233 0.0
104000.0 105000.0 830248.1614249132 4400.0
105000.0 106000.0 578395.5570521512 0.0
106000.0 107000.0 478260.9429713049 4400.0
107000.0 108000.0 473686.1560146439 0.0
108000.0 109000.0 971291.2958031283 4400.0
109000.0 110000.0 979230.8316301375 0.0
110000.0 111000.0 702565.1123766988 4400.0
111000.0 112000.0 629134.7657832917 0.0
112000.0 113000.0 571690.4907777708 4400.0
113000.0 114000.0 600186.7229463042 0.0
114000.0 115000.0 611003.870858513 4400.0
115000.0 116000.0 516227.552020807 4400.0
116000.0 117000.0 630016.1203182021 0.0
117000.0 118000.0 506194.1741160242 4400.0
118000.0 119000.0 494039.1801472397 0.0
119000.0 120000.0 598310.3581064009 4400.0
120000.0 121000.0 599072.4556119391 0.0
121000.0 122000.0 648750.2269329329 4400.0
122000.0 123000.0 419038.3646657761 0.0
123000.0 124000.0 660852.9371277634 6500.0
124000.0 125000.0 578015.6682273647 0.0
125000.0 126000.0 865681.2227330433 6500.0
126000.0 127000.0 947342.6164582398 0.0
127000.0 128000.0 700298.8768431579 0.0
128000.0 129000.0 817584.6788341897 6500.0
129000.0 130000.0 776637.6959651381 0.0
130000.0 131000.0 850554.7972241079 6500.0
131000.0 132000.0 619125.9259104314 0.0
132000.0 133000.0 736977.8603243177 6500.0
133000.0 134000.0 659388.6100602571 0.0
134000.0 135000.0 718045.3816990289 6500.0
135000.0 136000.0 596270.0150793869 0.0
136000.0 137000.0 726361.8617131381 0.0
137000.0 138000.0 696553.7855920885 3000.0
138000.0 139000.0 783703.0333032153 3000.0
139000.0 140000.0 429743.35222641286 3000.0
140000.0 141000.0 805082.4319308134 0.0
141000.0 142000.0 642445.0434000732 3000.0
142000.0 143000.0 362019.35376692895 4400.0
143000.0 144000.0 624745.7185289924 0.0
144000.0 145000.0 618064.1051280353 4400.0
145000.0 146000.0 670217.5847661652 0.0
146000.0 147000.0 463387.98837720265 4400.0
147000.0 148000.0 511230.18870300683 0.0
148000.0 149000.0 537329.7807165557 4400.0
149000.0 150000.0 550641.3511252727 0.0
150000.0 151000.0 569784.3511929209 4400.0
151000.0 152000.0 528744.9559337887 0.0
152000.0 153000.0 522103.261051333 4400.0
153000.0 154000.0 594502.6292581192 0.0
154000.0 155000.0 550448.3974910297 4400.0
155000.0 156000.0 589932.4951985097 0.0
156000.0 157000.0 256867.76543427882 0.0
157000.0 158000.0 453296.8715195497 4400.0
158000.0 159000.0 880828.5518436093 4400.0
159000.0 160000.0 583596.6495927835 0.0
160000.0 161000.0 839437.1938748673 4400.0
161000.0 162000.0 645260.1738547832 4400.0
162000.0 163000.0 602311.140082077 0.0
163000.0 164000.0 549502.4250662581 4400.0
164000.0 165000.0 404122.25091275584 0.0
165000.0 166000.0 623553.1634244152 4400.0
166000.0 167000.0 589487.2423383628 0.0
167000.0 168000.0 657532.4943916798 4400.0
168000.0 169000.0 532802.9322313828 0.0
169000.0 170000.0 580297.0955321991 4400.0
170000.0 171000.0 637552.7258696196 0.0
171000.0 172000.0 527722.7872912463 4400.0
172000.0 173000.0 655014.0525482657 0.0
173000.0 174000.0 577570.2745580587 4400.0
174000.0 175000.0 460163.4464586168 0.0
175000.0 176000.0 588305.6423161619 4400.0
176000.0 177000.0 645120.3969309703 0.0
177000.0 178000.0 490928.0011046899 4400.0
178000.0 179000.0 676072.3004213558 0.0
179000.0 180000.0 488126.10971731023 4400.0
180000.0 181000.0 597194.3249216898 0.0
181000.0 182000.0 636122.6809536408 4400.0
182000.0 183000.0 577671.2258303191 0.0
183000.0 184000.0 611972.5162079954 4400.0
184000.0 185000.0 661472.0412099587 0.0
185000.0 186000.0 636775.0497085014 4400.0
186000.0 187000.0 475455.49831019033 0.0
187000.0 188000.0 299807.52634148754 4400.0
188000.0 189000.0 584990.8210898064 0.0
189000.0 190000.0 672388.586823771 4400.0
190000.0 191000.0 610670.1425315712 0.0
191000.0 192000.0 396368.5578234836 4400.0
192000.0 193000.0 533070.6363528989 0.0
193000.0 194000.0 770323.0063967207 4400.0
194000.0 195000.0 651028.4527739475 0.0
195000.0 196000.0 501636.7864517146 4400.0
196000.0 197000.0 727044.1793389331 4400.0
197000.0 198000.0 652354.1577425109 0.0
198000.0 199000.0 687366.417595253 4400.0
199000.0 200000.0 434382.5867977702 0.0
200000.0 201000.0 788618.4912455436 4400.0
201000.0 202000.0 576068.0722228157 0.0
202000.0 203000.0 449509.3966935921 4400.0
203000.0 204000.0 403440.63188247004 0.0
204000.0 205000.0 463992.1899518564 4400.0
205000.0 206000.0 407708.5582494277 0.0
206000.0 207000.0 676137.3595366864 4400.0
207000.0 208000.0 636447.7000884565 0.0
208000.0 209000.0 778119.0191171219 4400.0
209000.0 210000.0 611591.4792711607 0.0
210000.0 211000.0 710063.6348819768 4400.0
211000.0 212000.0 620490.7172152562 0.0
212000.0 213000.0 632854.259781921 4400.0
213000.0 214000.0 635313.7685651357 4400.0
214000.0 215000.0 622304.6821159024 0.0
215000.0 216000.0 448559.43126234494 4400.0
216000.0 217000.0 404657.8100979727 0.0
217000.0 218000.0 788889.1758286145 4400.0
218000.0 219000.0 554579.0759947534 0.0
219000.0 220000.0 464502.3887010579 0.0
220000.0 221000.0 383775.27454928576 4400.0
221000.0 222000.0 734237.4622121986 4400.0
222000.0 223000.0 749784.5653902388 0.0
223000.0 224000.0 730022.9655987786 4400.0
224000.0 225000.0 662400.2310954831 0.0
225000.0 226000.0 221878.48068689773 0.0
226000.0 227000.0 322860.435232903 4400.0
227000.0 228000.0 640111.7662308734 4400.0
228000.0 229000.0 283660.7985362236 0.0
229000.0 230000.0 560792.6916454796 0.0
230000.0 231000.0 682916.5784506869 4400.0
231000.0 232000.0 623836.2208948812 0.0
232000.0 233000.0 453717.5882674822 4400.0
233000.0 234000.0 574408.2988180668 0.0
234000.0 235000.0 526632.3109022683 4400.0
235000.0 236000.0 602849.0517712486 0.0
236000.0 237000.0 706055.7277613789 4400.0
237000.0 238000.0 744206.9227708454 4400.0
238000.0 239000.0 700898.2711159582 0.0
239000.0 240000.0 798046.0906870981 4400.0
240000.0 241000.0 749719.1235109617 4400.0
241000.0 242000.0 608993.449879668 0.0
242000.0 243000.0 437223.12561674137 0.0
243000.0 244000.0 349830.8309166137 4400.0
244000.0 245000.0 775480.2535501342 4400.0
245000.0 246000.0 645675.0819920175 0.0
246000.0 247000.0 550624.7279344883 4400.0
247000.0 248000.0 610054.8453549701 0.0
248000.0 249000.0 737890.0627731199 4400.0
249000.0 250000.0 535192.4692969846 0.0
250000.0 251000.0 448306.6227054819 4400.0
251000.0 252000.0 556975.3852471325 0.0
252000.0 253000.0 474984.5558530227 4400.0
253000.0 254000.0 687850.3001191284 0.0
254000.0 255000.0 365980.8302256086 4400.0
255000.0 256000.0 663185.0666156489 0.0
256000.0 257000.0 621091.1225702334 4400.0
257000.0 258000.0 572120.4717469123 0.0
258000.0 259000.0 648872.8785850875 4400.0
259000.0 260000.0 597547.34014704 4400.0
260000.0 261000.0 766867.6049287112 0.0
261000.0 262000.0 1214548.097344899 0.0
262000.0 263000.0 351073.77624995186 4400.0
263000.0 264000.0 540114.0172810635 0.0
264000.0 265000.0 523337.90957693075 4400.0
265000.0 266000.0 631502.5529916349 4400.0
266000.0 267000.0 691796.4185925046 0.0
267000.0 268000.0 686123.7023745665 0.0
268000.0 269000.0 392941.622933348 4400.0
269000.0 270000.0 98484.73281319867 4400.0
270000.0 271000.0 313895.47707534273 0.0
271000.0 272000.0 202927.7096210915 4400.0
272000.0 273000.0 590712.1269466317 0.0
273000.0 274000.0 466298.36669592094 4400.0
274000.0 275000.0 672457.0227615492 0.0
275000.0 276000.0 488676.5311266015 4400.0
276000.0 277000.0 688744.4757019038 0.0
277000.0 278000.0 489699.24619351106 4400.0
278000.0 279000.0 694987.4738824739 0.0
279000.0 280000.0 499756.98394770484 4400.0
280000.0 281000.0 540803.0384409357 0.0
281000.0 282000.0 382855.23084618116 4400.0
282000.0 283000.0 502230.6868401592 0.0
283000.0 284000.0 463194.0831551782 4400.0
284000.0 285000.0 749820.7995878302 0.0
285000.0 286000.0 628979.1097674008 4400.0
286000.0 287000.0 628596.5680182988 4400.0
287000.0 288000.0 546763.6717400518 0.0
288000.0 289000.0 680138.0058931601 4400.0
289000.0 290000.0 574491.8296604196 0.0
290000.0 291000.0 655653.7561095328 4400.0
291000.0 292000.0 598695.019290293 0.0
292000.0 293000.0 404764.1276586028 4400.0
293000.0 294000.0 446025.11444874154 0.0
294000.0 295000.0 646355.5091633506 4400.0
295000.0 296000.0 582239.3310851312 0.0
296000.0 297000.0 814833.9347435095 4400.0
297000.0 298000.0 610427.4494746304 0.0
298000.0 299000.0 548290.4554179469 4400.0
299000.0 300000.0 643279.5873836116 0.0
