ts te s_bytes_all avg_video_rate
0.0 1000.0 0.0 0.0
1000.0 2000.0 0.0 0.0
2000.0 3000.0 0.0 0.0
3000.0 4000.0 0.0 0.0
4000.0 5000.0 0.0 0.0
5000.0 6000.0 0.0 0.0
6000.0 7000.0 8920.385954423331 0.0
7000.0 8000.0 154967.4615545247 2300.0
8000.0 9000.0 116552.2876658121 480.0
9000.0 10000.0 41878.37887083453 0.0
10000.0 11000.0 12350.440559953104 0.0
11000.0 12000.0 53135.06258850971 288.0
12000.0 13000.0 111010.01544685646 0.0
13000.0 14000.0 21710.781875140216 0.0
14000.0 15000.0 8849.189276562758 0.0
15000.0 16000.0 116062.47135829419 288.0
16000.0 17000.0 162741.13890760418 288.0
17000.0 18000.0 176104.3827696072 288.0
18000.0 19000.0 176719.7236701312 288.0
19000.0 20000.0 105295.27950174632 0.0
20000.0 21000.0 35706.54224427531 480.0
21000.0 22000.0 102589.51767857381 0.0
22000.0 23000.0 145260.99610706765 480.0
23000.0 24000.0 26458.786333290143 0.0
24000.0 25000.0 49428.04599828706 480.0
25000.0 26000.0 179640.18663183606 840.0
26000.0 27000.0 69118.92500666996 0.0
27000.0 28000.0 169418.76085970717 840.0
28000.0 29000.0 19495.23914029285 0.0
29000.0 30000.0 222323.0 840.0
30000.0 31000.0 0.0 0.0
31000.0 32000.0 413909.0 1500.0
32000.0 33000.0 0.0 0.0
33000.0 34000.0 421097.0 1500.0
34000.0 35000.0 189627.30219470817 2300.0
35000.0 36000.0 409515.6978052918 0.0
36000.0 37000.0 177193.007434789 2300.0
37000.0 38000.0 439145.992565211 0.0
38000.0 39000.0 491691.6017361062 3000.0
39000.0 40000.0 130997.16326792083 0.0
40000.0 41000.0 563200.3217464305 3000.0
41000.0 42000.0 632562.0360536943 3000.0
42000.0 43000.0 392928.8771958483 0.0
43000.0 44000.0 507599.8880260415 3000.0
44000.0 45000.0 273110.85853975185 0.0
45000.0 46000.0 550082.5887545552 3000.0
46000.0 47000.0 416448.7439294441 3000.0
47000.0 48000.0 459523.64759278396 0.0
48000.0 49000.0 322433.4661550283 3000.0
49000.0 50000.0 558704.7614864107 0.0
50000.0 51000.0 519579.2451003953 3000.0
51000.0 52000.0 234110.50752660248 0.0
52000.0 53000.0 489388.7744312952 3000.0
53000.0 54000.0 591775.3365249932 3000.0
54000.0 55000.0 409101.9441438824 0.0
55000.0 56000.0 333561.3730822068 3000.0
56000.0 57000.0 533037.0284762552 0.0
57000.0 58000.0 476062.4185613079 3000.0
58000.0 59000.0 301238.4199471978 0.0
59000.0 60000.0 327121.50323321886 3000.0
60000.0 61000.0 658218.5868390545 3000.0
61000.0 62000.0 547044.9076495748 0.0
62000.0 63000.0 197082.6753808968 4400.0
63000.0 64000.0 647943.6853830602 0.0
64000.0 65000.0 783356.9525689685 4400.0
65000.0 66000.0 421568.6943993468 0.0
66000.0 67000.0 540674.8410247859 4400.0
67000.0 68000.0 644600.4041370264 0.0
68000.0 69000.0 701187.7401710418 4400.0
69000.0 70000.0 781778.7002968353 4400.0
70000.0 71000.0 625979.3016390319 0.0
71000.0 72000.0 658861.747092582 4400.0
72000.0 73000.0 704492.8568975745 0.0
73000.0 74000.0 647827.6222876771 4400.0
74000.0 75000.0 709704.5145859903 4400.0
75000.0 76000.0 702968.6559501002 0.0
76000.0 77000.0 743703.9002626996 4400.0
77000.0 78000.0 380975.51724197256 0.0
78000.0 79000.0 530482.9770997317 4400.0
79000.0 80000.0 708635.8357927639 4400.0
80000.0 81000.0 727560.2465196385 0.0
81000.0 82000.0 552613.9613483774 4400.0
82000.0 83000.0 644090.2703839776 0.0
83000.0 84000.0 556963.1812668258 4400.0
84000.0 85000.0 675589.1096649078 0.0
85000.0 86000.0 675028.526039423 4400.0
86000.0 87000.0 632379.1557186596 0.0
87000.0 88000.0 609746.7323735511 4400.0
88000.0 89000.0 349388.0976765032 0.0
89000.0 90000.0 65066.096796050246 0.0
90000.0 91000.0 0.0 0.0
91000.0 92000.0 397917.38154535205 4400.0
92000.0 93000.0 597938.6168880787 0.0
93000.0 94000.0 797572.5841668866 3000.0
94000.0 95000.0 568012.2026825286 3000.0
95000.0 96000.0 693235.870197475 3000.0
96000.0 97000.0 340783.28583802324 0.0
97000.0 98000.0 475542.95878520096 3000.0
98000.0 99000.0 312437.1394934021 0.0
99000.0 100000.0 439141.1881655079 3000.0
100000.0 101000.0 362677.5866506374 0.0
101000.0 102000.0 509914.3438610399 3000.0
102000.0 103000.0 281943.7287673519 0.0
103000.0 104000.0 550657.0031709496 3000.0
104000.0 105000.0 254597.13283083343 0.0
105000.0 106000.0 471674.7807039401 3000.0
106000.0 107000.0 251305.52972197594 0.0
107000.0 108000.0 326674.7860180619 3000.0
108000.0 109000.0 523870.3224692878 3000.0
109000.0 110000.0 688004.8550132259 0.0
110000.0 111000.0 593315.6381396021 3000.0
111000.0 112000.0 723725.702671676 3000.0
112000.0 113000.0 327897.07482771954 0.0
113000.0 114000.0 485089.3581883543 4400.0
114000.0 115000.0 507589.7133024245 0.0
115000.0 116000.0 588527.9607953697 4400.0
116000.0 117000.0 557766.3183082574 0.0
117000.0 118000.0 603069.5386760313 4400.0
118000.0 119000.0 468182.92387704115 0.0
119000.0 120000.0 582036.4237186626 4400.0
120000.0 121000.0 492550.96855040215 0.0
121000.0 122000.0 121121.08197470018 0.0
122000.0 123000.0 0.0 0.0
123000.0 124000.0 346409.2276914865 4400.0
124000.0 125000.0 565288.0260110623 0.0
125000.0 126000.0 596850.4737752842 3000.0
126000.0 127000.0 244925.2523007917 0.0
127000.0 128000.0 450116.9522451785 3000.0
128000.0 129000.0 308226.1832456096 0.0
129000.0 130000.0 366243.7633760002 3000.0
130000.0 131000.0 429948.46643023775 0.0
131000.0 132000.0 358230.4806358544 3000.0
132000.0 133000.0 581856.5521783468 3000.0
133000.0 134000.0 741638.4057236528 3000.0
134000.0 135000.0 458812.25770134747 0.0
135000.0 136000.0 497506.59431853384 3000.0
136000.0 137000.0 245945.9975476747 0.0
137000.0 138000.0 541242.762633279 4400.0
138000.0 139000.0 385587.89883809816 0.0
139000.0 140000.0 513557.9874118451 4400.0
140000.0 141000.0 439047.6402523827 0.0
141000.0 142000.0 576272.1300593115 4400.0
142000.0 143000.0 378876.00838497345 0.0
143000.0 144000.0 580455.8395470829 4400.0
144000.0 145000.0 361512.31748167635 0.0
145000.0 146000.0 522270.6888124075 4400.0
146000.0 147000.0 467342.85098522925 0.0
147000.0 148000.0 525695.5688536058 4400.0
148000.0 149000.0 471466.69048440317 0.0
149000.0 150000.0 593187.5229449961 4400.0
150000.0 151000.0 492445.80206608603 0.0
151000.0 152000.0 535896.0445441992 4400.0
152000.0 153000.0 412381.3692909123 0.0
153000.0 154000.0 622084.8719721476 4400.0
154000.0 155000.0 356302.9964501405 0.0
155000.0 156000.0 495760.8646569463 4400.0
156000.0 157000.0 477378.49440762465 0.0
157000.0 158000.0 562712.6285440817 4400.0
158000.0 159000.0 368684.1901980506 0.0
159000.0 160000.0 444253.2970915597 4400.0
160000.0 161000.0 470489.7116443127 0.0
161000.0 162000.0 548355.6806118015 4400.0
162000.0 163000.0 324421.9111409291 0.0
163000.0 164000.0 550258.7732187167 4400.0
164000.0 165000.0 433257.31833662966 0.0
165000.0 166000.0 552703.1657463039 4400.0
166000.0 167000.0 459831.95911592024 0.0
167000.0 168000.0 569720.0666424157 4400.0
168000.0 169000.0 330784.8171321851 0.0
169000.0 170000.0 406094.6179466008 4400.0
170000.0 171000.0 502206.723638744 0.0
171000.0 172000.0 403488.84864680615 4400.0
172000.0 173000.0 601918.0490595577 0.0
173000.0 174000.0 405991.40612150915 3000.0
174000.0 175000.0 517732.82486835215 0.0
175000.0 176000.0 373137.1969462151 3000.0
176000.0 177000.0 280617.8300909004 0.0
177000.0 178000.0 472156.531472381 3000.0
178000.0 179000.0 346941.468527619 0.0
179000.0 180000.0 444783.6867289882 3000.0
180000.0 181000.0 579581.4006897125 3000.0
181000.0 182000.0 765894.000351584 3000.0
182000.0 183000.0 481140.2778841807 0.0
183000.0 184000.0 490145.3011723355 3000.0
184000.0 185000.0 421165.70392337616 0.0
185000.0 186000.0 445668.9301489312 3000.0
186000.0 187000.0 268737.2549360318 0.0
187000.0 188000.0 480830.4371948606 4400.0
188000.0 189000.0 471380.1060987836 0.0
189000.0 190000.0 544943.4421812275 4400.0
190000.0 191000.0 496710.14287127863 0.0
191000.0 192000.0 508304.8377118532 4400.0
192000.0 193000.0 570776.3932229663 0.0
193000.0 194000.0 650018.6248905446 4400.0
194000.0 195000.0 429604.5033596838 0.0
195000.0 196000.0 574602.4861273002 4400.0
196000.0 197000.0 398028.20505341503 0.0
197000.0 198000.0 502716.47631919006 4400.0
198000.0 199000.0 422441.7769450336 0.0
199000.0 200000.0 622429.246635976 4400.0
200000.0 201000.0 404996.23265721195 0.0
201000.0 202000.0 595658.0317967949 4400.0
202000.0 203000.0 509215.32793577877 0.0
203000.0 204000.0 532893.0999468066 4400.0
204000.0 205000.0 461018.9954526303 0.0
205000.0 206000.0 583830.3710194462 4400.0
206000.0 207000.0 494564.3426363252 0.0
207000.0 208000.0 621388.977026948 4400.0
208000.0 209000.0 415621.6789943753 0.0
209000.0 210000.0 552174.4158698404 4400.0
210000.0 211000.0 436707.6164224027 0.0
211000.0 212000.0 617247.0160905654 4400.0
212000.0 213000.0 450056.4056721348 0.0
213000.0 214000.0 590078.9125875816 3000.0
214000.0 215000.0 363270.9922200434 0.0
215000.0 216000.0 372963.03316101275 3000.0
216000.0 217000.0 396164.3160628488 0.0
217000.0 218000.0 391977.4025553876 3000.0
218000.0 219000.0 269893.10804991244 0.0
219000.0 220000.0 545219.6458277465 3000.0
220000.0 221000.0 335998.5439098683 0.0
221000.0 222000.0 506054.6568664924 3000.0
222000.0 223000.0 288063.0072689642 0.0
223000.0 224000.0 431425.5063741955 3000.0
224000.0 225000.0 382054.3873803392 0.0
225000.0 226000.0 542743.3476300923 3000.0
226000.0 227000.0 253395.60406692175 0.0
227000.0 228000.0 502477.7382209762 3000.0
228000.0 229000.0 527421.4271981961 3000.0
229000.0 230000.0 719297.3548672211 3000.0
230000.0 231000.0 323313.7525676212 0.0
231000.0 232000.0 571746.3827271464 3000.0
232000.0 233000.0 325152.60028135066 0.0
233000.0 234000.0 335217.8124200886 4400.0
234000.0 235000.0 595709.099430274 0.0
235000.0 236000.0 580708.0239425601 4400.0
236000.0 237000.0 563300.0715826228 0.0
237000.0 238000.0 672635.7721846201 4400.0
238000.0 239000.0 540106.4969784529 0.0
239000.0 240000.0 572714.3932761401 4400.0
240000.0 241000.0 524911.0178032239 0.0
241000.0 242000.0 610882.7880430364 4400.0
242000.0 243000.0 623813.3809543985 0.0
243000.0 244000.0 682688.4679909167 4400.0
244000.0 245000.0 629758.4865961053 0.0
245000.0 246000.0 480204.7049276245 2300.0
246000.0 247000.0 308504.0180775043 0.0
247000.0 248000.0 451052.30162749643 2300.0
248000.0 249000.0 125938.69837250357 0.0
249000.0 250000.0 483452.6616130601 3000.0
250000.0 251000.0 273540.05848311516 0.0
251000.0 252000.0 435135.75569028966 4400.0
252000.0 253000.0 572025.738181225 0.0
253000.0 254000.0 595820.1704599685 4400.0
254000.0 255000.0 609382.806330241 0.0
255000.0 256000.0 616276.3007791041 4400.0
256000.0 257000.0 517340.4193748892 0.0
257000.0 258000.0 499148.02117744763 3000.0
258000.0 259000.0 439956.23060329416 0.0
259000.0 260000.0 404029.4347950743 3000.0
260000.0 261000.0 405044.4025122913 0.0
261000.0 262000.0 458935.7813619671 3000.0
262000.0 263000.0 316558.51681311463 0.0
263000.0 264000.0 472830.227582191 3000.0
264000.0 265000.0 359883.29512816935 0.0
265000.0 266000.0 571840.0612720918 3000.0
266000.0 267000.0 270244.092463474 0.0
267000.0 268000.0 505881.673230312 3000.0
268000.0 269000.0 270184.00839835714 0.0
269000.0 270000.0 406488.0224028311 3000.0
270000.0 271000.0 292243.23692453024 0.0
271000.0 272000.0 503055.67047851265 3000.0
272000.0 273000.0 260821.74449218292 0.0
273000.0 274000.0 411111.6033750666 3000.0
274000.0 275000.0 550164.9928039624 3000.0
275000.0 276000.0 936833.0012623023 3000.0
276000.0 277000.0 361643.52966386906 0.0
277000.0 278000.0 570066.1778059829 3000.0
278000.0 279000.0 299148.3258831142 0.0
279000.0 280000.0 500459.2330452648 4400.0
280000.0 281000.0 495901.3135329612 0.0
281000.0 282000.0 505301.8394831654 4400.0
282000.0 283000.0 525225.6250035666 0.0
283000.0 284000.0 622208.4080665204 4400.0
284000.0 285000.0 568555.3680482825 0.0
285000.0 286000.0 613881.5396849989 4400.0
286000.0 287000.0 520869.95011985174 0.0
287000.0 288000.0 570403.1394978646 4400.0
288000.0 289000.0 410866.8047106082 0.0
289000.0 290000.0 516626.26049508445 4400.0
290000.0 291000.0 676804.7030815582 0.0
291000.0 292000.0 679679.1305128674 4400.0
292000.0 293000.0 623851.723375374 0.0
293000.0 294000.0 454739.97053306486 4400.0
294000.0 295000.0 419003.7054082212 0.0
295000.0 296000.0 562246.0406612008 4400.0
296000.0 297000.0 566596.1271066242 0.0
297000.0 298000.0 677516.2257120397 4400.0
298000.0 299000.0 493520.04876439716 0.0
299000.0 300000.0 605076.7400143292 4400.0
300000.0 301000.0 204811.14180012286 0.0
