ts te s_bytes_all avg_video_rate
0.0 1000.0 0.0 0.0
1000.0 2000.0 0.0 0.0
2000.0 3000.0 0.0 0.0
3000.0 4000.0 39870.90538079014 2300.0
4000.0 5000.0 588155.3556287856 0.0
5000.0 6000.0 541431.8220758704 2300.0
6000.0 7000.0 569388.5469500247 0.0
7000.0 8000.0 606823.0594719448 2300.0
8000.0 9000.0 630562.3744476719 2300.0
9000.0 10000.0 553032.7235645945 2300.0
10000.0 11000.0 663425.6310997494 2300.0
11000.0 12000.0 640967.7142799243 2300.0
12000.0 13000.0 560951.3962333051 2300.0
13000.0 14000.0 235984.37340543707 0.0
14000.0 15000.0 485213.72745862295 2300.0
15000.0 16000.0 890308.366786752 2300.0
16000.0 17000.0 719247.9000305447 2300.0
17000.0 18000.0 404469.3004487017 0.0
18000.0 19000.0 440151.4558940139 2300.0
19000.0 20000.0 195754.34684326724 0.0
20000.0 21000.0 628358.0421979979 2300.0
21000.0 22000.0 482848.6081053005 0.0
22000.0 23000.0 615354.3324855843 4400.0
23000.0 24000.0 513834.83400979073 0.0
24000.0 25000.0 557996.2753644149 4400.0
25000.0 26000.0 548784.589328225 0.0
26000.0 27000.0 392160.3185086867 4400.0
27000.0 28000.0 789621.4595707791 0.0
28000.0 29000.0 778930.2580048732 4400.0
29000.0 30000.0 496806.892507865 0.0
30000.0 31000.0 656135.5829608252 4400.0
31000.0 32000.0 606933.8069556576 0.0
32000.0 33000.0 0.0 0.0
33000.0 34000.0 5825.487590628085 0.0
34000.0 35000.0 238991.4958656958 2300.0
35000.0 36000.0 408346.02674137556 0.0
36000.0 37000.0 580818.588917502 2300.0
37000.0 38000.0 416338.4679372974 0.0
38000.0 39000.0 735458.4310698553 2300.0
39000.0 40000.0 11612.501877646013 0.0
40000.0 41000.0 591634.7794094367 2300.0
41000.0 42000.0 34966.48211877361 0.0
42000.0 43000.0 696551.6524339092 4400.0
43000.0 44000.0 470152.18446715485 0.0
44000.0 45000.0 555207.3306977657 4400.0
45000.0 46000.0 551878.7352788759 0.0
46000.0 47000.0 745096.6082938755 4400.0
47000.0 48000.0 439686.580619939 0.0
48000.0 49000.0 288515.75567686255 4400.0
49000.0 50000.0 699447.8399819598 0.0
50000.0 51000.0 515889.79884254606 4400.0
51000.0 52000.0 589334.6399255258 0.0
52000.0 53000.0 665599.5385362448 4400.0
53000.0 54000.0 441026.1801562122 0.0
54000.0 55000.0 662313.1420133249 4400.0
55000.0 56000.0 496008.5850676216 0.0
56000.0 57000.0 596583.6776458614 4400.0
57000.0 58000.0 564690.4913264307 0.0
58000.0 59000.0 639618.7404316142 4400.0
59000.0 60000.0 492011.3462877994 0.0
60000.0 61000.0 690488.524488618 4400.0
61000.0 62000.0 516074.597623454 0.0
62000.0 63000.0 811478.3008806617 4400.0
63000.0 64000.0 654846.3748879409 3000.0
64000.0 65000.0 639403.0826403567 0.0
65000.0 66000.0 64129.83024734356 0.0
66000.0 67000.0 613141.5182260053 3000.0
67000.0 68000.0 674054.490481334 3000.0
68000.0 69000.0 631754.5619427485 3000.0
69000.0 70000.0 318858.5539020731 0.0
70000.0 71000.0 626321.3267584803 4400.0
71000.0 72000.0 491668.0414111542 0.0
72000.0 73000.0 740757.2326571607 4400.0
73000.0 74000.0 466815.1941913819 0.0
74000.0 75000.0 314674.11666236323 4400.0
75000.0 76000.0 722719.6650189378 0.0
76000.0 77000.0 628963.3477284331 4400.0
77000.0 78000.0 590134.9204516641 0.0
78000.0 79000.0 664942.6580704033 4400.0
79000.0 80000.0 367797.2330954589 0.0
80000.0 81000.0 626267.6226249553 4400.0
81000.0 82000.0 480090.8950762299 0.0
82000.0 83000.0 613051.3775149076 4400.0
83000.0 84000.0 486322.5176730189 0.0
84000.0 85000.0 621397.2449316737 4400.0
85000.0 86000.0 552120.0010986985 0.0
86000.0 87000.0 605916.5068637744 4400.0
87000.0 88000.0 512383.1560206603 0.0
88000.0 89000.0 638636.3589122822 4400.0
89000.0 90000.0 485314.2018421485 0.0
90000.0 91000.0 643770.774165433 4400.0
91000.0 92000.0 572738.6826985105 0.0
92000.0 93000.0 601124.494998117 4400.0
93000.0 94000.0 768912.5991178174 4400.0
94000.0 95000.0 652982.4556529606 0.0
95000.0 96000.0 800843.6912013665 4400.0
96000.0 97000.0 727587.127927963 4400.0
97000.0 98000.0 597918.9374610054 0.0
98000.0 99000.0 815529.8401527882 4400.0
99000.0 100000.0 593096.4576259824 0.0
100000.0 101000.0 783035.9361019456 4400.0
101000.0 102000.0 626627.813379099 0.0
102000.0 103000.0 301017.5593239951 4400.0
103000.0 104000.0 687307.5650780274 0.0
104000.0 105000.0 587450.3230916052 4400.0
105000.0 106000.0 674598.0149300996 0.0
106000.0 107000.0 543554.8919370838 4400.0
107000.0 108000.0 447998.32770211104 0.0
108000.0 109000.0 615838.0550551512 4400.0
109000.0 110000.0 392346.0806331916 0.0
110000.0 111000.0 599922.5157432936 4400.0
111000.0 112000.0 488247.75465728453 0.0
112000.0 113000.0 588833.635810048 4400.0
113000.0 114000.0 610283.2097890704 0.0
114000.0 115000.0 592317.6298317804 4400.0
115000.0 116000.0 346814.9750378971 0.0
116000.0 117000.0 605412.2036665881 4400.0
117000.0 118000.0 556280.5007673673 0.0
118000.0 119000.0 651110.4477234058 4400.0
119000.0 120000.0 443450.66178979736 0.0
120000.0 121000.0 643051.5245320224 4400.0
121000.0 122000.0 485199.91306825436 0.0
122000.0 123000.0 21457.856212880484 0.0
123000.0 124000.0 0.0 0.0
124000.0 125000.0 372325.36467113113 2300.0
125000.0 126000.0 513566.9892163769 4400.0
126000.0 127000.0 592176.6245956325 0.0
127000.0 128000.0 626368.2897608401 2300.0
128000.0 129000.0 614400.046457325 2300.0
129000.0 130000.0 214583.16017677498 0.0
130000.0 131000.0 656189.7856075667 2300.0
131000.0 132000.0 21652.73951435263 0.0
132000.0 133000.0 625995.0675153001 4400.0
133000.0 134000.0 369056.0770233615 0.0
134000.0 135000.0 645159.6713221857 4400.0
135000.0 136000.0 438755.279948775 0.0
136000.0 137000.0 629063.906890102 4400.0
137000.0 138000.0 453026.32692826993 0.0
138000.0 139000.0 651056.0188182757 4400.0
139000.0 140000.0 388401.5759819554 0.0
140000.0 141000.0 565836.1095895845 4400.0
141000.0 142000.0 562701.6624218449 4400.0
142000.0 143000.0 551662.8577932566 0.0
143000.0 144000.0 592661.0244111028 4400.0
144000.0 145000.0 857435.4990051889 0.0
145000.0 146000.0 602835.4212768921 4400.0
146000.0 147000.0 668414.180895594 4400.0
147000.0 148000.0 710710.906159706 0.0
148000.0 149000.0 270952.78298638505 4400.0
149000.0 150000.0 758352.8957593075 0.0
150000.0 151000.0 753188.3268499622 4400.0
151000.0 152000.0 545555.4159791201 0.0
152000.0 153000.0 677945.572679965 4400.0
153000.0 154000.0 468679.4357708316 0.0
154000.0 155000.0 602877.0292291485 4400.0
155000.0 156000.0 467510.82131604 0.0
156000.0 157000.0 661496.4275130939 4400.0
157000.0 158000.0 370529.5185327817 0.0
158000.0 159000.0 609086.4782607773 4400.0
159000.0 160000.0 630729.6579093246 0.0
160000.0 161000.0 670562.3912087438 4400.0
161000.0 162000.0 475661.92012797925 0.0
162000.0 163000.0 569774.5664617149 4400.0
163000.0 164000.0 498443.91291809024 0.0
164000.0 165000.0 576659.9736430704 4400.0
165000.0 166000.0 588425.5679068892 0.0
166000.0 167000.0 642894.1678020176 4400.0
167000.0 168000.0 455530.2881498485 0.0
168000.0 169000.0 604419.1473320782 4400.0
169000.0 170000.0 580273.8023449461 0.0
170000.0 171000.0 653143.5740653103 4400.0
171000.0 172000.0 509268.83542435034 0.0
172000.0 173000.0 659460.1769336535 4400.0
173000.0 174000.0 378663.6705194069 0.0
174000.0 175000.0 557592.6622423269 4400.0
175000.0 176000.0 740069.0443288543 0.0
176000.0 177000.0 608423.8579122609 4400.0
177000.0 178000.0 589086.4919103257 0.0
178000.0 179000.0 538132.2582852625 4400.0
179000.0 180000.0 528821.7840049183 0.0
180000.0 181000.0 645973.4251101717 4400.0
181000.0 182000.0 522968.918055077 0.0
182000.0 183000.0 609714.8981692066 4400.0
183000.0 184000.0 531281.1085589041 0.0
184000.0 185000.0 721629.4543413192 4400.0
185000.0 186000.0 512077.14172307565 0.0
186000.0 187000.0 597339.5477928364 4400.0
187000.0 188000.0 543167.7581282621 0.0
188000.0 189000.0 629701.7030581686 4400.0
189000.0 190000.0 713701.1419725441 4400.0
190000.0 191000.0 839583.9469415284 0.0
191000.0 192000.0 676944.5879068705 4400.0
192000.0 193000.0 800071.7236754018 4400.0
193000.0 194000.0 402372.93733513163 0.0
194000.0 195000.0 833249.9532403927 4400.0
195000.0 196000.0 639678.1220337217 0.0
196000.0 197000.0 475606.1938616034 4400.0
197000.0 198000.0 779335.5703222465 0.0
198000.0 199000.0 722097.9124664156 4400.0
199000.0 200000.0 734318.1605024387 0.0
200000.0 201000.0 549308.0355817024 4400.0
201000.0 202000.0 598408.2258929379 0.0
202000.0 203000.0 695244.9994588014 4400.0
203000.0 204000.0 393664.0058950544 0.0
204000.0 205000.0 616630.9656712766 4400.0
205000.0 206000.0 601336.0373234936 0.0
206000.0 207000.0 662382.8755619607 4400.0
207000.0 208000.0 451731.36581292853 0.0
208000.0 209000.0 660185.6833987205 4400.0
209000.0 210000.0 513214.480073194 0.0
210000.0 211000.0 654260.2905680467 4400.0
211000.0 212000.0 467042.99328836566 0.0
212000.0 213000.0 611350.6592148931 4400.0
213000.0 214000.0 503139.6500463661 0.0
214000.0 215000.0 676142.1335352748 4400.0
215000.0 216000.0 516127.35119148635 0.0
216000.0 217000.0 0.0 0.0
217000.0 218000.0 2918.0 0.0
218000.0 219000.0 0.0 0.0
219000.0 220000.0 2918.0 0.0
220000.0 221000.0 0.0 0.0
221000.0 222000.0 5287.919509617167 0.0
222000.0 223000.0 595793.9994980657 3000.0
223000.0 224000.0 784072.4453591778 3000.0
224000.0 225000.0 291301.5335083776 3000.0
225000.0 226000.0 557945.4326722485 0.0
226000.0 227000.0 687621.4237044068 3000.0
227000.0 228000.0 694416.2751560395 3000.0
228000.0 229000.0 754702.2351895405 3000.0
229000.0 230000.0 675890.3400618641 3000.0
230000.0 231000.0 605890.2315186737 3000.0
231000.0 232000.0 526057.707101045 0.0
232000.0 233000.0 702793.8482446462 3000.0
233000.0 234000.0 763731.8027992444 3000.0
234000.0 235000.0 200785.80567705302 0.0
235000.0 236000.0 3279.4016406155556 0.0
236000.0 237000.0 697398.7200421325 4400.0
237000.0 238000.0 706961.4423924054 4400.0
238000.0 239000.0 610866.9416892694 0.0
239000.0 240000.0 572179.791277427 4400.0
240000.0 241000.0 712177.360311216 0.0
241000.0 242000.0 627459.2655702513 4400.0
242000.0 243000.0 640988.5663390863 0.0
243000.0 244000.0 501207.53960059304 4400.0
244000.0 245000.0 757003.643961979 4400.0
245000.0 246000.0 778826.7861988853 0.0
246000.0 247000.0 563699.6643388043 4400.0
247000.0 248000.0 767549.1738294526 0.0
248000.0 249000.0 290871.03427994484 4400.0
249000.0 250000.0 741933.5211445857 0.0
250000.0 251000.0 594139.1385431646 4400.0
251000.0 252000.0 583267.8157910925 0.0
252000.0 253000.0 220207.19304909479 4400.0
253000.0 254000.0 751964.9113096487 0.0
254000.0 255000.0 698694.9939213451 4400.0
255000.0 256000.0 515126.86970272 0.0
256000.0 257000.0 845486.0072282752 4400.0
257000.0 258000.0 650140.7487845215 0.0
258000.0 259000.0 100251.46905348984 0.0
259000.0 260000.0 5880.554139891483 0.0
260000.0 261000.0 617935.4912524732 4400.0
261000.0 262000.0 478760.08534837165 0.0
262000.0 263000.0 617795.036558913 3000.0
263000.0 264000.0 737518.4425578022 3000.0
264000.0 265000.0 397819.18751903705 3000.0
265000.0 266000.0 533861.9561450874 0.0
266000.0 267000.0 650609.5533838896 3000.0
267000.0 268000.0 175167.99491477426 0.0
268000.0 269000.0 620368.903748862 4400.0
269000.0 270000.0 479212.0491291436 0.0
270000.0 271000.0 601380.7565910378 4400.0
271000.0 272000.0 451626.70323688653 0.0
272000.0 273000.0 661280.6917889742 4400.0
273000.0 274000.0 499790.2073841174 0.0
274000.0 275000.0 1270.3863007388704 0.0
275000.0 276000.0 3348.9685636366485 0.0
276000.0 277000.0 631195.788666112 4400.0
277000.0 278000.0 659240.8314258764 3000.0
278000.0 279000.0 507168.33386448113 0.0
279000.0 280000.0 751293.2531014326 3000.0
280000.0 281000.0 646022.4172364338 3000.0
281000.0 282000.0 253736.6400995027 0.0
282000.0 283000.0 623800.8287380582 3000.0
283000.0 284000.0 213015.11950781805 0.0
284000.0 285000.0 699902.2623318871 3000.0
285000.0 286000.0 614097.2892345847 3000.0
286000.0 287000.0 732949.2298365282 4400.0
287000.0 288000.0 633724.3098641962 0.0
288000.0 289000.0 457837.52727924316 4400.0
289000.0 290000.0 622697.8324031241 0.0
290000.0 291000.0 348610.9992391718 4400.0
291000.0 292000.0 663322.812077465 0.0
292000.0 293000.0 630469.4807099415 4400.0
293000.0 294000.0 708964.4442554753 0.0
294000.0 295000.0 845.6315650315431 0.0
295000.0 296000.0 7132.562184679403 0.0
296000.0 297000.0 638060.1737074603 4400.0
297000.0 298000.0 518545.79028918565 0.0
298000.0 299000.0 697030.3696644237 4400.0
299000.0 300000.0 425067.0460669731 0.0
