ts te s_bytes_all avg_video_rate
0.0 1000.0 0.0 0.0
1000.0 2000.0 0.0 0.0
2000.0 3000.0 0.0 0.0
3000.0 4000.0 0.0 0.0
4000.0 5000.0 0.0 0.0
5000.0 6000.0 0.0 0.0
6000.0 7000.0 0.0 0.0
7000.0 8000.0 104200.25914729689 2300.0
8000.0 9000.0 352461.03744166065 0.0
9000.0 10000.0 269243.060213474 480.0
10000.0 11000.0 112751.81830689269 288.0
11000.0 12000.0 193195.94849147028 288.0
12000.0 13000.0 161924.62257264083 288.0
13000.0 14000.0 257822.6073758381 288.0
14000.0 15000.0 172208.2697773655 0.0
15000.0 16000.0 189335.55322918622 288.0
16000.0 17000.0 217924.8559057843 288.0
17000.0 18000.0 152568.96753839063 288.0
18000.0 19000.0 25147.82598591296 840.0
19000.0 20000.0 177583.60115923733 0.0
20000.0 21000.0 152592.07051895358 840.0
21000.0 22000.0 165434.93448444246 0.0
22000.0 23000.0 102334.10855925742 840.0
23000.0 24000.0 190887.35853904596 840.0
24000.0 25000.0 261994.02059685427 0.0
25000.0 26000.0 58526.93787145379 840.0
26000.0 27000.0 84267.92973472895 0.0
27000.0 28000.0 125681.92225071996 0.0
28000.0 29000.0 191373.28998313568 840.0
29000.0 30000.0 157712.72454499494 288.0
30000.0 31000.0 160116.2705054571 288.0
31000.0 32000.0 103130.25302573889 0.0
32000.0 33000.0 19417.636699033188 288.0
33000.0 34000.0 120471.41656984872 0.0
34000.0 35000.0 97266.87593537531 288.0
35000.0 36000.0 34303.56845155167 0.0
36000.0 37000.0 81842.63438958945 288.0
37000.0 38000.0 62099.73786981742 288.0
38000.0 39000.0 124062.24083435231 0.0
39000.0 40000.0 32718.13781403356 288.0
40000.0 41000.0 81696.50367646504 0.0
41000.0 42000.0 98552.0 288.0
42000.0 43000.0 0.0 0.0
43000.0 44000.0 239043.0 840.0
44000.0 45000.0 58460.39495017858 1500.0
45000.0 46000.0 345779.60504982143 0.0
46000.0 47000.0 91649.59829320821 1500.0
47000.0 48000.0 295054.4017067918 0.0
48000.0 49000.0 382721.0 1500.0
49000.0 50000.0 16371.349495688164 0.0
50000.0 51000.0 381861.70134605234 2300.0
51000.0 52000.0 251270.34070341088 2300.0
52000.0 53000.0 504296.6084548486 0.0
53000.0 54000.0 215784.08835897932 2300.0
54000.0 55000.0 400678.5079930487 0.0
55000.0 56000.0 96016.66971069621 3000.0
56000.0 57000.0 289403.52449501294 0.0
57000.0 58000.0 600234.8566524214 3000.0
58000.0 59000.0 526677.9665615145 0.0
59000.0 60000.0 295819.47264831775 3000.0
60000.0 61000.0 494580.144482695 0.0
61000.0 62000.0 344225.8295061441 3000.0
62000.0 63000.0 443780.1260062329 0.0
63000.0 64000.0 360466.3314274971 3000.0
64000.0 65000.0 484964.83717533963 0.0
65000.0 66000.0 314242.72963499825 3000.0
66000.0 67000.0 426455.4846149821 0.0
67000.0 68000.0 270848.9550305695 3000.0
68000.0 69000.0 447586.80436803744 0.0
69000.0 70000.0 371959.3922576098 4400.0
70000.0 71000.0 601062.0216399431 0.0
71000.0 72000.0 559013.0855524818 3000.0
72000.0 73000.0 573338.3860345146 0.0
73000.0 74000.0 261426.98711597818 3000.0
74000.0 75000.0 492709.448111223 0.0
75000.0 76000.0 261017.27071679334 3000.0
76000.0 77000.0 705229.6605403367 0.0
77000.0 78000.0 122480.95821509803 3000.0
78000.0 79000.0 580018.4611495343 0.0
79000.0 80000.0 244391.86242153982 3000.0
80000.0 81000.0 416210.13757846016 0.0
81000.0 82000.0 204272.25178342254 3000.0
82000.0 83000.0 524612.7482165775 0.0
83000.0 84000.0 216401.45954434742 3000.0
84000.0 85000.0 418027.9277853257 0.0
85000.0 86000.0 374621.22749666555 3000.0
86000.0 87000.0 475548.0027365184 0.0
87000.0 88000.0 292049.4889483728 3000.0
88000.0 89000.0 607829.3666291588 3000.0
89000.0 90000.0 537237.1671630777 0.0
90000.0 91000.0 706632.1700354889 3000.0
91000.0 92000.0 604677.9070611929 3000.0
92000.0 93000.0 582376.2825998517 0.0
93000.0 94000.0 228933.75606621717 3000.0
94000.0 95000.0 484023.1622517357 0.0
95000.0 96000.0 341155.4164740758 4400.0
96000.0 97000.0 577957.1009155338 0.0
97000.0 98000.0 515292.05496444355 4400.0
98000.0 99000.0 585107.0222451868 0.0
99000.0 100000.0 613157.3632085302 4400.0
100000.0 101000.0 559909.4995067535 0.0
101000.0 102000.0 491905.8658475521 4400.0
102000.0 103000.0 579260.5044266396 0.0
103000.0 104000.0 352937.2540933315 0.0
104000.0 105000.0 0.0 0.0
105000.0 106000.0 223296.4446254562 4400.0
106000.0 107000.0 613158.529752981 0.0
107000.0 108000.0 388771.02562156273 3000.0
108000.0 109000.0 702587.1768144612 0.0
109000.0 110000.0 304202.08063604595 3000.0
110000.0 111000.0 551268.7425494929 0.0
111000.0 112000.0 229513.2319201222 3000.0
112000.0 113000.0 456923.76066256256 0.0
113000.0 114000.0 436355.2087497243 3000.0
114000.0 115000.0 504408.5929846108 0.0
115000.0 116000.0 392792.5255739727 3000.0
116000.0 117000.0 474803.0809566703 0.0
117000.0 118000.0 297612.8330194213 3000.0
118000.0 119000.0 501733.72143690067 0.0
119000.0 120000.0 298585.95393821667 3000.0
120000.0 121000.0 545008.7996838418 0.0
121000.0 122000.0 54886.587083372084 3000.0
122000.0 123000.0 216974.0030707236 0.0
123000.0 124000.0 344061.6239462653 0.0
124000.0 125000.0 439446.66829251294 3000.0
125000.0 126000.0 405769.25809820625 0.0
126000.0 127000.0 382365.3411270894 3000.0
127000.0 128000.0 425798.8123052064 0.0
128000.0 129000.0 623861.5919796966 3000.0
129000.0 130000.0 645363.8692254007 3000.0
130000.0 131000.0 580231.4141497392 0.0
131000.0 132000.0 818793.2640229218 3000.0
132000.0 133000.0 253509.85777282258 0.0
133000.0 134000.0 226227.90170272332 3000.0
134000.0 135000.0 536359.617331407 3000.0
135000.0 136000.0 944757.0024979464 0.0
136000.0 137000.0 549831.6013401825 3000.0
137000.0 138000.0 629105.8009973759 3000.0
138000.0 139000.0 477851.63425055915 3000.0
139000.0 140000.0 868438.5672436823 3000.0
140000.0 141000.0 467919.890795781 0.0
141000.0 142000.0 368319.2871976943 3000.0
142000.0 143000.0 429750.67416059936 0.0
143000.0 144000.0 371163.35147791705 4400.0
144000.0 145000.0 530150.9844342271 0.0
145000.0 146000.0 480574.66754358646 4400.0
146000.0 147000.0 592843.7395050733 0.0
147000.0 148000.0 580301.9707958571 4400.0
148000.0 149000.0 553540.2237558302 0.0
149000.0 150000.0 560381.191576252 4400.0
150000.0 151000.0 608074.4633318356 0.0
151000.0 152000.0 620766.1099426198 4400.0
152000.0 153000.0 586545.1742016679 0.0
153000.0 154000.0 528803.575633562 4400.0
154000.0 155000.0 573082.1130786372 0.0
155000.0 156000.0 426430.7641818395 4400.0
156000.0 157000.0 541530.3021739585 0.0
157000.0 158000.0 565243.7328836458 4400.0
158000.0 159000.0 584415.9779829177 0.0
159000.0 160000.0 455444.1947957751 4400.0
160000.0 161000.0 590485.700540482 0.0
161000.0 162000.0 637416.300216601 4400.0
162000.0 163000.0 663121.6302277207 0.0
163000.0 164000.0 527043.3146239766 3000.0
164000.0 165000.0 444288.17916688113 0.0
165000.0 166000.0 426966.65587578213 3000.0
166000.0 167000.0 519478.29028838925 0.0
167000.0 168000.0 199150.61280215974 3000.0
168000.0 169000.0 526560.8014448542 0.0
169000.0 170000.0 226600.22324218028 3000.0
170000.0 171000.0 487354.3156316979 0.0
171000.0 172000.0 477748.02064205834 3000.0
172000.0 173000.0 385748.9046572205 0.0
173000.0 174000.0 261339.12940093916 3000.0
174000.0 175000.0 415941.1529663011 0.0
175000.0 176000.0 298032.039249685 3000.0
176000.0 177000.0 526311.4401167079 0.0
177000.0 178000.0 152421.77409320977 0.0
178000.0 179000.0 0.0 0.0
179000.0 180000.0 235813.3407263106 3000.0
180000.0 181000.0 545727.2639443657 3000.0
181000.0 182000.0 887854.3586959142 3000.0
182000.0 183000.0 446944.74581115285 0.0
183000.0 184000.0 430449.265177557 3000.0
184000.0 185000.0 512822.72792199283 3000.0
185000.0 186000.0 778796.2977227067 0.0
186000.0 187000.0 0.0 0.0
187000.0 188000.0 256657.23520861403 3000.0
188000.0 189000.0 436784.5872920163 0.0
189000.0 190000.0 278172.4187580294 3000.0
190000.0 191000.0 442934.2179005187 0.0
191000.0 192000.0 374788.7973786392 3000.0
192000.0 193000.0 458130.3434571289 0.0
193000.0 194000.0 356134.6348512705 3000.0
194000.0 195000.0 490358.2985370315 0.0
195000.0 196000.0 303353.0077705413 3000.0
196000.0 197000.0 430684.49117171374 0.0
197000.0 198000.0 328370.18129630876 3000.0
198000.0 199000.0 560924.9314018525 0.0
199000.0 200000.0 376126.6435019946 3000.0
200000.0 201000.0 388781.2114743404 0.0
201000.0 202000.0 252262.03778308746 3000.0
202000.0 203000.0 526019.9622169125 0.0
203000.0 204000.0 228832.6989320619 3000.0
204000.0 205000.0 433413.2420607589 0.0
205000.0 206000.0 402268.17469397926 3000.0
206000.0 207000.0 409479.1911727698 0.0
207000.0 208000.0 227021.62535272693 3000.0
208000.0 209000.0 488323.98257841344 3000.0
209000.0 210000.0 688433.4625493116 0.0
210000.0 211000.0 489268.0484821785 3000.0
211000.0 212000.0 455979.99029718566 3000.0
212000.0 213000.0 696969.1075187754 0.0
213000.0 214000.0 263020.18452862895 3000.0
214000.0 215000.0 491489.29183320963 0.0
215000.0 216000.0 247927.7394048148 3000.0
216000.0 217000.0 402485.17451268114 0.0
217000.0 218000.0 352778.02265114215 3000.0
218000.0 219000.0 504940.8367523691 0.0
219000.0 220000.0 437556.4046397042 3000.0
220000.0 221000.0 481856.83055679465 0.0
221000.0 222000.0 258629.28193715977 3000.0
222000.0 223000.0 406712.21758669894 0.0
223000.0 224000.0 230484.2164010335 3000.0
224000.0 225000.0 505770.1260330302 0.0
225000.0 226000.0 310650.381430556 3000.0
226000.0 227000.0 442822.000077238 0.0
227000.0 228000.0 334088.8431194744 3000.0
228000.0 229000.0 520068.69577117125 0.0
229000.0 230000.0 336608.2042107545 3000.0
230000.0 231000.0 513864.49575631216 3000.0
231000.0 232000.0 932712.8323994399 0.0
232000.0 233000.0 513728.61532700673 3000.0
233000.0 234000.0 402984.39177875675 3000.0
234000.0 235000.0 380850.00013160234 0.0
235000.0 236000.0 427714.67892483535 4400.0
236000.0 237000.0 580827.5062190667 0.0
237000.0 238000.0 490685.4022351051 4400.0
238000.0 239000.0 540051.2362462574 0.0
239000.0 240000.0 457225.4137488537 4400.0
240000.0 241000.0 599844.9952454738 0.0
241000.0 242000.0 722652.5400526883 4400.0
242000.0 243000.0 617998.125664647 0.0
243000.0 244000.0 502868.53708508535 4400.0
244000.0 245000.0 466822.78212897945 0.0
245000.0 246000.0 693536.329160121 4400.0
246000.0 247000.0 438177.8358304427 0.0
247000.0 248000.0 714496.0864339892 4400.0
248000.0 249000.0 679755.5036053332 0.0
249000.0 250000.0 551436.3383727538 4400.0
250000.0 251000.0 478014.9565276179 0.0
251000.0 252000.0 736455.517602213 3000.0
252000.0 253000.0 384534.3563261527 0.0
253000.0 254000.0 108122.54811264371 0.0
254000.0 255000.0 0.0 0.0
255000.0 256000.0 264900.5704666921 3000.0
256000.0 257000.0 463824.0899669626 0.0
257000.0 258000.0 341854.0613547193 3000.0
258000.0 259000.0 465138.8926652298 0.0
259000.0 260000.0 323877.9015289131 3000.0
260000.0 261000.0 718013.0539790322 3000.0
261000.0 262000.0 580073.5954529903 3000.0
262000.0 263000.0 660550.314229618 0.0
263000.0 264000.0 146625.85362213763 3000.0
264000.0 265000.0 657640.6510631044 0.0
265000.0 266000.0 196250.84930846305 3000.0
266000.0 267000.0 592782.8838355376 0.0
267000.0 268000.0 22323.707171190723 3000.0
268000.0 269000.0 619304.5753554092 0.0
269000.0 270000.0 282412.51511264243 3000.0
270000.0 271000.0 493082.7295217653 0.0
271000.0 272000.0 291343.5173565382 3000.0
272000.0 273000.0 468572.0572754384 0.0
273000.0 274000.0 420015.3234890252 3000.0
274000.0 275000.0 513832.8917679454 0.0
275000.0 276000.0 459362.2980224187 3000.0
276000.0 277000.0 446095.96184143954 0.0
277000.0 278000.0 45151.70561278703 0.0
278000.0 279000.0 0.0 0.0
279000.0 280000.0 247802.70290227517 3000.0
280000.0 281000.0 567391.2442620872 3000.0
281000.0 282000.0 805626.1794002465 3000.0
282000.0 283000.0 558909.2589338389 0.0
283000.0 284000.0 271534.30135084124 3000.0
284000.0 285000.0 566605.3131507109 0.0
285000.0 286000.0 198452.10931532012 3000.0
286000.0 287000.0 422187.70563557954 0.0
287000.0 288000.0 490500.45383873454 3000.0
288000.0 289000.0 458191.71342383395 0.0
289000.0 290000.0 405998.99923690857 3000.0
290000.0 291000.0 408651.77916664677 0.0
291000.0 292000.0 305355.147553774 3000.0
292000.0 293000.0 475930.99698347156 0.0
293000.0 294000.0 365283.13968543767 3000.0
294000.0 295000.0 442896.4985200728 0.0
295000.0 296000.0 355060.6118556025 3000.0
296000.0 297000.0 459850.6343024644 0.0
297000.0 298000.0 249039.434355608 3000.0
298000.0 299000.0 565933.2099709861 0.0
299000.0 300000.0 56287.83163177261 3000.0
300000.0 301000.0 4966.734523786867 0.0
