ts te s_bytes_all avg_video_rate
0.0 1000.0 0.0 0.0
1000.0 2000.0 0.0 0.0
2000.0 3000.0 0.0 0.0
3000.0 4000.0 0.0 0.0
4000.0 5000.0 0.0 0.0
5000.0 6000.0 16289.110790257499 0.0
6000.0 7000.0 807395.7835027254 2300.0
7000.0 8000.0 548262.2197817006 2300.0
8000.0 9000.0 748815.3299063772 2300.0
9000.0 10000.0 546092.8302442699 2300.0
10000.0 11000.0 649780.1821291503 2300.0
11000.0 12000.0 594237.9283448601 2300.0
12000.0 13000.0 628316.6122864593 2300.0
13000.0 14000.0 553441.3445647149 2300.0
14000.0 15000.0 675920.6584494847 0.0
15000.0 16000.0 231200.64789755497 2300.0
16000.0 17000.0 409891.4775192065 2300.0
17000.0 18000.0 729321.5984302358 2300.0
18000.0 19000.0 515302.18902909907 2300.0
19000.0 20000.0 547828.4816582433 0.0
20000.0 21000.0 268658.96706709533 2300.0
21000.0 22000.0 437728.7035918526 2300.0
22000.0 23000.0 378747.93480671267 0.0
23000.0 24000.0 0.0 0.0
24000.0 25000.0 365306.35434464994 4400.0
25000.0 26000.0 652291.8039242441 0.0
26000.0 27000.0 534281.1970514131 3000.0
27000.0 28000.0 350414.47581016395 0.0
28000.0 29000.0 414353.05594750744 3000.0
29000.0 30000.0 685843.3476674736 3000.0
30000.0 31000.0 505411.76525454794 0.0
31000.0 32000.0 0.0 0.0
32000.0 33000.0 442845.77981208067 3000.0
33000.0 34000.0 335350.3558655064 0.0
34000.0 35000.0 526085.2645207702 3000.0
35000.0 36000.0 658721.8849047753 3000.0
36000.0 37000.0 728169.1554802172 3000.0
37000.0 38000.0 344345.94625940983 0.0
38000.0 39000.0 504793.2346984218 3000.0
39000.0 40000.0 212613.95672194829 0.0
40000.0 41000.0 412487.5623704957 4400.0
41000.0 42000.0 558318.3495811704 0.0
42000.0 43000.0 512703.2069908379 4400.0
43000.0 44000.0 575438.5055216574 0.0
44000.0 45000.0 573870.8065146554 4400.0
45000.0 46000.0 446749.95146711404 0.0
46000.0 47000.0 521646.0765816549 4400.0
47000.0 48000.0 556889.8475454806 0.0
48000.0 49000.0 622300.1486406169 4400.0
49000.0 50000.0 506502.7145260579 0.0
50000.0 51000.0 495701.57408152113 4400.0
51000.0 52000.0 540443.4498760231 0.0
52000.0 53000.0 412988.96901873016 4400.0
53000.0 54000.0 650239.1269182381 0.0
54000.0 55000.0 589637.1280516422 4400.0
55000.0 56000.0 521916.3137769279 0.0
56000.0 57000.0 596665.7479036807 4400.0
57000.0 58000.0 575178.374105317 0.0
58000.0 59000.0 583666.8862038862 4400.0
59000.0 60000.0 560655.5038600627 0.0
60000.0 61000.0 582011.8560953316 4400.0
61000.0 62000.0 414938.2900185204 0.0
62000.0 63000.0 560472.1556698894 4400.0
63000.0 64000.0 565301.7714409285 0.0
64000.0 65000.0 555753.0098748837 3000.0
65000.0 66000.0 674907.3295531222 3000.0
66000.0 67000.0 380702.7655484243 0.0
67000.0 68000.0 0.0 0.0
68000.0 69000.0 2917.0 0.0
69000.0 70000.0 0.0 0.0
70000.0 71000.0 5302.631211720426 0.0
71000.0 72000.0 537299.1763385329 3000.0
72000.0 73000.0 648990.3777930936 3000.0
73000.0 74000.0 613356.7142048917 3000.0
74000.0 75000.0 719534.615011173 3000.0
75000.0 76000.0 572999.7113892582 0.0
76000.0 77000.0 454899.7938214367 3000.0
77000.0 78000.0 343449.98022989364 0.0
78000.0 79000.0 394197.7562474318 3000.0
79000.0 80000.0 260240.29286607867 0.0
80000.0 81000.0 456292.052655439 3000.0
81000.0 82000.0 726225.9196165802 3000.0
82000.0 83000.0 609463.972735403 3000.0
83000.0 84000.0 526945.5865630994 0.0
84000.0 85000.0 553110.4886005145 3000.0
85000.0 86000.0 272138.29494859 0.0
86000.0 87000.0 445874.7982226735 4400.0
87000.0 88000.0 535422.2426428387 0.0
88000.0 89000.0 515666.4972251858 4400.0
89000.0 90000.0 489737.6663257556 0.0
90000.0 91000.0 510801.119109717 4400.0
91000.0 92000.0 606983.1489115029 0.0
92000.0 93000.0 585500.6586262676 4400.0
93000.0 94000.0 525095.4161185883 0.0
94000.0 95000.0 611321.1517750204 4400.0
95000.0 96000.0 489548.41429274523 0.0
96000.0 97000.0 585039.3119143702 4400.0
97000.0 98000.0 421595.6341620233 0.0
98000.0 99000.0 579284.4527448243 4400.0
99000.0 100000.0 448660.49042456405 0.0
100000.0 101000.0 570688.4040119982 4400.0
101000.0 102000.0 595211.5197233398 0.0
102000.0 103000.0 559816.2523228957 4400.0
103000.0 104000.0 603756.5110748727 0.0
104000.0 105000.0 716651.5296243157 4400.0
105000.0 106000.0 603754.2351281805 4400.0
106000.0 107000.0 566045.0678999439 0.0
107000.0 108000.0 709940.2583836683 4400.0
108000.0 109000.0 612654.660001703 0.0
109000.0 110000.0 563020.0565284658 4400.0
110000.0 111000.0 720933.5753539801 4400.0
111000.0 112000.0 552933.1620665621 0.0
112000.0 113000.0 667124.4011508606 4400.0
113000.0 114000.0 692603.8083410874 0.0
114000.0 115000.0 756288.4959196984 4400.0
115000.0 116000.0 604893.457118958 0.0
116000.0 117000.0 517031.66347083775 4400.0
117000.0 118000.0 739076.3356360885 0.0
118000.0 119000.0 506309.0658852065 4400.0
119000.0 120000.0 635684.9140507755 0.0
120000.0 121000.0 527568.0851297337 4400.0
121000.0 122000.0 544331.5922627477 0.0
122000.0 123000.0 404982.5774708858 4400.0
123000.0 124000.0 700918.8227980912 0.0
124000.0 125000.0 588691.4278134258 4400.0
125000.0 126000.0 644004.1799293385 0.0
126000.0 127000.0 58042.57417312532 0.0
127000.0 128000.0 0.0 0.0
128000.0 129000.0 486541.442677573 4400.0
129000.0 130000.0 539277.5174147313 0.0
130000.0 131000.0 568026.463782067 3000.0
131000.0 132000.0 725835.1924624619 3000.0
132000.0 133000.0 645314.8002768327 3000.0
133000.0 134000.0 414938.4732290228 0.0
134000.0 135000.0 538348.1014823408 3000.0
135000.0 136000.0 336479.0544606674 0.0
136000.0 137000.0 460798.03391447087 3000.0
137000.0 138000.0 266107.33640784194 0.0
138000.0 139000.0 653273.4778574425 4400.0
139000.0 140000.0 419285.250967272 0.0
140000.0 141000.0 531701.1006732415 4400.0
141000.0 142000.0 524362.848514817 0.0
142000.0 143000.0 43252.90587921734 0.0
143000.0 144000.0 0.0 0.0
144000.0 145000.0 520260.0835469558 4400.0
145000.0 146000.0 661563.2744287861 3000.0
146000.0 147000.0 663446.0422777262 0.0
147000.0 148000.0 114646.59974653179 0.0
148000.0 149000.0 391945.5832321182 3000.0
149000.0 150000.0 665747.0976810055 3000.0
150000.0 151000.0 480795.31908687635 0.0
151000.0 152000.0 0.0 0.0
152000.0 153000.0 2915.0 0.0
153000.0 154000.0 527352.7702090774 3000.0
154000.0 155000.0 725102.9724090884 3000.0
155000.0 156000.0 623294.5331729531 3000.0
156000.0 157000.0 648802.8794765113 3000.0
157000.0 158000.0 502141.4252102069 3000.0
158000.0 159000.0 689281.9832599306 0.0
159000.0 160000.0 551159.4565989436 3000.0
160000.0 161000.0 708520.8936375679 3000.0
161000.0 162000.0 420727.858879297 0.0
162000.0 163000.0 542472.1803572354 4400.0
163000.0 164000.0 564338.7443948372 0.0
164000.0 165000.0 525366.0097356739 4400.0
165000.0 166000.0 583740.2109095596 0.0
166000.0 167000.0 608746.8969000683 4400.0
167000.0 168000.0 562302.1269236953 0.0
168000.0 169000.0 589891.7035488399 4400.0
169000.0 170000.0 490628.60711002146 0.0
170000.0 171000.0 591967.9969905147 4400.0
171000.0 172000.0 516695.1391892641 0.0
172000.0 173000.0 579515.1634616064 4400.0
173000.0 174000.0 599820.0056048555 0.0
174000.0 175000.0 56190.44202025229 0.0
175000.0 176000.0 0.0 0.0
176000.0 177000.0 533455.3852273945 4400.0
177000.0 178000.0 525615.8672055838 0.0
178000.0 179000.0 578851.4582609279 3000.0
179000.0 180000.0 618572.9784457214 3000.0
180000.0 181000.0 419463.3108603721 0.0
181000.0 182000.0 0.0 0.0
182000.0 183000.0 409467.3379037317 3000.0
183000.0 184000.0 584366.2728392428 3000.0
184000.0 185000.0 449644.3892570255 0.0
185000.0 186000.0 0.0 0.0
186000.0 187000.0 478336.95717831835 3000.0
187000.0 188000.0 800064.8409468442 3000.0
188000.0 189000.0 726296.85001237 3000.0
189000.0 190000.0 344301.34937698685 0.0
190000.0 191000.0 57954.00248548065 0.0
191000.0 192000.0 0.0 0.0
192000.0 193000.0 515173.06572486024 3000.0
193000.0 194000.0 604679.7928967209 3000.0
194000.0 195000.0 693989.6263306866 3000.0
195000.0 196000.0 389688.8859629112 0.0
196000.0 197000.0 537226.9394271538 3000.0
197000.0 198000.0 220417.6896576673 0.0
198000.0 199000.0 490180.6253833069 3000.0
199000.0 200000.0 332714.5910228006 0.0
200000.0 201000.0 494944.3228430809 3000.0
201000.0 202000.0 243652.85101841122 0.0
202000.0 203000.0 530354.7370480015 3000.0
203000.0 204000.0 260856.02518167815 0.0
204000.0 205000.0 605831.7534462146 3000.0
205000.0 206000.0 271966.9741665402 0.0
206000.0 207000.0 409469.7039833669 3000.0
207000.0 208000.0 315237.23235352355 0.0
208000.0 209000.0 508331.71458468237 3000.0
209000.0 210000.0 304745.1242626773 0.0
210000.0 211000.0 548596.6562869144 3000.0
211000.0 212000.0 241522.1150995602 0.0
212000.0 213000.0 500652.4265698431 3000.0
213000.0 214000.0 714527.8799231634 3000.0
214000.0 215000.0 386451.26682623464 0.0
215000.0 216000.0 0.0 0.0
216000.0 217000.0 643908.7916151586 3000.0
217000.0 218000.0 143541.20275141532 0.0
218000.0 219000.0 485782.0997646259 3000.0
219000.0 220000.0 567625.331921027 3000.0
220000.0 221000.0 614628.4055135761 3000.0
221000.0 222000.0 659070.3898976954 0.0
222000.0 223000.0 24067.77853650181 0.0
223000.0 224000.0 0.0 0.0
224000.0 225000.0 413619.7342170798 3000.0
225000.0 226000.0 616457.7003885978 3000.0
226000.0 227000.0 810072.38519675 3000.0
227000.0 228000.0 392111.01918563823 0.0
228000.0 229000.0 629078.718839498 3000.0
229000.0 230000.0 197790.4611770251 0.0
230000.0 231000.0 495611.56530432793 4400.0
231000.0 232000.0 622740.124379562 0.0
232000.0 233000.0 605756.0068473353 4400.0
233000.0 234000.0 498563.1116326782 0.0
234000.0 235000.0 451448.7027814268 4400.0
235000.0 236000.0 688605.5469513328 0.0
236000.0 237000.0 521592.611014096 4400.0
237000.0 238000.0 562329.5964644554 0.0
238000.0 239000.0 573309.2573185152 4400.0
239000.0 240000.0 498953.87402360176 0.0
240000.0 241000.0 571480.2108655531 4400.0
241000.0 242000.0 595455.0823983931 0.0
242000.0 243000.0 496259.26307537383 4400.0
243000.0 244000.0 610146.3953025653 0.0
244000.0 245000.0 595402.146227806 4400.0
245000.0 246000.0 658216.7310959824 0.0
246000.0 247000.0 599213.3397679753 4400.0
247000.0 248000.0 442312.85254804126 0.0
248000.0 249000.0 569704.9780076881 4400.0
249000.0 250000.0 582880.6335569846 0.0
250000.0 251000.0 576120.9330657604 4400.0
251000.0 252000.0 635699.1263451347 4400.0
252000.0 253000.0 715662.8640450512 0.0
253000.0 254000.0 701798.2410536979 4400.0
254000.0 255000.0 668450.6535412269 4400.0
255000.0 256000.0 732773.4868008094 0.0
256000.0 257000.0 766386.5061628027 4400.0
257000.0 258000.0 419994.6692549982 0.0
258000.0 259000.0 624485.5797485431 4400.0
259000.0 260000.0 569320.4732074976 0.0
260000.0 261000.0 559577.9428825238 4400.0
261000.0 262000.0 477706.39958131785 0.0
262000.0 263000.0 570731.1038764154 4400.0
263000.0 264000.0 516682.77183022874 0.0
264000.0 265000.0 644552.5931666866 4400.0
265000.0 266000.0 356198.59511072113 0.0
266000.0 267000.0 554025.3372301899 4400.0
267000.0 268000.0 537733.1487686414 0.0
268000.0 269000.0 484062.13740001275 4400.0
269000.0 270000.0 596382.9203707728 0.0
270000.0 271000.0 569087.0248304938 4400.0
271000.0 272000.0 540461.6259563374 0.0
272000.0 273000.0 595477.1330970111 4400.0
273000.0 274000.0 432546.84260025853 0.0
274000.0 275000.0 577385.4763827861 4400.0
275000.0 276000.0 597115.9727742844 0.0
276000.0 277000.0 616995.5641861382 4400.0
277000.0 278000.0 524746.7239545919 0.0
278000.0 279000.0 394165.6706378925 4400.0
279000.0 280000.0 655358.1744672467 0.0
280000.0 281000.0 527443.9817148254 4400.0
281000.0 282000.0 633987.4204938445 0.0
282000.0 283000.0 572612.329092638 4400.0
283000.0 284000.0 538355.427084524 0.0
284000.0 285000.0 738033.7651630421 4400.0
285000.0 286000.0 398174.34723890055 0.0
286000.0 287000.0 537029.8396141767 4400.0
287000.0 288000.0 619391.1852913976 0.0
288000.0 289000.0 611589.3962213558 4400.0
289000.0 290000.0 492051.50425493316 0.0
290000.0 291000.0 626641.4788152871 4400.0
291000.0 292000.0 513095.8130494078 0.0
292000.0 293000.0 680837.7419197506 4400.0
293000.0 294000.0 601645.1171921671 0.0
294000.0 295000.0 622637.7869926884 4400.0
295000.0 296000.0 651919.7088105216 4400.0
296000.0 297000.0 591448.0549940548 0.0
297000.0 298000.0 738577.7071575072 4400.0
298000.0 299000.0 674979.4263052308 0.0
299000.0 300000.0 634862.7538425811 4400.0
300000.0 301000.0 38832.47385280948 0.0
