ts te s_bytes_all avg_video_rate
0.0 1000.0 0.0 0.0
1000.0 2000.0 0.0 0.0
2000.0 3000.0 0.0 0.0
3000.0 4000.0 0.0 0.0
4000.0 5000.0 0.0 0.0
5000.0 6000.0 0.0 0.0
6000.0 7000.0 251023.14218030337 2300.0
7000.0 8000.0 568772.5747137023 2300.0
8000.0 9000.0 492176.7308652316 2300.0
9000.0 10000.0 649585.0148099742 2300.0
10000.0 11000.0 768402.8009392291 2300.0
11000.0 12000.0 527869.8327785188 2300.0
12000.0 13000.0 675159.1054139731 2300.0
13000.0 14000.0 600448.1145614501 2300.0
14000.0 15000.0 831304.8316113132 2300.0
15000.0 16000.0 482411.9271236535 2300.0
16000.0 17000.0 655859.4661214036 2300.0
17000.0 18000.0 528018.4588812472 0.0
18000.0 19000.0 261466.5454578704 4400.0
19000.0 20000.0 570656.5328050703 0.0
20000.0 21000.0 415202.58474949887 4400.0
21000.0 22000.0 495241.2616360665 0.0
22000.0 23000.0 629463.2310069189 4400.0
23000.0 24000.0 636411.7801592713 0.0
24000.0 25000.0 302387.0641853036 0.0
25000.0 26000.0 0.0 0.0
26000.0 27000.0 268212.3601617084 4400.0
27000.0 28000.0 623363.6172440029 0.0
28000.0 29000.0 938035.1269368725 3000.0
29000.0 30000.0 588402.182078068 3000.0
30000.0 31000.0 462919.66321633593 3000.0
31000.0 32000.0 622398.5414820987 0.0
32000.0 33000.0 121589.02399785776 3000.0
33000.0 34000.0 584323.4848830558 0.0
34000.0 35000.0 210943.4381559488 3000.0
35000.0 36000.0 563451.5618440512 0.0
36000.0 37000.0 240770.80263354027 3000.0
37000.0 38000.0 563375.1973664598 0.0
38000.0 39000.0 272859.90808860003 3000.0
39000.0 40000.0 533010.0919114 0.0
40000.0 41000.0 266080.1163167591 3000.0
41000.0 42000.0 524536.8836832409 0.0
42000.0 43000.0 257460.34562805705 3000.0
43000.0 44000.0 626067.5139197843 3000.0
44000.0 45000.0 985798.7047735282 3000.0
45000.0 46000.0 445266.09254461835 0.0
46000.0 47000.0 411437.5812278952 3000.0
47000.0 48000.0 474988.56916563754 0.0
48000.0 49000.0 296465.9609958995 3000.0
49000.0 50000.0 445444.6589971093 0.0
50000.0 51000.0 312969.73541165446 4400.0
51000.0 52000.0 554213.7210994908 0.0
52000.0 53000.0 511654.1047518611 4400.0
53000.0 54000.0 595982.6930392269 0.0
54000.0 55000.0 327674.31844523724 0.0
55000.0 56000.0 0.0 0.0
56000.0 57000.0 274419.4044782857 4400.0
57000.0 58000.0 598822.4076226196 0.0
58000.0 59000.0 914139.3817821657 4400.0
59000.0 60000.0 728046.6854169233 4400.0
60000.0 61000.0 720176.2398144786 0.0
61000.0 62000.0 120292.88088552725 0.0
62000.0 63000.0 2916.0 0.0
63000.0 64000.0 0.0 0.0
64000.0 65000.0 747855.7541054937 4400.0
65000.0 66000.0 656638.1071132866 4400.0
66000.0 67000.0 726839.8297647807 0.0
67000.0 68000.0 663943.1691828526 4400.0
68000.0 69000.0 695854.5576635643 4400.0
69000.0 70000.0 558217.9023258921 0.0
70000.0 71000.0 774880.3235999362 4400.0
71000.0 72000.0 686559.8614071009 4400.0
72000.0 73000.0 734801.8516975174 0.0
73000.0 74000.0 670901.6561205244 4400.0
74000.0 75000.0 785246.9791552201 0.0
75000.0 76000.0 606620.9293407076 4400.0
76000.0 77000.0 787251.754312524 4400.0
77000.0 78000.0 611269.5460325642 0.0
78000.0 79000.0 484995.6656667697 4400.0
79000.0 80000.0 535189.9266591932 0.0
80000.0 81000.0 602824.8923073758 4400.0
81000.0 82000.0 529716.9610797262 0.0
82000.0 83000.0 293540.26308288914 4400.0
83000.0 84000.0 583828.3259392487 0.0
84000.0 85000.0 728481.0729349367 3000.0
85000.0 86000.0 453451.63525139063 0.0
86000.0 87000.0 310058.53665529593 3000.0
87000.0 88000.0 437212.04477444704 0.0
88000.0 89000.0 311529.17493329785 3000.0
89000.0 90000.0 518736.2539730839 3000.0
90000.0 91000.0 880109.4719273091 3000.0
91000.0 92000.0 342488.0174779267 0.0
92000.0 93000.0 588486.0408901373 3000.0
93000.0 94000.0 482509.5268831506 0.0
94000.0 95000.0 311354.27136044693 3000.0
95000.0 96000.0 484699.5550550426 0.0
96000.0 97000.0 340610.5768055273 4400.0
97000.0 98000.0 599445.0284089721 0.0
98000.0 99000.0 495164.24413567863 4400.0
99000.0 100000.0 548906.1736884415 0.0
100000.0 101000.0 578138.1582350178 4400.0
101000.0 102000.0 611104.1559248551 0.0
102000.0 103000.0 546846.8589917045 4400.0
103000.0 104000.0 570745.935238929 0.0
104000.0 105000.0 484949.6822208826 4400.0
105000.0 106000.0 565407.1934137389 0.0
106000.0 107000.0 566205.5785516029 4400.0
107000.0 108000.0 604029.0575284769 0.0
108000.0 109000.0 419009.0218259888 4400.0
109000.0 110000.0 360667.42612354073 0.0
110000.0 111000.0 842164.5029462678 3000.0
111000.0 112000.0 389291.61430953705 0.0
112000.0 113000.0 347204.12412370485 3000.0
113000.0 114000.0 439091.09434406296 0.0
114000.0 115000.0 319096.72539863666 3000.0
115000.0 116000.0 522747.7697066115 0.0
116000.0 117000.0 105245.21940418938 0.0
117000.0 118000.0 0.0 0.0
118000.0 119000.0 230224.20993949592 3000.0
119000.0 120000.0 447423.6563566101 3000.0
120000.0 121000.0 881431.439285903 3000.0
121000.0 122000.0 510188.1743554791 0.0
122000.0 123000.0 334142.5200625117 0.0
123000.0 124000.0 312442.72019073897 3000.0
124000.0 125000.0 597321.3421398083 3000.0
125000.0 126000.0 677448.514053417 0.0
126000.0 127000.0 171319.0925958193 3000.0
127000.0 128000.0 629407.3310202162 0.0
128000.0 129000.0 240965.2489703492 3000.0
129000.0 130000.0 446606.35616294906 0.0
130000.0 131000.0 336278.895394414 3000.0
131000.0 132000.0 504600.43978085765 0.0
132000.0 133000.0 268673.33751902863 3000.0
133000.0 134000.0 503555.7136281971 0.0
134000.0 135000.0 312800.32820267207 3000.0
135000.0 136000.0 529581.762069912 0.0
136000.0 137000.0 274241.92187779676 3000.0
137000.0 138000.0 502335.1180420457 0.0
138000.0 139000.0 272533.2204373269 3000.0
139000.0 140000.0 591552.6497240157 3000.0
140000.0 141000.0 782442.4786759139 0.0
141000.0 142000.0 484997.3308961611 3000.0
142000.0 143000.0 450290.8088402152 3000.0
143000.0 144000.0 460565.7777930347 0.0
144000.0 145000.0 317225.8483667729 4400.0
145000.0 146000.0 570961.1756609823 0.0
146000.0 147000.0 360293.5879573552 0.0
147000.0 148000.0 0.0 0.0
148000.0 149000.0 264895.40701039444 4400.0
149000.0 150000.0 588051.5247791421 0.0
150000.0 151000.0 450131.91402174433 3000.0
151000.0 152000.0 513274.16478359175 0.0
152000.0 153000.0 268791.4506435422 3000.0
153000.0 154000.0 592751.538761585 0.0
154000.0 155000.0 183321.8786033 3000.0
155000.0 156000.0 597996.6774976058 0.0
156000.0 157000.0 270045.7009283819 3000.0
157000.0 158000.0 448293.9539869065 0.0
158000.0 159000.0 252030.96596585435 3000.0
159000.0 160000.0 413315.24229362886 0.0
160000.0 161000.0 414024.7269399526 3000.0
161000.0 162000.0 491447.1326031217 0.0
162000.0 163000.0 246258.7351236289 3000.0
163000.0 164000.0 512333.7117162778 0.0
164000.0 165000.0 260652.4404592453 3000.0
165000.0 166000.0 628180.3431860404 3000.0
166000.0 167000.0 856778.4136991561 3000.0
167000.0 168000.0 441245.4369233643 0.0
168000.0 169000.0 360138.19456923194 3000.0
169000.0 170000.0 531519.4029098847 0.0
170000.0 171000.0 282791.69139841525 3000.0
171000.0 172000.0 574563.6337068327 0.0
172000.0 173000.0 226431.4820056883 3000.0
173000.0 174000.0 585778.0461929345 0.0
174000.0 175000.0 211573.69450703493 3000.0
175000.0 176000.0 593801.070470207 0.0
176000.0 177000.0 211306.07939881456 3000.0
177000.0 178000.0 620476.305429155 0.0
178000.0 179000.0 209842.65567419826 3000.0
179000.0 180000.0 588642.176712145 0.0
180000.0 181000.0 200185.19046634872 3000.0
181000.0 182000.0 604658.0881477538 0.0
182000.0 183000.0 187232.39808596982 3000.0
183000.0 184000.0 603273.8892012069 0.0
184000.0 185000.0 203287.52141260635 3000.0
185000.0 186000.0 638994.1330275382 0.0
186000.0 187000.0 96977.74533217147 3000.0
187000.0 188000.0 713732.7733903906 0.0
188000.0 189000.0 148587.8512573184 3000.0
189000.0 190000.0 633180.6167776892 0.0
190000.0 191000.0 192749.05781792552 3000.0
191000.0 192000.0 535979.9421820745 0.0
192000.0 193000.0 223636.8030553085 3000.0
193000.0 194000.0 461960.8877907614 0.0
194000.0 195000.0 373497.73534417676 3000.0
195000.0 196000.0 463211.43382774584 0.0
196000.0 197000.0 326603.38362907356 3000.0
197000.0 198000.0 447214.91152290785 0.0
198000.0 199000.0 262170.5307410749 3000.0
199000.0 200000.0 403863.1023926936 0.0
200000.0 201000.0 347285.8336637035 3000.0
201000.0 202000.0 446915.7134474159 0.0
202000.0 203000.0 284314.74707950314 3000.0
203000.0 204000.0 490290.3564701736 0.0
204000.0 205000.0 301502.17353610403 3000.0
205000.0 206000.0 476972.1781603927 0.0
206000.0 207000.0 239405.18998993223 3000.0
207000.0 208000.0 463990.6748105377 0.0
208000.0 209000.0 323920.6003056164 3000.0
209000.0 210000.0 606072.7442328783 0.0
210000.0 211000.0 229580.91838119985 3000.0
211000.0 212000.0 442681.50033916894 0.0
212000.0 213000.0 263090.1373082514 3000.0
213000.0 214000.0 451897.6086278141 3000.0
214000.0 215000.0 901346.6273532092 0.0
215000.0 216000.0 499036.14532216266 3000.0
216000.0 217000.0 554864.5590965105 3000.0
217000.0 218000.0 424789.6858532939 0.0
218000.0 219000.0 337720.0561562263 3000.0
219000.0 220000.0 494342.5458713453 0.0
220000.0 221000.0 315177.75935762445 3000.0
221000.0 222000.0 500121.47482716787 0.0
222000.0 223000.0 296347.7942217385 3000.0
223000.0 224000.0 494316.0359650785 0.0
224000.0 225000.0 262894.5951735529 3000.0
225000.0 226000.0 434734.1646816895 0.0
226000.0 227000.0 335720.7058222322 3000.0
227000.0 228000.0 616388.1617042362 0.0
228000.0 229000.0 235961.03494592 3000.0
229000.0 230000.0 582489.4674938157 0.0
230000.0 231000.0 211859.22764832163 3000.0
231000.0 232000.0 627779.7938494401 0.0
232000.0 233000.0 241211.19083232683 3000.0
233000.0 234000.0 478422.10200728674 0.0
234000.0 235000.0 106552.70716038643 0.0
235000.0 236000.0 0.0 0.0
236000.0 237000.0 272053.1935261716 3000.0
237000.0 238000.0 667766.0630882481 3000.0
238000.0 239000.0 754431.176091468 3000.0
239000.0 240000.0 431452.6572761599 0.0
240000.0 241000.0 383148.82867652044 3000.0
241000.0 242000.0 605904.081341432 0.0
242000.0 243000.0 195886.05037790653 3000.0
243000.0 244000.0 613808.9496220935 0.0
244000.0 245000.0 265914.5561862624 3000.0
245000.0 246000.0 472938.92882987915 0.0
246000.0 247000.0 287389.45280310395 3000.0
247000.0 248000.0 475927.5664288306 0.0
248000.0 249000.0 281925.65261418116 3000.0
249000.0 250000.0 505784.672150143 0.0
250000.0 251000.0 204493.21938525612 3000.0
251000.0 252000.0 601631.9385770726 0.0
252000.0 253000.0 231087.24491105968 3000.0
253000.0 254000.0 568013.7681142114 0.0
254000.0 255000.0 264965.64965166245 3000.0
255000.0 256000.0 476065.4461848089 0.0
256000.0 257000.0 324218.5698701145 3000.0
257000.0 258000.0 480938.94699483464 0.0
258000.0 259000.0 275460.59001183393 3000.0
259000.0 260000.0 705762.8291985511 3000.0
260000.0 261000.0 850166.4450036119 3000.0
261000.0 262000.0 471207.5111024075 0.0
262000.0 263000.0 344435.70413966 3000.0
263000.0 264000.0 567778.8003687465 0.0
264000.0 265000.0 229235.72314198257 3000.0
265000.0 266000.0 533712.0135690201 0.0
266000.0 267000.0 255951.80535563716 3000.0
267000.0 268000.0 563320.0189506756 0.0
268000.0 269000.0 242353.02142985206 3000.0
269000.0 270000.0 575554.3114168019 0.0
270000.0 271000.0 248879.20026529374 3000.0
271000.0 272000.0 547254.7519792968 0.0
272000.0 273000.0 213494.65607591867 3000.0
273000.0 274000.0 564786.3580163956 0.0
274000.0 275000.0 220329.5987965909 3000.0
275000.0 276000.0 569697.9077496923 0.0
276000.0 277000.0 221741.2725649063 3000.0
277000.0 278000.0 537647.8056130906 0.0
278000.0 279000.0 201915.70628814978 3000.0
279000.0 280000.0 594119.3562604643 0.0
280000.0 281000.0 259424.5397640253 3000.0
281000.0 282000.0 455989.59329007997 0.0
282000.0 283000.0 316005.94529364276 3000.0
283000.0 284000.0 754849.3518596307 3000.0
284000.0 285000.0 552588.4224691002 3000.0
285000.0 286000.0 585992.1587913916 0.0
286000.0 287000.0 418472.85909223853 3000.0
287000.0 288000.0 602373.9613369096 0.0
288000.0 289000.0 202338.82049943466 3000.0
289000.0 290000.0 398394.00210593507 0.0
290000.0 291000.0 445359.0202845137 4400.0
291000.0 292000.0 590853.7942000995 0.0
292000.0 293000.0 457700.34556480235 4400.0
293000.0 294000.0 544293.7368728089 0.0
294000.0 295000.0 638840.3272079914 4400.0
295000.0 296000.0 577615.9603525995 0.0
296000.0 297000.0 490590.56126630306 4400.0
297000.0 298000.0 622608.396915832 0.0
298000.0 299000.0 350410.2028326613 0.0
299000.0 300000.0 0.0 0.0
300000.0 301000.0 0.0 0.0
