ts te s_bytes_all avg_video_rate
0.0 1000.0 0.0 0.0
1000.0 2000.0 0.0 0.0
2000.0 3000.0 0.0 0.0
3000.0 4000.0 0.0 0.0
4000.0 5000.0 0.0 0.0
5000.0 6000.0 0.0 0.0
6000.0 7000.0 105302.27657783544 2300.0
7000.0 8000.0 204949.56176335347 0.0
8000.0 9000.0 267964.072535337 0.0
9000.0 10000.0 240802.37501605478 840.0
10000.0 11000.0 315767.8056384477 840.0
11000.0 12000.0 253804.46679467667 840.0
12000.0 13000.0 379188.30217354733 840.0
13000.0 14000.0 283990.35371374205 840.0
14000.0 15000.0 283357.05731603847 840.0
15000.0 16000.0 141658.72847096718 0.0
16000.0 17000.0 205964.0 840.0
17000.0 18000.0 144380.8045773802 1500.0
18000.0 19000.0 273401.8994088766 0.0
19000.0 20000.0 249805.28117077608 1500.0
20000.0 21000.0 205470.58136372734 1500.0
21000.0 22000.0 183988.4458311515 0.0
22000.0 23000.0 228135.24984406383 1500.0
23000.0 24000.0 192457.10027549902 0.0
24000.0 25000.0 209126.33889608886 1500.0
25000.0 26000.0 193450.7138491253 0.0
26000.0 27000.0 194246.25220910582 1500.0
27000.0 28000.0 204244.2053800382 0.0
28000.0 29000.0 190614.0828506113 1500.0
29000.0 30000.0 190662.7121015917 0.0
30000.0 31000.0 200967.893936503 1500.0
31000.0 32000.0 156869.22883161335 0.0
32000.0 33000.0 268178.4684886453 1500.0
33000.0 34000.0 182232.21950506896 0.0
34000.0 35000.0 134462.5493146441 1500.0
35000.0 36000.0 231578.3318473472 0.0
36000.0 37000.0 254805.24672793507 1500.0
37000.0 38000.0 193960.1142452996 0.0
38000.0 39000.0 315757.20978863933 840.0
39000.0 40000.0 148628.7990521562 0.0
40000.0 41000.0 104582.08636940076 840.0
41000.0 42000.0 110836.18413471142 0.0
42000.0 43000.0 84981.54899070894 840.0
43000.0 44000.0 166040.4786789959 0.0
44000.0 45000.0 77070.22884235825 840.0
45000.0 46000.0 130627.35273552623 0.0
46000.0 47000.0 91788.79575126353 1500.0
47000.0 48000.0 161657.03438922248 0.0
48000.0 49000.0 214911.52755602283 1500.0
49000.0 50000.0 170176.3872801358 0.0
50000.0 51000.0 167346.92960022893 1500.0
51000.0 52000.0 190029.89598704493 0.0
52000.0 53000.0 208236.89291346484 1500.0
53000.0 54000.0 195287.830905575 0.0
54000.0 55000.0 194680.4396597672 1500.0
55000.0 56000.0 175489.50174329747 0.0
56000.0 57000.0 217296.83656797654 1500.0
57000.0 58000.0 199299.46451190586 0.0
58000.0 59000.0 180585.82201955 1500.0
59000.0 60000.0 219772.87524190792 0.0
60000.0 61000.0 270181.4680639341 1500.0
61000.0 62000.0 227071.1411868587 0.0
62000.0 63000.0 253982.22727051613 1500.0
63000.0 64000.0 245249.9526950217 1500.0
64000.0 65000.0 267998.27602648805 0.0
65000.0 66000.0 199822.96414887265 1500.0
66000.0 67000.0 196635.127233356 0.0
67000.0 68000.0 0.0 0.0
68000.0 69000.0 83152.48967982555 1500.0
69000.0 70000.0 205343.11017991125 0.0
70000.0 71000.0 176444.2992680241 840.0
71000.0 72000.0 170503.10087223907 0.0
72000.0 73000.0 69207.20366500635 840.0
73000.0 74000.0 148578.79633499365 0.0
74000.0 75000.0 66930.65893791418 840.0
75000.0 76000.0 140782.34106208582 0.0
76000.0 77000.0 70792.97399477268 840.0
77000.0 78000.0 164027.0260052273 0.0
78000.0 79000.0 70069.3469395328 840.0
79000.0 80000.0 161174.65306046722 0.0
80000.0 81000.0 67845.26805029412 840.0
81000.0 82000.0 138582.73194970586 0.0
82000.0 83000.0 61950.35085414587 840.0
83000.0 84000.0 282273.8158516098 840.0
84000.0 85000.0 128377.85211910072 840.0
85000.0 86000.0 152535.97706638082 0.0
86000.0 87000.0 74740.79875212179 1500.0
87000.0 88000.0 181708.20364433833 0.0
88000.0 89000.0 237905.9301994632 1500.0
89000.0 90000.0 210627.56580481393 0.0
90000.0 91000.0 194102.30090956448 1500.0
91000.0 92000.0 206216.48591095465 0.0
92000.0 93000.0 171994.14998959668 1500.0
93000.0 94000.0 208519.49225265 0.0
94000.0 95000.0 192550.83197868156 1500.0
95000.0 96000.0 200414.38555977933 0.0
96000.0 97000.0 209226.34117438458 1500.0
97000.0 98000.0 210516.0221784904 0.0
98000.0 99000.0 196420.08082204335 1500.0
99000.0 100000.0 208774.72474087175 0.0
100000.0 101000.0 186690.31134884956 1500.0
101000.0 102000.0 204822.46214065872 0.0
102000.0 103000.0 178695.39630839595 1500.0
103000.0 104000.0 217867.9543637528 0.0
104000.0 105000.0 209972.48952327875 1500.0
105000.0 106000.0 209425.71475324148 0.0
106000.0 107000.0 182781.9664862739 1500.0
107000.0 108000.0 240905.41592243526 0.0
108000.0 109000.0 286312.82906308403 1500.0
109000.0 110000.0 216031.32413957483 1500.0
110000.0 111000.0 269990.658467016 0.0
111000.0 112000.0 242819.68764779292 1500.0
112000.0 113000.0 301797.61716123763 1500.0
113000.0 114000.0 212797.94993345105 0.0
114000.0 115000.0 207276.10914891717 1500.0
115000.0 116000.0 199496.24593811878 0.0
116000.0 117000.0 195625.05296689735 1500.0
117000.0 118000.0 189097.676213209 0.0
118000.0 119000.0 135458.82866482355 0.0
119000.0 120000.0 0.0 0.0
120000.0 121000.0 86699.28333499726 1500.0
121000.0 122000.0 232780.2927936692 0.0
122000.0 123000.0 82888.4238713335 0.0
123000.0 124000.0 188815.0 840.0
124000.0 125000.0 64784.30289482734 840.0
125000.0 126000.0 163587.69710517264 0.0
126000.0 127000.0 65892.20436986876 840.0
127000.0 128000.0 146645.7956301312 0.0
128000.0 129000.0 68105.86573455324 840.0
129000.0 130000.0 148414.13426544677 0.0
130000.0 131000.0 60998.64149139649 840.0
131000.0 132000.0 187414.90021026993 840.0
132000.0 133000.0 243406.4323183735 840.0
133000.0 134000.0 169148.0259799601 0.0
134000.0 135000.0 73793.94306641436 840.0
135000.0 136000.0 146557.05693358564 0.0
136000.0 137000.0 79174.36792731674 1500.0
137000.0 138000.0 181106.77650537406 0.0
138000.0 139000.0 207081.44223084833 1500.0
139000.0 140000.0 196585.01264631987 0.0
140000.0 141000.0 201158.9515077338 1500.0
141000.0 142000.0 193708.37232798213 0.0
142000.0 143000.0 190561.5982026005 1500.0
143000.0 144000.0 178311.34851525805 0.0
144000.0 145000.0 221102.46797700244 1500.0
145000.0 146000.0 191531.6404188328 0.0
146000.0 147000.0 205192.1803492682 1500.0
147000.0 148000.0 197003.11365763174 0.0
148000.0 149000.0 215646.5649225293 1500.0
149000.0 150000.0 183692.3036356343 0.0
150000.0 151000.0 203946.49598937985 1500.0
151000.0 152000.0 184012.68092085136 0.0
152000.0 153000.0 235168.59986240786 1500.0
153000.0 154000.0 217415.86871142336 0.0
154000.0 155000.0 263659.83083935856 1500.0
155000.0 156000.0 279968.18384973484 1500.0
156000.0 157000.0 197064.547097026 0.0
157000.0 158000.0 246267.95923342867 1500.0
158000.0 159000.0 291360.0365980107 0.0
159000.0 160000.0 222412.64571368863 1500.0
160000.0 161000.0 272535.7473595283 1500.0
161000.0 162000.0 173842.66567793634 0.0
162000.0 163000.0 213208.802276224 1500.0
163000.0 164000.0 214667.3272560988 0.0
164000.0 165000.0 210046.3016183871 1500.0
165000.0 166000.0 199093.80110220803 0.0
166000.0 167000.0 210061.03451155958 1500.0
167000.0 168000.0 202467.10136143467 0.0
168000.0 169000.0 166601.40277426175 1500.0
169000.0 170000.0 179316.5933391237 0.0
170000.0 171000.0 187119.45791225313 1500.0
171000.0 172000.0 209281.59640299706 0.0
172000.0 173000.0 187963.66101322084 1500.0
173000.0 174000.0 188997.68847929427 0.0
174000.0 175000.0 217160.2286419206 1500.0
175000.0 176000.0 182865.08519644607 0.0
176000.0 177000.0 153977.41681966404 1500.0
177000.0 178000.0 176684.38651386573 0.0
178000.0 179000.0 223633.3435972393 1500.0
179000.0 180000.0 219917.57125081966 0.0
180000.0 181000.0 186502.14145619515 1500.0
181000.0 182000.0 181058.1849358565 0.0
182000.0 183000.0 199363.0832288245 1500.0
183000.0 184000.0 179835.86858733027 0.0
184000.0 185000.0 214445.58663389034 1500.0
185000.0 186000.0 179556.1066993485 0.0
186000.0 187000.0 201181.73555914738 1500.0
187000.0 188000.0 196725.43797203974 0.0
188000.0 189000.0 200304.52264493215 1500.0
189000.0 190000.0 179312.02165396433 0.0
190000.0 191000.0 202359.81001302972 1500.0
191000.0 192000.0 192789.1066409226 0.0
192000.0 193000.0 142131.1912303938 0.0
193000.0 194000.0 1417.6513254423048 0.0
194000.0 195000.0 86252.75497973381 1500.0
195000.0 196000.0 234234.2431466358 0.0
196000.0 197000.0 284176.6354072432 480.0
197000.0 198000.0 88732.71514094487 0.0
198000.0 199000.0 77275.55482271088 480.0
199000.0 200000.0 66924.44517728912 0.0
200000.0 201000.0 59195.61923638324 840.0
201000.0 202000.0 249927.18888226617 840.0
202000.0 203000.0 131845.1918813506 0.0
203000.0 204000.0 0.0 0.0
204000.0 205000.0 79841.4037041438 840.0
205000.0 206000.0 146019.5962958562 0.0
206000.0 207000.0 79543.43878881473 840.0
207000.0 208000.0 150463.5612111853 0.0
208000.0 209000.0 68539.08447255209 840.0
209000.0 210000.0 124388.33991237609 0.0
210000.0 211000.0 104830.01047511204 840.0
211000.0 212000.0 234470.08289357065 840.0
212000.0 213000.0 212825.24708587723 1500.0
213000.0 214000.0 174330.35695195253 0.0
214000.0 215000.0 228042.51173414392 1500.0
215000.0 216000.0 194488.91730327118 0.0
216000.0 217000.0 117580.44917114424 0.0
217000.0 218000.0 0.0 0.0
218000.0 219000.0 84456.33381102639 1500.0
219000.0 220000.0 191259.9551400016 0.0
220000.0 221000.0 156489.87990125167 840.0
221000.0 222000.0 184488.83114772037 0.0
222000.0 223000.0 67308.27047344277 840.0
223000.0 224000.0 148322.72952655723 0.0
224000.0 225000.0 57366.382898217365 840.0
225000.0 226000.0 246784.85979015598 840.0
226000.0 227000.0 155442.163968851 840.0
227000.0 228000.0 155697.59334277562 0.0
228000.0 229000.0 81775.03005803609 1500.0
229000.0 230000.0 205579.84411757125 0.0
230000.0 231000.0 184343.93227882072 1500.0
231000.0 232000.0 184404.65163215628 0.0
232000.0 233000.0 217334.12222784877 1500.0
233000.0 234000.0 172035.0291142302 0.0
234000.0 235000.0 254036.75810797437 1500.0
235000.0 236000.0 200653.1754770979 0.0
236000.0 237000.0 200927.46313427252 1500.0
237000.0 238000.0 180958.34782543062 0.0
238000.0 239000.0 178320.70625491894 1500.0
239000.0 240000.0 167223.995322329 0.0
240000.0 241000.0 259347.69783391434 1500.0
241000.0 242000.0 213586.59962879552 0.0
242000.0 243000.0 118412.94862560222 1500.0
243000.0 244000.0 191040.8635728747 0.0
244000.0 245000.0 255337.83478812658 1500.0
245000.0 246000.0 229496.79284836297 0.0
246000.0 247000.0 202220.45446578634 1500.0
247000.0 248000.0 211250.67647950328 0.0
248000.0 249000.0 196499.26206132182 1500.0
249000.0 250000.0 202586.3841851437 0.0
250000.0 251000.0 194757.13621835486 1500.0
251000.0 252000.0 183633.50166059128 0.0
252000.0 253000.0 241162.3342150556 1500.0
253000.0 254000.0 177643.59263574745 0.0
254000.0 255000.0 197138.0952393957 1500.0
255000.0 256000.0 219951.06331103342 0.0
256000.0 257000.0 211454.28985743315 1500.0
257000.0 258000.0 207707.9681447548 0.0
258000.0 259000.0 185216.08612543813 1500.0
259000.0 260000.0 210374.2378270733 0.0
260000.0 261000.0 192935.74084736934 1500.0
261000.0 262000.0 210242.7745086354 0.0
262000.0 263000.0 152688.61100261868 840.0
263000.0 264000.0 172142.9983663808 0.0
264000.0 265000.0 69400.04031630167 840.0
265000.0 266000.0 149314.9596836983 0.0
266000.0 267000.0 68431.79015746868 840.0
267000.0 268000.0 145990.2098425313 0.0
268000.0 269000.0 63053.526926979226 840.0
269000.0 270000.0 125651.47307302078 0.0
270000.0 271000.0 67131.02826234214 840.0
271000.0 272000.0 111600.97173765786 0.0
272000.0 273000.0 67374.11219553318 840.0
273000.0 274000.0 187562.62603051474 0.0
274000.0 275000.0 92208.18615043079 840.0
275000.0 276000.0 269058.5676885991 840.0
276000.0 277000.0 171583.24984002125 840.0
277000.0 278000.0 144430.25809490096 0.0
278000.0 279000.0 72237.93273840804 1500.0
279000.0 280000.0 167976.60879320974 0.0
280000.0 281000.0 186528.9500218589 1500.0
281000.0 282000.0 185478.138365652 0.0
282000.0 283000.0 265149.06154908915 1500.0
283000.0 284000.0 183514.00195664258 0.0
284000.0 285000.0 207537.10916268418 1500.0
285000.0 286000.0 177775.81606458587 0.0
286000.0 287000.0 186781.76146509024 1500.0
287000.0 288000.0 189303.82797564327 0.0
288000.0 289000.0 159920.0353218306 1500.0
289000.0 290000.0 170872.2809641176 0.0
290000.0 291000.0 206140.28024919954 1500.0
291000.0 292000.0 209565.01043222714 0.0
292000.0 293000.0 177858.24886670182 1500.0
293000.0 294000.0 188015.59090411323 0.0
294000.0 295000.0 194829.6708100756 1500.0
295000.0 296000.0 210595.55125914753 0.0
296000.0 297000.0 175867.09974868107 1500.0
297000.0 298000.0 243944.78096644863 0.0
298000.0 299000.0 270729.2066832996 1500.0
299000.0 300000.0 253850.45420018164 0.0
300000.0 301000.0 68453.581501112 0.0
