ts te s_bytes_all avg_video_rate
0.0 1000.0 0.0 0.0
1000.0 2000.0 0.0 0.0
2000.0 3000.0 0.0 0.0
3000.0 4000.0 0.0 0.0
4000.0 5000.0 0.0 0.0
5000.0 6000.0 0.0 0.0
6000.0 7000.0 327232.2012132794 2300.0
7000.0 8000.0 596228.8144913029 2300.0
8000.0 9000.0 422690.989279898 2300.0
9000.0 10000.0 350245.1038860454 0.0
10000.0 11000.0 745802.9556857988 2300.0
11000.0 12000.0 534592.7438727438 2300.0
12000.0 13000.0 629959.1125502491 2300.0
13000.0 14000.0 465839.97290795983 2300.0
14000.0 15000.0 593537.9857274822 2300.0
15000.0 16000.0 442798.76643426804 2300.0
16000.0 17000.0 793277.4385463869 2300.0
17000.0 18000.0 580502.7372375738 2300.0
18000.0 19000.0 714972.939115552 2300.0
19000.0 20000.0 424412.9682445166 2300.0
20000.0 21000.0 438415.5832630085 2300.0
21000.0 22000.0 287066.29079603776 0.0
22000.0 23000.0 307570.20743211603 3000.0
23000.0 24000.0 403433.13692791207 0.0
24000.0 25000.0 390288.0545429719 3000.0
25000.0 26000.0 427757.5796649066 0.0
26000.0 27000.0 363566.88005219854 3000.0
27000.0 28000.0 381383.3705462554 0.0
28000.0 29000.0 439720.2925301163 3000.0
29000.0 30000.0 435078.1914211985 0.0
30000.0 31000.0 324951.42921949626 4400.0
31000.0 32000.0 551973.2018250377 0.0
32000.0 33000.0 563815.3584844968 3000.0
33000.0 34000.0 457206.8711702768 0.0
34000.0 35000.0 379680.64094842173 3000.0
35000.0 36000.0 484278.14498772525 0.0
36000.0 37000.0 241986.1281957469 3000.0
37000.0 38000.0 623679.3400462472 0.0
38000.0 39000.0 303674.20861747675 3000.0
39000.0 40000.0 558906.247766886 0.0
40000.0 41000.0 266848.4531936262 3000.0
41000.0 42000.0 522035.659174784 0.0
42000.0 43000.0 345873.63307317975 3000.0
43000.0 44000.0 439221.9970500648 0.0
44000.0 45000.0 373480.49760885345 3000.0
45000.0 46000.0 469608.7948813097 0.0
46000.0 47000.0 362551.72264600656 3000.0
47000.0 48000.0 466732.4601381749 0.0
48000.0 49000.0 363266.44616163115 3000.0
49000.0 50000.0 643106.1353466465 3000.0
50000.0 51000.0 873724.43899546 3000.0
51000.0 52000.0 398147.2209351172 0.0
52000.0 53000.0 417663.0301759705 3000.0
53000.0 54000.0 487488.01067266765 0.0
54000.0 55000.0 344818.322025481 3000.0
55000.0 56000.0 399270.9289442876 0.0
56000.0 57000.0 452810.6764319708 4400.0
57000.0 58000.0 582225.4498470565 0.0
58000.0 59000.0 558922.4742333668 4400.0
59000.0 60000.0 575124.1818995676 0.0
60000.0 61000.0 568522.2819720417 4400.0
61000.0 62000.0 540237.5777372452 0.0
62000.0 63000.0 528006.0629850217 4400.0
63000.0 64000.0 601744.0818565027 0.0
64000.0 65000.0 580443.2408164183 4400.0
65000.0 66000.0 567116.3952555433 0.0
66000.0 67000.0 454103.8361596936 4400.0
67000.0 68000.0 495974.1127784634 0.0
68000.0 69000.0 610944.8957831933 4400.0
69000.0 70000.0 625491.1797183916 0.0
70000.0 71000.0 539291.6282327274 4400.0
71000.0 72000.0 611521.3846463008 0.0
72000.0 73000.0 523337.9932960126 4400.0
73000.0 74000.0 614303.9596756423 0.0
74000.0 75000.0 464219.040055049 4400.0
75000.0 76000.0 647738.6778562046 0.0
76000.0 77000.0 497193.9078050004 4400.0
77000.0 78000.0 640513.5829631662 0.0
78000.0 79000.0 361459.5833830995 4400.0
79000.0 80000.0 720845.602383459 0.0
80000.0 81000.0 535571.8231508653 4400.0
81000.0 82000.0 701289.7702546315 0.0
82000.0 83000.0 462949.1226673591 4400.0
83000.0 84000.0 692513.9799133682 0.0
84000.0 85000.0 453453.060439006 4400.0
85000.0 86000.0 709175.0507322457 0.0
86000.0 87000.0 416754.54338390316 4400.0
87000.0 88000.0 724639.9510248109 0.0
88000.0 89000.0 469310.85305505723 4400.0
89000.0 90000.0 694846.1475691528 0.0
90000.0 91000.0 358962.95464425767 4400.0
91000.0 92000.0 737053.9818150993 0.0
92000.0 93000.0 519087.88124500436 4400.0
93000.0 94000.0 678569.4534050731 0.0
94000.0 95000.0 778560.028091535 4400.0
95000.0 96000.0 770659.7937798447 4400.0
96000.0 97000.0 640648.2551480614 0.0
97000.0 98000.0 815679.0924230315 4400.0
98000.0 99000.0 472179.2462694791 4400.0
99000.0 100000.0 712293.2293606102 0.0
100000.0 101000.0 804548.731784621 4400.0
101000.0 102000.0 548565.2608717143 0.0
102000.0 103000.0 537368.5645719431 4400.0
103000.0 104000.0 582520.9355213594 0.0
104000.0 105000.0 494112.4551185953 4400.0
105000.0 106000.0 592590.1630884705 0.0
106000.0 107000.0 641086.2900070638 4400.0
107000.0 108000.0 586787.5968102461 0.0
108000.0 109000.0 504621.8666952213 4400.0
109000.0 110000.0 579972.2241328447 0.0
110000.0 111000.0 498701.8821998537 4400.0
111000.0 112000.0 639152.2306704528 0.0
112000.0 113000.0 538332.5607435984 4400.0
113000.0 114000.0 616379.6892795323 0.0
114000.0 115000.0 438443.2217242 4400.0
115000.0 116000.0 652843.6965111006 0.0
116000.0 117000.0 552664.7008668171 4400.0
117000.0 118000.0 617884.7222662006 0.0
118000.0 119000.0 386333.41540114675 4400.0
119000.0 120000.0 740539.1199496976 0.0
120000.0 121000.0 540982.50084613 4400.0
121000.0 122000.0 747946.2732377013 0.0
122000.0 123000.0 93004.23290310359 0.0
123000.0 124000.0 247409.88894801927 4400.0
124000.0 125000.0 611640.772208496 0.0
125000.0 126000.0 674212.3894105209 4400.0
126000.0 127000.0 715792.3415952259 0.0
127000.0 128000.0 658855.776482263 4400.0
128000.0 129000.0 809668.5740194179 4400.0
129000.0 130000.0 619827.1402311474 0.0
130000.0 131000.0 539601.460589452 4400.0
131000.0 132000.0 615531.3860772644 0.0
132000.0 133000.0 577107.5538094784 4400.0
133000.0 134000.0 573414.3431093582 0.0
134000.0 135000.0 193741.37351935662 0.0
135000.0 136000.0 0.0 0.0
136000.0 137000.0 331944.61041054304 4400.0
137000.0 138000.0 583851.2344245847 0.0
138000.0 139000.0 507202.6514856012 4400.0
139000.0 140000.0 712599.8389272925 0.0
140000.0 141000.0 750116.7172936898 4400.0
141000.0 142000.0 650102.2312781287 4400.0
142000.0 143000.0 844948.183506836 0.0
143000.0 144000.0 754122.7989740788 4400.0
144000.0 145000.0 858098.1907949749 4400.0
145000.0 146000.0 603303.2759302863 0.0
146000.0 147000.0 665889.6686733554 4400.0
147000.0 148000.0 745140.7399420802 0.0
148000.0 149000.0 428287.77705133526 4400.0
149000.0 150000.0 743945.6862356649 0.0
150000.0 151000.0 340677.54900872277 4400.0
151000.0 152000.0 766883.595886297 0.0
152000.0 153000.0 443098.61750445253 4400.0
153000.0 154000.0 767429.6326720759 0.0
154000.0 155000.0 758789.2429072788 4400.0
155000.0 156000.0 729256.1409304843 4400.0
156000.0 157000.0 732733.7302191324 0.0
157000.0 158000.0 712348.932583878 4400.0
158000.0 159000.0 787319.5318886908 4400.0
159000.0 160000.0 511307.2865289971 0.0
160000.0 161000.0 589288.0596785977 4400.0
161000.0 162000.0 657428.8472442287 0.0
162000.0 163000.0 247194.22801871196 0.0
163000.0 164000.0 0.0 0.0
164000.0 165000.0 332483.643288184 4400.0
165000.0 166000.0 609462.5094748004 0.0
166000.0 167000.0 542730.0100162753 4400.0
167000.0 168000.0 606301.121848561 0.0
168000.0 169000.0 541547.6644937531 4400.0
169000.0 170000.0 642634.0571834472 0.0
170000.0 171000.0 789842.1550260461 4400.0
171000.0 172000.0 752004.2981545884 4400.0
172000.0 173000.0 722285.7485348698 0.0
173000.0 174000.0 755512.2377315029 4400.0
174000.0 175000.0 651674.1873608212 0.0
175000.0 176000.0 655560.4456499412 4400.0
176000.0 177000.0 741267.3012173835 4400.0
177000.0 178000.0 558893.0235924736 0.0
178000.0 179000.0 540470.4293972969 4400.0
179000.0 180000.0 717052.9957427006 0.0
180000.0 181000.0 463925.81032076146 4400.0
181000.0 182000.0 743042.0750340691 0.0
182000.0 183000.0 395292.40097543795 4400.0
183000.0 184000.0 765811.6495517731 0.0
184000.0 185000.0 345043.48682528734 4400.0
185000.0 186000.0 757096.1674774488 0.0
186000.0 187000.0 358768.0445732658 4400.0
187000.0 188000.0 771542.2265791603 0.0
188000.0 189000.0 403248.4948523149 4400.0
189000.0 190000.0 770596.3826237564 0.0
190000.0 191000.0 403869.24210676976 4400.0
191000.0 192000.0 745151.8070254416 0.0
192000.0 193000.0 419881.55649701605 4400.0
193000.0 194000.0 754079.2277007217 0.0
194000.0 195000.0 367997.9828205047 4400.0
195000.0 196000.0 749363.0318937205 0.0
196000.0 197000.0 204361.0700796793 4400.0
197000.0 198000.0 759201.4514895597 0.0
198000.0 199000.0 476574.0589005762 4400.0
199000.0 200000.0 770363.3958707115 0.0
200000.0 201000.0 708665.8663917864 4400.0
201000.0 202000.0 771132.7379024862 4400.0
202000.0 203000.0 728996.9907573299 0.0
203000.0 204000.0 720567.3588940201 4400.0
204000.0 205000.0 637756.9849643016 0.0
205000.0 206000.0 350490.1228906268 4400.0
206000.0 207000.0 604771.2332702469 0.0
207000.0 208000.0 734670.4506391357 4400.0
208000.0 209000.0 804891.9140013761 4400.0
209000.0 210000.0 567152.2762536685 0.0
210000.0 211000.0 632488.3746327524 4400.0
211000.0 212000.0 589373.6805968268 0.0
212000.0 213000.0 596160.7064480741 4400.0
213000.0 214000.0 607888.9273483476 0.0
214000.0 215000.0 507273.4093513814 4400.0
215000.0 216000.0 600521.2201368872 0.0
216000.0 217000.0 542965.871680276 4400.0
217000.0 218000.0 605597.3283849251 0.0
218000.0 219000.0 530286.4997067992 4400.0
219000.0 220000.0 594226.2844096066 0.0
220000.0 221000.0 473101.3024369295 4400.0
221000.0 222000.0 613795.9373930865 0.0
222000.0 223000.0 620185.6418190375 4400.0
223000.0 224000.0 604407.8395639191 0.0
224000.0 225000.0 533413.8732961942 4400.0
225000.0 226000.0 761529.5392171908 0.0
226000.0 227000.0 90835.57601401205 0.0
227000.0 228000.0 260077.7669226894 4400.0
228000.0 229000.0 817383.0705030978 0.0
229000.0 230000.0 644768.3528943149 4400.0
230000.0 231000.0 847101.5929692786 4400.0
231000.0 232000.0 608657.0723136018 0.0
232000.0 233000.0 539743.0858580406 4400.0
233000.0 234000.0 601059.8312370718 0.0
234000.0 235000.0 565925.9333771913 4400.0
235000.0 236000.0 578897.459834681 0.0
236000.0 237000.0 515152.653821164 4400.0
237000.0 238000.0 612933.9324407812 0.0
238000.0 239000.0 556162.0086616125 4400.0
239000.0 240000.0 614458.1485097047 0.0
240000.0 241000.0 867394.3903705769 4400.0
241000.0 242000.0 689851.4576227008 4400.0
242000.0 243000.0 637725.2923480785 0.0
243000.0 244000.0 728609.5045619778 4400.0
244000.0 245000.0 682922.728304584 0.0
245000.0 246000.0 755100.4415908421 4400.0
246000.0 247000.0 794245.7656156146 4400.0
247000.0 248000.0 627347.4153789484 0.0
248000.0 249000.0 483404.975100211 4400.0
249000.0 250000.0 579785.7469591444 0.0
250000.0 251000.0 397694.9323839805 4400.0
251000.0 252000.0 593205.457588679 0.0
252000.0 253000.0 694817.1579983402 4400.0
253000.0 254000.0 637360.5368440894 0.0
254000.0 255000.0 598391.3039989478 4400.0
255000.0 256000.0 601901.079162203 0.0
256000.0 257000.0 526655.1645367207 4400.0
257000.0 258000.0 621857.102800502 0.0
258000.0 259000.0 522370.71172488714 4400.0
259000.0 260000.0 619891.2878256729 0.0
260000.0 261000.0 485589.37593351566 4400.0
261000.0 262000.0 611155.7581306034 0.0
262000.0 263000.0 451899.08959380863 4400.0
263000.0 264000.0 631480.9939319944 0.0
264000.0 265000.0 508513.79675041995 4400.0
265000.0 266000.0 638791.7014764355 0.0
266000.0 267000.0 407518.41015671537 4400.0
267000.0 268000.0 705739.334149626 0.0
268000.0 269000.0 517681.5574945361 4400.0
269000.0 270000.0 663116.0947170275 0.0
270000.0 271000.0 450181.85881105973 4400.0
271000.0 272000.0 705344.1937376097 0.0
272000.0 273000.0 514057.6591052721 4400.0
273000.0 274000.0 698682.6080510691 0.0
274000.0 275000.0 332086.52079604357 4400.0
275000.0 276000.0 675854.9138081892 0.0
276000.0 277000.0 492876.7030138714 4400.0
277000.0 278000.0 701635.2638195892 0.0
278000.0 279000.0 459194.56116521306 4400.0
279000.0 280000.0 683131.7730539994 0.0
280000.0 281000.0 541186.5764792238 4400.0
281000.0 282000.0 683395.3607142206 0.0
282000.0 283000.0 421672.4694390557 4400.0
283000.0 284000.0 679070.9204527438 0.0
284000.0 285000.0 417579.82867730793 4400.0
285000.0 286000.0 731474.4468034627 0.0
286000.0 287000.0 518289.2546274674 4400.0
287000.0 288000.0 680810.0020920746 0.0
288000.0 289000.0 388463.93911861756 4400.0
289000.0 290000.0 736312.6397506363 0.0
290000.0 291000.0 423251.20122596924 4400.0
291000.0 292000.0 695308.5780277683 0.0
292000.0 293000.0 742741.0451550352 4400.0
293000.0 294000.0 713520.1605734185 4400.0
294000.0 295000.0 737898.7332006772 0.0
295000.0 296000.0 765504.252366977 4400.0
296000.0 297000.0 668027.7472203657 4400.0
297000.0 298000.0 749558.2496683225 0.0
298000.0 299000.0 685742.4283639895 4400.0
299000.0 300000.0 661289.4136998331 0.0
300000.0 301000.0 261249.88227445775 0.0
