ts te s_bytes_all avg_video_rate
0.0 1000.0 0.0 0.0
1000.0 2000.0 0.0 0.0
2000.0 3000.0 0.0 0.0
3000.0 4000.0 0.0 0.0
4000.0 5000.0 0.0 0.0
5000.0 6000.0 178779.02961746155 2300.0
6000.0 7000.0 638602.0601881823 2300.0
7000.0 8000.0 464443.9814287121 2300.0
8000.0 9000.0 700850.9607776857 0.0
9000.0 10000.0 684932.6714178444 2300.0
10000.0 11000.0 693880.2389849821 2300.0
11000.0 12000.0 688972.4311111664 2300.0
12000.0 13000.0 740412.724130748 2300.0
13000.0 14000.0 660417.3779411265 2300.0
14000.0 15000.0 557002.7482202523 2300.0
15000.0 16000.0 715320.4480119044 2300.0
16000.0 17000.0 560392.663793949 2300.0
17000.0 18000.0 614477.8057988627 2300.0
18000.0 19000.0 269682.636949082 0.0
19000.0 20000.0 504226.2385847829 4400.0
20000.0 21000.0 719800.5487865792 4400.0
21000.0 22000.0 634520.0679673706 0.0
22000.0 23000.0 755245.8116459795 4400.0
23000.0 24000.0 610809.7855721301 0.0
24000.0 25000.0 674264.1182258377 4400.0
25000.0 26000.0 630905.2265794217 0.0
26000.0 27000.0 502249.1084823145 4400.0
27000.0 28000.0 663644.2861091776 4400.0
28000.0 29000.0 368734.08278749534 0.0
29000.0 30000.0 690790.9222819775 0.0
30000.0 31000.0 460012.6766917192 4400.0
31000.0 32000.0 702226.324855532 0.0
32000.0 33000.0 558851.1320890208 4400.0
33000.0 34000.0 572279.7851830984 4400.0
34000.0 35000.0 618717.2579886641 0.0
35000.0 36000.0 528646.4759992268 4400.0
36000.0 37000.0 615463.2287775921 0.0
37000.0 38000.0 454389.2184484652 0.0
38000.0 39000.0 682960.9419145051 4400.0
39000.0 40000.0 411895.9576470942 4400.0
40000.0 41000.0 425534.11871699616 0.0
41000.0 42000.0 541792.0443063648 4400.0
42000.0 43000.0 737161.0907635659 0.0
43000.0 44000.0 569388.9217030798 4400.0
44000.0 45000.0 608834.0877829631 0.0
45000.0 46000.0 517693.1791074054 4400.0
46000.0 47000.0 628454.0217505455 0.0
47000.0 48000.0 518791.7159396417 4400.0
48000.0 49000.0 640391.917786612 0.0
49000.0 50000.0 436181.5225300235 4400.0
50000.0 51000.0 484989.97078071407 0.0
51000.0 52000.0 634840.8493794821 4400.0
52000.0 53000.0 647353.8313515331 0.0
53000.0 54000.0 495939.270151561 4400.0
54000.0 55000.0 538984.7893528143 0.0
55000.0 56000.0 610358.4517728125 4400.0
56000.0 57000.0 652472.3307742638 0.0
57000.0 58000.0 514950.14862375986 4400.0
58000.0 59000.0 637778.9264548358 0.0
59000.0 60000.0 416120.5296845951 4400.0
60000.0 61000.0 567587.4374740854 0.0
61000.0 62000.0 596905.3262459921 4400.0
62000.0 63000.0 668434.9495521982 0.0
63000.0 64000.0 675639.5200915878 4400.0
64000.0 65000.0 592452.4113641098 0.0
65000.0 66000.0 779804.3134971085 4400.0
66000.0 67000.0 679206.7334459318 4400.0
67000.0 68000.0 668044.8848868379 0.0
68000.0 69000.0 703637.8682563981 4400.0
69000.0 70000.0 707524.958119248 0.0
70000.0 71000.0 557343.6939958169 4400.0
71000.0 72000.0 692086.4046746697 0.0
72000.0 73000.0 530200.9976520295 4400.0
73000.0 74000.0 698385.9873583394 4400.0
74000.0 75000.0 537712.7397552413 0.0
75000.0 76000.0 519140.5233291854 4400.0
76000.0 77000.0 609841.8718882271 0.0
77000.0 78000.0 548693.6581774261 4400.0
78000.0 79000.0 643550.3340559391 0.0
79000.0 80000.0 346456.58222903573 4400.0
80000.0 81000.0 543197.1883615324 0.0
81000.0 82000.0 665653.7135439033 4400.0
82000.0 83000.0 613793.9700663171 0.0
83000.0 84000.0 558629.9526026066 4400.0
84000.0 85000.0 486278.3115849546 0.0
85000.0 86000.0 578105.1193933969 4400.0
86000.0 87000.0 583745.9531192163 0.0
87000.0 88000.0 514893.4269097966 4400.0
88000.0 89000.0 645834.6425427262 0.0
89000.0 90000.0 605408.0337267529 4400.0
90000.0 91000.0 691672.007064341 0.0
91000.0 92000.0 603768.3065357786 4400.0
92000.0 93000.0 687715.6843203118 0.0
93000.0 94000.0 583785.1589404461 4400.0
94000.0 95000.0 622185.7194666222 4400.0
95000.0 96000.0 517672.9069897503 0.0
96000.0 97000.0 770747.117044771 4400.0
97000.0 98000.0 637691.3996147771 0.0
98000.0 99000.0 333566.498419078 0.0
99000.0 100000.0 84085.31262437573 4400.0
100000.0 101000.0 618141.0440043616 0.0
101000.0 102000.0 545011.2404008651 4400.0
102000.0 103000.0 627334.4490174262 0.0
103000.0 104000.0 388354.6850581174 4400.0
104000.0 105000.0 591223.1043671976 0.0
105000.0 106000.0 544394.4227020084 0.0
106000.0 107000.0 476736.41334387916 4400.0
107000.0 108000.0 545027.0887158888 4400.0
108000.0 109000.0 524581.3431701717 0.0
109000.0 110000.0 669932.5176853405 0.0
110000.0 111000.0 435296.56138896424 3000.0
111000.0 112000.0 95407.81752140392 3000.0
112000.0 113000.0 635879.4443581915 3000.0
113000.0 114000.0 668959.4485625223 0.0
114000.0 115000.0 674503.5578919719 3000.0
115000.0 116000.0 225561.0974492933 4400.0
116000.0 117000.0 598113.5656601632 0.0
117000.0 118000.0 489176.934825383 4400.0
118000.0 119000.0 475617.72289515974 0.0
119000.0 120000.0 510513.2552602238 4400.0
120000.0 121000.0 631830.5982068992 0.0
121000.0 122000.0 343766.21901039773 0.0
122000.0 123000.0 470510.21349624585 4400.0
123000.0 124000.0 639188.3568114766 0.0
124000.0 125000.0 610826.2943604831 4400.0
125000.0 126000.0 436253.42822787084 0.0
126000.0 127000.0 12123.862983718056 0.0
127000.0 128000.0 79428.03205424073 4400.0
128000.0 129000.0 620416.4352116298 0.0
129000.0 130000.0 719268.9771940607 3000.0
130000.0 131000.0 679170.9803980819 3000.0
131000.0 132000.0 620254.4591361205 3000.0
132000.0 133000.0 627581.1183852303 0.0
133000.0 134000.0 103995.20035079417 3000.0
134000.0 135000.0 449476.1541957873 0.0
135000.0 136000.0 335855.4525872955 4400.0
136000.0 137000.0 574815.671621913 0.0
137000.0 138000.0 535583.7972533862 4400.0
138000.0 139000.0 590499.0832044169 0.0
139000.0 140000.0 419464.6384070429 0.0
140000.0 141000.0 620841.3853576317 4400.0
141000.0 142000.0 706080.6861855019 4400.0
142000.0 143000.0 576278.5877128388 0.0
143000.0 144000.0 457554.0480252696 4400.0
144000.0 145000.0 725227.8052199649 0.0
145000.0 146000.0 660951.4109840768 4400.0
146000.0 147000.0 772811.6525790343 4400.0
147000.0 148000.0 704577.0832824841 4400.0
148000.0 149000.0 557306.7522301724 0.0
149000.0 150000.0 697095.4970308698 0.0
150000.0 151000.0 572968.0753027629 4400.0
151000.0 152000.0 637158.2193428234 4400.0
152000.0 153000.0 466468.00961395196 0.0
153000.0 154000.0 652551.8952445444 4400.0
154000.0 155000.0 462262.76561842737 0.0
155000.0 156000.0 563353.721394866 4400.0
156000.0 157000.0 563506.6243415409 0.0
157000.0 158000.0 577529.1288709171 4400.0
158000.0 159000.0 639741.3454813252 0.0
159000.0 160000.0 480190.47823825025 4400.0
160000.0 161000.0 518832.48351515195 0.0
161000.0 162000.0 525729.8486794775 4400.0
162000.0 163000.0 588845.3506969451 0.0
163000.0 164000.0 632238.484348315 4400.0
164000.0 165000.0 617304.924730415 0.0
165000.0 166000.0 376771.17125063826 0.0
166000.0 167000.0 1000.564721803982 0.0
167000.0 168000.0 78715.12882800661 4400.0
168000.0 169000.0 656599.0249118798 0.0
169000.0 170000.0 719220.6224548898 4400.0
170000.0 171000.0 631271.2959051202 0.0
171000.0 172000.0 719067.4372000621 3000.0
172000.0 173000.0 633086.0011709916 3000.0
173000.0 174000.0 355216.1204919979 3000.0
174000.0 175000.0 575766.2872177797 0.0
175000.0 176000.0 168964.65289276876 4400.0
176000.0 177000.0 678863.650925828 0.0
177000.0 178000.0 500829.3729665362 4400.0
178000.0 179000.0 603260.7002174178 0.0
179000.0 180000.0 472831.08692054485 4400.0
180000.0 181000.0 509653.0094428345 0.0
181000.0 182000.0 668758.3170995299 4400.0
182000.0 183000.0 592284.8472234865 0.0
183000.0 184000.0 786740.0266992997 4400.0
184000.0 185000.0 607499.2011142508 0.0
185000.0 186000.0 182730.32197309355 4400.0
186000.0 187000.0 484394.3819298973 0.0
187000.0 188000.0 653041.3597841669 4400.0
188000.0 189000.0 599870.8423464034 0.0
189000.0 190000.0 581374.0746051038 4400.0
190000.0 191000.0 560850.1174781497 0.0
191000.0 192000.0 558533.4775852545 4400.0
192000.0 193000.0 681904.1971270647 0.0
193000.0 194000.0 521459.0360877346 4400.0
194000.0 195000.0 596640.1645213114 0.0
195000.0 196000.0 512820.40089308936 4400.0
196000.0 197000.0 588370.2045830309 0.0
197000.0 198000.0 511929.58893153 4400.0
198000.0 199000.0 495256.014739459 0.0
199000.0 200000.0 569270.5431094161 4400.0
200000.0 201000.0 581916.8847072576 0.0
201000.0 202000.0 536540.0472997292 4400.0
202000.0 203000.0 658610.8679897389 0.0
203000.0 204000.0 571265.1897039239 4400.0
204000.0 205000.0 596979.3278577045 0.0
205000.0 206000.0 455399.35268821195 4400.0
206000.0 207000.0 542891.9962169761 0.0
207000.0 208000.0 476287.82415852824 0.0
208000.0 209000.0 411256.7882646341 3000.0
209000.0 210000.0 623559.4724410509 3000.0
210000.0 211000.0 765585.2971717269 3000.0
211000.0 212000.0 620097.1378859679 3000.0
212000.0 213000.0 560595.7242312545 0.0
213000.0 214000.0 194677.40574639157 4400.0
214000.0 215000.0 611509.4253747776 0.0
215000.0 216000.0 530550.136278285 4400.0
216000.0 217000.0 670800.2462286642 0.0
217000.0 218000.0 464766.7832353678 4400.0
218000.0 219000.0 619411.5979704245 0.0
219000.0 220000.0 466041.0608004676 4400.0
220000.0 221000.0 574199.0579092585 0.0
221000.0 222000.0 571887.3930245887 4400.0
222000.0 223000.0 558436.6583035436 0.0
223000.0 224000.0 506920.0243391372 4400.0
224000.0 225000.0 367786.59520300064 0.0
225000.0 226000.0 729447.3161351881 0.0
226000.0 227000.0 515482.07960136374 4400.0
227000.0 228000.0 678076.6254420104 0.0
228000.0 229000.0 497495.87204753736 4400.0
229000.0 230000.0 699254.7587101832 4400.0
230000.0 231000.0 606484.6928119677 0.0
231000.0 232000.0 614563.463125583 4400.0
232000.0 233000.0 592913.159092947 0.0
233000.0 234000.0 737216.6235916142 4400.0
234000.0 235000.0 735621.2588125813 4400.0
235000.0 236000.0 519173.8853445148 0.0
236000.0 237000.0 575029.6251023721 4400.0
237000.0 238000.0 737387.7322703716 0.0
238000.0 239000.0 697444.9721233305 4400.0
239000.0 240000.0 891720.5987745663 0.0
240000.0 241000.0 639249.9445096178 4400.0
241000.0 242000.0 595411.9114059246 0.0
242000.0 243000.0 50262.9151771487 4400.0
243000.0 244000.0 661361.6623059796 0.0
244000.0 245000.0 822181.9623887718 4400.0
245000.0 246000.0 626299.9033466666 0.0
246000.0 247000.0 546107.538140239 4400.0
247000.0 248000.0 588094.5911483628 4400.0
248000.0 249000.0 560225.9159194698 0.0
249000.0 250000.0 604200.4497391513 4400.0
250000.0 251000.0 511879.5496650352 0.0
251000.0 252000.0 536934.0723352489 4400.0
252000.0 253000.0 603808.4254494666 0.0
253000.0 254000.0 479201.6113731026 4400.0
254000.0 255000.0 599816.6265228188 0.0
255000.0 256000.0 517001.0308588942 4400.0
256000.0 257000.0 611118.1685659304 0.0
257000.0 258000.0 532544.8666793302 4400.0
258000.0 259000.0 582176.4796103867 0.0
259000.0 260000.0 543452.4144046701 4400.0
260000.0 261000.0 569560.6870559397 0.0
261000.0 262000.0 470153.5162831528 0.0
262000.0 263000.0 1158.289720018903 0.0
263000.0 264000.0 79100.66968129702 4400.0
264000.0 265000.0 523579.16962789424 0.0
265000.0 266000.0 662459.2540344114 3000.0
266000.0 267000.0 496176.33250790887 0.0
267000.0 268000.0 700921.5687907914 3000.0
268000.0 269000.0 692599.1659137731 3000.0
269000.0 270000.0 323812.4349776159 3000.0
270000.0 271000.0 531769.778383614 0.0
271000.0 272000.0 229501.82575562986 4400.0
272000.0 273000.0 488292.79922516365 0.0
273000.0 274000.0 524452.9224945542 4400.0
274000.0 275000.0 505927.784440517 0.0
275000.0 276000.0 591255.223963561 4400.0
276000.0 277000.0 482606.4992857211 0.0
277000.0 278000.0 728449.5157848318 4400.0
278000.0 279000.0 597308.9332953022 0.0
279000.0 280000.0 483050.95205796557 4400.0
280000.0 281000.0 630312.68768738 0.0
281000.0 282000.0 473573.42552783934 4400.0
282000.0 283000.0 571592.7216603502 0.0
283000.0 284000.0 597013.8350274533 4400.0
284000.0 285000.0 612328.9595757092 0.0
285000.0 286000.0 460344.6618518884 4400.0
286000.0 287000.0 546453.180572607 0.0
287000.0 288000.0 582733.3611389571 4400.0
288000.0 289000.0 588266.8520219994 0.0
289000.0 290000.0 461896.3720572671 4400.0
290000.0 291000.0 655684.9645579911 0.0
291000.0 292000.0 465191.76603090024 4400.0
292000.0 293000.0 457315.17163936014 0.0
293000.0 294000.0 561336.5703314008 4400.0
294000.0 295000.0 662955.5665637567 0.0
295000.0 296000.0 553537.5345298903 4400.0
296000.0 297000.0 694732.5560207382 0.0
297000.0 298000.0 488722.7469437489 4400.0
298000.0 299000.0 651508.085175982 0.0
299000.0 300000.0 640118.479226359 4400.0
300000.0 301000.0 148810.6716378693 0.0
