ts te s_bytes_all avg_video_rate
0.0 1000.0 0.0 0.0
1000.0 2000.0 0.0 0.0
2000.0 3000.0 0.0 0.0
3000.0 4000.0 0.0 0.0
4000.0 5000.0 0.0 0.0
5000.0 6000.0 0.0 0.0
6000.0 7000.0 0.0 0.0
7000.0 8000.0 87436.19906638366 2300.0
8000.0 9000.0 144674.724745452 288.0
9000.0 10000.0 155587.4612988361 288.0
10000.0 11000.0 172614.23048890734 288.0
11000.0 12000.0 193094.14292388046 288.0
12000.0 13000.0 198072.1680166829 288.0
13000.0 14000.0 239574.30559401462 288.0
14000.0 15000.0 116541.76786584286 288.0
15000.0 16000.0 3184.3133068802463 0.0
16000.0 17000.0 194076.1673121828 840.0
17000.0 18000.0 216671.5611894182 840.0
18000.0 19000.0 128039.95819151877 0.0
19000.0 20000.0 91034.26421660307 840.0
20000.0 21000.0 114483.60402319772 0.0
21000.0 22000.0 186380.66372129813 840.0
22000.0 23000.0 178610.27140145045 0.0
23000.0 24000.0 288065.9897240407 840.0
24000.0 25000.0 26719.206913409973 0.0
25000.0 26000.0 244661.0 840.0
26000.0 27000.0 66654.0133520694 840.0
27000.0 28000.0 238664.9866479306 0.0
28000.0 29000.0 90001.35877107296 1500.0
29000.0 30000.0 511151.84475629614 1500.0
30000.0 31000.0 231127.796472631 0.0
31000.0 32000.0 273100.07743822504 1500.0
32000.0 33000.0 150923.92256177496 0.0
33000.0 34000.0 262594.79569488054 2300.0
34000.0 35000.0 351878.2043051194 0.0
35000.0 36000.0 240781.50458268714 2300.0
36000.0 37000.0 328483.6154143369 0.0
37000.0 38000.0 562905.0361283241 2300.0
38000.0 39000.0 341535.0849716783 2300.0
39000.0 40000.0 344693.10021570406 0.0
40000.0 41000.0 307050.72089530545 3000.0
41000.0 42000.0 643381.522410793 0.0
42000.0 43000.0 378377.8173436583 3000.0
43000.0 44000.0 236672.7186116718 0.0
44000.0 45000.0 694478.1590882185 3000.0
45000.0 46000.0 386426.5901768472 3000.0
46000.0 47000.0 498875.6112784086 0.0
47000.0 48000.0 260280.38930170579 3000.0
48000.0 49000.0 516173.33991861163 0.0
49000.0 50000.0 283937.53259615775 3000.0
50000.0 51000.0 504544.1769803945 0.0
51000.0 52000.0 301231.8020824522 3000.0
52000.0 53000.0 467526.84811645944 0.0
53000.0 54000.0 257859.68150040443 3000.0
54000.0 55000.0 495507.73780484824 0.0
55000.0 56000.0 254424.89207115077 3000.0
56000.0 57000.0 484534.85707231314 0.0
57000.0 58000.0 356507.66956571623 4400.0
58000.0 59000.0 601996.3515408438 0.0
59000.0 60000.0 490182.49994760676 4400.0
60000.0 61000.0 584558.8758654074 0.0
61000.0 62000.0 526585.4911619764 4400.0
62000.0 63000.0 718265.885829108 0.0
63000.0 64000.0 644229.4440632192 4400.0
64000.0 65000.0 599535.444038479 0.0
65000.0 66000.0 279241.5301896625 4400.0
66000.0 67000.0 600758.5394692246 0.0
67000.0 68000.0 481142.21103823395 4400.0
68000.0 69000.0 527766.0926967147 0.0
69000.0 70000.0 434344.30382646894 4400.0
70000.0 71000.0 621633.5627638804 0.0
71000.0 72000.0 512215.1706325769 3000.0
72000.0 73000.0 468187.79858744703 0.0
73000.0 74000.0 282529.1557736689 3000.0
74000.0 75000.0 539181.0323509069 0.0
75000.0 76000.0 215018.73154719398 3000.0
76000.0 77000.0 526506.0507062412 0.0
77000.0 78000.0 151854.84320737596 3000.0
78000.0 79000.0 768742.6318568041 3000.0
79000.0 80000.0 584576.8898468743 0.0
80000.0 81000.0 701509.4316149892 3000.0
81000.0 82000.0 465159.0443997325 3000.0
82000.0 83000.0 442512.8769863268 0.0
83000.0 84000.0 243314.69985253512 4400.0
84000.0 85000.0 544142.1430166604 0.0
85000.0 86000.0 462502.5057688862 4400.0
86000.0 87000.0 521126.8776058261 0.0
87000.0 88000.0 593954.1814848309 4400.0
88000.0 89000.0 634152.1708876105 0.0
89000.0 90000.0 541558.3214535245 4400.0
90000.0 91000.0 514786.7128958802 0.0
91000.0 92000.0 617118.9748472318 4400.0
92000.0 93000.0 601207.6088949594 0.0
93000.0 94000.0 489446.2828950193 4400.0
94000.0 95000.0 614243.5474625516 0.0
95000.0 96000.0 464609.0925858645 4400.0
96000.0 97000.0 553683.4702268426 0.0
97000.0 98000.0 365753.112052966 0.0
98000.0 99000.0 0.0 0.0
99000.0 100000.0 263639.9962674849 4400.0
100000.0 101000.0 690807.0516561681 0.0
101000.0 102000.0 611353.6837312598 3000.0
102000.0 103000.0 704621.0989460034 3000.0
103000.0 104000.0 575107.0634178277 3000.0
104000.0 105000.0 440933.12322454754 0.0
105000.0 106000.0 376147.4467740744 3000.0
106000.0 107000.0 687726.0459425149 0.0
107000.0 108000.0 84545.45362311741 3000.0
108000.0 109000.0 737044.8629083195 0.0
109000.0 110000.0 61172.43306898293 3000.0
110000.0 111000.0 713094.044244116 3000.0
111000.0 112000.0 731610.432162293 0.0
112000.0 113000.0 733130.2072780288 3000.0
113000.0 114000.0 258373.39610918664 4400.0
114000.0 115000.0 522053.86907149904 0.0
115000.0 116000.0 615679.421167594 4400.0
116000.0 117000.0 598592.0068303813 0.0
117000.0 118000.0 512032.6893744952 3000.0
118000.0 119000.0 495492.19588467514 0.0
119000.0 120000.0 229776.0831360971 3000.0
120000.0 121000.0 779089.6789230446 0.0
121000.0 122000.0 117447.71625828871 0.0
122000.0 123000.0 0.0 0.0
123000.0 124000.0 152549.1017172177 3000.0
124000.0 125000.0 476138.8125515581 3000.0
125000.0 126000.0 655743.1124066227 0.0
126000.0 127000.0 235647.97332460157 0.0
127000.0 128000.0 225016.10446634886 3000.0
128000.0 129000.0 448901.41102643096 0.0
129000.0 130000.0 321876.26610607735 3000.0
130000.0 131000.0 490516.31504259835 0.0
131000.0 132000.0 281059.7791861476 3000.0
132000.0 133000.0 469616.5672938387 0.0
133000.0 134000.0 325822.3128190348 3000.0
134000.0 135000.0 547769.6329627802 3000.0
135000.0 136000.0 634356.5091009794 0.0
136000.0 137000.0 584711.1700449098 3000.0
137000.0 138000.0 659110.5080325672 3000.0
138000.0 139000.0 580006.2680171082 0.0
139000.0 140000.0 292772.93723267457 3000.0
140000.0 141000.0 503387.87802189065 0.0
141000.0 142000.0 237824.35572557512 4400.0
142000.0 143000.0 583291.862402199 0.0
143000.0 144000.0 489389.28611989855 4400.0
144000.0 145000.0 569894.0522246129 0.0
145000.0 146000.0 424565.2284870936 4400.0
146000.0 147000.0 583662.303049511 0.0
147000.0 148000.0 484785.6242145067 4400.0
148000.0 149000.0 569080.761104209 0.0
149000.0 150000.0 435217.04301290563 4400.0
150000.0 151000.0 573714.2064898582 0.0
151000.0 152000.0 442729.9737846269 4400.0
152000.0 153000.0 579522.3964147884 0.0
153000.0 154000.0 430832.3276694131 4400.0
154000.0 155000.0 567622.3541826713 0.0
155000.0 156000.0 452760.49385797326 4400.0
156000.0 157000.0 579224.8032819326 0.0
157000.0 158000.0 407313.8053424967 4400.0
158000.0 159000.0 553235.5143662398 0.0
159000.0 160000.0 428290.7209868845 4400.0
160000.0 161000.0 594624.876217169 0.0
161000.0 162000.0 438684.7562255956 4400.0
162000.0 163000.0 574457.0171321307 0.0
163000.0 164000.0 568899.0809735387 4400.0
164000.0 165000.0 530878.5326807498 0.0
165000.0 166000.0 460262.37403499696 4400.0
166000.0 167000.0 591914.4642085187 0.0
167000.0 168000.0 525157.7398721838 3000.0
168000.0 169000.0 595607.6849187198 0.0
169000.0 170000.0 33482.70166561387 3000.0
170000.0 171000.0 736014.5046625301 0.0
171000.0 172000.0 597641.7207444406 3000.0
172000.0 173000.0 629322.8675362103 3000.0
173000.0 174000.0 628051.4161947058 3000.0
174000.0 175000.0 379201.024828928 0.0
175000.0 176000.0 348299.0659771147 4400.0
176000.0 177000.0 563880.026182523 0.0
177000.0 178000.0 353235.3738735474 0.0
178000.0 179000.0 0.0 0.0
179000.0 180000.0 237221.89749276356 4400.0
180000.0 181000.0 616685.0244177359 0.0
181000.0 182000.0 463829.4480079555 4400.0
182000.0 183000.0 710476.3233105551 0.0
183000.0 184000.0 327086.1800361431 3000.0
184000.0 185000.0 768233.4759230447 0.0
185000.0 186000.0 189830.97624789592 3000.0
186000.0 187000.0 724079.7379698036 3000.0
187000.0 188000.0 637161.6781200378 0.0
188000.0 189000.0 647443.9512400705 3000.0
189000.0 190000.0 505156.4836374951 3000.0
190000.0 191000.0 572374.3422330541 0.0
191000.0 192000.0 255533.27804800335 3000.0
192000.0 193000.0 485082.9008930213 0.0
193000.0 194000.0 285033.00684721273 4400.0
194000.0 195000.0 568725.7573562283 0.0
195000.0 196000.0 569748.5418376817 4400.0
196000.0 197000.0 594826.3423402354 0.0
197000.0 198000.0 487233.8059854847 4400.0
198000.0 199000.0 527336.0392275318 0.0
199000.0 200000.0 308407.808828046 0.0
200000.0 201000.0 0.0 0.0
201000.0 202000.0 251045.86861426564 4400.0
202000.0 203000.0 654758.0131372302 0.0
203000.0 204000.0 778973.6816441403 3000.0
204000.0 205000.0 664934.7047472873 3000.0
205000.0 206000.0 730430.3353082789 3000.0
206000.0 207000.0 391836.55661082116 0.0
207000.0 208000.0 369786.6690650383 3000.0
208000.0 209000.0 461124.2098592303 0.0
209000.0 210000.0 309892.4375802153 3000.0
210000.0 211000.0 459676.2096105326 0.0
211000.0 212000.0 335978.8406985462 3000.0
212000.0 213000.0 523309.55962938885 0.0
213000.0 214000.0 250005.28016709108 3000.0
214000.0 215000.0 534380.1394770048 0.0
215000.0 216000.0 140798.59981430665 3000.0
216000.0 217000.0 658575.8940366225 0.0
217000.0 218000.0 251514.41373223803 3000.0
218000.0 219000.0 508638.76471021207 0.0
219000.0 220000.0 333828.28679029207 3000.0
220000.0 221000.0 549766.3683366835 0.0
221000.0 222000.0 380607.16137676657 3000.0
222000.0 223000.0 492496.8091239049 0.0
223000.0 224000.0 308626.74115352164 3000.0
224000.0 225000.0 484047.73685334506 0.0
225000.0 226000.0 223450.93713796904 3000.0
226000.0 227000.0 461189.40977553366 0.0
227000.0 228000.0 268832.11541192664 3000.0
228000.0 229000.0 525761.7395331818 0.0
229000.0 230000.0 227871.33251243178 3000.0
230000.0 231000.0 617375.3492498177 0.0
231000.0 232000.0 137470.1649341051 3000.0
232000.0 233000.0 765732.6519833156 3000.0
233000.0 234000.0 731090.3223034039 3000.0
234000.0 235000.0 619538.2734174918 0.0
235000.0 236000.0 106380.42166385907 0.0
236000.0 237000.0 0.0 0.0
237000.0 238000.0 267260.0552447294 3000.0
238000.0 239000.0 754548.0264399986 3000.0
239000.0 240000.0 745954.4473290505 3000.0
240000.0 241000.0 458799.9690415512 0.0
241000.0 242000.0 311271.29174395924 3000.0
242000.0 243000.0 408625.3045830696 0.0
243000.0 244000.0 534447.702802999 4400.0
244000.0 245000.0 588705.130371495 0.0
245000.0 246000.0 503636.52186962194 4400.0
246000.0 247000.0 574156.8542662296 0.0
247000.0 248000.0 525264.2759941393 4400.0
248000.0 249000.0 557431.0669505999 0.0
249000.0 250000.0 611864.6215771206 4400.0
250000.0 251000.0 601376.8745472732 0.0
251000.0 252000.0 474052.55278859707 4400.0
252000.0 253000.0 571265.0180096168 0.0
253000.0 254000.0 601067.3544099005 3000.0
254000.0 255000.0 511070.0128771162 0.0
255000.0 256000.0 295200.35695871466 3000.0
256000.0 257000.0 585352.5621942182 0.0
257000.0 258000.0 179369.59295218572 3000.0
258000.0 259000.0 536988.7657125643 0.0
259000.0 260000.0 280722.3484361402 3000.0
260000.0 261000.0 518308.2928991097 0.0
261000.0 262000.0 242646.17634671234 3000.0
262000.0 263000.0 571236.2914940492 0.0
263000.0 264000.0 371486.7145192351 3000.0
264000.0 265000.0 507400.2887806075 0.0
265000.0 266000.0 348683.45610489824 3000.0
266000.0 267000.0 718919.2887643494 3000.0
267000.0 268000.0 755450.7767681119 3000.0
268000.0 269000.0 473714.8592404636 0.0
269000.0 270000.0 429233.0584141542 3000.0
270000.0 271000.0 463057.15865093283 0.0
271000.0 272000.0 261306.75534858185 4400.0
272000.0 273000.0 526262.1256133193 0.0
273000.0 274000.0 509619.6590810398 4400.0
274000.0 275000.0 525679.800729898 0.0
275000.0 276000.0 494238.6280455061 4400.0
276000.0 277000.0 575840.2922382157 0.0
277000.0 278000.0 526547.5775274193 4400.0
278000.0 279000.0 565791.566233553 0.0
279000.0 280000.0 506650.51278774586 4400.0
280000.0 281000.0 534254.6037368728 0.0
281000.0 282000.0 539810.8518176387 4400.0
282000.0 283000.0 560976.877448139 0.0
283000.0 284000.0 483074.5845013463 4400.0
284000.0 285000.0 712145.1537226129 0.0
285000.0 286000.0 687449.7030509638 4400.0
286000.0 287000.0 332876.2817129052 0.0
287000.0 288000.0 261457.85325402635 4400.0
288000.0 289000.0 347991.1040667018 0.0
289000.0 290000.0 2911.0 0.0
290000.0 291000.0 0.0 0.0
291000.0 292000.0 228290.69443577452 4400.0
292000.0 293000.0 510821.1904615469 0.0
293000.0 294000.0 463447.4521890719 3000.0
294000.0 295000.0 550515.1603791835 3000.0
295000.0 296000.0 877955.5806773638 0.0
296000.0 297000.0 489638.7578936111 3000.0
297000.0 298000.0 352085.30565634125 3000.0
298000.0 299000.0 708166.0361799753 0.0
299000.0 300000.0 78883.75312704263 3000.0
300000.0 301000.0 609503.0690000891 0.0
