ts te s_bytes_all avg_video_rate
0.0 1000.0 0.0 0.0
1000.0 2000.0 0.0 0.0
2000.0 3000.0 0.0 0.0
3000.0 4000.0 0.0 0.0
4000.0 5000.0 0.0 0.0
5000.0 6000.0 0.0 0.0
6000.0 7000.0 52634.29876378492 2300.0
7000.0 8000.0 153538.62722372392 288.0
8000.0 9000.0 138583.0042206991 288.0
9000.0 10000.0 191830.4884189128 288.0
10000.0 11000.0 171918.8800407178 288.0
11000.0 12000.0 181006.3572503198 288.0
12000.0 13000.0 102822.35685217884 288.0
13000.0 14000.0 22991.806441642562 0.0
14000.0 15000.0 87961.59903755077 0.0
15000.0 16000.0 87903.43865887447 288.0
16000.0 17000.0 107940.14309159497 0.0
17000.0 18000.0 37315.49652362874 288.0
18000.0 19000.0 166476.34017722087 0.0
19000.0 20000.0 40561.675510256246 288.0
20000.0 21000.0 92964.48778889416 0.0
21000.0 22000.0 82737.10258737343 288.0
22000.0 23000.0 31057.897412626575 0.0
23000.0 24000.0 0.0 0.0
24000.0 25000.0 153868.01675438875 288.0
25000.0 26000.0 53695.983245611234 0.0
26000.0 27000.0 92673.0 288.0
27000.0 28000.0 0.0 0.0
28000.0 29000.0 141626.0 480.0
29000.0 30000.0 7698.890265664803 840.0
30000.0 31000.0 219977.10973433522 0.0
31000.0 32000.0 10375.900947816688 840.0
32000.0 33000.0 211426.0990521833 0.0
33000.0 34000.0 16303.026806016933 1500.0
34000.0 35000.0 389193.9731939831 0.0
35000.0 36000.0 347390.30114683515 1500.0
36000.0 37000.0 66089.94205192354 0.0
37000.0 38000.0 329790.07851441426 1500.0
38000.0 39000.0 153593.482732834 2300.0
39000.0 40000.0 572348.195553993 0.0
40000.0 41000.0 109219.37871757583 2300.0
41000.0 42000.0 508009.62128242414 0.0
42000.0 43000.0 382197.5709605514 3000.0
43000.0 44000.0 368867.6209643502 0.0
44000.0 45000.0 422819.4773699013 3000.0
45000.0 46000.0 631288.8514569467 3000.0
46000.0 47000.0 604752.4792482504 0.0
47000.0 48000.0 16036.886207905349 3000.0
48000.0 49000.0 675999.5198106726 0.0
49000.0 50000.0 457157.9965806596 3000.0
50000.0 51000.0 442563.5979649905 3000.0
51000.0 52000.0 669573.5383466076 0.0
52000.0 53000.0 206320.1751828172 3000.0
53000.0 54000.0 592284.0317427433 0.0
54000.0 55000.0 399975.81022287806 3000.0
55000.0 56000.0 430552.82903742325 0.0
56000.0 57000.0 292502.67007607396 3000.0
57000.0 58000.0 485265.11585854203 3000.0
58000.0 59000.0 628844.194785705 0.0
59000.0 60000.0 158665.09327429862 3000.0
60000.0 61000.0 675847.1040020996 0.0
61000.0 62000.0 378455.78822032077 3000.0
62000.0 63000.0 594174.6486862624 0.0
63000.0 64000.0 378977.2346431017 3000.0
64000.0 65000.0 371462.1578079512 0.0
65000.0 66000.0 425524.5356595166 3000.0
66000.0 67000.0 654912.0710947243 4400.0
67000.0 68000.0 655366.6948102522 0.0
68000.0 69000.0 226783.7293326907 4400.0
69000.0 70000.0 665073.3240441745 0.0
70000.0 71000.0 549633.694519954 4400.0
71000.0 72000.0 610879.3935601217 0.0
72000.0 73000.0 540489.060389051 4400.0
73000.0 74000.0 832003.4842401418 0.0
74000.0 75000.0 629562.2215989284 4400.0
75000.0 76000.0 693768.7413594219 0.0
76000.0 77000.0 553882.9276665392 4400.0
77000.0 78000.0 721816.6210313751 0.0
78000.0 79000.0 689257.105871129 4400.0
79000.0 80000.0 719765.5476724746 4400.0
80000.0 81000.0 793225.2409765997 0.0
81000.0 82000.0 760787.3502137628 4400.0
82000.0 83000.0 569785.9317548891 4400.0
83000.0 84000.0 711687.1036457364 0.0
84000.0 85000.0 522862.2542563736 4400.0
85000.0 86000.0 599808.4420905651 0.0
86000.0 87000.0 538608.3892510748 4400.0
87000.0 88000.0 633797.2234321287 0.0
88000.0 89000.0 478947.0971543286 4400.0
89000.0 90000.0 708684.7636748864 0.0
90000.0 91000.0 545830.5263393561 4400.0
91000.0 92000.0 536901.9344133802 0.0
92000.0 93000.0 573380.1951504248 4400.0
93000.0 94000.0 637983.6382292067 0.0
94000.0 95000.0 449733.82193947694 4400.0
95000.0 96000.0 640846.3027482716 0.0
96000.0 97000.0 528953.6216757054 4400.0
97000.0 98000.0 630160.0804596988 0.0
98000.0 99000.0 527678.2409145383 4400.0
99000.0 100000.0 569958.1786870152 0.0
100000.0 101000.0 533734.9365322852 4400.0
101000.0 102000.0 740448.4313310481 0.0
102000.0 103000.0 510516.7448257164 4400.0
103000.0 104000.0 605369.8581622482 0.0
104000.0 105000.0 591316.504872764 4400.0
105000.0 106000.0 646866.3813800787 0.0
106000.0 107000.0 470227.73719313514 4400.0
107000.0 108000.0 642740.6208737534 0.0
108000.0 109000.0 487952.58742707106 4400.0
109000.0 110000.0 642176.5124532501 0.0
110000.0 111000.0 551164.9676164899 4400.0
111000.0 112000.0 551599.0378802161 0.0
112000.0 113000.0 523234.54569932434 3000.0
113000.0 114000.0 617724.5489939366 0.0
114000.0 115000.0 140669.90151868496 3000.0
115000.0 116000.0 692234.6148461717 0.0
116000.0 117000.0 650478.4877414812 3000.0
117000.0 118000.0 144953.69834337858 0.0
118000.0 119000.0 76096.36928446457 3000.0
119000.0 120000.0 774292.3775353964 0.0
120000.0 121000.0 682851.2912750138 3000.0
121000.0 122000.0 719737.132622099 4400.0
122000.0 123000.0 553118.3094364086 4400.0
123000.0 124000.0 593525.1753484856 0.0
124000.0 125000.0 646137.655041712 4400.0
125000.0 126000.0 657838.9334687014 0.0
126000.0 127000.0 464327.5743182871 4400.0
127000.0 128000.0 679690.119137296 0.0
128000.0 129000.0 417104.03053784295 4400.0
129000.0 130000.0 646450.8872236859 0.0
130000.0 131000.0 547639.9053187126 4400.0
131000.0 132000.0 655616.2188834585 0.0
132000.0 133000.0 383637.02056843566 0.0
133000.0 134000.0 410584.6695801956 4400.0
134000.0 135000.0 699171.0956239772 0.0
135000.0 136000.0 585346.2544208086 2300.0
136000.0 137000.0 169070.121834763 2300.0
137000.0 138000.0 530727.8585402555 0.0
138000.0 139000.0 93310.11374110659 4400.0
139000.0 140000.0 623586.350460623 0.0
140000.0 141000.0 524311.4944175201 4400.0
141000.0 142000.0 631834.4863305783 0.0
142000.0 143000.0 469146.8372346502 4400.0
143000.0 144000.0 643415.6497532431 0.0
144000.0 145000.0 478541.28341485554 4400.0
145000.0 146000.0 635826.5901806992 0.0
146000.0 147000.0 494491.0213351921 4400.0
147000.0 148000.0 623182.8244117907 0.0
148000.0 149000.0 474584.7623253842 4400.0
149000.0 150000.0 606403.6422793333 0.0
150000.0 151000.0 598660.7334387664 4400.0
151000.0 152000.0 655515.4047735464 0.0
152000.0 153000.0 387891.8059027107 0.0
153000.0 154000.0 277.0 0.0
154000.0 155000.0 172571.19515583414 3000.0
155000.0 156000.0 559718.7165807311 0.0
156000.0 157000.0 593227.2732229623 3000.0
157000.0 158000.0 571089.9185942329 3000.0
158000.0 159000.0 685967.6800539859 3000.0
159000.0 160000.0 589744.0510922733 0.0
160000.0 161000.0 236026.63912031797 3000.0
161000.0 162000.0 512600.1556573082 0.0
162000.0 163000.0 255386.44189126315 3000.0
163000.0 164000.0 578395.1122966823 0.0
164000.0 165000.0 205931.00779610375 3000.0
165000.0 166000.0 606683.3212582696 0.0
166000.0 167000.0 212468.32004544805 3000.0
167000.0 168000.0 617248.488416088 0.0
168000.0 169000.0 146731.14855681706 3000.0
169000.0 170000.0 587286.9362378229 0.0
170000.0 171000.0 196911.9677425771 3000.0
171000.0 172000.0 615099.7686716251 0.0
172000.0 173000.0 89799.13367455435 3000.0
173000.0 174000.0 595698.8212889521 0.0
174000.0 175000.0 174175.85549898088 3000.0
175000.0 176000.0 632603.5853454381 3000.0
176000.0 177000.0 773062.9483147992 0.0
177000.0 178000.0 569433.3905975441 3000.0
178000.0 179000.0 361082.91740932985 3000.0
179000.0 180000.0 627526.5912587293 0.0
180000.0 181000.0 169083.68163624895 4400.0
181000.0 182000.0 513739.8181363404 0.0
182000.0 183000.0 644598.1041795188 4400.0
183000.0 184000.0 488795.5418890347 0.0
184000.0 185000.0 615721.185932174 4400.0
185000.0 186000.0 653499.1620864647 0.0
186000.0 187000.0 491988.38151253783 4400.0
187000.0 188000.0 588974.3355758833 0.0
188000.0 189000.0 612011.6708770747 4400.0
189000.0 190000.0 598122.7586735614 0.0
190000.0 191000.0 575477.1494729903 4400.0
191000.0 192000.0 609354.3758861847 0.0
192000.0 193000.0 489093.9132514139 4400.0
193000.0 194000.0 616925.4008443484 0.0
194000.0 195000.0 535369.6717639882 4400.0
195000.0 196000.0 461193.59773515916 0.0
196000.0 197000.0 592629.3162650992 4400.0
197000.0 198000.0 644897.8390247778 0.0
198000.0 199000.0 526631.0945351899 4400.0
199000.0 200000.0 661701.0028246326 0.0
200000.0 201000.0 562358.9692015732 4400.0
201000.0 202000.0 570694.0796966495 0.0
202000.0 203000.0 554693.3458367183 4400.0
203000.0 204000.0 676242.3943060237 0.0
204000.0 205000.0 339202.82307774137 0.0
205000.0 206000.0 0.0 0.0
206000.0 207000.0 118990.17059359889 4400.0
207000.0 208000.0 574272.0887717464 0.0
208000.0 209000.0 529826.8282059229 4400.0
209000.0 210000.0 689423.3891820024 0.0
210000.0 211000.0 771172.6081355239 4400.0
211000.0 212000.0 657221.8855929624 0.0
212000.0 213000.0 692452.0203640272 4400.0
213000.0 214000.0 714444.5041675782 4400.0
214000.0 215000.0 668026.9905890388 0.0
215000.0 216000.0 742288.8371609054 3000.0
216000.0 217000.0 573484.0501249975 3000.0
217000.0 218000.0 525300.8861199092 0.0
218000.0 219000.0 286809.9650200177 3000.0
219000.0 220000.0 546716.5353005322 0.0
220000.0 221000.0 222139.88159529056 3000.0
221000.0 222000.0 660557.1858750194 0.0
222000.0 223000.0 189049.86175212037 3000.0
223000.0 224000.0 583928.3135616363 0.0
224000.0 225000.0 225352.17644217957 3000.0
225000.0 226000.0 579399.3241353368 0.0
226000.0 227000.0 182379.51044361095 3000.0
227000.0 228000.0 598521.1094787673 0.0
228000.0 229000.0 196244.36756810296 3000.0
229000.0 230000.0 651113.4205533116 0.0
230000.0 231000.0 692890.1349746985 3000.0
231000.0 232000.0 534932.8392395944 3000.0
232000.0 233000.0 495913.83680823643 3000.0
233000.0 234000.0 819609.3651723319 0.0
234000.0 235000.0 64884.001239950085 3000.0
235000.0 236000.0 700403.1354185945 0.0
236000.0 237000.0 129741.62480327427 4400.0
237000.0 238000.0 678193.69557702 0.0
238000.0 239000.0 451670.74900073814 4400.0
239000.0 240000.0 598698.6309002192 0.0
240000.0 241000.0 549623.8200719707 4400.0
241000.0 242000.0 645296.5671315519 0.0
242000.0 243000.0 546395.3978593893 4400.0
243000.0 244000.0 588265.3415951919 0.0
244000.0 245000.0 448644.9494730999 0.0
245000.0 246000.0 0.0 0.0
246000.0 247000.0 118811.67631582961 4400.0
247000.0 248000.0 665469.045831611 0.0
248000.0 249000.0 779648.6654881986 3000.0
249000.0 250000.0 648251.8133608381 3000.0
250000.0 251000.0 490688.3345837388 3000.0
251000.0 252000.0 647829.9089440017 0.0
252000.0 253000.0 190856.04508758787 0.0
253000.0 254000.0 480810.7963233565 3000.0
254000.0 255000.0 303515.8046434854 3000.0
255000.0 256000.0 739295.0538553811 0.0
256000.0 257000.0 14853.440048046486 3000.0
257000.0 258000.0 740070.0403930576 0.0
258000.0 259000.0 86387.07082604879 3000.0
259000.0 260000.0 805789.3042988183 0.0
260000.0 261000.0 120250.73583167225 3000.0
261000.0 262000.0 516909.97623566346 0.0
262000.0 263000.0 249365.66535978377 3000.0
263000.0 264000.0 590677.8517515464 0.0
264000.0 265000.0 177137.52577970346 3000.0
265000.0 266000.0 564983.9750340047 0.0
266000.0 267000.0 240188.56522328468 3000.0
267000.0 268000.0 645730.4296367993 0.0
268000.0 269000.0 159476.554107847 3000.0
269000.0 270000.0 767456.8241405747 3000.0
270000.0 271000.0 632708.9101663489 0.0
271000.0 272000.0 95218.98673277136 0.0
272000.0 273000.0 134798.29268983906 3000.0
273000.0 274000.0 571640.400850972 0.0
274000.0 275000.0 214182.97695483468 3000.0
275000.0 276000.0 621933.3757336317 0.0
276000.0 277000.0 203273.08148988156 3000.0
277000.0 278000.0 577974.7688005958 0.0
278000.0 279000.0 158517.91762514785 3000.0
279000.0 280000.0 617017.4832970519 0.0
280000.0 281000.0 159313.6943911265 3000.0
281000.0 282000.0 662042.819555476 0.0
282000.0 283000.0 127311.51291369766 3000.0
283000.0 284000.0 547047.4496094874 0.0
284000.0 285000.0 234271.91834963358 3000.0
285000.0 286000.0 622243.2710990296 0.0
286000.0 287000.0 190848.67565203513 3000.0
287000.0 288000.0 771105.7038544677 0.0
288000.0 289000.0 31735.821996214872 3000.0
289000.0 290000.0 657964.101161367 0.0
290000.0 291000.0 240169.5521831171 3000.0
291000.0 292000.0 639980.189179951 3000.0
292000.0 293000.0 664771.3587062535 0.0
293000.0 294000.0 630282.9815540521 3000.0
294000.0 295000.0 300310.157620583 3000.0
295000.0 296000.0 699587.1417747408 0.0
296000.0 297000.0 127533.22319163325 3000.0
297000.0 298000.0 693624.9839932327 0.0
298000.0 299000.0 145798.6736922593 3000.0
299000.0 300000.0 589875.6721175669 0.0
