ts te s_bytes_all avg_video_rate
0.0 1000.0 0.0 0.0
1000.0 2000.0 0.0 0.0
2000.0 3000.0 0.0 0.0
3000.0 4000.0 0.0 0.0
4000.0 5000.0 0.0 0.0
5000.0 6000.0 3630.566241694941 0.0
6000.0 7000.0 392673.8230271607 1500.0
7000.0 8000.0 392028.17996286403 1500.0
8000.0 9000.0 594867.4170096033 1500.0
9000.0 10000.0 606247.2174789464 1500.0
10000.0 11000.0 586408.7935379278 1500.0
11000.0 12000.0 631417.0808480494 1500.0
12000.0 13000.0 666204.5265479223 1500.0
13000.0 14000.0 515163.6957301885 1500.0
14000.0 15000.0 162789.6996156424 0.0
15000.0 16000.0 152090.49560694877 4400.0
16000.0 17000.0 549543.7098091848 0.0
17000.0 18000.0 739936.847244951 4400.0
18000.0 19000.0 564290.4694054158 0.0
19000.0 20000.0 649033.6602369739 4400.0
20000.0 21000.0 652533.5112297263 0.0
21000.0 22000.0 592620.3932292967 4400.0
22000.0 23000.0 822348.5864592403 4400.0
23000.0 24000.0 567004.1999791808 0.0
24000.0 25000.0 538576.6646182241 4400.0
25000.0 26000.0 615593.2091281057 0.0
26000.0 27000.0 318360.25305275194 4400.0
27000.0 28000.0 742396.1748210659 0.0
28000.0 29000.0 474792.2595843367 4400.0
29000.0 30000.0 727432.935394834 0.0
30000.0 31000.0 535440.4258054743 4400.0
31000.0 32000.0 725402.352914457 0.0
32000.0 33000.0 397368.6513733407 4400.0
33000.0 34000.0 561603.4116777859 0.0
34000.0 35000.0 560697.0349953801 4400.0
35000.0 36000.0 594102.9693044412 0.0
36000.0 37000.0 166860.78412888414 0.0
37000.0 38000.0 0.0 0.0
38000.0 39000.0 2917.0 0.0
39000.0 40000.0 0.0 0.0
40000.0 41000.0 327303.01858862175 3000.0
41000.0 42000.0 712841.1445513428 3000.0
42000.0 43000.0 583741.9467968285 3000.0
43000.0 44000.0 593561.7601258979 0.0
44000.0 45000.0 639887.2211441112 3000.0
45000.0 46000.0 666330.6536217951 3000.0
46000.0 47000.0 647998.1822481384 3000.0
47000.0 48000.0 405553.0756485911 0.0
48000.0 49000.0 122420.99727467318 3000.0
49000.0 50000.0 489419.7319863573 0.0
50000.0 51000.0 644022.6983056841 3000.0
51000.0 52000.0 323788.3040708882 0.0
52000.0 53000.0 443997.6215755266 3000.0
53000.0 54000.0 343819.218686278 0.0
54000.0 55000.0 437128.2877230557 3000.0
55000.0 56000.0 659223.4077079297 3000.0
56000.0 57000.0 803368.5394643518 3000.0
57000.0 58000.0 433061.59444961336 0.0
58000.0 59000.0 156842.42221574043 4400.0
59000.0 60000.0 424512.0772870677 0.0
60000.0 61000.0 823540.3287348739 4400.0
61000.0 62000.0 581874.8873709185 0.0
62000.0 63000.0 659905.2115961716 4400.0
63000.0 64000.0 537713.5948953391 0.0
64000.0 65000.0 509944.3877677093 4400.0
65000.0 66000.0 565237.6111228722 0.0
66000.0 67000.0 611659.3631315881 4400.0
67000.0 68000.0 573530.4311300663 0.0
68000.0 69000.0 515041.18743527494 4400.0
69000.0 70000.0 490061.26773678826 0.0
70000.0 71000.0 421486.733577113 4400.0
71000.0 72000.0 603479.6543959614 0.0
72000.0 73000.0 714273.2721415473 4400.0
73000.0 74000.0 656180.0103597288 0.0
74000.0 75000.0 546108.3381569947 4400.0
75000.0 76000.0 597593.9677592926 0.0
76000.0 77000.0 469947.9680336505 4400.0
77000.0 78000.0 564004.6406348704 0.0
78000.0 79000.0 506179.2046790647 4400.0
79000.0 80000.0 506756.0559379477 0.0
80000.0 81000.0 529784.6347846427 4400.0
81000.0 82000.0 606450.390024689 0.0
82000.0 83000.0 541958.2732348421 4400.0
83000.0 84000.0 695698.6489328522 0.0
84000.0 85000.0 518482.6948948921 4400.0
85000.0 86000.0 1007849.2195312233 0.0
86000.0 87000.0 650546.5578928739 4400.0
87000.0 88000.0 1416291.5274448618 0.0
88000.0 89000.0 565082.6153025118 4400.0
89000.0 90000.0 570537.3103011451 4400.0
90000.0 91000.0 743627.8848656755 0.0
91000.0 92000.0 802759.465358048 4400.0
92000.0 93000.0 592551.0904186966 4400.0
93000.0 94000.0 697199.3894228237 0.0
94000.0 95000.0 558266.0541890677 4400.0
95000.0 96000.0 632288.7082186771 0.0
96000.0 97000.0 506083.8641366685 4400.0
97000.0 98000.0 613384.9311638776 0.0
98000.0 99000.0 592276.2665027244 4400.0
99000.0 100000.0 654462.5761596129 0.0
100000.0 101000.0 219392.87714932763 0.0
101000.0 102000.0 0.0 0.0
102000.0 103000.0 439513.98808818625 4400.0
103000.0 104000.0 629095.7223824641 4400.0
104000.0 105000.0 738632.2090669816 0.0
105000.0 106000.0 498606.0804623681 0.0
106000.0 107000.0 281210.2508411162 4400.0
107000.0 108000.0 532209.397918864 0.0
108000.0 109000.0 609536.8485367792 3000.0
109000.0 110000.0 708471.0711122011 3000.0
110000.0 111000.0 489381.43159103964 0.0
111000.0 112000.0 0.0 0.0
112000.0 113000.0 414662.8178636308 3000.0
113000.0 114000.0 634977.8361179219 3000.0
114000.0 115000.0 757394.4031916084 4400.0
115000.0 116000.0 521717.93896214466 0.0
116000.0 117000.0 532809.234131746 4400.0
117000.0 118000.0 686488.3975640844 0.0
118000.0 119000.0 588427.6606281169 4400.0
119000.0 120000.0 627250.3219428429 0.0
120000.0 121000.0 191211.38959790394 0.0
121000.0 122000.0 0.0 0.0
122000.0 123000.0 0.0 0.0
123000.0 124000.0 410914.4251830128 4400.0
124000.0 125000.0 615816.7778145609 3000.0
125000.0 126000.0 702158.3499162487 0.0
126000.0 127000.0 599648.7714978397 3000.0
127000.0 128000.0 575064.8232460312 3000.0
128000.0 129000.0 580825.0285786889 3000.0
129000.0 130000.0 506489.98816790845 0.0
130000.0 131000.0 728971.5392882708 3000.0
131000.0 132000.0 691653.5843177964 3000.0
132000.0 133000.0 328270.5937216582 0.0
133000.0 134000.0 584259.3933009803 4400.0
134000.0 135000.0 499077.00637476693 0.0
135000.0 136000.0 405975.61888891034 4400.0
136000.0 137000.0 689000.8371500738 0.0
137000.0 138000.0 66108.26255325275 0.0
138000.0 139000.0 367810.9125782129 4400.0
139000.0 140000.0 541594.3275097514 0.0
140000.0 141000.0 591763.5259380481 4400.0
141000.0 142000.0 550502.804592001 0.0
142000.0 143000.0 635263.8453440906 4400.0
143000.0 144000.0 665789.4076261115 4400.0
144000.0 145000.0 688670.5337885217 0.0
145000.0 146000.0 654805.591720202 4400.0
146000.0 147000.0 656052.851749104 0.0
147000.0 148000.0 566994.3765988708 4400.0
148000.0 149000.0 658489.3314725637 0.0
149000.0 150000.0 604439.4644026053 4400.0
150000.0 151000.0 818147.0509267832 4400.0
151000.0 152000.0 565110.368459811 0.0
152000.0 153000.0 528767.4323764346 4400.0
153000.0 154000.0 675306.5988320988 0.0
154000.0 155000.0 529328.1919300047 4400.0
155000.0 156000.0 673038.7643359246 0.0
156000.0 157000.0 527191.3354313987 4400.0
157000.0 158000.0 639424.8007293222 0.0
158000.0 159000.0 513396.0435661754 4400.0
159000.0 160000.0 557230.0865186913 0.0
160000.0 161000.0 545291.4303048323 4400.0
161000.0 162000.0 513058.05984671065 0.0
162000.0 163000.0 146844.86342172953 0.0
163000.0 164000.0 0.0 0.0
164000.0 165000.0 446634.2540477066 4400.0
165000.0 166000.0 645582.7367962566 4400.0
166000.0 167000.0 523888.6375394815 0.0
167000.0 168000.0 634074.8836238883 0.0
168000.0 169000.0 713742.0001845395 3000.0
169000.0 170000.0 617216.5287267456 3000.0
170000.0 171000.0 578549.5988630207 3000.0
171000.0 172000.0 386892.51564072527 0.0
172000.0 173000.0 547761.0060437131 3000.0
173000.0 174000.0 267521.7550839035 0.0
174000.0 175000.0 365526.5446369051 4400.0
175000.0 176000.0 602563.4753477841 0.0
176000.0 177000.0 559277.2488945345 4400.0
177000.0 178000.0 541866.6523785553 0.0
178000.0 179000.0 507221.56672347756 4400.0
179000.0 180000.0 584687.6155188393 0.0
180000.0 181000.0 230946.97994992352 0.0
181000.0 182000.0 0.0 0.0
182000.0 183000.0 152666.5387716905 4400.0
183000.0 184000.0 520586.62170094595 0.0
184000.0 185000.0 818242.0933590838 2300.0
185000.0 186000.0 559911.0714033325 2300.0
186000.0 187000.0 573842.3663345566 2300.0
187000.0 188000.0 320947.30843039067 0.0
188000.0 189000.0 376284.73756905337 2300.0
189000.0 190000.0 223905.2508952385 0.0
190000.0 191000.0 343779.37090216944 4400.0
191000.0 192000.0 559832.3380198928 0.0
192000.0 193000.0 501052.4955452701 4400.0
193000.0 194000.0 607884.2094284219 0.0
194000.0 195000.0 509130.72602704284 4400.0
195000.0 196000.0 597507.9189911195 0.0
196000.0 197000.0 526747.1613948833 4400.0
197000.0 198000.0 650745.7837661715 4400.0
198000.0 199000.0 646361.2949829131 0.0
199000.0 200000.0 637939.6070209836 4400.0
200000.0 201000.0 742598.7475247337 0.0
201000.0 202000.0 585477.3151193669 4400.0
202000.0 203000.0 607486.0637688572 0.0
203000.0 204000.0 597077.1637692181 4400.0
204000.0 205000.0 744652.3921169627 4400.0
205000.0 206000.0 669102.5028235212 0.0
206000.0 207000.0 773183.3049134177 4400.0
207000.0 208000.0 554258.4998844396 0.0
208000.0 209000.0 526420.34557504 4400.0
209000.0 210000.0 651009.6988384107 0.0
210000.0 211000.0 189034.07112287218 0.0
211000.0 212000.0 0.0 0.0
212000.0 213000.0 387625.0347688401 4400.0
213000.0 214000.0 633744.0130681825 3000.0
214000.0 215000.0 735718.442620529 3000.0
215000.0 216000.0 666726.1362387738 0.0
216000.0 217000.0 642378.2982923092 3000.0
217000.0 218000.0 307648.3608295299 0.0
218000.0 219000.0 412883.90154289815 4400.0
219000.0 220000.0 547385.5056689631 0.0
220000.0 221000.0 490747.3318720036 4400.0
221000.0 222000.0 597869.4700554733 0.0
222000.0 223000.0 583226.3033427123 4400.0
223000.0 224000.0 551625.0863996645 0.0
224000.0 225000.0 530185.8619239508 4400.0
225000.0 226000.0 614660.9048461575 0.0
226000.0 227000.0 650617.2939726841 4400.0
227000.0 228000.0 547956.2204070848 0.0
228000.0 229000.0 501671.6611778238 4400.0
229000.0 230000.0 584771.9364046588 0.0
230000.0 231000.0 624034.7824197131 4400.0
231000.0 232000.0 483497.39114969573 0.0
232000.0 233000.0 555710.9611961548 4400.0
233000.0 234000.0 565156.1285348095 0.0
234000.0 235000.0 524520.1504998076 4400.0
235000.0 236000.0 600019.3843642913 0.0
236000.0 237000.0 520737.0765709182 4400.0
237000.0 238000.0 564303.7147251349 0.0
238000.0 239000.0 418587.9415065142 4400.0
239000.0 240000.0 572544.5924873713 0.0
240000.0 241000.0 600366.4376703117 4400.0
241000.0 242000.0 559029.7825294276 0.0
242000.0 243000.0 485924.59157165047 4400.0
243000.0 244000.0 635025.312752061 0.0
244000.0 245000.0 693164.7062788894 4400.0
245000.0 246000.0 638609.7045179987 4400.0
246000.0 247000.0 676896.4002886185 0.0
247000.0 248000.0 750123.2860766936 4400.0
248000.0 249000.0 645798.4635776153 4400.0
249000.0 250000.0 739211.7141081137 0.0
250000.0 251000.0 774133.3993085688 4400.0
251000.0 252000.0 511471.6398048945 0.0
252000.0 253000.0 631561.8297317774 4400.0
253000.0 254000.0 584159.2659020941 0.0
254000.0 255000.0 533422.1149306014 4400.0
255000.0 256000.0 642219.8870666139 0.0
256000.0 257000.0 504346.13574717386 4400.0
257000.0 258000.0 621570.4723199075 0.0
258000.0 259000.0 578630.7100887289 4400.0
259000.0 260000.0 645060.0028640494 0.0
260000.0 261000.0 499759.3150504868 4400.0
261000.0 262000.0 617710.9147648938 0.0
262000.0 263000.0 541216.8064570327 4400.0
263000.0 264000.0 571352.2175613868 0.0
264000.0 265000.0 521729.6131444853 4400.0
265000.0 266000.0 549001.758744959 0.0
266000.0 267000.0 550040.2473680484 4400.0
267000.0 268000.0 585013.1812406441 0.0
268000.0 269000.0 505829.9529986308 4400.0
269000.0 270000.0 167792.80114256917 0.0
270000.0 271000.0 18850.39449451322 0.0
271000.0 272000.0 76373.86965707073 288.0
272000.0 273000.0 151927.35293002133 288.0
273000.0 274000.0 80198.4221425099 288.0
274000.0 275000.0 47641.40828030811 0.0
275000.0 276000.0 482571.02715405426 2300.0
276000.0 277000.0 137707.97284594574 0.0
277000.0 278000.0 406682.5736240758 3000.0
278000.0 279000.0 338820.42637592414 0.0
279000.0 280000.0 0.0 0.0
280000.0 281000.0 365020.03408531204 3000.0
281000.0 282000.0 554430.5205152987 3000.0
282000.0 283000.0 736820.5742673532 3000.0
283000.0 284000.0 470542.581855741 0.0
284000.0 285000.0 216461.46248666517 0.0
285000.0 286000.0 420272.7312098194 3000.0
286000.0 287000.0 528218.4628170235 3000.0
287000.0 288000.0 438919.73579075583 0.0
288000.0 289000.0 319800.40085646394 3000.0
289000.0 290000.0 470540.50927831675 0.0
290000.0 291000.0 129967.98683725068 0.0
291000.0 292000.0 0.0 0.0
292000.0 293000.0 404402.7031172339 3000.0
293000.0 294000.0 581299.1672769318 3000.0
294000.0 295000.0 766283.1461124362 4400.0
295000.0 296000.0 510982.41337043815 0.0
296000.0 297000.0 895306.0891457304 4400.0
297000.0 298000.0 930430.2565034099 0.0
298000.0 299000.0 633677.9754473796 4400.0
299000.0 300000.0 607869.5328709563 0.0
300000.0 301000.0 211995.7161554837 0.0
