ts te s_bytes_all avg_video_rate
0.0 1000.0 0.0 0.0
1000.0 2000.0 0.0 0.0
2000.0 3000.0 0.0 0.0
3000.0 4000.0 0.0 0.0
4000.0 5000.0 0.0 0.0
5000.0 6000.0 0.0 0.0
6000.0 7000.0 138280.0984270266 2300.0
7000.0 8000.0 111330.46145875716 288.0
8000.0 9000.0 145771.77013100605 288.0
9000.0 10000.0 196089.8274097039 288.0
10000.0 11000.0 193435.5791419496 288.0
11000.0 12000.0 279365.2608997539 288.0
12000.0 13000.0 260400.14048933022 288.0
13000.0 14000.0 16216.862042472601 0.0
14000.0 15000.0 238037.67344184272 1500.0
15000.0 16000.0 387671.32139841333 1500.0
16000.0 17000.0 361473.4184954728 0.0
17000.0 18000.0 76999.25436847277 1500.0
18000.0 19000.0 397306.0976815672 0.0
19000.0 20000.0 104017.2346142312 0.0
20000.0 21000.0 10711.881952869071 288.0
21000.0 22000.0 159203.34170775066 288.0
22000.0 23000.0 173420.76254334388 288.0
23000.0 24000.0 83078.48874369719 0.0
24000.0 25000.0 91520.7788763498 288.0
25000.0 26000.0 150665.60818647128 288.0
26000.0 27000.0 25627.770630064224 0.0
27000.0 28000.0 130352.36735945387 288.0
28000.0 29000.0 2911.0 0.0
29000.0 30000.0 0.0 0.0
30000.0 31000.0 198208.53406555892 288.0
31000.0 32000.0 13482.465934441063 0.0
32000.0 33000.0 2910.0 0.0
33000.0 34000.0 0.0 0.0
34000.0 35000.0 218973.33068878442 840.0
35000.0 36000.0 234377.84386861976 840.0
36000.0 37000.0 346221.8254425958 840.0
37000.0 38000.0 0.0 0.0
38000.0 39000.0 231417.0 840.0
39000.0 40000.0 0.0 0.0
40000.0 41000.0 266217.70268699294 2300.0
41000.0 42000.0 283688.65122213896 0.0
42000.0 43000.0 316843.7280356266 3000.0
43000.0 44000.0 440597.0819627263 0.0
44000.0 45000.0 470781.92868019664 2300.0
45000.0 46000.0 314271.96504046104 0.0
46000.0 47000.0 359944.13027983805 2300.0
47000.0 48000.0 353226.8120920195 0.0
48000.0 49000.0 313097.8316230787 2300.0
49000.0 50000.0 569356.5589844701 2300.0
50000.0 51000.0 402123.4641501503 0.0
51000.0 52000.0 949.1452423008145 0.0
52000.0 53000.0 2909.0 0.0
53000.0 54000.0 0.0 0.0
54000.0 55000.0 389914.82213784626 2300.0
55000.0 56000.0 769245.0642881367 2300.0
56000.0 57000.0 568709.8283703374 2300.0
57000.0 58000.0 747569.1211485048 2300.0
58000.0 59000.0 354126.93044618395 2300.0
59000.0 60000.0 274381.23360899097 0.0
60000.0 61000.0 358005.2607256353 2300.0
61000.0 62000.0 264175.0187408381 0.0
62000.0 63000.0 184850.56503342753 2300.0
63000.0 64000.0 291047.95278452116 0.0
64000.0 65000.0 488247.6093760283 2300.0
65000.0 66000.0 259937.59333954967 0.0
66000.0 67000.0 368606.90226932295 2300.0
67000.0 68000.0 279128.0977306771 0.0
68000.0 69000.0 317439.618539156 2300.0
69000.0 70000.0 289077.87276965915 0.0
70000.0 71000.0 44978.50869118492 0.0
71000.0 72000.0 0.0 0.0
72000.0 73000.0 318489.1498411332 2300.0
73000.0 74000.0 304608.85015886684 0.0
74000.0 75000.0 352089.8652067125 2300.0
75000.0 76000.0 232910.02439213154 0.0
76000.0 77000.0 374102.2928077692 2300.0
77000.0 78000.0 675227.6745884691 2300.0
78000.0 79000.0 495943.19764383143 2300.0
79000.0 80000.0 291200.9453610863 0.0
80000.0 81000.0 324119.5490013473 2300.0
81000.0 82000.0 280552.7639942509 0.0
82000.0 83000.0 386980.9457317278 2300.0
83000.0 84000.0 269076.71762218914 0.0
84000.0 85000.0 372105.2346836575 2300.0
85000.0 86000.0 249555.78896682747 0.0
86000.0 87000.0 360716.9547889046 2300.0
87000.0 88000.0 253301.04521109542 0.0
88000.0 89000.0 358493.47332263726 2300.0
89000.0 90000.0 260104.5266773627 0.0
90000.0 91000.0 88911.07216443899 2300.0
91000.0 92000.0 322372.5367139887 0.0
92000.0 93000.0 544707.9763556735 2300.0
93000.0 94000.0 236919.6886111363 0.0
94000.0 95000.0 309962.5654151085 2300.0
95000.0 96000.0 297746.84163510957 0.0
96000.0 97000.0 418537.0044987416 2300.0
97000.0 98000.0 257526.31460580262 0.0
98000.0 99000.0 347107.1230813507 2300.0
99000.0 100000.0 239333.23278631992 0.0
100000.0 101000.0 360741.6562359987 2300.0
101000.0 102000.0 321040.9878963307 0.0
102000.0 103000.0 266352.50575147767 2300.0
103000.0 104000.0 286645.0608825084 0.0
104000.0 105000.0 364445.2744169925 2300.0
105000.0 106000.0 285383.56861333793 0.0
106000.0 107000.0 392710.6614128468 2300.0
107000.0 108000.0 261381.9289228367 0.0
108000.0 109000.0 273051.9747573588 2300.0
109000.0 110000.0 259908.76602486795 0.0
110000.0 111000.0 362999.46940180426 2300.0
111000.0 112000.0 265955.908582842 0.0
112000.0 113000.0 294200.00450046867 2300.0
113000.0 114000.0 287352.9911019231 0.0
114000.0 115000.0 405530.4791994746 2300.0
115000.0 116000.0 266441.7393148491 0.0
116000.0 117000.0 348254.30285763234 2300.0
117000.0 118000.0 345427.59519044805 0.0
118000.0 119000.0 343569.93781866616 2300.0
119000.0 120000.0 295783.0514640024 0.0
120000.0 121000.0 344748.7928106273 2300.0
121000.0 122000.0 302797.9869750353 0.0
122000.0 123000.0 86226.58942129297 0.0
123000.0 124000.0 336762.55098008993 2300.0
124000.0 125000.0 623373.5837508665 2300.0
125000.0 126000.0 585910.2250762659 2300.0
126000.0 127000.0 504678.6486155319 2300.0
127000.0 128000.0 265751.2700354592 0.0
128000.0 129000.0 346137.46277102164 2300.0
129000.0 130000.0 240675.98807374688 0.0
130000.0 131000.0 398511.8877914848 2300.0
131000.0 132000.0 312272.5039774427 0.0
132000.0 133000.0 327894.9834209364 2300.0
133000.0 134000.0 293883.218772316 0.0
134000.0 135000.0 348229.2430219641 2300.0
135000.0 136000.0 247418.6536241482 0.0
136000.0 137000.0 374932.3303775511 2300.0
137000.0 138000.0 349820.998775009 0.0
138000.0 139000.0 310798.92758685426 2300.0
139000.0 140000.0 275488.9195849871 0.0
140000.0 141000.0 317598.6227121036 2300.0
141000.0 142000.0 309740.15245593654 0.0
142000.0 143000.0 308381.60204892536 2300.0
143000.0 144000.0 291635.4935264812 0.0
144000.0 145000.0 170599.04983086677 2300.0
145000.0 146000.0 481792.0937687182 0.0
146000.0 147000.0 349108.38757364184 2300.0
147000.0 148000.0 242319.98791483 0.0
148000.0 149000.0 344462.39722474036 2300.0
149000.0 150000.0 663386.0808037275 2300.0
150000.0 151000.0 461284.89281259547 2300.0
151000.0 152000.0 450707.2536704647 0.0
152000.0 153000.0 317350.64815220534 2300.0
153000.0 154000.0 248041.07664586924 0.0
154000.0 155000.0 381535.6188101511 2300.0
155000.0 156000.0 291295.35635712557 0.0
156000.0 157000.0 338419.8597440749 2300.0
157000.0 158000.0 285741.44029057375 0.0
158000.0 159000.0 59085.18356302264 2300.0
159000.0 160000.0 432803.48482857744 0.0
160000.0 161000.0 464032.75465951493 2300.0
161000.0 162000.0 260706.57694888502 0.0
162000.0 163000.0 274541.9155762344 2300.0
163000.0 164000.0 287040.39932172984 0.0
164000.0 165000.0 387907.7373064929 2300.0
165000.0 166000.0 262496.1967341103 0.0
166000.0 167000.0 326830.5624562621 2300.0
167000.0 168000.0 277456.51547325874 0.0
168000.0 169000.0 397105.3237225559 2300.0
169000.0 170000.0 333419.8799112015 0.0
170000.0 171000.0 317338.753967495 2300.0
171000.0 172000.0 283994.71553065936 0.0
172000.0 173000.0 326269.2725475386 2300.0
173000.0 174000.0 295168.2830754693 0.0
174000.0 175000.0 379661.62833043997 2300.0
175000.0 176000.0 257007.81604655206 0.0
176000.0 177000.0 2909.0 0.0
177000.0 178000.0 0.0 0.0
178000.0 179000.0 404942.4955935627 2300.0
179000.0 180000.0 719925.5222822798 2300.0
180000.0 181000.0 575426.4234475734 2300.0
181000.0 182000.0 318461.5586765839 0.0
182000.0 183000.0 116448.74059227522 2300.0
183000.0 184000.0 313714.9522919327 0.0
184000.0 185000.0 537483.9030782605 2300.0
185000.0 186000.0 261976.40403753155 0.0
186000.0 187000.0 342078.08478459384 2300.0
187000.0 188000.0 292522.25086382154 0.0
188000.0 189000.0 395104.6695063969 2300.0
189000.0 190000.0 284023.9948451877 0.0
190000.0 191000.0 368726.0834898 2300.0
191000.0 192000.0 252002.61252174972 0.0
192000.0 193000.0 376150.53121947986 2300.0
193000.0 194000.0 250662.77276897046 0.0
194000.0 195000.0 361655.6776170067 2300.0
195000.0 196000.0 245442.4286918878 0.0
196000.0 197000.0 373049.87510598573 2300.0
197000.0 198000.0 244502.55902940786 0.0
198000.0 199000.0 350306.71896886366 2300.0
199000.0 200000.0 253356.74058684826 0.0
200000.0 201000.0 354087.5670670501 2300.0
201000.0 202000.0 275648.0457462807 0.0
202000.0 203000.0 338475.91246871377 2300.0
203000.0 204000.0 275113.47471795545 0.0
204000.0 205000.0 388817.87160355295 2300.0
205000.0 206000.0 272118.947542145 0.0
206000.0 207000.0 351169.9305253169 2300.0
207000.0 208000.0 222633.2503289851 0.0
208000.0 209000.0 95718.05628888702 2300.0
209000.0 210000.0 333113.3104184536 0.0
210000.0 211000.0 589299.5010070457 2300.0
211000.0 212000.0 233870.13228561362 0.0
212000.0 213000.0 359370.98691497504 2300.0
213000.0 214000.0 537399.3055354427 2300.0
214000.0 215000.0 677502.1288199191 2300.0
215000.0 216000.0 269835.6922886208 0.0
216000.0 217000.0 309311.2309468572 2300.0
217000.0 218000.0 284141.41973365867 0.0
218000.0 219000.0 366295.50518040406 2300.0
219000.0 220000.0 298237.97470032395 0.0
220000.0 221000.0 305559.133667571 2300.0
221000.0 222000.0 288554.760549772 0.0
222000.0 223000.0 364656.18509778095 2300.0
223000.0 224000.0 271909.0777204226 0.0
224000.0 225000.0 415686.65730868734 2300.0
225000.0 226000.0 280990.6963775327 0.0
226000.0 227000.0 273910.3033943936 2300.0
227000.0 228000.0 286332.8373901137 0.0
228000.0 229000.0 430435.6536158533 2300.0
229000.0 230000.0 254718.45075767138 0.0
230000.0 231000.0 382227.25589913724 2300.0
231000.0 232000.0 297563.7441008628 0.0
232000.0 233000.0 298810.6665468895 2300.0
233000.0 234000.0 239338.36994061124 0.0
234000.0 235000.0 401199.92588817 2300.0
235000.0 236000.0 299257.94433209865 0.0
236000.0 237000.0 336916.01474959025 2300.0
237000.0 238000.0 307700.0785426403 0.0
238000.0 239000.0 231526.77737662886 2300.0
239000.0 240000.0 289343.10704882035 0.0
240000.0 241000.0 455372.8578981919 2300.0
241000.0 242000.0 288157.2576763589 0.0
242000.0 243000.0 2912.0 0.0
243000.0 244000.0 0.0 0.0
244000.0 245000.0 329332.9588472929 2300.0
245000.0 246000.0 515068.59312466736 2300.0
246000.0 247000.0 543914.5177511151 2300.0
247000.0 248000.0 567152.9302769246 0.0
248000.0 249000.0 382399.19855384866 2300.0
249000.0 250000.0 246214.90964086005 0.0
250000.0 251000.0 339949.4944600192 2300.0
251000.0 252000.0 266117.23930018704 0.0
252000.0 253000.0 380899.0123080452 2300.0
253000.0 254000.0 244088.1457370398 0.0
254000.0 255000.0 321195.3287072933 2300.0
255000.0 256000.0 374459.3706641825 0.0
256000.0 257000.0 222797.6364498617 2300.0
257000.0 258000.0 436904.66417866247 0.0
258000.0 259000.0 306458.6628802765 2300.0
259000.0 260000.0 268745.8686273121 0.0
260000.0 261000.0 374464.1129713194 2300.0
261000.0 262000.0 342679.6791125468 0.0
262000.0 263000.0 351087.19151176757 2300.0
263000.0 264000.0 848943.0214957662 2300.0
264000.0 265000.0 224988.46340101163 0.0
265000.0 266000.0 0.0 0.0
266000.0 267000.0 284967.4811619867 2300.0
267000.0 268000.0 512168.44862489577 2300.0
268000.0 269000.0 783332.6940151901 2300.0
269000.0 270000.0 247046.0428872277 0.0
270000.0 271000.0 294780.1973403585 2300.0
271000.0 272000.0 288492.4989616741 0.0
272000.0 273000.0 258906.40512083116 2300.0
273000.0 274000.0 430429.23188783595 0.0
274000.0 275000.0 333035.82857919176 2300.0
275000.0 276000.0 254372.63670309717 0.0
276000.0 277000.0 463295.9600583589 2300.0
277000.0 278000.0 309344.27196663676 0.0
278000.0 279000.0 330800.45370372635 2300.0
279000.0 280000.0 294748.04324940813 0.0
280000.0 281000.0 302820.43230862357 2300.0
281000.0 282000.0 276650.4906416177 0.0
282000.0 283000.0 364923.2659535941 2300.0
283000.0 284000.0 301109.61683574563 0.0
284000.0 285000.0 311698.3310269544 2300.0
285000.0 286000.0 305964.6235381757 0.0
286000.0 287000.0 59481.003668725534 2300.0
287000.0 288000.0 608882.861988822 0.0
288000.0 289000.0 315956.8953740808 2300.0
289000.0 290000.0 336520.2844032414 0.0
290000.0 291000.0 336735.55061324115 2300.0
291000.0 292000.0 513618.85371153033 2300.0
292000.0 293000.0 319172.5956752285 0.0
293000.0 294000.0 0.0 0.0
294000.0 295000.0 351084.06888471096 2300.0
295000.0 296000.0 265409.85022331827 0.0
296000.0 297000.0 397641.3469862021 2300.0
297000.0 298000.0 294252.73390576866 0.0
298000.0 299000.0 338108.139596984 2300.0
299000.0 300000.0 237999.86040301595 0.0
300000.0 301000.0 0.0 0.0
