ts te s_bytes_all avg_video_rate
0.0 1000.0 0.0 0.0
1000.0 2000.0 0.0 0.0
2000.0 3000.0 0.0 0.0
3000.0 4000.0 0.0 0.0
4000.0 5000.0 0.0 0.0
5000.0 6000.0 69733.46880896993 0.0
6000.0 7000.0 401121.49620276387 2300.0
7000.0 8000.0 628172.8108665028 2300.0
8000.0 9000.0 655484.797207197 2300.0
9000.0 10000.0 686462.9589864471 2300.0
10000.0 11000.0 567836.4487459015 2300.0
11000.0 12000.0 581066.2170137793 2300.0
12000.0 13000.0 530466.3879221267 2300.0
13000.0 14000.0 642724.8339011953 2300.0
14000.0 15000.0 479265.5803451162 2300.0
15000.0 16000.0 626985.4286846146 2300.0
16000.0 17000.0 640641.3870905135 2300.0
17000.0 18000.0 464713.36818369396 2300.0
18000.0 19000.0 735125.1280787473 0.0
19000.0 20000.0 591192.3777977077 2300.0
20000.0 21000.0 487145.92661459907 2300.0
21000.0 22000.0 220586.0975510287 0.0
22000.0 23000.0 371814.8372550156 4400.0
23000.0 24000.0 578232.3768609872 0.0
24000.0 25000.0 599074.3145589819 4400.0
25000.0 26000.0 544651.1395774789 0.0
26000.0 27000.0 604738.8766582832 4400.0
27000.0 28000.0 558766.0043611637 0.0
28000.0 29000.0 508484.0256629175 4400.0
29000.0 30000.0 596792.2812310294 0.0
30000.0 31000.0 718696.0225615402 3000.0
31000.0 32000.0 333687.2842244999 0.0
32000.0 33000.0 474441.44714602566 3000.0
33000.0 34000.0 339151.528550356 0.0
34000.0 35000.0 442527.9889915878 3000.0
35000.0 36000.0 347209.3897013468 0.0
36000.0 37000.0 466864.98389090644 3000.0
37000.0 38000.0 321983.24790470314 0.0
38000.0 39000.0 2055.536862271581 0.0
39000.0 40000.0 0.0 0.0
40000.0 41000.0 2914.0 0.0
41000.0 42000.0 0.0 0.0
42000.0 43000.0 119909.6316243657 3000.0
43000.0 44000.0 755801.0758574075 0.0
44000.0 45000.0 667377.6521208211 3000.0
45000.0 46000.0 801521.7686356336 3000.0
46000.0 47000.0 707258.7849548026 3000.0
47000.0 48000.0 679453.144406962 3000.0
48000.0 49000.0 693103.6279047101 3000.0
49000.0 50000.0 525736.8109514781 0.0
50000.0 51000.0 428572.4652810384 3000.0
51000.0 52000.0 337778.0382627807 0.0
52000.0 53000.0 466569.6649522893 3000.0
53000.0 54000.0 607397.882454653 3000.0
54000.0 55000.0 640923.6022366531 3000.0
55000.0 56000.0 497823.3186810756 0.0
56000.0 57000.0 482707.568162311 3000.0
57000.0 58000.0 347283.23033728485 0.0
58000.0 59000.0 450641.8545402339 3000.0
59000.0 60000.0 358188.77772497386 0.0
60000.0 61000.0 483264.7788240873 3000.0
61000.0 62000.0 317530.05407749594 0.0
62000.0 63000.0 414401.5868410552 3000.0
63000.0 64000.0 357057.48063029186 0.0
64000.0 65000.0 424470.07446706045 3000.0
65000.0 66000.0 351163.09279058396 0.0
66000.0 67000.0 340468.01099523436 3000.0
67000.0 68000.0 525933.5901905312 0.0
68000.0 69000.0 283084.20351524174 3000.0
69000.0 70000.0 521314.1940798213 0.0
70000.0 71000.0 292547.29317641124 3000.0
71000.0 72000.0 599919.0450167995 0.0
72000.0 73000.0 261182.32556118118 3000.0
73000.0 74000.0 584116.9741875168 0.0
74000.0 75000.0 345839.8412404823 3000.0
75000.0 76000.0 358672.55531673116 0.0
76000.0 77000.0 523253.05552846997 3000.0
77000.0 78000.0 262693.94447153003 0.0
78000.0 79000.0 547439.5689940129 3000.0
79000.0 80000.0 327491.43100598716 0.0
80000.0 81000.0 462426.72741007013 3000.0
81000.0 82000.0 285874.4385529847 0.0
82000.0 83000.0 548299.1532205683 3000.0
83000.0 84000.0 331969.68081637693 0.0
84000.0 85000.0 139191.468425042 3000.0
85000.0 86000.0 568245.6661279282 0.0
86000.0 87000.0 511003.29385709594 3000.0
87000.0 88000.0 208010.78038007632 0.0
88000.0 89000.0 517848.53548384446 3000.0
89000.0 90000.0 355316.69111287245 0.0
90000.0 91000.0 442412.667428275 3000.0
91000.0 92000.0 278535.0670118772 0.0
92000.0 93000.0 540094.827915591 3000.0
93000.0 94000.0 305713.0972427085 0.0
94000.0 95000.0 534608.0881866027 3000.0
95000.0 96000.0 290652.1424340318 0.0
96000.0 97000.0 491696.10175764625 3000.0
97000.0 98000.0 319766.633985111 0.0
98000.0 99000.0 503121.74629374046 3000.0
99000.0 100000.0 247115.1825144837 0.0
100000.0 101000.0 469691.46785920055 3000.0
101000.0 102000.0 518706.57560180564 3000.0
102000.0 103000.0 616118.0363364959 3000.0
103000.0 104000.0 553023.4102984904 0.0
104000.0 105000.0 516307.51228219713 3000.0
105000.0 106000.0 521766.47185832146 0.0
106000.0 107000.0 322679.02741950576 3000.0
107000.0 108000.0 429785.50818705605 0.0
108000.0 109000.0 490579.05767452146 3000.0
109000.0 110000.0 366935.4629387027 0.0
110000.0 111000.0 375169.9053465122 3000.0
111000.0 112000.0 381872.5740402636 0.0
112000.0 113000.0 339035.77859038167 3000.0
113000.0 114000.0 348410.7048078826 0.0
114000.0 115000.0 437109.174806727 3000.0
115000.0 116000.0 363968.620817501 0.0
116000.0 117000.0 453992.84983531694 3000.0
117000.0 118000.0 331629.77204947034 0.0
118000.0 119000.0 430913.06609951495 3000.0
119000.0 120000.0 345384.5382535828 0.0
120000.0 121000.0 335421.9589846352 3000.0
121000.0 122000.0 436769.53575498745 0.0
122000.0 123000.0 96015.54719402433 3000.0
123000.0 124000.0 686021.6193162507 0.0
124000.0 125000.0 463448.1932549733 3000.0
125000.0 126000.0 415003.64023475174 0.0
126000.0 127000.0 478335.8834670172 3000.0
127000.0 128000.0 342629.90313781286 0.0
128000.0 129000.0 549169.333110788 3000.0
129000.0 130000.0 272461.1899560342 0.0
130000.0 131000.0 558908.1100508997 3000.0
131000.0 132000.0 319915.6747878966 0.0
132000.0 133000.0 520865.8051404171 3000.0
133000.0 134000.0 272405.87721517176 0.0
134000.0 135000.0 541683.279285128 3000.0
135000.0 136000.0 287134.5672643063 0.0
136000.0 137000.0 484616.8491107508 3000.0
137000.0 138000.0 302381.30432788323 0.0
138000.0 139000.0 527900.0965668589 3000.0
139000.0 140000.0 274953.7926488454 0.0
140000.0 141000.0 521834.58995365916 3000.0
141000.0 142000.0 324160.77199808706 0.0
142000.0 143000.0 478826.3415255389 3000.0
143000.0 144000.0 338821.9132749314 0.0
144000.0 145000.0 401800.3623409839 3000.0
145000.0 146000.0 394834.3548369897 0.0
146000.0 147000.0 509918.31155204127 3000.0
147000.0 148000.0 266583.68844795873 0.0
148000.0 149000.0 541630.9580891555 3000.0
149000.0 150000.0 620913.1412057512 3000.0
150000.0 151000.0 748686.6040997752 3000.0
151000.0 152000.0 390114.46569471795 0.0
152000.0 153000.0 500804.70604130207 3000.0
153000.0 154000.0 327864.37130191847 0.0
154000.0 155000.0 431448.36990104703 3000.0
155000.0 156000.0 370724.4858002464 0.0
156000.0 157000.0 539243.172822044 3000.0
157000.0 158000.0 294576.17598503886 0.0
158000.0 159000.0 378849.04690390243 3000.0
159000.0 160000.0 438704.9651412291 0.0
160000.0 161000.0 507483.9216625472 3000.0
161000.0 162000.0 340375.17853514216 0.0
162000.0 163000.0 569564.5682571577 3000.0
163000.0 164000.0 328372.44852688327 0.0
164000.0 165000.0 506430.18587726954 3000.0
165000.0 166000.0 336715.1975168551 0.0
166000.0 167000.0 565420.6401989032 3000.0
167000.0 168000.0 395076.48537223286 0.0
168000.0 169000.0 527845.7325486055 3000.0
169000.0 170000.0 347115.6161703491 0.0
170000.0 171000.0 473706.39109477605 3000.0
171000.0 172000.0 339534.88088493363 0.0
172000.0 173000.0 484556.87693243206 3000.0
173000.0 174000.0 318866.4648218172 0.0
174000.0 175000.0 497775.10142300744 3000.0
175000.0 176000.0 398139.1813822083 0.0
176000.0 177000.0 501985.2050991781 3000.0
177000.0 178000.0 336098.68747904745 0.0
178000.0 179000.0 414669.33901281375 3000.0
179000.0 180000.0 410001.5808357211 0.0
180000.0 181000.0 460386.1645730131 3000.0
181000.0 182000.0 341827.68880897807 0.0
182000.0 183000.0 480026.14069089777 3000.0
183000.0 184000.0 257529.165040304 0.0
184000.0 185000.0 549461.5444559134 3000.0
185000.0 186000.0 331213.2886297834 0.0
186000.0 187000.0 549565.800839572 3000.0
187000.0 188000.0 278350.8412157293 0.0
188000.0 189000.0 518820.4576580334 3000.0
189000.0 190000.0 291120.33111996955 0.0
190000.0 191000.0 560449.6337771764 3000.0
191000.0 192000.0 400924.1400053058 0.0
192000.0 193000.0 493296.5603513838 3000.0
193000.0 194000.0 304294.09621593123 0.0
194000.0 195000.0 321417.65478173015 3000.0
195000.0 196000.0 367425.4698638526 0.0
196000.0 197000.0 418126.59705947794 3000.0
197000.0 198000.0 572003.1677379753 3000.0
198000.0 199000.0 712816.9012012543 3000.0
199000.0 200000.0 577204.9657947127 0.0
200000.0 201000.0 448174.6970191816 3000.0
201000.0 202000.0 376826.62280207657 0.0
202000.0 203000.0 515263.7434979702 3000.0
203000.0 204000.0 339423.26140088186 0.0
204000.0 205000.0 445646.8131559446 3000.0
205000.0 206000.0 309841.80005037924 0.0
206000.0 207000.0 405877.5151282111 3000.0
207000.0 208000.0 354086.4284676508 0.0
208000.0 209000.0 320363.79519899783 3000.0
209000.0 210000.0 501312.5668397033 0.0
210000.0 211000.0 368890.0906044512 3000.0
211000.0 212000.0 431192.9093955488 0.0
212000.0 213000.0 330316.8240738679 3000.0
213000.0 214000.0 351864.3263896995 0.0
214000.0 215000.0 470175.87508505594 3000.0
215000.0 216000.0 338765.4912859198 0.0
216000.0 217000.0 415758.31831570563 3000.0
217000.0 218000.0 353375.3351798335 0.0
218000.0 219000.0 572426.1599054685 3000.0
219000.0 220000.0 301333.0349987552 0.0
220000.0 221000.0 526225.8766009503 3000.0
221000.0 222000.0 282405.9911543212 0.0
222000.0 223000.0 513921.8963583075 3000.0
223000.0 224000.0 305762.2025041842 0.0
224000.0 225000.0 459403.97225336084 3000.0
225000.0 226000.0 296693.9827837186 0.0
226000.0 227000.0 469860.0966647207 3000.0
227000.0 228000.0 331485.8395594442 0.0
228000.0 229000.0 490289.57638491347 3000.0
229000.0 230000.0 306545.53625580046 0.0
230000.0 231000.0 479173.6884644653 3000.0
231000.0 232000.0 351725.41113011166 0.0
232000.0 233000.0 437082.22489286965 3000.0
233000.0 234000.0 363476.454183972 0.0
234000.0 235000.0 461654.73284277203 3000.0
235000.0 236000.0 336170.0925335368 0.0
236000.0 237000.0 456524.4799277965 3000.0
237000.0 238000.0 360251.0280017429 0.0
238000.0 239000.0 472911.0927938915 3000.0
239000.0 240000.0 354110.8659231436 0.0
240000.0 241000.0 440674.63701477245 3000.0
241000.0 242000.0 343012.95653689816 0.0
242000.0 243000.0 273632.80216528464 3000.0
243000.0 244000.0 513443.7507799532 0.0
244000.0 245000.0 444892.1471193367 3000.0
245000.0 246000.0 586108.7143238666 3000.0
246000.0 247000.0 442656.86856590485 3000.0
247000.0 248000.0 618719.3071662432 0.0
248000.0 249000.0 734989.5727032246 3000.0
249000.0 250000.0 310552.39891090844 0.0
250000.0 251000.0 443825.33454161376 3000.0
251000.0 252000.0 368294.22763466346 0.0
252000.0 253000.0 589469.4277569616 3000.0
253000.0 254000.0 317092.592303352 0.0
254000.0 255000.0 502177.82634220645 3000.0
255000.0 256000.0 251310.33405019398 0.0
256000.0 257000.0 392594.4296501321 3000.0
257000.0 258000.0 353123.4038499732 0.0
258000.0 259000.0 613740.6706427829 3000.0
259000.0 260000.0 375750.4084301626 0.0
260000.0 261000.0 502201.7338520718 3000.0
261000.0 262000.0 294163.66440746473 0.0
262000.0 263000.0 495006.37326185254 3000.0
263000.0 264000.0 345681.01154184627 0.0
264000.0 265000.0 0.0 0.0
265000.0 266000.0 70843.65783042063 3000.0
266000.0 267000.0 684825.3705001966 0.0
267000.0 268000.0 113689.97166938278 0.0
268000.0 269000.0 2708.8300507609533 0.0
269000.0 270000.0 207.16994923904667 3000.0
270000.0 271000.0 543443.8217276363 0.0
271000.0 272000.0 806601.9237690018 3000.0
272000.0 273000.0 706665.3302083048 3000.0
273000.0 274000.0 742440.6702682187 3000.0
274000.0 275000.0 711543.4919244915 3000.0
275000.0 276000.0 435808.16482168774 0.0
276000.0 277000.0 638773.7176685504 3000.0
277000.0 278000.0 338835.3354662195 0.0
278000.0 279000.0 438278.1556494017 3000.0
279000.0 280000.0 346034.2658776608 0.0
280000.0 281000.0 470937.9521300778 3000.0
281000.0 282000.0 356693.95170225226 0.0
282000.0 283000.0 432940.84847709845 3000.0
283000.0 284000.0 340193.370309398 0.0
284000.0 285000.0 520441.06127753237 3000.0
285000.0 286000.0 354776.4619695339 0.0
286000.0 287000.0 325100.11010447383 3000.0
287000.0 288000.0 544627.9791884006 0.0
288000.0 289000.0 429654.1956476638 3000.0
289000.0 290000.0 296892.1918123956 0.0
290000.0 291000.0 516437.2451787004 3000.0
291000.0 292000.0 602216.2549134374 3000.0
292000.0 293000.0 789646.9944506218 3000.0
293000.0 294000.0 419132.4533512913 0.0
294000.0 295000.0 506898.64454612014 3000.0
295000.0 296000.0 344838.5271810133 0.0
296000.0 297000.0 392535.53201653855 3000.0
297000.0 298000.0 360676.854251586 0.0
298000.0 299000.0 470086.65007260535 3000.0
299000.0 300000.0 425132.8440380857 0.0
300000.0 301000.0 0.0 0.0
