ts te s_bytes_all avg_video_rate
0.0 1000.0 0.0 0.0
1000.0 2000.0 0.0 0.0
2000.0 3000.0 0.0 0.0
3000.0 4000.0 0.0 0.0
4000.0 5000.0 0.0 0.0
5000.0 6000.0 0.0 0.0
6000.0 7000.0 280519.2304843435 2300.0
7000.0 8000.0 617458.3229727371 2300.0
8000.0 9000.0 486106.4860620792 1500.0
9000.0 10000.0 560796.9604808401 1500.0
10000.0 11000.0 785944.4948073674 1500.0
11000.0 12000.0 722295.8317287331 1500.0
12000.0 13000.0 351052.8549127176 1500.0
13000.0 14000.0 520541.8851644862 1500.0
14000.0 15000.0 1021170.6100484347 1500.0
15000.0 16000.0 622498.7823222788 1500.0
16000.0 17000.0 324374.0705686141 3000.0
17000.0 18000.0 331230.0885983531 0.0
18000.0 19000.0 444077.5343022762 3000.0
19000.0 20000.0 539143.287859681 3000.0
20000.0 21000.0 594875.6010216436 0.0
21000.0 22000.0 127783.70305658395 3000.0
22000.0 23000.0 567942.6212140229 0.0
23000.0 24000.0 406381.9928502849 3000.0
24000.0 25000.0 448766.65709012706 0.0
25000.0 26000.0 329829.0761015544 3000.0
26000.0 27000.0 520260.15443442285 3000.0
27000.0 28000.0 599423.1845768966 0.0
28000.0 29000.0 221354.94395509906 4400.0
29000.0 30000.0 553867.5507241552 0.0
30000.0 31000.0 567175.6938514318 4400.0
31000.0 32000.0 509513.28080550017 0.0
32000.0 33000.0 467550.0414612923 4400.0
33000.0 34000.0 546307.07131454 0.0
34000.0 35000.0 640517.2946702365 4400.0
35000.0 36000.0 578806.0071338388 0.0
36000.0 37000.0 579944.072055615 4400.0
37000.0 38000.0 514662.64632625703 0.0
38000.0 39000.0 609988.5673112867 4400.0
39000.0 40000.0 543489.9153618745 0.0
40000.0 41000.0 446984.245501172 4400.0
41000.0 42000.0 333711.91553931864 0.0
42000.0 43000.0 779417.0240258322 4400.0
43000.0 44000.0 553409.9389104897 0.0
44000.0 45000.0 604189.0516634564 4400.0
45000.0 46000.0 522009.55125151563 0.0
46000.0 47000.0 622045.3038177748 4400.0
47000.0 48000.0 513240.4631104327 0.0
48000.0 49000.0 513129.80255297397 4400.0
49000.0 50000.0 466349.397505461 0.0
50000.0 51000.0 658002.1871455134 4400.0
51000.0 52000.0 503700.9143229823 0.0
52000.0 53000.0 621645.9231798757 4400.0
53000.0 54000.0 557148.3662037877 0.0
54000.0 55000.0 565840.3809342117 4400.0
55000.0 56000.0 491653.25482786924 0.0
56000.0 57000.0 595212.5719766387 4400.0
57000.0 58000.0 553070.7059512571 0.0
58000.0 59000.0 643452.4418107019 4400.0
59000.0 60000.0 534052.8487093131 0.0
60000.0 61000.0 572779.0761230069 4400.0
61000.0 62000.0 525100.0234606777 0.0
62000.0 63000.0 526433.5741654901 4400.0
63000.0 64000.0 550076.399833477 0.0
64000.0 65000.0 696727.8729937098 3000.0
65000.0 66000.0 503749.4816186281 3000.0
66000.0 67000.0 776738.4229373888 3000.0
67000.0 68000.0 490975.2254651867 0.0
68000.0 69000.0 451879.85920106113 4400.0
69000.0 70000.0 480250.617527578 0.0
70000.0 71000.0 636990.456201341 4400.0
71000.0 72000.0 530508.3051316525 0.0
72000.0 73000.0 584951.324137774 4400.0
73000.0 74000.0 526439.4907028743 0.0
74000.0 75000.0 565851.8864075907 4400.0
75000.0 76000.0 423625.12905322085 0.0
76000.0 77000.0 679218.7051180054 4400.0
77000.0 78000.0 515330.0849704098 0.0
78000.0 79000.0 652157.4253107377 4400.0
79000.0 80000.0 525297.7105645661 0.0
80000.0 81000.0 541949.3207108562 4400.0
81000.0 82000.0 421418.65291155025 0.0
82000.0 83000.0 608110.2146963797 4400.0
83000.0 84000.0 450122.58398934966 0.0
84000.0 85000.0 683991.0061468125 4400.0
85000.0 86000.0 580584.9278172348 0.0
86000.0 87000.0 666055.6520009472 4400.0
87000.0 88000.0 523770.12513544917 0.0
88000.0 89000.0 626288.9968446668 4400.0
89000.0 90000.0 516030.7371538933 0.0
90000.0 91000.0 523371.4503242685 4400.0
91000.0 92000.0 421212.76832233544 0.0
92000.0 93000.0 712497.6868633733 4400.0
93000.0 94000.0 535253.6113110188 0.0
94000.0 95000.0 630853.5953660761 4400.0
95000.0 96000.0 539026.7921283431 0.0
96000.0 97000.0 647004.0580697898 4400.0
97000.0 98000.0 600429.5450943963 0.0
98000.0 99000.0 461632.4592975654 4400.0
99000.0 100000.0 517089.14256447303 0.0
100000.0 101000.0 558490.6804265836 4400.0
101000.0 102000.0 421330.6725615814 0.0
102000.0 103000.0 592042.817373143 0.0
103000.0 104000.0 362433.66383997805 3000.0
104000.0 105000.0 577469.8603900038 3000.0
105000.0 106000.0 452442.82577310887 0.0
106000.0 107000.0 296053.28315772815 3000.0
107000.0 108000.0 427561.41358187486 0.0
108000.0 109000.0 334741.0259124262 3000.0
109000.0 110000.0 472112.2056054825 0.0
110000.0 111000.0 366713.01809808303 3000.0
111000.0 112000.0 460396.7988383319 0.0
112000.0 113000.0 144898.5321983353 0.0
113000.0 114000.0 0.0 0.0
114000.0 115000.0 174423.28385756732 3000.0
115000.0 116000.0 543208.5988415836 3000.0
116000.0 117000.0 801182.6536639085 3000.0
117000.0 118000.0 831553.06890483 0.0
118000.0 119000.0 486100.153239726 3000.0
119000.0 120000.0 659243.4241720418 0.0
120000.0 121000.0 57756.08066485272 3000.0
121000.0 122000.0 689627.2507883346 0.0
122000.0 123000.0 48409.48586715537 0.0
123000.0 124000.0 356806.56417685875 3000.0
124000.0 125000.0 516924.5326021147 3000.0
125000.0 126000.0 781714.7125354417 3000.0
126000.0 127000.0 499158.0322805148 3000.0
127000.0 128000.0 683076.0968977526 0.0
128000.0 129000.0 395957.06150731735 0.0
129000.0 130000.0 0.0 0.0
130000.0 131000.0 167761.843490479 3000.0
131000.0 132000.0 331896.55677691277 0.0
132000.0 133000.0 232613.38839176443 3000.0
133000.0 134000.0 444010.2269441546 0.0
134000.0 135000.0 338326.2064940527 3000.0
135000.0 136000.0 504780.80374605313 3000.0
136000.0 137000.0 805080.2894151573 0.0
137000.0 138000.0 539192.1033599554 3000.0
138000.0 139000.0 481728.4187281885 3000.0
139000.0 140000.0 494400.7175028844 0.0
140000.0 141000.0 361228.8567716985 3000.0
141000.0 142000.0 448932.06586236815 0.0
142000.0 143000.0 318866.3797529269 4400.0
143000.0 144000.0 519069.0441830568 0.0
144000.0 145000.0 611202.9873940239 4400.0
145000.0 146000.0 543209.964443421 0.0
146000.0 147000.0 601218.3557017123 4400.0
147000.0 148000.0 536791.8397072795 0.0
148000.0 149000.0 572139.4099338081 4400.0
149000.0 150000.0 515526.1374535728 0.0
150000.0 151000.0 610267.6982233361 4400.0
151000.0 152000.0 597548.5447145866 0.0
152000.0 153000.0 499717.2660347893 4400.0
153000.0 154000.0 534168.4659463661 0.0
154000.0 155000.0 584271.1400897566 4400.0
155000.0 156000.0 509952.02991679765 0.0
156000.0 157000.0 660861.7645978867 3000.0
157000.0 158000.0 485896.5189086804 0.0
158000.0 159000.0 299861.9290031145 3000.0
159000.0 160000.0 409994.95884179237 0.0
160000.0 161000.0 337482.39576497755 3000.0
161000.0 162000.0 434251.49054364505 0.0
162000.0 163000.0 351129.5487123442 3000.0
163000.0 164000.0 468751.7980089185 0.0
164000.0 165000.0 276974.3414942258 3000.0
165000.0 166000.0 383679.2357727332 0.0
166000.0 167000.0 299363.2335389239 3000.0
167000.0 168000.0 466753.7432608115 0.0
168000.0 169000.0 225365.8897127442 3000.0
169000.0 170000.0 692486.9969010073 0.0
170000.0 171000.0 249476.76510954648 3000.0
171000.0 172000.0 629112.6488495457 0.0
172000.0 173000.0 200592.85672182424 3000.0
173000.0 174000.0 437254.10603066895 0.0
174000.0 175000.0 337533.2184010484 3000.0
175000.0 176000.0 429760.6925679559 0.0
176000.0 177000.0 361387.04158532235 3000.0
177000.0 178000.0 437750.5292248279 0.0
178000.0 179000.0 306149.99923382007 3000.0
179000.0 180000.0 439572.81681650475 0.0
180000.0 181000.0 319142.9215300324 3000.0
181000.0 182000.0 428067.2593535307 0.0
182000.0 183000.0 253146.14961881706 3000.0
183000.0 184000.0 701695.904414715 0.0
184000.0 185000.0 67132.0978944928 3000.0
185000.0 186000.0 726002.5723143737 3000.0
186000.0 187000.0 746084.7169702551 3000.0
187000.0 188000.0 616942.2656000935 0.0
188000.0 189000.0 410200.8806791805 3000.0
189000.0 190000.0 455516.63146000885 0.0
190000.0 191000.0 275483.1493280368 4400.0
191000.0 192000.0 490503.5369306782 0.0
192000.0 193000.0 400172.6533238129 0.0
193000.0 194000.0 0.0 0.0
194000.0 195000.0 193224.17881389862 4400.0
195000.0 196000.0 602189.7914674289 0.0
196000.0 197000.0 694739.5551049821 3000.0
197000.0 198000.0 464584.47461369034 0.0
198000.0 199000.0 171890.21771277132 3000.0
199000.0 200000.0 421494.6539346804 3000.0
200000.0 201000.0 779404.0596621565 0.0
201000.0 202000.0 438962.2493239806 3000.0
202000.0 203000.0 601035.6370773423 3000.0
203000.0 204000.0 444036.42963007384 0.0
204000.0 205000.0 301898.2491303367 3000.0
205000.0 206000.0 472901.4371975802 0.0
206000.0 207000.0 339030.08519764536 3000.0
207000.0 208000.0 467206.91777988686 0.0
208000.0 209000.0 269943.3102935068 3000.0
209000.0 210000.0 464240.2898887197 3000.0
210000.0 211000.0 871888.853701353 0.0
211000.0 212000.0 478377.76615023415 3000.0
212000.0 213000.0 542822.3097324339 3000.0
213000.0 214000.0 436936.0589011804 0.0
214000.0 215000.0 288289.0963574372 4400.0
215000.0 216000.0 465681.977832987 0.0
216000.0 217000.0 695592.1883120696 4400.0
217000.0 218000.0 525564.5586643121 0.0
218000.0 219000.0 581932.8708986692 4400.0
219000.0 220000.0 534949.2783151497 0.0
220000.0 221000.0 578984.8343966437 4400.0
221000.0 222000.0 575895.9949492244 0.0
222000.0 223000.0 565354.1902760526 4400.0
223000.0 224000.0 523680.54253701156 0.0
224000.0 225000.0 581467.6328185428 4400.0
225000.0 226000.0 518575.8957354412 0.0
226000.0 227000.0 612829.9329527847 4400.0
227000.0 228000.0 552244.8492213691 0.0
228000.0 229000.0 545620.7172881177 4400.0
229000.0 230000.0 540400.3418366876 0.0
230000.0 231000.0 594874.4203959939 4400.0
231000.0 232000.0 551332.6546405148 0.0
232000.0 233000.0 557846.4327215753 4400.0
233000.0 234000.0 522863.4672657753 0.0
234000.0 235000.0 376921.597269759 0.0
235000.0 236000.0 0.0 0.0
236000.0 237000.0 183336.25583695667 4400.0
237000.0 238000.0 503766.08848834276 0.0
238000.0 239000.0 312495.8099500459 0.0
239000.0 240000.0 375681.9091557652 2300.0
240000.0 241000.0 596600.8822229436 2300.0
241000.0 242000.0 504319.51721427485 2300.0
242000.0 243000.0 455505.7221939316 0.0
243000.0 244000.0 46802.81493773943 0.0
244000.0 245000.0 0.0 0.0
245000.0 246000.0 10.821371061851247 0.0
246000.0 247000.0 2928.178628938149 0.0
247000.0 248000.0 0.0 0.0
248000.0 249000.0 0.0 0.0
249000.0 250000.0 49958.39936313924 0.0
250000.0 251000.0 294770.3938229594 2300.0
251000.0 252000.0 749151.4808237919 2300.0
252000.0 253000.0 544025.2148365052 2300.0
253000.0 254000.0 567365.5928242804 2300.0
254000.0 255000.0 442845.2726755668 2300.0
255000.0 256000.0 607162.5848756792 2300.0
256000.0 257000.0 581908.3542819243 2300.0
257000.0 258000.0 494794.9219744764 2300.0
258000.0 259000.0 586918.8094375485 2300.0
259000.0 260000.0 393954.7506496441 2300.0
260000.0 261000.0 615381.1134463508 0.0
261000.0 262000.0 404624.13785951387 2300.0
262000.0 263000.0 396713.7053908844 4400.0
263000.0 264000.0 502432.2457006299 0.0
264000.0 265000.0 610005.6823557749 4400.0
265000.0 266000.0 548412.8776648049 0.0
266000.0 267000.0 578460.3620303404 4400.0
267000.0 268000.0 549930.2568768507 0.0
268000.0 269000.0 399509.84310933447 0.0
269000.0 270000.0 0.0 0.0
270000.0 271000.0 184309.59545030294 4400.0
271000.0 272000.0 529325.5237442596 0.0
272000.0 273000.0 586728.0948492642 3000.0
273000.0 274000.0 465061.40722023905 0.0
274000.0 275000.0 204166.99150898843 3000.0
275000.0 276000.0 749476.7292377668 3000.0
276000.0 277000.0 405996.94650045625 0.0
277000.0 278000.0 635420.7906465756 3000.0
278000.0 279000.0 468055.920842147 0.0
279000.0 280000.0 0.0 0.0
280000.0 281000.0 177945.94487642864 3000.0
281000.0 282000.0 462729.2203405268 3000.0
282000.0 283000.0 656368.4991919439 0.0
283000.0 284000.0 558913.9261419781 3000.0
284000.0 285000.0 604507.2105279029 3000.0
285000.0 286000.0 456711.0721338562 0.0
286000.0 287000.0 333264.07751632656 3000.0
287000.0 288000.0 374511.1327067466 0.0
288000.0 289000.0 310618.83880325063 4400.0
289000.0 290000.0 518143.337436183 0.0
290000.0 291000.0 646981.0867347086 0.0
291000.0 292000.0 425025.93993838853 4400.0
292000.0 293000.0 709822.4506282998 4400.0
293000.0 294000.0 256042.87715961874 0.0
294000.0 295000.0 743184.6072155534 0.0
295000.0 296000.0 472631.8475764715 3000.0
296000.0 297000.0 628118.7553521551 3000.0
297000.0 298000.0 420372.4168136823 0.0
298000.0 299000.0 289340.24581161694 3000.0
299000.0 300000.0 518835.45918852236 0.0
