ts te s_bytes_all avg_video_rate
0.0 1000.0 0.0 0.0
1000.0 2000.0 0.0 0.0
2000.0 3000.0 0.0 0.0
3000.0 4000.0 0.0 0.0
4000.0 5000.0 0.0 0.0
5000.0 6000.0 10695.555140829252 0.0
6000.0 7000.0 561620.9146311381 2300.0
7000.0 8000.0 572918.1778499568 2300.0
8000.0 9000.0 636362.955752913 2300.0
9000.0 10000.0 848785.645857554 2300.0
10000.0 11000.0 632656.7084990004 2300.0
11000.0 12000.0 518849.070695633 2300.0
12000.0 13000.0 679928.8954614484 2300.0
13000.0 14000.0 675467.8481723152 2300.0
14000.0 15000.0 693312.6809195508 2300.0
15000.0 16000.0 580025.7411699673 2300.0
16000.0 17000.0 753226.9178318789 2300.0
17000.0 18000.0 589154.7907284055 0.0
18000.0 19000.0 420770.7970866654 2300.0
19000.0 20000.0 203084.4611010787 0.0
20000.0 21000.0 11783.839101665284 0.0
21000.0 22000.0 21.952219800913976 0.0
22000.0 23000.0 543882.3209261507 2300.0
23000.0 24000.0 542652.804388744 2300.0
24000.0 25000.0 488982.6609582539 2300.0
25000.0 26000.0 199161.26150705048 0.0
26000.0 27000.0 457815.9444551535 2300.0
27000.0 28000.0 159634.99481463293 0.0
28000.0 29000.0 463486.2592492623 2300.0
29000.0 30000.0 139850.78769432625 0.0
30000.0 31000.0 527164.5807244189 2300.0
31000.0 32000.0 52358.43713400217 0.0
32000.0 33000.0 353975.8101219719 2300.0
33000.0 34000.0 210738.27018071228 0.0
34000.0 35000.0 352133.89569094 2300.0
35000.0 36000.0 535366.431686146 2300.0
36000.0 37000.0 722122.6348169278 2300.0
37000.0 38000.0 225663.2960882628 0.0
38000.0 39000.0 533458.8199189324 2300.0
39000.0 40000.0 69135.42428328606 0.0
40000.0 41000.0 459744.7697925214 4400.0
41000.0 42000.0 574419.6810096584 0.0
42000.0 43000.0 541988.9662269225 4400.0
43000.0 44000.0 509456.4483815967 0.0
44000.0 45000.0 52581.54773032595 0.0
45000.0 46000.0 0.0 0.0
46000.0 47000.0 498223.9504614548 4400.0
47000.0 48000.0 692410.7755984341 0.0
48000.0 49000.0 572251.0094736092 2300.0
49000.0 50000.0 64805.03556356709 0.0
50000.0 51000.0 397093.80295787635 2300.0
51000.0 52000.0 467482.42839935434 2300.0
52000.0 53000.0 596562.8417076601 2300.0
53000.0 54000.0 241348.15583804375 0.0
54000.0 55000.0 437638.0428840872 2300.0
55000.0 56000.0 221329.6467782037 0.0
56000.0 57000.0 562795.6472579294 2300.0
57000.0 58000.0 86274.92440086388 0.0
58000.0 59000.0 544155.6047922922 2300.0
59000.0 60000.0 46487.45908662317 0.0
60000.0 61000.0 493325.4996011234 2300.0
61000.0 62000.0 42729.175198877034 0.0
62000.0 63000.0 523122.33555951546 4400.0
63000.0 64000.0 467205.1029152518 0.0
64000.0 65000.0 539819.3672646566 4400.0
65000.0 66000.0 619775.3944334409 0.0
66000.0 67000.0 558482.8704211103 3000.0
67000.0 68000.0 272542.8480592414 0.0
68000.0 69000.0 545690.4597172727 3000.0
69000.0 70000.0 290066.4097702374 0.0
70000.0 71000.0 5121.211859273511 0.0
71000.0 72000.0 0.0 0.0
72000.0 73000.0 463464.15781147307 3000.0
73000.0 74000.0 313892.8908730476 0.0
74000.0 75000.0 13970.951315479393 0.0
75000.0 76000.0 0.0 0.0
76000.0 77000.0 2913.0 0.0
77000.0 78000.0 0.0 0.0
78000.0 79000.0 583656.0539205725 3000.0
79000.0 80000.0 550273.8482900169 3000.0
80000.0 81000.0 594752.1224960564 3000.0
81000.0 82000.0 752496.6844756489 3000.0
82000.0 83000.0 526494.1652939053 3000.0
83000.0 84000.0 632470.5211501014 0.0
84000.0 85000.0 682638.2618240177 3000.0
85000.0 86000.0 619208.1888766901 3000.0
86000.0 87000.0 718836.2257977142 3000.0
87000.0 88000.0 607874.5408206899 3000.0
88000.0 89000.0 554898.0357075346 3000.0
89000.0 90000.0 670443.9312549883 0.0
90000.0 91000.0 545497.8313728813 3000.0
91000.0 92000.0 365305.5206192775 0.0
92000.0 93000.0 444695.34200789273 3000.0
93000.0 94000.0 291361.3091976935 0.0
94000.0 95000.0 444125.1301075219 4400.0
95000.0 96000.0 569337.7396986288 0.0
96000.0 97000.0 575005.1842391555 4400.0
97000.0 98000.0 498084.420177767 0.0
98000.0 99000.0 518739.65341140307 4400.0
99000.0 100000.0 608914.8106362236 0.0
100000.0 101000.0 580538.8806427916 4400.0
101000.0 102000.0 592653.6100072187 0.0
102000.0 103000.0 574816.1753528387 4400.0
103000.0 104000.0 579066.2524086135 0.0
104000.0 105000.0 539255.0872885173 4400.0
105000.0 106000.0 588412.2581880452 0.0
106000.0 107000.0 535816.7361611265 4400.0
107000.0 108000.0 553763.180483532 0.0
108000.0 109000.0 598671.5740591658 4400.0
109000.0 110000.0 531517.9157236518 0.0
110000.0 111000.0 558184.5831006599 4400.0
111000.0 112000.0 542729.1846086198 0.0
112000.0 113000.0 587161.9633059718 3000.0
113000.0 114000.0 228948.9674498554 0.0
114000.0 115000.0 459577.18986512633 3000.0
115000.0 116000.0 329144.27802251914 0.0
116000.0 117000.0 408696.2496390259 3000.0
117000.0 118000.0 405053.2687394001 0.0
118000.0 119000.0 376859.71809423226 3000.0
119000.0 120000.0 345532.4054827071 0.0
120000.0 121000.0 0.0 0.0
121000.0 122000.0 0.0 0.0
122000.0 123000.0 2922.0 0.0
123000.0 124000.0 0.0 0.0
124000.0 125000.0 2922.0 0.0
125000.0 126000.0 160883.5874617789 3000.0
126000.0 127000.0 581849.005929566 3000.0
127000.0 128000.0 701745.1539583348 3000.0
128000.0 129000.0 960324.9571285094 0.0
129000.0 130000.0 674759.5455974292 3000.0
130000.0 131000.0 790091.8596078119 3000.0
131000.0 132000.0 628900.087912969 3000.0
132000.0 133000.0 846105.3163123917 3000.0
133000.0 134000.0 597421.2098721442 3000.0
134000.0 135000.0 801114.6106276107 3000.0
135000.0 136000.0 330765.1143396733 0.0
136000.0 137000.0 557880.0012174322 3000.0
137000.0 138000.0 244887.67163329705 0.0
138000.0 139000.0 21059.878401051883 0.0
139000.0 140000.0 0.0 0.0
140000.0 141000.0 623566.5644370246 4400.0
141000.0 142000.0 664903.570980637 3000.0
142000.0 143000.0 869229.0096978747 3000.0
143000.0 144000.0 507134.6977620504 0.0
144000.0 145000.0 488731.919969428 3000.0
145000.0 146000.0 290805.5485208838 0.0
146000.0 147000.0 396151.20630627946 3000.0
147000.0 148000.0 369278.482325822 0.0
148000.0 149000.0 454171.74280710146 3000.0
149000.0 150000.0 295726.25719289854 0.0
150000.0 151000.0 453670.49198362266 3000.0
151000.0 152000.0 324733.64432528196 0.0
152000.0 153000.0 479992.3255072483 3000.0
153000.0 154000.0 317366.10414605506 0.0
154000.0 155000.0 500960.83902068145 3000.0
155000.0 156000.0 273410.66646605305 0.0
156000.0 157000.0 500492.11130486545 3000.0
157000.0 158000.0 274556.0095802506 0.0
158000.0 159000.0 494615.2139170276 3000.0
159000.0 160000.0 277331.24312681257 0.0
160000.0 161000.0 472322.420188522 3000.0
161000.0 162000.0 322043.04787420883 0.0
162000.0 163000.0 528431.282005968 3000.0
163000.0 164000.0 277763.77311082365 0.0
164000.0 165000.0 382374.72245600115 3000.0
165000.0 166000.0 366184.5430654906 0.0
166000.0 167000.0 589286.0695670783 3000.0
167000.0 168000.0 303278.12837569194 0.0
168000.0 169000.0 428339.11325409723 3000.0
169000.0 170000.0 384711.08651673025 0.0
170000.0 171000.0 468332.5787506498 3000.0
171000.0 172000.0 275306.92045675096 0.0
172000.0 173000.0 308795.535878467 3000.0
173000.0 174000.0 533571.206128687 0.0
174000.0 175000.0 330529.6942345099 3000.0
175000.0 176000.0 696968.4571420546 3000.0
176000.0 177000.0 461735.7716163702 0.0
177000.0 178000.0 0.0 0.0
178000.0 179000.0 489617.25843283767 3000.0
179000.0 180000.0 581315.7715543637 3000.0
180000.0 181000.0 729014.3640328626 3000.0
181000.0 182000.0 410911.02582470933 0.0
182000.0 183000.0 570063.983729515 3000.0
183000.0 184000.0 194681.18632282526 0.0
184000.0 185000.0 457256.52864852746 4400.0
185000.0 186000.0 649587.1104577499 0.0
186000.0 187000.0 606392.9126817418 4400.0
187000.0 188000.0 542415.1891190207 0.0
188000.0 189000.0 530191.9672573146 4400.0
189000.0 190000.0 516427.49187127483 0.0
190000.0 191000.0 595997.2186919624 4400.0
191000.0 192000.0 662753.3888331206 0.0
192000.0 193000.0 565398.5170097554 4400.0
193000.0 194000.0 429841.1487130652 0.0
194000.0 195000.0 531440.8803258053 4400.0
195000.0 196000.0 490359.8938375545 0.0
196000.0 197000.0 637691.98621902 4400.0
197000.0 198000.0 670331.8115809779 0.0
198000.0 199000.0 585294.0555483255 4400.0
199000.0 200000.0 380727.34668332 0.0
200000.0 201000.0 504322.1216358569 4400.0
201000.0 202000.0 648660.0463068443 0.0
202000.0 203000.0 605830.2204921804 4400.0
203000.0 204000.0 519970.73086820106 0.0
204000.0 205000.0 539835.863320029 3000.0
205000.0 206000.0 247582.8325088454 0.0
206000.0 207000.0 451023.71731305163 3000.0
207000.0 208000.0 238829.33234847104 0.0
208000.0 209000.0 239509.3982698442 3000.0
209000.0 210000.0 611243.5879478527 0.0
210000.0 211000.0 395470.41630033124 3000.0
211000.0 212000.0 352451.69531284255 0.0
212000.0 213000.0 425139.5550978656 3000.0
213000.0 214000.0 370065.1321586445 0.0
214000.0 215000.0 512780.3440326969 3000.0
215000.0 216000.0 271418.1095525232 0.0
216000.0 217000.0 507007.4376164588 3000.0
217000.0 218000.0 225066.9042970761 0.0
218000.0 219000.0 507103.4661755258 3000.0
219000.0 220000.0 232956.06189401503 0.0
220000.0 221000.0 457195.42116644664 3000.0
221000.0 222000.0 339058.75542826345 0.0
222000.0 223000.0 655436.7519751122 3000.0
223000.0 224000.0 192660.6943385391 0.0
224000.0 225000.0 480448.8872317799 3000.0
225000.0 226000.0 280283.1808868842 0.0
226000.0 227000.0 469221.30263755406 3000.0
227000.0 228000.0 629015.0929267836 3000.0
228000.0 229000.0 805637.716275991 3000.0
229000.0 230000.0 377610.99409801525 0.0
230000.0 231000.0 532512.1721031639 3000.0
231000.0 232000.0 279970.5832745012 0.0
232000.0 233000.0 561938.6591532803 4400.0
233000.0 234000.0 561547.4607727381 0.0
234000.0 235000.0 612260.4603942533 4400.0
235000.0 236000.0 605643.4999629285 0.0
236000.0 237000.0 642849.144768707 4400.0
237000.0 238000.0 507769.9376898797 0.0
238000.0 239000.0 470030.9191848314 4400.0
239000.0 240000.0 560693.3433396993 0.0
240000.0 241000.0 610371.9010383344 4400.0
241000.0 242000.0 475617.89874359325 0.0
242000.0 243000.0 665598.6153682878 4400.0
243000.0 244000.0 598212.5964156264 0.0
244000.0 245000.0 306781.2881217998 3000.0
245000.0 246000.0 374794.80168558523 0.0
246000.0 247000.0 506819.562609851 3000.0
247000.0 248000.0 405751.2757894625 0.0
248000.0 249000.0 495195.06959669216 3000.0
249000.0 250000.0 253630.00219660928 0.0
250000.0 251000.0 439856.5796039122 3000.0
251000.0 252000.0 322161.47827875515 0.0
252000.0 253000.0 604409.0923706999 3000.0
253000.0 254000.0 193793.36199364174 0.0
254000.0 255000.0 465500.00019580836 3000.0
255000.0 256000.0 264335.5801039356 0.0
256000.0 257000.0 346313.6345444281 3000.0
257000.0 258000.0 375301.4926112159 0.0
258000.0 259000.0 538119.0122524741 3000.0
259000.0 260000.0 311350.6046748833 0.0
260000.0 261000.0 510994.6314732173 3000.0
261000.0 262000.0 171213.5108326481 0.0
262000.0 263000.0 442948.12545173685 3000.0
263000.0 264000.0 310551.6443129475 0.0
264000.0 265000.0 537644.7028104637 3000.0
265000.0 266000.0 293333.3778315253 0.0
266000.0 267000.0 432502.5838029986 3000.0
267000.0 268000.0 325583.7017081598 0.0
268000.0 269000.0 478602.8284586426 3000.0
269000.0 270000.0 325169.2737928189 0.0
270000.0 271000.0 525432.1818367017 3000.0
271000.0 272000.0 362536.2949062577 0.0
272000.0 273000.0 342690.9744894148 3000.0
273000.0 274000.0 555002.4327555906 3000.0
274000.0 275000.0 839119.5745666337 3000.0
275000.0 276000.0 504343.88074240234 0.0
276000.0 277000.0 549099.2205482415 3000.0
277000.0 278000.0 278409.9993959022 0.0
278000.0 279000.0 549235.7658674697 4400.0
279000.0 280000.0 535875.4489784003 0.0
280000.0 281000.0 559892.7950558586 4400.0
281000.0 282000.0 505459.51952323114 0.0
282000.0 283000.0 530099.29695663 4400.0
283000.0 284000.0 591554.8365983504 0.0
284000.0 285000.0 597960.1865830012 4400.0
285000.0 286000.0 526503.6489138264 0.0
286000.0 287000.0 593377.334453728 4400.0
287000.0 288000.0 553368.9577917224 0.0
288000.0 289000.0 542813.3431593722 4400.0
289000.0 290000.0 510092.2931382504 0.0
290000.0 291000.0 546380.5485267884 4400.0
291000.0 292000.0 597644.412914222 0.0
292000.0 293000.0 599148.5925363224 4400.0
293000.0 294000.0 418431.2442710877 0.0
294000.0 295000.0 605970.3841636573 4400.0
295000.0 296000.0 609980.2136013885 0.0
296000.0 297000.0 728575.5788582996 4400.0
297000.0 298000.0 466416.99961527565 0.0
298000.0 299000.0 551860.5436572952 4400.0
299000.0 300000.0 516625.890382003 0.0
