ts te s_bytes_all avg_video_rate
0.0 1000.0 0.0 0.0
1000.0 2000.0 0.0 0.0
2000.0 3000.0 0.0 0.0
3000.0 4000.0 0.0 0.0
4000.0 5000.0 0.0 0.0
5000.0 6000.0 7009.221470192924 0.0
6000.0 7000.0 663634.4802538775 2300.0
7000.0 8000.0 536117.2046810099 2300.0
8000.0 9000.0 748618.3904205832 2300.0
9000.0 10000.0 590892.5173363478 2300.0
10000.0 11000.0 818885.1271583613 2300.0
11000.0 12000.0 661748.8817790116 2300.0
12000.0 13000.0 673899.7227664413 2300.0
13000.0 14000.0 609219.5173632941 2300.0
14000.0 15000.0 503406.4200327912 2300.0
15000.0 16000.0 594117.3980023054 2300.0
16000.0 17000.0 487882.98885054863 2300.0
17000.0 18000.0 605519.6373246107 2300.0
18000.0 19000.0 516965.17526643816 2300.0
19000.0 20000.0 552741.3172941866 0.0
20000.0 21000.0 428317.99366211944 2300.0
21000.0 22000.0 167637.78458332052 0.0
22000.0 23000.0 410242.3151574452 4400.0
23000.0 24000.0 573877.3890122311 0.0
24000.0 25000.0 464788.3148991066 4400.0
25000.0 26000.0 605534.662944291 0.0
26000.0 27000.0 493546.21111863793 3000.0
27000.0 28000.0 654531.4948679486 3000.0
28000.0 29000.0 499423.790980979 3000.0
29000.0 30000.0 691985.6630438182 0.0
30000.0 31000.0 530577.7538736247 3000.0
31000.0 32000.0 322626.5370443068 0.0
32000.0 33000.0 500171.8015147294 3000.0
33000.0 34000.0 250986.31322698755 0.0
34000.0 35000.0 500741.32112947013 4400.0
35000.0 36000.0 512007.54592428985 0.0
36000.0 37000.0 521701.5769103934 4400.0
37000.0 38000.0 603753.387003262 0.0
38000.0 39000.0 436319.7254671643 4400.0
39000.0 40000.0 616919.1541879097 0.0
40000.0 41000.0 569702.1523526418 4400.0
41000.0 42000.0 556394.9378361342 0.0
42000.0 43000.0 601920.2076021452 4400.0
43000.0 44000.0 557108.2633740869 0.0
44000.0 45000.0 437497.76509019575 4400.0
45000.0 46000.0 626173.3859578462 0.0
46000.0 47000.0 532973.361183732 4400.0
47000.0 48000.0 624760.8271090214 0.0
48000.0 49000.0 574000.108219929 4400.0
49000.0 50000.0 668708.3017817031 4400.0
50000.0 51000.0 696811.6875745452 0.0
51000.0 52000.0 438585.2653659838 0.0
52000.0 53000.0 2917.0 0.0
53000.0 54000.0 0.0 0.0
54000.0 55000.0 2917.0 0.0
55000.0 56000.0 43349.49608911108 3000.0
56000.0 57000.0 369227.2670735721 0.0
57000.0 58000.0 830414.0411747325 3000.0
58000.0 59000.0 669849.852426287 3000.0
59000.0 60000.0 753913.0649535127 3000.0
60000.0 61000.0 706202.6133676689 3000.0
61000.0 62000.0 546613.9022298518 0.0
62000.0 63000.0 342614.6109936271 3000.0
63000.0 64000.0 470003.15169163665 0.0
64000.0 65000.0 532344.4410072602 3000.0
65000.0 66000.0 220200.55576498696 0.0
66000.0 67000.0 512526.52823398984 3000.0
67000.0 68000.0 283417.8316570532 0.0
68000.0 69000.0 401191.27237515047 3000.0
69000.0 70000.0 311216.82682504755 0.0
70000.0 71000.0 580559.3883452481 3000.0
71000.0 72000.0 636693.5772272258 3000.0
72000.0 73000.0 849960.833250457 3000.0
73000.0 74000.0 354407.40256595064 0.0
74000.0 75000.0 562209.2470514396 3000.0
75000.0 76000.0 200321.730843471 0.0
76000.0 77000.0 378857.75985061476 4400.0
77000.0 78000.0 547660.4272090633 0.0
78000.0 79000.0 625306.4229528214 4400.0
79000.0 80000.0 534860.318070292 0.0
80000.0 81000.0 587749.293031724 4400.0
81000.0 82000.0 533749.6819947271 0.0
82000.0 83000.0 567012.2043419995 4400.0
83000.0 84000.0 624678.1469263028 0.0
84000.0 85000.0 92559.1104751749 0.0
85000.0 86000.0 0.0 0.0
86000.0 87000.0 2921.0 0.0
87000.0 88000.0 0.0 0.0
88000.0 89000.0 2921.0 0.0
89000.0 90000.0 60130.70327511849 3000.0
90000.0 91000.0 597416.4638885775 0.0
91000.0 92000.0 745066.9441435748 3000.0
92000.0 93000.0 791903.3390923209 3000.0
93000.0 94000.0 741950.6441094241 3000.0
94000.0 95000.0 783903.9246937112 3000.0
95000.0 96000.0 266898.1163491932 0.0
96000.0 97000.0 559377.1740864626 3000.0
97000.0 98000.0 267918.231207691 0.0
98000.0 99000.0 395892.69557416975 3000.0
99000.0 100000.0 708176.5066119946 3000.0
100000.0 101000.0 768561.9301856416 3000.0
101000.0 102000.0 520273.3650012126 0.0
102000.0 103000.0 461477.47253117705 3000.0
103000.0 104000.0 257801.48924973063 0.0
104000.0 105000.0 567541.1340243124 3000.0
105000.0 106000.0 203208.6707292276 0.0
106000.0 107000.0 543409.5599235626 3000.0
107000.0 108000.0 269704.5525466781 0.0
108000.0 109000.0 562076.0143237562 3000.0
109000.0 110000.0 243297.87000893877 0.0
110000.0 111000.0 544504.3895564137 3000.0
111000.0 112000.0 258652.69310388522 0.0
112000.0 113000.0 466477.9431924034 3000.0
113000.0 114000.0 349130.7639372626 0.0
114000.0 115000.0 419145.2243757789 3000.0
115000.0 116000.0 375238.1842777804 0.0
116000.0 117000.0 582331.9501558073 3000.0
117000.0 118000.0 602137.221455188 3000.0
118000.0 119000.0 843975.7850821968 3000.0
119000.0 120000.0 277605.72172466706 0.0
120000.0 121000.0 413793.4935482391 4400.0
121000.0 122000.0 577748.0306360823 0.0
122000.0 123000.0 531500.9754022982 4400.0
123000.0 124000.0 638169.3645874254 0.0
124000.0 125000.0 535499.3143645966 4400.0
125000.0 126000.0 639031.7713620029 0.0
126000.0 127000.0 353490.88549333106 4400.0
127000.0 128000.0 591296.6935456237 0.0
128000.0 129000.0 578529.4471775143 4400.0
129000.0 130000.0 550276.1083798216 0.0
130000.0 131000.0 571953.95990799 4400.0
131000.0 132000.0 551831.1415702015 0.0
132000.0 133000.0 553226.0696807429 4400.0
133000.0 134000.0 658353.4475634294 0.0
134000.0 135000.0 533453.0657322184 4400.0
135000.0 136000.0 499719.64500888076 0.0
136000.0 137000.0 424382.4495348468 4400.0
137000.0 138000.0 575225.1870275175 0.0
138000.0 139000.0 598005.907727384 4400.0
139000.0 140000.0 652315.0739338133 0.0
140000.0 141000.0 475076.75103096425 4400.0
141000.0 142000.0 618284.9990651106 0.0
142000.0 143000.0 791554.6175923033 4400.0
143000.0 144000.0 521269.9217098028 0.0
144000.0 145000.0 427729.12109746225 4400.0
145000.0 146000.0 713411.2777816108 4400.0
146000.0 147000.0 735983.8118763489 0.0
147000.0 148000.0 714400.2999500463 4400.0
148000.0 149000.0 742797.1009611959 4400.0
149000.0 150000.0 656337.8842456589 0.0
150000.0 151000.0 817119.672974762 4400.0
151000.0 152000.0 577894.3988964352 0.0
152000.0 153000.0 514041.11015314644 4400.0
153000.0 154000.0 623900.3983845274 0.0
154000.0 155000.0 555933.6962522082 4400.0
155000.0 156000.0 609047.1570057985 0.0
156000.0 157000.0 622407.1022978975 4400.0
157000.0 158000.0 520714.77687222976 0.0
158000.0 159000.0 481374.7331530757 4400.0
159000.0 160000.0 647965.8197746103 0.0
160000.0 161000.0 463515.4957532014 4400.0
161000.0 162000.0 670017.6273194227 0.0
162000.0 163000.0 537999.0549616669 4400.0
163000.0 164000.0 573894.7042553767 0.0
164000.0 165000.0 504298.41317284206 4400.0
165000.0 166000.0 538797.5527089965 0.0
166000.0 167000.0 567990.1972357741 4400.0
167000.0 168000.0 535747.2716651954 0.0
168000.0 169000.0 494881.7569742444 4400.0
169000.0 170000.0 590209.7578976984 0.0
170000.0 171000.0 611898.1463724871 4400.0
171000.0 172000.0 570902.7807701551 0.0
172000.0 173000.0 507354.19540300884 4400.0
173000.0 174000.0 589502.100107666 0.0
174000.0 175000.0 526885.6913085618 4400.0
175000.0 176000.0 571351.4807974199 0.0
176000.0 177000.0 560944.3982700511 4400.0
177000.0 178000.0 572044.2273188287 0.0
178000.0 179000.0 611233.6896052308 4400.0
179000.0 180000.0 562416.7729672487 0.0
180000.0 181000.0 81636.3234579097 0.0
181000.0 182000.0 0.0 0.0
182000.0 183000.0 2913.0 0.0
183000.0 184000.0 190132.57063826793 3000.0
184000.0 185000.0 899408.3717940913 3000.0
185000.0 186000.0 746253.0911638233 3000.0
186000.0 187000.0 559068.3508962553 3000.0
187000.0 188000.0 730198.8230480022 0.0
188000.0 189000.0 727952.6891206066 3000.0
189000.0 190000.0 157438.62075520633 0.0
190000.0 191000.0 579052.6175098345 3000.0
191000.0 192000.0 693928.4717863405 3000.0
192000.0 193000.0 607665.7505650404 4400.0
193000.0 194000.0 585474.5592057441 0.0
194000.0 195000.0 638153.552535113 4400.0
195000.0 196000.0 631552.8252956372 0.0
196000.0 197000.0 300050.232338127 4400.0
197000.0 198000.0 571339.4635149611 0.0
198000.0 199000.0 656281.8312374206 4400.0
199000.0 200000.0 679243.9038726556 0.0
200000.0 201000.0 503520.1999873549 4400.0
201000.0 202000.0 634088.1607377907 0.0
202000.0 203000.0 512130.1568060098 4400.0
203000.0 204000.0 630769.2832476384 0.0
204000.0 205000.0 588248.1356410446 4400.0
205000.0 206000.0 483378.1746976589 0.0
206000.0 207000.0 496686.3424119458 4400.0
207000.0 208000.0 594881.8790998687 0.0
208000.0 209000.0 597096.4214074172 4400.0
209000.0 210000.0 582079.3926362258 0.0
210000.0 211000.0 558989.9413234475 4400.0
211000.0 212000.0 509261.4420479913 0.0
212000.0 213000.0 529279.2523686695 4400.0
213000.0 214000.0 630750.4564523177 0.0
214000.0 215000.0 376918.02187083545 4400.0
215000.0 216000.0 602627.1286443763 0.0
216000.0 217000.0 591369.1716420633 4400.0
217000.0 218000.0 566861.1602465155 0.0
218000.0 219000.0 425498.54230437626 4400.0
219000.0 220000.0 571566.4121796953 0.0
220000.0 221000.0 490807.8604691182 4400.0
221000.0 222000.0 502045.42976993835 0.0
222000.0 223000.0 560504.515109122 4400.0
223000.0 224000.0 650745.7054339692 0.0
224000.0 225000.0 409245.54233899654 4400.0
225000.0 226000.0 679404.8253786741 0.0
226000.0 227000.0 751228.4056587146 4400.0
227000.0 228000.0 569777.857008427 0.0
228000.0 229000.0 519042.99303112715 4400.0
229000.0 230000.0 550210.3612939992 0.0
230000.0 231000.0 625536.0642153245 4400.0
231000.0 232000.0 577798.8322463561 0.0
232000.0 233000.0 584151.4462933264 4400.0
233000.0 234000.0 528730.3935597708 0.0
234000.0 235000.0 620213.6094596287 4400.0
235000.0 236000.0 515643.58393998817 0.0
236000.0 237000.0 563970.5489288347 4400.0
237000.0 238000.0 542882.7916800197 0.0
238000.0 239000.0 589767.1296441379 4400.0
239000.0 240000.0 544175.4144211998 0.0
240000.0 241000.0 612183.3652552501 4400.0
241000.0 242000.0 681675.5596592955 4400.0
242000.0 243000.0 664949.761399152 0.0
243000.0 244000.0 541797.3120417998 4400.0
244000.0 245000.0 675444.4190212856 0.0
245000.0 246000.0 666956.4324057982 4400.0
246000.0 247000.0 739262.6698126267 0.0
247000.0 248000.0 609871.3225147314 4400.0
248000.0 249000.0 756173.6266359286 4400.0
249000.0 250000.0 562277.6537372735 0.0
250000.0 251000.0 653940.1248888678 4400.0
251000.0 252000.0 554944.7935291838 0.0
252000.0 253000.0 664047.0857007317 4400.0
253000.0 254000.0 498962.9267065804 0.0
254000.0 255000.0 615729.3107776099 4400.0
255000.0 256000.0 614594.4418406468 0.0
256000.0 257000.0 618256.8184583824 4400.0
257000.0 258000.0 531001.3209056163 0.0
258000.0 259000.0 558460.8483578186 4400.0
259000.0 260000.0 562406.5515525346 0.0
260000.0 261000.0 669586.4678311736 4400.0
261000.0 262000.0 496484.33771582646 0.0
262000.0 263000.0 555457.11941021 4400.0
263000.0 264000.0 556031.7754062663 0.0
264000.0 265000.0 570398.4007627262 4400.0
265000.0 266000.0 522677.28582537785 0.0
266000.0 267000.0 108561.55693626264 0.0
267000.0 268000.0 0.0 0.0
268000.0 269000.0 574028.6215423802 4400.0
269000.0 270000.0 709186.0495431637 3000.0
270000.0 271000.0 814708.5636500651 3000.0
271000.0 272000.0 553713.4690208868 0.0
272000.0 273000.0 711675.5117795219 3000.0
273000.0 274000.0 181243.93598322023 0.0
274000.0 275000.0 440450.72804605606 4400.0
275000.0 276000.0 572213.8830900327 0.0
276000.0 277000.0 698150.0277981568 4400.0
277000.0 278000.0 461710.10059545387 0.0
278000.0 279000.0 67813.1089510625 0.0
279000.0 280000.0 116037.23573711363 4400.0
280000.0 281000.0 671250.4089025541 0.0
281000.0 282000.0 727924.0930807644 3000.0
282000.0 283000.0 336468.26227956795 0.0
283000.0 284000.0 0.0 0.0
284000.0 285000.0 818.2836221035697 0.0
285000.0 286000.0 103110.3422823473 3000.0
286000.0 287000.0 769343.585039456 3000.0
287000.0 288000.0 544015.2596659872 0.0
288000.0 289000.0 746429.6657494905 3000.0
289000.0 290000.0 648855.4143466299 3000.0
290000.0 291000.0 671129.6501976604 3000.0
291000.0 292000.0 367387.8377345687 0.0
292000.0 293000.0 442518.48020071536 3000.0
293000.0 294000.0 368815.0821524194 0.0
294000.0 295000.0 502269.80054459424 3000.0
295000.0 296000.0 295618.5767417524 0.0
296000.0 297000.0 440087.672373582 3000.0
297000.0 298000.0 307291.5911436392 0.0
298000.0 299000.0 498418.99125250755 3000.0
299000.0 300000.0 298509.8564289621 0.0
300000.0 301000.0 47151.91052358426 0.0
