ts te s_bytes_all avg_video_rate
0.0 1000.0 0.0 0.0
1000.0 2000.0 0.0 0.0
2000.0 3000.0 0.0 0.0
3000.0 4000.0 0.0 0.0
4000.0 5000.0 0.0 0.0
5000.0 6000.0 0.0 0.0
6000.0 7000.0 0.0 0.0
7000.0 8000.0 187249.4657179977 2300.0
8000.0 9000.0 346401.83988171804 480.0
9000.0 10000.0 190588.51932019528 288.0
10000.0 11000.0 170284.63204970368 288.0
11000.0 12000.0 218781.9954370249 288.0
12000.0 13000.0 134693.95103595965 288.0
13000.0 14000.0 7810.614499497875 0.0
14000.0 15000.0 22222.66435524594 288.0
15000.0 16000.0 135300.0097872286 288.0
16000.0 17000.0 16280.585577854436 0.0
17000.0 18000.0 120022.31425868311 0.0
18000.0 19000.0 93860.053209303 288.0
19000.0 20000.0 199866.27304702852 288.0
20000.0 21000.0 19028.08182255937 0.0
21000.0 22000.0 121664.97202390386 288.0
22000.0 23000.0 15760.02797609614 0.0
23000.0 24000.0 113110.0 288.0
24000.0 25000.0 0.0 0.0
25000.0 26000.0 140853.0 480.0
26000.0 27000.0 0.0 0.0
27000.0 28000.0 0.0 0.0
28000.0 29000.0 367181.1524241214 840.0
29000.0 30000.0 122244.84757587864 0.0
30000.0 31000.0 125110.50286628529 1500.0
31000.0 32000.0 282280.4971337147 0.0
32000.0 33000.0 182090.12578469818 1500.0
33000.0 34000.0 191257.87421530182 0.0
34000.0 35000.0 184580.205256072 1500.0
35000.0 36000.0 210352.794743928 0.0
36000.0 37000.0 181994.84815183067 2300.0
37000.0 38000.0 406991.1518481693 0.0
38000.0 39000.0 187290.1870143935 2300.0
39000.0 40000.0 410849.8129856065 0.0
40000.0 41000.0 206005.88288132203 3000.0
41000.0 42000.0 560565.4209514055 0.0
42000.0 43000.0 608718.4387805616 3000.0
43000.0 44000.0 215967.99252026074 0.0
44000.0 45000.0 552023.906528246 3000.0
45000.0 46000.0 174997.00734486541 0.0
46000.0 47000.0 562871.0640451368 3000.0
47000.0 48000.0 149643.689261554 0.0
48000.0 49000.0 561841.6986454447 3000.0
49000.0 50000.0 244588.09174751965 0.0
50000.0 51000.0 511842.51685665245 3000.0
51000.0 52000.0 613957.5546620383 3000.0
52000.0 53000.0 402540.22369460366 0.0
53000.0 54000.0 124436.07919542215 0.0
54000.0 55000.0 243338.115900004 3000.0
55000.0 56000.0 665847.1911827226 3000.0
56000.0 57000.0 486182.2282187436 0.0
57000.0 58000.0 456517.63963752205 3000.0
58000.0 59000.0 533302.1217361187 0.0
59000.0 60000.0 485128.0649923158 3000.0
60000.0 61000.0 325960.97093840817 0.0
61000.0 62000.0 270495.0095142729 3000.0
62000.0 63000.0 518673.7068114791 0.0
63000.0 64000.0 456293.1950955691 3000.0
64000.0 65000.0 305204.9313644695 0.0
65000.0 66000.0 544276.246078939 4400.0
66000.0 67000.0 470048.6947152187 0.0
67000.0 68000.0 662064.8007866173 4400.0
68000.0 69000.0 509181.75106777425 0.0
69000.0 70000.0 680779.6548615488 4400.0
70000.0 71000.0 511900.1099832433 0.0
71000.0 72000.0 517876.14928370557 4400.0
72000.0 73000.0 633606.6033758381 4400.0
73000.0 74000.0 669938.4999443392 0.0
74000.0 75000.0 487554.74739611713 0.0
75000.0 76000.0 576858.5181923467 4400.0
76000.0 77000.0 483778.58310882957 4400.0
77000.0 78000.0 602489.2591330189 0.0
78000.0 79000.0 431215.63956580486 0.0
79000.0 80000.0 563479.7122390971 4400.0
80000.0 81000.0 753419.2344952669 4400.0
81000.0 82000.0 608244.0777498339 0.0
82000.0 83000.0 477494.1397840192 4400.0
83000.0 84000.0 573800.8391016616 0.0
84000.0 85000.0 755222.2067911186 4400.0
85000.0 86000.0 715652.9949427431 0.0
86000.0 87000.0 696472.2100293859 4400.0
87000.0 88000.0 632741.5848668736 0.0
88000.0 89000.0 216250.1715344858 4400.0
89000.0 90000.0 664132.5336303635 0.0
90000.0 91000.0 738844.6650218181 4400.0
91000.0 92000.0 665046.3068062457 0.0
92000.0 93000.0 46983.32300708672 0.0
93000.0 94000.0 385360.32780502166 3000.0
94000.0 95000.0 699719.0471179199 3000.0
95000.0 96000.0 518839.17880324216 0.0
96000.0 97000.0 586371.6002353823 4400.0
97000.0 98000.0 362845.45228053693 0.0
98000.0 99000.0 337567.4126128068 4400.0
99000.0 100000.0 778850.8378890186 4400.0
100000.0 101000.0 662708.0206234553 0.0
101000.0 102000.0 607870.7306216148 4400.0
102000.0 103000.0 585569.5461208968 0.0
103000.0 104000.0 629517.0307253341 4400.0
104000.0 105000.0 558875.3107536956 0.0
105000.0 106000.0 657681.9949468067 4400.0
106000.0 107000.0 669724.0259807245 0.0
107000.0 108000.0 458756.91048136086 4400.0
108000.0 109000.0 597181.6699803697 0.0
109000.0 110000.0 686089.6450741177 4400.0
110000.0 111000.0 551350.5639661107 0.0
111000.0 112000.0 650158.8269792269 4400.0
112000.0 113000.0 492624.7862408571 0.0
113000.0 114000.0 639420.3788903509 4400.0
114000.0 115000.0 597212.7018711502 0.0
115000.0 116000.0 458874.5038617465 4400.0
116000.0 117000.0 546635.2680861233 0.0
117000.0 118000.0 768772.009605102 4400.0
118000.0 119000.0 486396.28941173654 0.0
119000.0 120000.0 595465.7493319178 4400.0
120000.0 121000.0 676503.0535017502 4400.0
121000.0 122000.0 643278.3029769284 0.0
122000.0 123000.0 439786.2323853268 0.0
123000.0 124000.0 405231.1517628233 4400.0
124000.0 125000.0 744604.4694901711 4400.0
125000.0 126000.0 686696.0598830446 0.0
126000.0 127000.0 777576.7169092435 4400.0
127000.0 128000.0 675278.5986849491 0.0
128000.0 129000.0 428962.18094018084 4400.0
129000.0 130000.0 694420.9041963271 0.0
130000.0 131000.0 389142.32148920017 4400.0
131000.0 132000.0 614964.7233924345 0.0
132000.0 133000.0 546689.7950807333 4400.0
133000.0 134000.0 753908.531434742 0.0
134000.0 135000.0 676110.7306336052 4400.0
135000.0 136000.0 639270.6191797464 0.0
136000.0 137000.0 568342.3677817984 4400.0
137000.0 138000.0 505735.2372455555 0.0
138000.0 139000.0 562200.1935556965 4400.0
139000.0 140000.0 670644.9234421125 0.0
140000.0 141000.0 706922.6998219886 4400.0
141000.0 142000.0 495606.25812633627 0.0
142000.0 143000.0 525269.4344390852 4400.0
143000.0 144000.0 786238.8858484775 4400.0
144000.0 145000.0 647861.2336760333 0.0
145000.0 146000.0 392950.41840711155 0.0
146000.0 147000.0 556797.3833081776 4400.0
147000.0 148000.0 705316.993213145 4400.0
148000.0 149000.0 691971.0322501594 0.0
149000.0 150000.0 401796.394915355 0.0
150000.0 151000.0 535061.41421469 4400.0
151000.0 152000.0 724074.1326930657 4400.0
152000.0 153000.0 693967.5600271466 0.0
153000.0 154000.0 456936.46066366683 4400.0
154000.0 155000.0 699208.2080751087 0.0
155000.0 156000.0 391269.4135643734 4400.0
156000.0 157000.0 710200.7014230336 0.0
157000.0 158000.0 397974.6463343336 4400.0
158000.0 159000.0 686831.807756596 0.0
159000.0 160000.0 700642.2832733473 4400.0
160000.0 161000.0 587545.8370626795 0.0
161000.0 162000.0 733698.589253799 4400.0
162000.0 163000.0 505606.2773892953 0.0
163000.0 164000.0 486417.73517142324 4400.0
164000.0 165000.0 512219.7728469789 0.0
165000.0 166000.0 599169.3790662703 4400.0
166000.0 167000.0 561403.1340854935 0.0
167000.0 168000.0 754872.3609920306 4400.0
168000.0 169000.0 199348.3613521086 0.0
169000.0 170000.0 612345.3272740009 4400.0
170000.0 171000.0 783892.427886345 4400.0
171000.0 172000.0 691642.0295168522 0.0
172000.0 173000.0 357265.4718084969 0.0
173000.0 174000.0 491566.2468729247 4400.0
174000.0 175000.0 762874.3176613062 0.0
175000.0 176000.0 563785.9757895478 4400.0
176000.0 177000.0 754538.659084152 4400.0
177000.0 178000.0 641073.6846331636 0.0
178000.0 179000.0 472855.1141823626 4400.0
179000.0 180000.0 717715.1348891149 0.0
180000.0 181000.0 665280.2436720782 4400.0
181000.0 182000.0 578470.5884761881 0.0
182000.0 183000.0 236126.82970272398 4400.0
183000.0 184000.0 702818.0246048896 0.0
184000.0 185000.0 817855.8867747262 4400.0
185000.0 186000.0 541667.4291462593 0.0
186000.0 187000.0 734353.4687148145 4400.0
187000.0 188000.0 492171.4401842345 0.0
188000.0 189000.0 582887.8260446576 4400.0
189000.0 190000.0 795436.222301617 4400.0
190000.0 191000.0 669525.8664247625 0.0
191000.0 192000.0 372375.7015057696 0.0
192000.0 193000.0 553084.8711889068 4400.0
193000.0 194000.0 440223.27790308464 0.0
194000.0 195000.0 482471.7985189988 4400.0
195000.0 196000.0 823614.7524774785 0.0
196000.0 197000.0 658061.7439405051 4400.0
197000.0 198000.0 691303.6083223126 4400.0
198000.0 199000.0 650233.5481792584 0.0
199000.0 200000.0 494668.79184760386 4400.0
200000.0 201000.0 616621.1531642067 0.0
201000.0 202000.0 461111.326506185 4400.0
202000.0 203000.0 637694.3212540215 0.0
203000.0 204000.0 517696.0777180103 4400.0
204000.0 205000.0 604614.1595902335 0.0
205000.0 206000.0 741598.1706969179 4400.0
206000.0 207000.0 638488.8113968406 0.0
207000.0 208000.0 667761.5335815041 4400.0
208000.0 209000.0 535845.3363091344 0.0
209000.0 210000.0 538064.0380251299 4400.0
210000.0 211000.0 543402.8150993695 0.0
211000.0 212000.0 665304.3534663531 4400.0
212000.0 213000.0 439611.90085304703 0.0
213000.0 214000.0 624909.9566660973 4400.0
214000.0 215000.0 566850.7837495266 4400.0
215000.0 216000.0 754152.1200433547 0.0
216000.0 217000.0 283813.51337021077 0.0
217000.0 218000.0 514666.619892757 4400.0
218000.0 219000.0 659336.3211398474 4400.0
219000.0 220000.0 704053.0939320924 0.0
220000.0 221000.0 422414.5405017186 0.0
221000.0 222000.0 582878.6802913364 4400.0
222000.0 223000.0 785695.1951371776 4400.0
223000.0 224000.0 608623.5441439678 0.0
224000.0 225000.0 549952.6989009746 4400.0
225000.0 226000.0 590342.6132570904 0.0
226000.0 227000.0 606919.6932651608 4400.0
227000.0 228000.0 623017.9566567857 0.0
228000.0 229000.0 478800.40410375607 4400.0
229000.0 230000.0 729218.0753869477 0.0
230000.0 231000.0 708428.5607541446 4400.0
231000.0 232000.0 580828.8826738328 0.0
232000.0 233000.0 258850.8544378993 4400.0
233000.0 234000.0 613875.7257839292 0.0
234000.0 235000.0 499737.8932135735 4400.0
235000.0 236000.0 789718.3005744691 0.0
236000.0 237000.0 666485.3137491158 4400.0
237000.0 238000.0 629012.9252022645 0.0
238000.0 239000.0 718003.3836255771 4400.0
239000.0 240000.0 554238.6798983471 0.0
240000.0 241000.0 474491.7415902217 4400.0
241000.0 242000.0 677069.8526616072 0.0
242000.0 243000.0 629300.4443269174 4400.0
243000.0 244000.0 744092.9396212656 4400.0
244000.0 245000.0 748014.2247179974 0.0
245000.0 246000.0 565951.9244702805 4400.0
246000.0 247000.0 638967.1702245434 0.0
247000.0 248000.0 552467.8542694399 4400.0
248000.0 249000.0 638761.3272512676 0.0
249000.0 250000.0 667954.6288231582 4400.0
250000.0 251000.0 590901.6393492717 0.0
251000.0 252000.0 390772.5458653907 4400.0
252000.0 253000.0 576663.9960132395 0.0
253000.0 254000.0 678938.8914949413 4400.0
254000.0 255000.0 639909.567814366 0.0
255000.0 256000.0 613934.1357408073 4400.0
256000.0 257000.0 527218.8260001172 0.0
257000.0 258000.0 628298.8428605846 4400.0
258000.0 259000.0 621034.0658482328 0.0
259000.0 260000.0 333096.5207246179 4400.0
260000.0 261000.0 607563.2447869177 0.0
261000.0 262000.0 746905.4841140059 4400.0
262000.0 263000.0 625533.3400066434 4400.0
263000.0 264000.0 534255.8489657604 0.0
264000.0 265000.0 633457.1855328969 4400.0
265000.0 266000.0 686270.516015969 0.0
266000.0 267000.0 609615.5395620042 4400.0
267000.0 268000.0 703169.3730231137 0.0
268000.0 269000.0 305408.68153451814 0.0
269000.0 270000.0 236637.15881342586 4400.0
270000.0 271000.0 752947.6782323588 0.0
271000.0 272000.0 658514.4922670946 4400.0
272000.0 273000.0 732806.1549873108 4400.0
273000.0 274000.0 645032.2218069561 0.0
274000.0 275000.0 830156.0119786405 4400.0
275000.0 276000.0 671865.1167789872 0.0
276000.0 277000.0 215663.01429167303 4400.0
277000.0 278000.0 616562.8180265846 0.0
278000.0 279000.0 762495.5892362113 4400.0
279000.0 280000.0 700288.8362893212 0.0
280000.0 281000.0 213253.24448977195 4400.0
281000.0 282000.0 702490.4089244431 0.0
282000.0 283000.0 768311.785309191 4400.0
283000.0 284000.0 471053.6517877782 0.0
284000.0 285000.0 629440.7768123297 4400.0
285000.0 286000.0 709452.8667957343 4400.0
286000.0 287000.0 719831.2521086286 0.0
287000.0 288000.0 364784.27491450106 0.0
288000.0 289000.0 508574.93448446307 4400.0
289000.0 290000.0 620304.743015353 4400.0
290000.0 291000.0 643706.486035634 0.0
291000.0 292000.0 426377.6147455658 0.0
292000.0 293000.0 501082.2357415401 4400.0
293000.0 294000.0 842312.8199228974 4400.0
294000.0 295000.0 662862.8793566783 0.0
295000.0 296000.0 302058.03209075984 0.0
296000.0 297000.0 556365.5530699474 4400.0
297000.0 298000.0 809228.5862823025 4400.0
298000.0 299000.0 507169.40743197734 0.0
299000.0 300000.0 688562.7992613036 4400.0
