ts te s_bytes_all avg_video_rate
0.0 1000.0 0.0 0.0
1000.0 2000.0 0.0 0.0
2000.0 3000.0 0.0 0.0
3000.0 4000.0 0.0 0.0
4000.0 5000.0 0.0 0.0
5000.0 6000.0 0.0 0.0
6000.0 7000.0 0.0 0.0
7000.0 8000.0 56423.844249385824 2300.0
8000.0 9000.0 123233.4678831108 288.0
9000.0 10000.0 118183.98618985275 288.0
10000.0 11000.0 243669.0582945489 288.0
11000.0 12000.0 242426.59273554746 288.0
12000.0 13000.0 224599.32381616908 288.0
13000.0 14000.0 156135.51511922292 288.0
14000.0 15000.0 194469.79389185522 288.0
15000.0 16000.0 117245.53701958375 0.0
16000.0 17000.0 83512.65871084807 288.0
17000.0 18000.0 93797.724132384 0.0
18000.0 19000.0 89996.08916241782 840.0
19000.0 20000.0 203489.26507536453 0.0
20000.0 21000.0 94254.20669090532 840.0
21000.0 22000.0 82793.78168464021 0.0
22000.0 23000.0 182589.75018147635 840.0
23000.0 24000.0 276370.02921511215 840.0
24000.0 25000.0 163800.37594757482 0.0
25000.0 26000.0 85733.62556196708 840.0
26000.0 27000.0 137714.37443803292 0.0
27000.0 28000.0 167936.9211169794 840.0
28000.0 29000.0 94461.07888302059 0.0
29000.0 30000.0 123072.88761524006 1500.0
30000.0 31000.0 238578.08839741847 0.0
31000.0 32000.0 128047.4733672341 1500.0
32000.0 33000.0 261490.00668197413 0.0
33000.0 34000.0 143542.27243667378 1500.0
34000.0 35000.0 240733.27150145947 0.0
35000.0 36000.0 196001.0636644089 2300.0
36000.0 37000.0 465417.7001118984 0.0
37000.0 38000.0 183041.1744014257 2300.0
38000.0 39000.0 410019.061822267 0.0
39000.0 40000.0 165253.20113928604 2300.0
40000.0 41000.0 444404.94619447435 0.0
41000.0 42000.0 166253.82824735736 3000.0
42000.0 43000.0 444831.2854911446 0.0
43000.0 44000.0 67613.73892773766 0.0
44000.0 45000.0 0.0 0.0
45000.0 46000.0 167639.69429217235 3000.0
46000.0 47000.0 434873.39868981054 0.0
47000.0 48000.0 342380.87607328093 3000.0
48000.0 49000.0 546615.3407014472 3000.0
49000.0 50000.0 718413.9254876534 3000.0
50000.0 51000.0 538206.2362003184 0.0
51000.0 52000.0 377626.38596758083 3000.0
52000.0 53000.0 596939.0523620024 0.0
53000.0 54000.0 207487.00534147257 3000.0
54000.0 55000.0 623108.5774921868 0.0
55000.0 56000.0 77790.3887878328 3000.0
56000.0 57000.0 618852.5226438825 3000.0
57000.0 58000.0 746363.9771137848 0.0
58000.0 59000.0 662013.100096428 3000.0
59000.0 60000.0 350961.02803857706 3000.0
60000.0 61000.0 520640.49071156926 0.0
61000.0 62000.0 168576.4190774193 3000.0
62000.0 63000.0 461049.86743325257 0.0
63000.0 64000.0 387063.7023619004 3000.0
64000.0 65000.0 466268.7568895264 0.0
65000.0 66000.0 220938.1130383378 3000.0
66000.0 67000.0 393089.4796016356 0.0
67000.0 68000.0 284741.6615979279 0.0
68000.0 69000.0 0.0 0.0
69000.0 70000.0 138526.8893372927 3000.0
70000.0 71000.0 500003.4041806144 3000.0
71000.0 72000.0 727704.834842596 0.0
72000.0 73000.0 780762.1758138837 3000.0
73000.0 74000.0 315590.7172997561 3000.0
74000.0 75000.0 647733.4019039395 0.0
75000.0 76000.0 28154.576621917662 0.0
76000.0 77000.0 0.0 0.0
77000.0 78000.0 156243.97224786886 3000.0
78000.0 79000.0 441835.89099212934 0.0
79000.0 80000.0 389000.9176462025 3000.0
80000.0 81000.0 473420.1794358241 0.0
81000.0 82000.0 320586.84834491217 3000.0
82000.0 83000.0 629401.6335131584 0.0
83000.0 84000.0 91658.24929180065 3000.0
84000.0 85000.0 510981.8776579587 0.0
85000.0 86000.0 678875.2642150822 3000.0
86000.0 87000.0 552316.186146222 3000.0
87000.0 88000.0 525279.9805088409 0.0
88000.0 89000.0 0.0 0.0
89000.0 90000.0 201509.64361034217 3000.0
90000.0 91000.0 476591.23446499393 0.0
91000.0 92000.0 246573.63550655684 3000.0
92000.0 93000.0 419948.6798978904 0.0
93000.0 94000.0 342320.4629744078 3000.0
94000.0 95000.0 445821.31340837973 3000.0
95000.0 96000.0 1000119.8641884038 0.0
96000.0 97000.0 542548.8416761814 3000.0
97000.0 98000.0 460914.1514945389 3000.0
98000.0 99000.0 487845.50486853847 0.0
99000.0 100000.0 318496.6500626871 3000.0
100000.0 101000.0 549421.2622599239 0.0
101000.0 102000.0 290206.62794976047 3000.0
102000.0 103000.0 479590.57181911723 0.0
103000.0 104000.0 348007.5363851782 3000.0
104000.0 105000.0 593905.5815921923 0.0
105000.0 106000.0 211971.7431947631 3000.0
106000.0 107000.0 559633.7002395713 0.0
107000.0 108000.0 264216.16317127453 3000.0
108000.0 109000.0 525619.447650212 0.0
109000.0 110000.0 71667.38358508614 3000.0
110000.0 111000.0 658656.3897735582 0.0
111000.0 112000.0 311011.1806164854 3000.0
112000.0 113000.0 623655.4296099563 0.0
113000.0 114000.0 214481.977467553 3000.0
114000.0 115000.0 501470.17892206996 0.0
115000.0 116000.0 252849.5680415029 3000.0
116000.0 117000.0 453558.4635705837 0.0
117000.0 118000.0 392989.8378276562 3000.0
118000.0 119000.0 489602.67534867115 0.0
119000.0 120000.0 283340.945482651 3000.0
120000.0 121000.0 466374.3205846802 0.0
121000.0 122000.0 304720.8375000126 3000.0
122000.0 123000.0 487362.1024239127 0.0
123000.0 124000.0 365867.0860241201 3000.0
124000.0 125000.0 570118.1843121934 0.0
125000.0 126000.0 246670.13912872842 3000.0
126000.0 127000.0 537956.5837883875 0.0
127000.0 128000.0 272215.4739547135 3000.0
128000.0 129000.0 551666.7369122106 0.0
129000.0 130000.0 189525.06115515722 3000.0
130000.0 131000.0 472916.2390325498 0.0
131000.0 132000.0 351652.04911082407 3000.0
132000.0 133000.0 710181.2961348193 3000.0
133000.0 134000.0 416012.72906825977 0.0
134000.0 135000.0 800228.8977094884 3000.0
135000.0 136000.0 518604.5724874266 3000.0
136000.0 137000.0 527640.7009336047 0.0
137000.0 138000.0 402470.0930998338 3000.0
138000.0 139000.0 592991.4084232568 0.0
139000.0 140000.0 186831.74389683353 3000.0
140000.0 141000.0 624634.0976582991 0.0
141000.0 142000.0 192954.9220078879 3000.0
142000.0 143000.0 467395.8194132359 0.0
143000.0 144000.0 317686.8145634362 3000.0
144000.0 145000.0 573985.4381497994 0.0
145000.0 146000.0 138892.54423246515 3000.0
146000.0 147000.0 593700.0575777972 0.0
147000.0 148000.0 261203.1755943112 3000.0
148000.0 149000.0 522450.9497425875 0.0
149000.0 150000.0 338879.49245931226 3000.0
150000.0 151000.0 495312.75557423336 0.0
151000.0 152000.0 281306.62579127774 3000.0
152000.0 153000.0 601571.5230339632 0.0
153000.0 154000.0 291876.686604994 3000.0
154000.0 155000.0 513414.13297043665 0.0
155000.0 156000.0 202226.7294158313 3000.0
156000.0 157000.0 481479.6540095503 0.0
157000.0 158000.0 226174.26884360984 3000.0
158000.0 159000.0 687517.2869537445 0.0
159000.0 160000.0 150059.59452306677 3000.0
160000.0 161000.0 770413.2427313173 0.0
161000.0 162000.0 7361.285807142788 3000.0
162000.0 163000.0 780102.3447779862 0.0
163000.0 164000.0 118866.74104082817 3000.0
164000.0 165000.0 660397.9141811857 0.0
165000.0 166000.0 48937.529250828644 3000.0
166000.0 167000.0 691628.95514389 0.0
167000.0 168000.0 202720.98780221975 3000.0
168000.0 169000.0 452197.876189948 0.0
169000.0 170000.0 406101.88746105897 3000.0
170000.0 171000.0 511577.02622359165 0.0
171000.0 172000.0 367152.24016645586 3000.0
172000.0 173000.0 412676.6680818911 0.0
173000.0 174000.0 438512.25642090925 3000.0
174000.0 175000.0 552214.9892574721 0.0
175000.0 176000.0 286242.1727331005 3000.0
176000.0 177000.0 492801.29448696884 0.0
177000.0 178000.0 216905.02349677566 3000.0
178000.0 179000.0 541683.0579903147 0.0
179000.0 180000.0 222370.11284382906 3000.0
180000.0 181000.0 568377.3385262558 3000.0
181000.0 182000.0 742126.2094115455 0.0
182000.0 183000.0 565822.4649596093 3000.0
183000.0 184000.0 386356.9095533357 3000.0
184000.0 185000.0 692046.754418263 0.0
185000.0 186000.0 229258.8232857858 3000.0
186000.0 187000.0 511253.36913157057 0.0
187000.0 188000.0 344318.2096480588 3000.0
188000.0 189000.0 503827.63356452575 0.0
189000.0 190000.0 314640.07928360003 3000.0
190000.0 191000.0 591865.130668196 0.0
191000.0 192000.0 196465.0331785368 3000.0
192000.0 193000.0 571889.9668214632 0.0
193000.0 194000.0 196651.95734407668 3000.0
194000.0 195000.0 572989.0426559233 0.0
195000.0 196000.0 194403.41869134296 3000.0
196000.0 197000.0 482849.31198444415 0.0
197000.0 198000.0 308658.61474583496 3000.0
198000.0 199000.0 452732.77658501454 0.0
199000.0 200000.0 301427.3212962875 3000.0
200000.0 201000.0 488452.5445474384 0.0
201000.0 202000.0 269230.34901740635 3000.0
202000.0 203000.0 491432.4065422858 0.0
203000.0 204000.0 411918.11932046665 3000.0
204000.0 205000.0 572819.2359642438 0.0
205000.0 206000.0 216682.33493806975 3000.0
206000.0 207000.0 446646.92597225646 0.0
207000.0 208000.0 372987.3177353351 3000.0
208000.0 209000.0 621739.13124963 0.0
209000.0 210000.0 147677.0107131907 3000.0
210000.0 211000.0 502921.2910920022 0.0
211000.0 212000.0 121765.38674591508 3000.0
212000.0 213000.0 750195.4306919129 0.0
213000.0 214000.0 130615.91188453461 3000.0
214000.0 215000.0 693049.0472498187 0.0
215000.0 216000.0 155651.74683153798 3000.0
216000.0 217000.0 644984.3662010315 0.0
217000.0 218000.0 160144.970088006 3000.0
218000.0 219000.0 433092.6167355537 0.0
219000.0 220000.0 350414.8740852332 3000.0
220000.0 221000.0 461714.556415131 0.0
221000.0 222000.0 269942.27259667945 3000.0
222000.0 223000.0 505280.13189646637 3000.0
223000.0 224000.0 631049.3573904794 0.0
224000.0 225000.0 481635.7890382622 3000.0
225000.0 226000.0 719358.4258800328 3000.0
226000.0 227000.0 452936.6452201018 0.0
227000.0 228000.0 247070.28501876994 3000.0
228000.0 229000.0 676104.9826025778 0.0
229000.0 230000.0 169597.09303270635 3000.0
230000.0 231000.0 784223.2451303804 0.0
231000.0 232000.0 60369.682636739104 3000.0
232000.0 233000.0 693102.0722328805 0.0
233000.0 234000.0 174334.0456154839 3000.0
234000.0 235000.0 443704.36085554305 0.0
235000.0 236000.0 339995.42136891035 3000.0
236000.0 237000.0 491170.88864378387 0.0
237000.0 238000.0 320129.66581081843 3000.0
238000.0 239000.0 486827.71838566905 0.0
239000.0 240000.0 303334.3146154239 3000.0
240000.0 241000.0 517115.44584814546 0.0
241000.0 242000.0 254965.66189686547 3000.0
242000.0 243000.0 545697.6755002395 0.0
243000.0 244000.0 344530.8521482652 3000.0
244000.0 245000.0 489756.79001920193 0.0
245000.0 246000.0 300964.7511894016 3000.0
246000.0 247000.0 474407.25916830305 0.0
247000.0 248000.0 340410.3812263698 3000.0
248000.0 249000.0 592367.6717260557 3000.0
249000.0 250000.0 640318.9836673316 0.0
250000.0 251000.0 167239.11231418813 0.0
251000.0 252000.0 160527.94404415714 3000.0
252000.0 253000.0 442175.8434522994 0.0
253000.0 254000.0 416540.179109973 3000.0
254000.0 255000.0 582616.9105566517 0.0
255000.0 256000.0 290619.66524495475 3000.0
256000.0 257000.0 465614.08933847444 0.0
257000.0 258000.0 301336.4671816835 3000.0
258000.0 259000.0 590983.1912417646 0.0
259000.0 260000.0 216674.40145361662 3000.0
260000.0 261000.0 618942.7852414482 0.0
261000.0 262000.0 197246.12872701595 3000.0
262000.0 263000.0 480871.329847785 0.0
263000.0 264000.0 417927.9411480534 3000.0
264000.0 265000.0 457797.1184464799 0.0
265000.0 266000.0 348408.2515646246 3000.0
266000.0 267000.0 649421.3762466365 3000.0
267000.0 268000.0 878609.0874395857 3000.0
268000.0 269000.0 489404.15721726813 0.0
269000.0 270000.0 192538.1324975278 0.0
270000.0 271000.0 0.0 0.0
271000.0 272000.0 181458.48686315198 3000.0
272000.0 273000.0 548453.4186271261 3000.0
273000.0 274000.0 688753.669266706 0.0
274000.0 275000.0 223057.42524301587 0.0
275000.0 276000.0 95798.88642431705 3000.0
276000.0 277000.0 364774.50246034435 0.0
277000.0 278000.0 875995.2953593524 3000.0
278000.0 279000.0 598496.3657746502 3000.0
279000.0 280000.0 760029.166663541 3000.0
280000.0 281000.0 464183.00813882664 0.0
281000.0 282000.0 182916.35678799436 3000.0
282000.0 283000.0 613192.4183909738 0.0
283000.0 284000.0 6529.0 0.0
284000.0 285000.0 0.0 0.0
285000.0 286000.0 181529.643995039 3000.0
286000.0 287000.0 515625.56534277956 3000.0
287000.0 288000.0 780572.9489821097 0.0
288000.0 289000.0 485351.7976628577 3000.0
289000.0 290000.0 663800.3061179447 3000.0
290000.0 291000.0 487629.4132843883 0.0
291000.0 292000.0 281034.4159777784 3000.0
292000.0 293000.0 541279.7638187613 0.0
293000.0 294000.0 262403.4200938116 3000.0
294000.0 295000.0 474440.1724738856 0.0
295000.0 296000.0 279736.5504487268 3000.0
296000.0 297000.0 436159.7236977343 0.0
297000.0 298000.0 335128.9285443199 3000.0
298000.0 299000.0 530009.1433795799 0.0
299000.0 300000.0 247564.0392420853 3000.0
300000.0 301000.0 296659.16693819815 0.0
