ts te s_bytes_all avg_video_rate
0.0 1000.0 0.0 0.0
1000.0 2000.0 0.0 0.0
2000.0 3000.0 0.0 0.0
3000.0 4000.0 0.0 0.0
4000.0 5000.0 0.0 0.0
5000.0 6000.0 0.0 0.0
6000.0 7000.0 0.0 0.0
7000.0 8000.0 56677.66530368012 2300.0
8000.0 9000.0 390985.9054063259 0.0
9000.0 10000.0 555010.6676789193 840.0
10000.0 11000.0 347776.36852340674 840.0
11000.0 12000.0 421798.4452983801 840.0
12000.0 13000.0 382637.57367266534 840.0
13000.0 14000.0 379533.6664005855 840.0
14000.0 15000.0 638180.1131123463 1500.0
15000.0 16000.0 43670.146689191606 0.0
16000.0 17000.0 562219.3094356362 4400.0
17000.0 18000.0 553739.5269785555 0.0
18000.0 19000.0 553731.2184352682 4400.0
19000.0 20000.0 556110.3585374033 0.0
20000.0 21000.0 573390.6076912307 4400.0
21000.0 22000.0 567972.4268364055 0.0
22000.0 23000.0 704252.402734201 4400.0
23000.0 24000.0 356246.59726579895 0.0
24000.0 25000.0 524148.0908075254 4400.0
25000.0 26000.0 599573.4935210879 0.0
26000.0 27000.0 569900.3239595704 4400.0
27000.0 28000.0 554143.3568250563 0.0
28000.0 29000.0 591848.532197071 4400.0
29000.0 30000.0 548659.0680198222 0.0
30000.0 31000.0 578297.3004060612 3000.0
31000.0 32000.0 270565.277301381 3000.0
32000.0 33000.0 550387.7521940573 3000.0
33000.0 34000.0 229244.8047683673 0.0
34000.0 35000.0 560972.0728042367 3000.0
35000.0 36000.0 179818.51015192282 0.0
36000.0 37000.0 683119.0093667599 3000.0
37000.0 38000.0 98148.34925110803 0.0
38000.0 39000.0 650903.864005071 3000.0
39000.0 40000.0 121706.209713831 0.0
40000.0 41000.0 684593.4116319142 3000.0
41000.0 42000.0 101989.19408588763 0.0
42000.0 43000.0 505316.7245174511 3000.0
43000.0 44000.0 255178.16113536732 0.0
44000.0 45000.0 577198.9727299043 3000.0
45000.0 46000.0 368817.7400589133 3000.0
46000.0 47000.0 560946.0961047196 0.0
47000.0 48000.0 109796.06242841388 0.0
48000.0 49000.0 613881.924490089 3000.0
49000.0 50000.0 191731.07955256212 0.0
50000.0 51000.0 621102.368019742 3000.0
51000.0 52000.0 106323.81194493103 0.0
52000.0 53000.0 652593.9949233877 3000.0
53000.0 54000.0 124234.44308378753 0.0
54000.0 55000.0 684113.1668533265 3000.0
55000.0 56000.0 70826.11453240432 0.0
56000.0 57000.0 685896.3063983163 3000.0
57000.0 58000.0 81152.24647667623 0.0
58000.0 59000.0 693162.2146722791 3000.0
59000.0 60000.0 121125.92626606268 0.0
60000.0 61000.0 668132.1790010219 3000.0
61000.0 62000.0 707709.4785736464 3000.0
62000.0 63000.0 718850.4420385947 3000.0
63000.0 64000.0 238440.59321671806 0.0
64000.0 65000.0 686961.548434337 3000.0
65000.0 66000.0 75472.09276179815 0.0
66000.0 67000.0 640853.6903865306 3000.0
67000.0 68000.0 212338.40116810793 3000.0
68000.0 69000.0 674695.3335178795 0.0
69000.0 70000.0 116397.22745094728 0.0
70000.0 71000.0 602295.2270195591 3000.0
71000.0 72000.0 108048.49893380792 0.0
72000.0 73000.0 645556.1393347229 3000.0
73000.0 74000.0 111316.43942319631 0.0
74000.0 75000.0 379591.8722739707 3000.0
75000.0 76000.0 430367.77635374246 0.0
76000.0 77000.0 683997.5185674725 3000.0
77000.0 78000.0 78104.82185687231 3000.0
78000.0 79000.0 511758.91276736837 3000.0
79000.0 80000.0 316148.8037356059 3000.0
80000.0 81000.0 653502.184468632 0.0
81000.0 82000.0 103873.84351640305 0.0
82000.0 83000.0 602830.1701829827 3000.0
83000.0 84000.0 165653.82981701728 0.0
84000.0 85000.0 473089.30982313596 3000.0
85000.0 86000.0 294358.69017686404 0.0
86000.0 87000.0 0.0 0.0
87000.0 88000.0 0.0 0.0
88000.0 89000.0 0.0 0.0
89000.0 90000.0 237220.99341858653 3000.0
90000.0 91000.0 629514.9639214838 3000.0
91000.0 92000.0 272811.47490119375 0.0
92000.0 93000.0 728220.2333724711 3000.0
93000.0 94000.0 749167.4140891244 3000.0
94000.0 95000.0 764351.9187408391 3000.0
95000.0 96000.0 605381.1402495503 3000.0
96000.0 97000.0 700390.061824548 0.0
97000.0 98000.0 27775.79948220294 0.0
98000.0 99000.0 694173.795921979 3000.0
99000.0 100000.0 83142.20407802096 0.0
100000.0 101000.0 696389.0841535969 3000.0
101000.0 102000.0 76788.79768570751 0.0
102000.0 103000.0 714086.9717576066 3000.0
103000.0 104000.0 62362.622880001 0.0
104000.0 105000.0 697042.6255416247 3000.0
105000.0 106000.0 61263.00476073992 3000.0
106000.0 107000.0 379997.7940161597 0.0
107000.0 108000.0 251101.5075681104 0.0
108000.0 109000.0 227770.86626136446 3000.0
109000.0 110000.0 251194.35383058462 0.0
110000.0 111000.0 250772.7447600051 0.0
111000.0 112000.0 281628.94946673384 3000.0
112000.0 113000.0 252378.1270611195 0.0
113000.0 114000.0 468746.63169237843 2300.0
114000.0 115000.0 680413.6813778937 1500.0
115000.0 116000.0 440791.8957680124 1500.0
116000.0 117000.0 659278.7613647829 1500.0
117000.0 118000.0 121657.70907739537 0.0
118000.0 119000.0 396541.870976183 1500.0
119000.0 120000.0 25355.17036111936 0.0
120000.0 121000.0 368454.8296388807 1500.0
121000.0 122000.0 0.0 0.0
122000.0 123000.0 0.0 0.0
123000.0 124000.0 0.0 0.0
124000.0 125000.0 0.0 0.0
125000.0 126000.0 2911.0 0.0
126000.0 127000.0 0.0 0.0
127000.0 128000.0 307378.0566549107 1500.0
128000.0 129000.0 749956.8439446313 1500.0
129000.0 130000.0 540881.1414628169 1500.0
130000.0 131000.0 495282.8903874182 1500.0
131000.0 132000.0 33074.950459769796 0.0
132000.0 133000.0 375609.2011192198 1500.0
133000.0 134000.0 34027.31286673022 0.0
134000.0 135000.0 360357.603104503 1500.0
135000.0 136000.0 23165.98211849288 0.0
136000.0 137000.0 358244.3711031141 1500.0
137000.0 138000.0 53806.28722706901 0.0
138000.0 139000.0 370056.35955132404 1500.0
139000.0 140000.0 26040.589495387714 0.0
140000.0 141000.0 388892.4105046123 1500.0
141000.0 142000.0 14281.237840024894 0.0
142000.0 143000.0 368558.7621599751 1500.0
143000.0 144000.0 23539.225175645617 0.0
144000.0 145000.0 372936.8958110923 1500.0
145000.0 146000.0 31049.758502793156 1500.0
146000.0 147000.0 386755.1205104689 0.0
147000.0 148000.0 25646.114200682994 0.0
148000.0 149000.0 376991.885799317 1500.0
149000.0 150000.0 23448.986394829222 0.0
150000.0 151000.0 425111.1418330186 1500.0
151000.0 152000.0 350474.48205159564 1500.0
152000.0 153000.0 394028.3897205565 0.0
153000.0 154000.0 14899.099867827701 1500.0
154000.0 155000.0 408496.9001321723 0.0
155000.0 156000.0 11726.473016120284 4400.0
156000.0 157000.0 536573.4812161231 0.0
157000.0 158000.0 560226.0457677566 0.0
158000.0 159000.0 522151.0170471757 4400.0
159000.0 160000.0 655186.640360094 0.0
160000.0 161000.0 461837.4525889429 3000.0
161000.0 162000.0 319136.47434159264 0.0
162000.0 163000.0 604195.9182758717 3000.0
163000.0 164000.0 148935.4973863232 0.0
164000.0 165000.0 0.0 0.0
165000.0 166000.0 0.0 0.0
166000.0 167000.0 0.0 0.0
167000.0 168000.0 2913.0 0.0
168000.0 169000.0 0.0 0.0
169000.0 170000.0 195226.35268304416 3000.0
170000.0 171000.0 706523.7011722144 3000.0
171000.0 172000.0 811612.1670575304 3000.0
172000.0 173000.0 709831.55958697 3000.0
173000.0 174000.0 811381.018655897 0.0
174000.0 175000.0 586308.9165035863 3000.0
175000.0 176000.0 778629.2755363123 3000.0
176000.0 177000.0 703897.9980949257 3000.0
177000.0 178000.0 290476.3403018523 0.0
178000.0 179000.0 718521.4568455413 3000.0
179000.0 180000.0 53376.67483964824 3000.0
180000.0 181000.0 711117.0752881297 0.0
181000.0 182000.0 56814.63718017338 0.0
182000.0 183000.0 703425.1773576533 3000.0
183000.0 184000.0 59540.93380708804 3000.0
184000.0 185000.0 713840.880234825 0.0
185000.0 186000.0 91790.71943281568 3000.0
186000.0 187000.0 696784.3457483843 0.0
187000.0 188000.0 77406.26013052225 0.0
188000.0 189000.0 668338.7147187229 3000.0
189000.0 190000.0 134090.58335082064 3000.0
190000.0 191000.0 653527.287989155 0.0
191000.0 192000.0 84734.1729054001 3000.0
192000.0 193000.0 636862.51404623 0.0
193000.0 194000.0 164567.79359430796 3000.0
194000.0 195000.0 703855.6908260478 0.0
195000.0 196000.0 74690.9387984237 0.0
196000.0 197000.0 617005.2482597483 3000.0
197000.0 198000.0 122875.56505403008 0.0
198000.0 199000.0 690860.598783764 3000.0
199000.0 200000.0 94107.40121623588 3000.0
200000.0 201000.0 734449.018357675 0.0
201000.0 202000.0 37582.590322041644 0.0
202000.0 203000.0 397583.4219477442 3000.0
203000.0 204000.0 388477.6390955408 0.0
204000.0 205000.0 628615.2947727691 3000.0
205000.0 206000.0 815848.9276426479 3000.0
206000.0 207000.0 677797.2705360447 3000.0
207000.0 208000.0 292953.34652670566 0.0
208000.0 209000.0 581860.3594810467 3000.0
209000.0 210000.0 139664.50358826568 0.0
210000.0 211000.0 602199.1499489759 3000.0
211000.0 212000.0 152743.4460967225 3000.0
212000.0 213000.0 664503.0334722539 0.0
213000.0 214000.0 97307.6232554282 0.0
214000.0 215000.0 733051.9981704705 3000.0
215000.0 216000.0 104614.2147804055 0.0
216000.0 217000.0 646590.6024928462 3000.0
217000.0 218000.0 158919.98579954036 0.0
218000.0 219000.0 624336.0709552623 3000.0
219000.0 220000.0 126510.82158104787 0.0
220000.0 221000.0 621238.5865449094 3000.0
221000.0 222000.0 131541.99104610135 3000.0
222000.0 223000.0 697075.0177752452 0.0
223000.0 224000.0 41727.08581030943 0.0
224000.0 225000.0 0.0 0.0
225000.0 226000.0 1348.009680219834 0.0
226000.0 227000.0 1564.990319780166 0.0
227000.0 228000.0 183621.07211031637 3000.0
228000.0 229000.0 703546.5591930975 3000.0
229000.0 230000.0 739255.4469653983 3000.0
230000.0 231000.0 695459.6427561139 3000.0
231000.0 232000.0 809069.9443810603 0.0
232000.0 233000.0 604823.7134640557 3000.0
233000.0 234000.0 220335.38909049783 0.0
234000.0 235000.0 678947.5878815927 3000.0
235000.0 236000.0 77432.64415786737 0.0
236000.0 237000.0 691209.3522398709 3000.0
237000.0 238000.0 94779.47499725915 0.0
238000.0 239000.0 710571.1308114515 3000.0
239000.0 240000.0 82818.99110409495 0.0
240000.0 241000.0 702581.5657429744 3000.0
241000.0 242000.0 51118.27128969395 0.0
242000.0 243000.0 576426.7274939585 3000.0
243000.0 244000.0 265198.7456715428 0.0
244000.0 245000.0 684236.2227040944 3000.0
245000.0 246000.0 119434.85220596193 0.0
246000.0 247000.0 677159.1457115004 3000.0
247000.0 248000.0 141840.43560523284 3000.0
248000.0 249000.0 656298.612238826 0.0
249000.0 250000.0 129765.02277260012 3000.0
250000.0 251000.0 674837.3238679614 3000.0
251000.0 252000.0 94358.71273304828 0.0
252000.0 253000.0 675172.3703226243 3000.0
253000.0 254000.0 647520.0464004163 3000.0
254000.0 255000.0 702742.4927784267 3000.0
255000.0 256000.0 349392.7478091218 0.0
256000.0 257000.0 635076.7284967166 3000.0
257000.0 258000.0 108337.0270026229 0.0
258000.0 259000.0 695315.1185458937 3000.0
259000.0 260000.0 123131.71226931711 3000.0
260000.0 261000.0 725929.9804649681 0.0
261000.0 262000.0 19300.46078297783 3000.0
262000.0 263000.0 744048.6221749583 0.0
263000.0 264000.0 27993.67186702745 3000.0
264000.0 265000.0 732238.7905483898 0.0
265000.0 266000.0 32256.675377805772 3000.0
266000.0 267000.0 764271.1339534972 0.0
267000.0 268000.0 44334.07504150743 0.0
268000.0 269000.0 682767.0741467086 3000.0
269000.0 270000.0 65460.26846569165 0.0
270000.0 271000.0 747559.524024311 3000.0
271000.0 272000.0 72922.4448053386 0.0
272000.0 273000.0 728454.9148920574 3000.0
273000.0 274000.0 55035.532639550176 0.0
274000.0 275000.0 0.0 0.0
275000.0 276000.0 2735.6537724505392 0.0
276000.0 277000.0 222.34622754946088 0.0
277000.0 278000.0 0.0 0.0
278000.0 279000.0 2910.0 0.0
279000.0 280000.0 0.0 0.0
280000.0 281000.0 664129.032928423 3000.0
281000.0 282000.0 534265.4140186924 3000.0
282000.0 283000.0 793842.9401958784 3000.0
283000.0 284000.0 675839.7374235811 3000.0
284000.0 285000.0 763447.19276302 3000.0
285000.0 286000.0 707279.6996432048 3000.0
286000.0 287000.0 705852.3730667 3000.0
287000.0 288000.0 661673.2001946217 0.0
288000.0 289000.0 600760.3131998694 3000.0
289000.0 290000.0 140953.73898167157 0.0
290000.0 291000.0 662165.4504276409 3000.0
291000.0 292000.0 125739.80785117345 0.0
292000.0 293000.0 705229.9209940317 3000.0
293000.0 294000.0 54481.33369024868 0.0
294000.0 295000.0 688170.316990027 3000.0
295000.0 296000.0 56508.52763121543 0.0
296000.0 297000.0 717163.3065412868 3000.0
297000.0 298000.0 18911.157113026664 3000.0
298000.0 299000.0 743898.6430971061 3000.0
299000.0 300000.0 46743.73223493251 3000.0
300000.0 301000.0 9.161013647854565 3000.0
