ts te s_bytes_all avg_video_rate
0.0 1000.0 0.0 0.0
1000.0 2000.0 0.0 0.0
2000.0 3000.0 0.0 0.0
3000.0 4000.0 0.0 0.0
4000.0 5000.0 0.0 0.0
5000.0 6000.0 0.0 0.0
6000.0 7000.0 420422.69476071175 2300.0
7000.0 8000.0 648046.4021279076 2300.0
8000.0 9000.0 731670.117896135 2300.0
9000.0 10000.0 545141.6298166863 2300.0
10000.0 11000.0 605741.087454398 2300.0
11000.0 12000.0 475000.71887471573 2300.0
12000.0 13000.0 838811.8490005967 2300.0
13000.0 14000.0 353591.07512352546 2300.0
14000.0 15000.0 836656.5304771421 2300.0
15000.0 16000.0 591611.9391449885 2300.0
16000.0 17000.0 788519.0234996073 2300.0
17000.0 18000.0 829711.7708551747 2300.0
18000.0 19000.0 693772.4895736261 2300.0
19000.0 20000.0 781773.3930504988 4400.0
20000.0 21000.0 600168.2783442857 0.0
21000.0 22000.0 287316.9052300959 4400.0
22000.0 23000.0 637591.1126524268 0.0
23000.0 24000.0 715103.1292251176 4400.0
24000.0 25000.0 574226.3424136259 4400.0
25000.0 26000.0 536426.4432631067 0.0
26000.0 27000.0 766233.2779194049 4400.0
27000.0 28000.0 534240.8460342438 0.0
28000.0 29000.0 253310.94326197816 0.0
29000.0 30000.0 0.0 0.0
30000.0 31000.0 305789.92526122427 4400.0
31000.0 32000.0 541477.8674893591 0.0
32000.0 33000.0 826288.8973706943 3000.0
33000.0 34000.0 495342.28885184065 3000.0
34000.0 35000.0 630520.7393577961 3000.0
35000.0 36000.0 314291.015130691 0.0
36000.0 37000.0 389997.45961470855 3000.0
37000.0 38000.0 279460.1768115396 0.0
38000.0 39000.0 338042.3756617526 4400.0
39000.0 40000.0 642456.8846754008 0.0
40000.0 41000.0 681539.7873652717 4400.0
41000.0 42000.0 509852.44586298487 0.0
42000.0 43000.0 482202.6187342718 4400.0
43000.0 44000.0 538804.5284851328 4400.0
44000.0 45000.0 771803.3342074351 0.0
45000.0 46000.0 657693.5294074543 4400.0
46000.0 47000.0 737796.317091181 0.0
47000.0 48000.0 599406.905644981 4400.0
48000.0 49000.0 769468.1199291521 4400.0
49000.0 50000.0 565694.0770902535 0.0
50000.0 51000.0 406156.7068714914 0.0
51000.0 52000.0 500309.9723741989 4400.0
52000.0 53000.0 693573.0530798556 4400.0
53000.0 54000.0 675409.3101830182 0.0
54000.0 55000.0 600331.8024545399 4400.0
55000.0 56000.0 552414.3557257572 0.0
56000.0 57000.0 532599.2950635478 4400.0
57000.0 58000.0 517787.76286282483 0.0
58000.0 59000.0 566156.0573473966 4400.0
59000.0 60000.0 554448.2959629744 0.0
60000.0 61000.0 609025.6887234878 4400.0
61000.0 62000.0 566064.3288644812 0.0
62000.0 63000.0 561269.8038449005 4400.0
63000.0 64000.0 552050.0150622738 0.0
64000.0 65000.0 557074.8203856623 4400.0
65000.0 66000.0 525778.6042357488 0.0
66000.0 67000.0 540995.3517207494 4400.0
67000.0 68000.0 606106.6952223444 0.0
68000.0 69000.0 630739.9848238651 4400.0
69000.0 70000.0 521649.0018097077 0.0
70000.0 71000.0 603855.3051661841 4400.0
71000.0 72000.0 511051.1382083298 0.0
72000.0 73000.0 491462.78413695097 4400.0
73000.0 74000.0 598827.3432970516 0.0
74000.0 75000.0 646729.4824897817 4400.0
75000.0 76000.0 477308.7123301219 0.0
76000.0 77000.0 512023.34365888697 4400.0
77000.0 78000.0 573238.7565421547 0.0
78000.0 79000.0 555482.8963898909 4400.0
79000.0 80000.0 572575.6576988373 0.0
80000.0 81000.0 683506.9843302064 4400.0
81000.0 82000.0 525783.2386207096 0.0
82000.0 83000.0 508932.40165614843 4400.0
83000.0 84000.0 486466.0746098435 0.0
84000.0 85000.0 527487.9879215169 4400.0
85000.0 86000.0 580651.5454719623 0.0
86000.0 87000.0 568635.0430467213 4400.0
87000.0 88000.0 525219.6930680048 0.0
88000.0 89000.0 518899.3490317276 4400.0
89000.0 90000.0 603353.5365063464 0.0
90000.0 91000.0 634342.2889700588 4400.0
91000.0 92000.0 732828.1952311597 0.0
92000.0 93000.0 696775.4874828138 4400.0
93000.0 94000.0 672991.0730284861 4400.0
94000.0 95000.0 871247.6836270059 4400.0
95000.0 96000.0 641820.8569306966 0.0
96000.0 97000.0 673173.0104711591 4400.0
97000.0 98000.0 569965.7970924206 0.0
98000.0 99000.0 333013.2685597847 0.0
99000.0 100000.0 597454.2752661132 4400.0
100000.0 101000.0 401636.4054843195 0.0
101000.0 102000.0 535476.8656861358 4400.0
102000.0 103000.0 789111.212964546 4400.0
103000.0 104000.0 601863.4472868575 0.0
104000.0 105000.0 554939.7791040734 4400.0
105000.0 106000.0 672800.4363676938 0.0
106000.0 107000.0 293535.9208211902 4400.0
107000.0 108000.0 731258.9679022644 0.0
108000.0 109000.0 563351.3914656003 4400.0
109000.0 110000.0 699039.7921132477 0.0
110000.0 111000.0 496801.4329944353 4400.0
111000.0 112000.0 551284.5899274566 0.0
112000.0 113000.0 623340.2426786661 4400.0
113000.0 114000.0 517863.2535172854 0.0
114000.0 115000.0 184828.85018320006 0.0
115000.0 116000.0 0.0 0.0
116000.0 117000.0 313941.98923243757 4400.0
117000.0 118000.0 599786.8197337554 0.0
118000.0 119000.0 540967.1073051112 4400.0
119000.0 120000.0 633268.2200760159 0.0
120000.0 121000.0 759472.4386375725 4400.0
121000.0 122000.0 661179.6697013645 3000.0
122000.0 123000.0 522152.79031734634 0.0
123000.0 124000.0 516547.557750501 3000.0
124000.0 125000.0 738980.4325362435 3000.0
125000.0 126000.0 371549.33153766475 0.0
126000.0 127000.0 423817.35716798325 4400.0
127000.0 128000.0 610421.3892827642 0.0
128000.0 129000.0 643411.097731241 4400.0
129000.0 130000.0 479708.45495888573 0.0
130000.0 131000.0 509732.0786628707 4400.0
131000.0 132000.0 540910.2603873453 0.0
132000.0 133000.0 549858.2250851836 4400.0
133000.0 134000.0 508797.10337704455 0.0
134000.0 135000.0 548883.875293038 4400.0
135000.0 136000.0 590585.7081264374 0.0
136000.0 137000.0 273807.0930991937 0.0
137000.0 138000.0 0.0 0.0
138000.0 139000.0 293404.84253378963 4400.0
139000.0 140000.0 519407.06153597916 0.0
140000.0 141000.0 474461.29527164553 2300.0
141000.0 142000.0 649136.9338602424 2300.0
142000.0 143000.0 638855.5116225427 2300.0
143000.0 144000.0 312229.3551758007 0.0
144000.0 145000.0 328685.89746506617 2300.0
145000.0 146000.0 232068.10253493383 0.0
146000.0 147000.0 346496.45769507816 3000.0
147000.0 148000.0 338537.9570980978 0.0
148000.0 149000.0 27428.2205066957 0.0
149000.0 150000.0 1713.364700128365 0.0
150000.0 151000.0 83496.03478067603 3000.0
151000.0 152000.0 505745.6431521723 0.0
152000.0 153000.0 724471.3647202527 3000.0
153000.0 154000.0 568023.8210819939 3000.0
154000.0 155000.0 630581.5767707479 3000.0
155000.0 156000.0 390034.9020378793 0.0
156000.0 157000.0 250182.2668170513 3000.0
157000.0 158000.0 635671.3906392265 0.0
158000.0 159000.0 340621.1214817425 3000.0
159000.0 160000.0 337662.96726563585 0.0
160000.0 161000.0 455871.23708973505 3000.0
161000.0 162000.0 342424.72350395756 0.0
162000.0 163000.0 388599.7154984859 3000.0
163000.0 164000.0 360002.5240361016 0.0
164000.0 165000.0 395321.67193997675 3000.0
165000.0 166000.0 712086.2062334267 3000.0
166000.0 167000.0 753948.4130306216 3000.0
167000.0 168000.0 401348.35698457155 0.0
168000.0 169000.0 516271.0372775389 3000.0
169000.0 170000.0 352642.94539370993 0.0
170000.0 171000.0 367168.09978599893 4400.0
171000.0 172000.0 596897.6522048756 0.0
172000.0 173000.0 694020.139113838 4400.0
173000.0 174000.0 469728.18578078214 0.0
174000.0 175000.0 460626.28819722414 4400.0
175000.0 176000.0 564478.5387091461 0.0
176000.0 177000.0 560019.9766297634 4400.0
177000.0 178000.0 529971.7513923589 0.0
178000.0 179000.0 623576.7316763381 4400.0
179000.0 180000.0 584656.4448682886 0.0
180000.0 181000.0 626231.4045956768 4400.0
181000.0 182000.0 531348.8757439137 0.0
182000.0 183000.0 522775.5987966454 4400.0
183000.0 184000.0 454320.12659564044 0.0
184000.0 185000.0 399854.8481620969 4400.0
185000.0 186000.0 516704.1895546727 0.0
186000.0 187000.0 625244.7718977632 4400.0
187000.0 188000.0 581863.4124244113 0.0
188000.0 189000.0 628625.5945344623 4400.0
189000.0 190000.0 503040.2410208818 0.0
190000.0 191000.0 534075.9535608322 4400.0
191000.0 192000.0 531660.3489594709 0.0
192000.0 193000.0 571243.1062926315 4400.0
193000.0 194000.0 498638.63673139503 0.0
194000.0 195000.0 486337.8387754011 4400.0
195000.0 196000.0 550536.2887157777 0.0
196000.0 197000.0 549061.113282173 4400.0
197000.0 198000.0 584323.0265054607 0.0
198000.0 199000.0 528297.2627376931 4400.0
199000.0 200000.0 530441.8601189066 0.0
200000.0 201000.0 687796.0288586346 3000.0
201000.0 202000.0 367699.1603419654 0.0
202000.0 203000.0 386842.7090951363 3000.0
203000.0 204000.0 781252.5205669417 3000.0
204000.0 205000.0 646070.4893688655 3000.0
205000.0 206000.0 455153.3827974309 0.0
206000.0 207000.0 467554.730881594 4400.0
207000.0 208000.0 563023.1875651622 0.0
208000.0 209000.0 649276.3837687506 4400.0
209000.0 210000.0 517407.6178044294 0.0
210000.0 211000.0 558436.2024974696 4400.0
211000.0 212000.0 541365.489870986 0.0
212000.0 213000.0 431625.0194871189 4400.0
213000.0 214000.0 537879.5073677225 0.0
214000.0 215000.0 667832.6965136477 4400.0
215000.0 216000.0 501153.72623426584 0.0
216000.0 217000.0 563991.5625843073 4400.0
217000.0 218000.0 466106.76934114436 0.0
218000.0 219000.0 509895.2205289968 4400.0
219000.0 220000.0 595235.7565467653 0.0
220000.0 221000.0 268127.6108786407 0.0
221000.0 222000.0 0.0 0.0
222000.0 223000.0 279594.18223699887 4400.0
223000.0 224000.0 622102.6177936307 0.0
224000.0 225000.0 683114.0151646617 3000.0
225000.0 226000.0 525363.8018188583 3000.0
226000.0 227000.0 575213.3829858503 0.0
227000.0 228000.0 0.0 0.0
228000.0 229000.0 367946.58074673853 3000.0
229000.0 230000.0 537188.6526712049 3000.0
230000.0 231000.0 508654.76658205665 0.0
231000.0 232000.0 0.0 0.0
232000.0 233000.0 358921.2261396464 3000.0
233000.0 234000.0 586033.1007527892 3000.0
234000.0 235000.0 635727.905863569 0.0
235000.0 236000.0 622649.4125456419 3000.0
236000.0 237000.0 511488.5306968539 3000.0
237000.0 238000.0 367984.26603496657 0.0
238000.0 239000.0 508374.0339761655 3000.0
239000.0 240000.0 329916.27467587596 0.0
240000.0 241000.0 399381.8187746575 3000.0
241000.0 242000.0 365813.43053983414 0.0
242000.0 243000.0 147853.78561062142 4400.0
243000.0 244000.0 627781.5692063672 0.0
244000.0 245000.0 668192.1034646074 4400.0
245000.0 246000.0 495284.78502421634 0.0
246000.0 247000.0 515562.6767747423 4400.0
247000.0 248000.0 663701.3603709203 0.0
248000.0 249000.0 795335.9775376035 4400.0
249000.0 250000.0 677474.0886342644 4400.0
250000.0 251000.0 668341.785245525 0.0
251000.0 252000.0 708849.8045824668 4400.0
252000.0 253000.0 603191.1892376166 0.0
253000.0 254000.0 608555.1738290993 4400.0
254000.0 255000.0 790427.8062844115 4400.0
255000.0 256000.0 548749.0449201337 0.0
256000.0 257000.0 724696.4669306461 4400.0
257000.0 258000.0 539294.60928658 0.0
258000.0 259000.0 535589.8029442409 4400.0
259000.0 260000.0 622245.1173087374 0.0
260000.0 261000.0 553328.9753516739 4400.0
261000.0 262000.0 667307.2779967025 0.0
262000.0 263000.0 515264.6487787065 4400.0
263000.0 264000.0 526864.2823233511 0.0
264000.0 265000.0 212897.66835676588 0.0
265000.0 266000.0 0.0 0.0
266000.0 267000.0 340981.3470108685 4400.0
267000.0 268000.0 617201.9239546064 0.0
268000.0 269000.0 717463.9441315681 4400.0
269000.0 270000.0 577635.782794353 4400.0
270000.0 271000.0 601138.2837726497 0.0
271000.0 272000.0 716866.7615678983 4400.0
272000.0 273000.0 591718.7710022061 0.0
273000.0 274000.0 810475.5590664747 3000.0
274000.0 275000.0 520278.7973483495 3000.0
275000.0 276000.0 532012.0088093039 0.0
276000.0 277000.0 333679.606336403 3000.0
277000.0 278000.0 358228.63399992115 0.0
278000.0 279000.0 384727.55180581467 4400.0
279000.0 280000.0 515942.3388097011 0.0
280000.0 281000.0 490454.80578815145 4400.0
281000.0 282000.0 453681.6938857631 0.0
282000.0 283000.0 523386.6453985354 4400.0
283000.0 284000.0 612118.5637176202 0.0
284000.0 285000.0 721960.3108372819 4400.0
285000.0 286000.0 536064.8099963367 0.0
286000.0 287000.0 500059.22077122045 4400.0
287000.0 288000.0 495039.250583296 0.0
288000.0 289000.0 495200.47106606385 4400.0
289000.0 290000.0 597995.931560696 0.0
290000.0 291000.0 654479.0442408875 4400.0
291000.0 292000.0 594182.7203606381 0.0
292000.0 293000.0 527768.0775076732 4400.0
293000.0 294000.0 584498.0854373418 0.0
294000.0 295000.0 574055.3721347703 4400.0
295000.0 296000.0 574245.971567566 0.0
296000.0 297000.0 740050.5037708689 4400.0
297000.0 298000.0 696163.1146164186 4400.0
298000.0 299000.0 621058.5914317693 0.0
299000.0 300000.0 705710.1130667243 4400.0
300000.0 301000.0 249604.391850259 0.0
