ts te s_bytes_all avg_video_rate
0.0 1000.0 0.0 0.0
1000.0 2000.0 0.0 0.0
2000.0 3000.0 0.0 0.0
3000.0 4000.0 0.0 0.0
4000.0 5000.0 0.0 0.0
5000.0 6000.0 162215.17023983912 2300.0
6000.0 7000.0 780465.2857628447 2300.0
7000.0 8000.0 866911.7996072674 0.0
8000.0 9000.0 797944.740618572 2300.0
9000.0 10000.0 676238.508132222 1500.0
10000.0 11000.0 554524.8275275099 1500.0
11000.0 12000.0 787630.7888475034 1500.0
12000.0 13000.0 502749.1154026792 1500.0
13000.0 14000.0 747607.0801871431 1500.0
14000.0 15000.0 330126.1063391965 1500.0
15000.0 16000.0 722206.9495651457 1500.0
16000.0 17000.0 327669.6277700771 0.0
17000.0 18000.0 72684.30336044129 3000.0
18000.0 19000.0 530780.789887015 0.0
19000.0 20000.0 345040.20707857056 3000.0
20000.0 21000.0 473746.91465211846 0.0
21000.0 22000.0 280508.9281221169 3000.0
22000.0 23000.0 506916.2776056243 0.0
23000.0 24000.0 210010.2096776121 3000.0
24000.0 25000.0 515761.3996054826 0.0
25000.0 26000.0 107116.37528204414 3000.0
26000.0 27000.0 493898.7438433253 0.0
27000.0 28000.0 265403.45973565616 3000.0
28000.0 29000.0 535618.5632676736 0.0
29000.0 30000.0 205496.04770240595 4400.0
30000.0 31000.0 599714.6068507591 0.0
31000.0 32000.0 659771.1805562661 3000.0
32000.0 33000.0 469943.3495063177 0.0
33000.0 34000.0 302136.0602316861 3000.0
34000.0 35000.0 388249.3629664188 0.0
35000.0 36000.0 267677.8733685634 3000.0
36000.0 37000.0 496899.3298612514 0.0
37000.0 38000.0 345546.9619675429 3000.0
38000.0 39000.0 496874.0947029051 0.0
39000.0 40000.0 211159.32280622574 3000.0
40000.0 41000.0 543856.7763477861 0.0
41000.0 42000.0 153696.82409907147 3000.0
42000.0 43000.0 595597.8289896363 0.0
43000.0 44000.0 237241.2800458059 3000.0
44000.0 45000.0 497761.40689423564 0.0
45000.0 46000.0 201784.5209854419 3000.0
46000.0 47000.0 662986.7299822477 0.0
47000.0 48000.0 98279.2700177523 3000.0
48000.0 49000.0 658436.3143108967 0.0
49000.0 50000.0 673367.1538975178 3000.0
50000.0 51000.0 634173.7438265381 3000.0
51000.0 52000.0 314367.48783983046 3000.0
52000.0 53000.0 584392.5848512405 0.0
53000.0 54000.0 342901.53121201857 3000.0
54000.0 55000.0 506811.6614107806 0.0
55000.0 56000.0 263577.0749100008 3000.0
56000.0 57000.0 517002.60703908344 0.0
57000.0 58000.0 215886.53851239345 3000.0
58000.0 59000.0 437053.00070397125 0.0
59000.0 60000.0 315373.01153859217 3000.0
60000.0 61000.0 489630.91577135527 0.0
61000.0 62000.0 268378.20807900134 3000.0
62000.0 63000.0 526738.5581330318 0.0
63000.0 64000.0 235146.82567252513 3000.0
64000.0 65000.0 467972.40556637326 0.0
65000.0 66000.0 204516.3767248492 3000.0
66000.0 67000.0 507083.72020197596 0.0
67000.0 68000.0 342506.80725151056 3000.0
68000.0 69000.0 492043.6363328851 0.0
69000.0 70000.0 341915.42538800044 3000.0
70000.0 71000.0 453379.22777633637 0.0
71000.0 72000.0 306758.9870073679 3000.0
72000.0 73000.0 485112.49164772034 0.0
73000.0 74000.0 216482.91961926798 3000.0
74000.0 75000.0 525056.5425224872 0.0
75000.0 76000.0 157719.242252448 0.0
76000.0 77000.0 0.0 0.0
77000.0 78000.0 50916.62660743067 3000.0
78000.0 79000.0 408723.64181898104 0.0
79000.0 80000.0 342668.73157358833 0.0
80000.0 81000.0 146945.51393353962 3000.0
81000.0 82000.0 475922.83071393427 0.0
82000.0 83000.0 640452.9350398129 3000.0
83000.0 84000.0 847865.3947084562 3000.0
84000.0 85000.0 599198.2548681997 3000.0
85000.0 86000.0 434894.8092977976 3000.0
86000.0 87000.0 522031.2470741476 0.0
87000.0 88000.0 227258.18997395405 3000.0
88000.0 89000.0 466708.8474343403 0.0
89000.0 90000.0 291508.91417138686 3000.0
90000.0 91000.0 552750.4356884636 0.0
91000.0 92000.0 738915.273230884 3000.0
92000.0 93000.0 498495.38352021424 3000.0
93000.0 94000.0 492079.970344869 0.0
94000.0 95000.0 0.0 0.0
95000.0 96000.0 107099.25568825795 3000.0
96000.0 97000.0 504433.8284647724 0.0
97000.0 98000.0 730851.3492640429 3000.0
98000.0 99000.0 468322.52416957443 3000.0
99000.0 100000.0 631277.4868798044 3000.0
100000.0 101000.0 553138.9179165837 0.0
101000.0 102000.0 167324.7765618331 3000.0
102000.0 103000.0 515760.7471938923 0.0
103000.0 104000.0 255086.9778441231 3000.0
104000.0 105000.0 528741.7398802979 0.0
105000.0 106000.0 241907.19824022893 3000.0
106000.0 107000.0 480312.89089254156 0.0
107000.0 108000.0 272953.5968136154 3000.0
108000.0 109000.0 542137.2428279724 0.0
109000.0 110000.0 219166.03892993985 3000.0
110000.0 111000.0 582856.2036944986 0.0
111000.0 112000.0 197505.4748812351 3000.0
112000.0 113000.0 566750.9119295917 0.0
113000.0 114000.0 173111.36011649919 3000.0
114000.0 115000.0 631128.6288870678 0.0
115000.0 116000.0 103115.84892362676 3000.0
116000.0 117000.0 601284.3259877322 0.0
117000.0 118000.0 137079.67401226787 3000.0
118000.0 119000.0 618541.5596544003 0.0
119000.0 120000.0 198293.79428734997 3000.0
120000.0 121000.0 600550.1071633927 0.0
121000.0 122000.0 131759.7171255985 0.0
122000.0 123000.0 82311.33491164894 3000.0
123000.0 124000.0 529668.5381527094 0.0
124000.0 125000.0 741632.0432763909 3000.0
125000.0 126000.0 293852.9054285092 3000.0
126000.0 127000.0 637808.9630293468 0.0
127000.0 128000.0 142725.50977809037 3000.0
128000.0 129000.0 616630.0472465535 0.0
129000.0 130000.0 203670.02953613727 3000.0
130000.0 131000.0 545586.804875287 0.0
131000.0 132000.0 150452.11082277537 3000.0
132000.0 133000.0 449568.57187864534 0.0
133000.0 134000.0 372957.4670724781 3000.0
134000.0 135000.0 496087.7815141241 0.0
135000.0 136000.0 210372.566505391 3000.0
136000.0 137000.0 584366.6150557023 3000.0
137000.0 138000.0 655861.029847555 0.0
138000.0 139000.0 662375.042334094 3000.0
139000.0 140000.0 479078.95950730937 0.0
140000.0 141000.0 27721.500996510622 0.0
141000.0 142000.0 86351.08014023435 3000.0
142000.0 143000.0 483509.5559453321 3000.0
143000.0 144000.0 780287.2686703238 0.0
144000.0 145000.0 686415.6954421919 3000.0
145000.0 146000.0 276744.39980191784 3000.0
146000.0 147000.0 633116.1942008679 0.0
147000.0 148000.0 162708.5437403213 3000.0
148000.0 149000.0 608100.583941963 0.0
149000.0 150000.0 186460.15303566726 3000.0
150000.0 151000.0 457284.07207519276 0.0
151000.0 152000.0 293338.4223237451 3000.0
152000.0 153000.0 411876.1624326623 0.0
153000.0 154000.0 396878.8973508152 3000.0
154000.0 155000.0 513059.7833423619 0.0
155000.0 156000.0 249729.58767757402 3000.0
156000.0 157000.0 513502.1925772261 0.0
157000.0 158000.0 196086.46705394215 3000.0
158000.0 159000.0 382360.5880995153 0.0
159000.0 160000.0 380531.6930651067 3000.0
160000.0 161000.0 561978.8403233466 0.0
161000.0 162000.0 155661.8345708621 3000.0
162000.0 163000.0 571169.6763068171 0.0
163000.0 164000.0 262267.7726886028 3000.0
164000.0 165000.0 549010.8044569506 0.0
165000.0 166000.0 221232.88130183663 3000.0
166000.0 167000.0 468698.6999396018 0.0
167000.0 168000.0 288380.737953075 3000.0
168000.0 169000.0 536798.8022904659 0.0
169000.0 170000.0 246253.17910806928 3000.0
170000.0 171000.0 547675.5872589359 0.0
171000.0 172000.0 187513.24266347016 3000.0
172000.0 173000.0 633417.1167796353 0.0
173000.0 174000.0 144892.4834413699 3000.0
174000.0 175000.0 446387.70170502097 0.0
175000.0 176000.0 270037.4059401888 3000.0
176000.0 177000.0 628022.7044683651 0.0
177000.0 178000.0 212215.5542300305 3000.0
178000.0 179000.0 593670.3899285308 0.0
179000.0 180000.0 215524.28668052822 3000.0
180000.0 181000.0 497853.63234769437 0.0
181000.0 182000.0 248679.18146416522 3000.0
182000.0 183000.0 487969.403178697 0.0
183000.0 184000.0 276305.64050634694 3000.0
184000.0 185000.0 534334.9618663273 0.0
185000.0 186000.0 308296.49265536334 3000.0
186000.0 187000.0 572424.7028652512 3000.0
187000.0 188000.0 704909.3333460189 0.0
188000.0 189000.0 631280.0731819597 3000.0
189000.0 190000.0 331448.5356355117 3000.0
190000.0 191000.0 520986.5602910411 0.0
191000.0 192000.0 270934.2888372526 3000.0
192000.0 193000.0 628971.1366787493 0.0
193000.0 194000.0 226058.08829876158 3000.0
194000.0 195000.0 497503.72220336454 0.0
195000.0 196000.0 223233.2211735689 3000.0
196000.0 197000.0 529092.9523205587 0.0
197000.0 198000.0 222259.65851565218 4400.0
198000.0 199000.0 533569.765023215 0.0
199000.0 200000.0 591663.3586262964 4400.0
200000.0 201000.0 541240.3685345899 0.0
201000.0 202000.0 600673.298668227 4400.0
202000.0 203000.0 530492.7315559565 0.0
203000.0 204000.0 543164.2268078355 3000.0
204000.0 205000.0 539010.2677040504 0.0
205000.0 206000.0 186862.3547608803 3000.0
206000.0 207000.0 654270.3931511157 0.0
207000.0 208000.0 162998.0401385917 3000.0
208000.0 209000.0 618550.2715860648 0.0
209000.0 210000.0 194818.6700039456 3000.0
210000.0 211000.0 596484.8418053134 0.0
211000.0 212000.0 138553.0453139551 0.0
212000.0 213000.0 298297.1828282485 3000.0
213000.0 214000.0 779823.8792980372 3000.0
214000.0 215000.0 435794.6758747282 0.0
215000.0 216000.0 1877.4930060924887 0.0
216000.0 217000.0 1038.5069939075113 0.0
217000.0 218000.0 242733.27922071362 3000.0
218000.0 219000.0 508077.1762337058 3000.0
219000.0 220000.0 790920.7437127009 0.0
220000.0 221000.0 600550.5662746088 3000.0
221000.0 222000.0 199709.23455827098 3000.0
222000.0 223000.0 655051.4564188488 0.0
223000.0 224000.0 121703.54358115121 3000.0
224000.0 225000.0 646082.899947415 0.0
225000.0 226000.0 130254.10005258505 3000.0
226000.0 227000.0 590356.4738237773 0.0
227000.0 228000.0 129557.67149326019 3000.0
228000.0 229000.0 576943.5220625643 0.0
229000.0 230000.0 242770.46592073448 3000.0
230000.0 231000.0 548221.2716345002 0.0
231000.0 232000.0 247472.86638199986 3000.0
232000.0 233000.0 541685.6904511757 0.0
233000.0 234000.0 258657.27896819293 3000.0
234000.0 235000.0 422168.77502047305 0.0
235000.0 236000.0 211953.35802293406 3000.0
236000.0 237000.0 467090.61883892276 0.0
237000.0 238000.0 302421.8828643808 3000.0
238000.0 239000.0 315974.77140500146 0.0
239000.0 240000.0 485877.6059775838 3000.0
240000.0 241000.0 613302.7978700044 0.0
241000.0 242000.0 744499.9009301012 3000.0
242000.0 243000.0 528604.6631689664 3000.0
243000.0 244000.0 800573.6248304729 3000.0
244000.0 245000.0 535761.7603349544 0.0
245000.0 246000.0 66132.63772344276 3000.0
246000.0 247000.0 459564.75491222384 0.0
247000.0 248000.0 271089.33364526794 4400.0
248000.0 249000.0 582823.108938472 0.0
249000.0 250000.0 540643.2732373029 4400.0
250000.0 251000.0 559725.6739820641 0.0
251000.0 252000.0 520135.63237353374 4400.0
252000.0 253000.0 592721.5916447387 0.0
253000.0 254000.0 524354.132970153 4400.0
254000.0 255000.0 546889.399753261 0.0
255000.0 256000.0 563066.493086945 4400.0
256000.0 257000.0 583664.7772020827 0.0
257000.0 258000.0 503388.21578659874 3000.0
258000.0 259000.0 531587.9624819641 0.0
259000.0 260000.0 229087.6671122705 3000.0
260000.0 261000.0 545570.9622287087 0.0
261000.0 262000.0 238108.28364360696 3000.0
262000.0 263000.0 516268.72270379413 0.0
263000.0 264000.0 225534.55213513525 3000.0
264000.0 265000.0 399614.1055078974 0.0
265000.0 266000.0 333964.7189305367 3000.0
266000.0 267000.0 614230.3017259031 0.0
267000.0 268000.0 180315.69827409697 3000.0
268000.0 269000.0 572318.9339729196 0.0
269000.0 270000.0 185475.06602708038 3000.0
270000.0 271000.0 574956.0350826068 0.0
271000.0 272000.0 168503.02801665606 3000.0
272000.0 273000.0 561212.8337901873 0.0
273000.0 274000.0 273766.034542971 3000.0
274000.0 275000.0 586795.0976767753 0.0
275000.0 276000.0 175681.50326996332 3000.0
276000.0 277000.0 381588.49847106135 0.0
277000.0 278000.0 425803.9701071996 3000.0
278000.0 279000.0 516136.72999011737 0.0
279000.0 280000.0 225128.53762721748 3000.0
280000.0 281000.0 519507.340614357 0.0
281000.0 282000.0 247664.4882662926 3000.0
282000.0 283000.0 530131.3356116588 0.0
283000.0 284000.0 681417.3371235277 3000.0
284000.0 285000.0 512350.01110138535 3000.0
285000.0 286000.0 658613.736280466 0.0
286000.0 287000.0 450570.3176542189 3000.0
287000.0 288000.0 634913.2954014891 3000.0
288000.0 289000.0 364312.260274499 0.0
289000.0 290000.0 63158.3668927037 4400.0
290000.0 291000.0 594242.5984424201 0.0
291000.0 292000.0 494116.2333381579 4400.0
292000.0 293000.0 540141.7851064986 0.0
293000.0 294000.0 564087.6872265815 4400.0
294000.0 295000.0 541653.9690133943 0.0
295000.0 296000.0 605859.4039501194 4400.0
296000.0 297000.0 606232.8132368432 0.0
297000.0 298000.0 564474.5734613417 4400.0
298000.0 299000.0 643387.9094982035 0.0
299000.0 300000.0 425803.2494879094 0.0
