ts te s_bytes_all avg_video_rate
0.0 1000.0 0.0 0.0
1000.0 2000.0 0.0 0.0
2000.0 3000.0 0.0 0.0
3000.0 4000.0 0.0 0.0
4000.0 5000.0 0.0 0.0
5000.0 6000.0 0.0 0.0
6000.0 7000.0 375822.6758022645 2300.0
7000.0 8000.0 402333.77559378755 2300.0
8000.0 9000.0 448902.1018854175 0.0
9000.0 10000.0 548042.7170749456 2300.0
10000.0 11000.0 493992.7312940191 2300.0
11000.0 12000.0 520374.67660667637 2300.0
12000.0 13000.0 460300.815666798 0.0
13000.0 14000.0 489501.4846205088 2300.0
14000.0 15000.0 468392.59757336986 2300.0
15000.0 16000.0 469503.4640154755 2300.0
16000.0 17000.0 321535.5079224936 0.0
17000.0 18000.0 431084.7678506278 2300.0
18000.0 19000.0 353311.9826027129 0.0
19000.0 20000.0 426619.93960903556 2300.0
20000.0 21000.0 434731.0985604713 2300.0
21000.0 22000.0 327293.6195372917 0.0
22000.0 23000.0 476571.8190272027 1500.0
23000.0 24000.0 294220.38701755565 1500.0
24000.0 25000.0 414886.10651788645 1500.0
25000.0 26000.0 313146.8594705601 1500.0
26000.0 27000.0 419657.6092696615 0.0
27000.0 28000.0 325940.33203184407 1500.0
28000.0 29000.0 504433.7588931766 1500.0
29000.0 30000.0 129785.66507721864 0.0
30000.0 31000.0 141847.24174819753 1500.0
31000.0 32000.0 204080.47111994767 0.0
32000.0 33000.0 224151.37988600216 2300.0
33000.0 34000.0 242554.53600403736 0.0
34000.0 35000.0 269716.86852646276 840.0
35000.0 36000.0 20663.009194351125 0.0
36000.0 37000.0 167705.58089717632 840.0
37000.0 38000.0 85641.41910282368 0.0
38000.0 39000.0 199765.0 840.0
39000.0 40000.0 0.0 0.0
40000.0 41000.0 179479.0 840.0
41000.0 42000.0 0.0 0.0
42000.0 43000.0 329170.34214109316 840.0
43000.0 44000.0 44992.65785890681 0.0
44000.0 45000.0 156742.28543778544 840.0
45000.0 46000.0 9850.71456221455 0.0
46000.0 47000.0 431847.8411344486 3000.0
47000.0 48000.0 358124.637182364 0.0
48000.0 49000.0 446178.7510540454 3000.0
49000.0 50000.0 294633.88898970245 0.0
50000.0 51000.0 378241.42186977755 3000.0
51000.0 52000.0 232180.85770441254 0.0
52000.0 53000.0 361440.5475861426 3000.0
53000.0 54000.0 337639.7795258771 0.0
54000.0 55000.0 475588.1708156769 3000.0
55000.0 56000.0 332491.160381187 0.0
56000.0 57000.0 420371.3290220926 3000.0
57000.0 58000.0 252361.43343280908 0.0
58000.0 59000.0 470034.38116945274 3000.0
59000.0 60000.0 335681.2233479504 0.0
60000.0 61000.0 513385.8408169314 3000.0
61000.0 62000.0 252805.42470027503 0.0
62000.0 63000.0 418789.5502341643 3000.0
63000.0 64000.0 193981.76103269038 0.0
64000.0 65000.0 372417.0335832241 3000.0
65000.0 66000.0 126380.96641677587 0.0
66000.0 67000.0 404744.01939346845 4400.0
67000.0 68000.0 595425.1902416575 0.0
68000.0 69000.0 653821.8499768267 4400.0
69000.0 70000.0 443332.80243970454 0.0
70000.0 71000.0 508631.96550870873 4400.0
71000.0 72000.0 580620.9480582643 0.0
72000.0 73000.0 391571.1484669107 3000.0
73000.0 74000.0 347106.075914459 0.0
74000.0 75000.0 292054.2771347599 3000.0
75000.0 76000.0 352271.9088238818 0.0
76000.0 77000.0 508127.1169796218 3000.0
77000.0 78000.0 202745.28627103998 0.0
78000.0 79000.0 406870.2921540388 3000.0
79000.0 80000.0 362717.4874227552 0.0
80000.0 81000.0 562452.7296155137 3000.0
81000.0 82000.0 256403.63247677774 0.0
82000.0 83000.0 451928.3023127691 3000.0
83000.0 84000.0 266152.19208709395 0.0
84000.0 85000.0 444894.03041376296 3000.0
85000.0 86000.0 300969.7916322355 0.0
86000.0 87000.0 468708.84277166193 3000.0
87000.0 88000.0 241324.8788649975 0.0
88000.0 89000.0 330626.8451864047 3000.0
89000.0 90000.0 322995.49479805643 0.0
90000.0 91000.0 487222.83584260725 3000.0
91000.0 92000.0 486775.9821013112 3000.0
92000.0 93000.0 594346.9285603437 3000.0
93000.0 94000.0 524912.1445503667 0.0
94000.0 95000.0 476027.1554681327 3000.0
95000.0 96000.0 216694.84453186727 0.0
96000.0 97000.0 434129.15473232156 4400.0
97000.0 98000.0 594497.472256506 0.0
98000.0 99000.0 674735.6980118612 4400.0
99000.0 100000.0 473347.54049737693 0.0
100000.0 101000.0 512705.77311546577 4400.0
101000.0 102000.0 492263.79636065185 0.0
102000.0 103000.0 603798.2389363097 4400.0
103000.0 104000.0 513806.0329749166 0.0
104000.0 105000.0 602977.0582859479 4400.0
105000.0 106000.0 473153.4884841392 0.0
106000.0 107000.0 583163.2767773245 4400.0
107000.0 108000.0 300270.7342787044 0.0
108000.0 109000.0 427179.98775877047 4400.0
109000.0 110000.0 634842.9159707406 0.0
110000.0 111000.0 721161.6845997458 4400.0
111000.0 112000.0 439176.07264650613 0.0
112000.0 113000.0 546187.139414029 3000.0
113000.0 114000.0 197327.91566474416 0.0
114000.0 115000.0 434260.6086489121 3000.0
115000.0 116000.0 352403.874550496 0.0
116000.0 117000.0 521973.58168777404 3000.0
117000.0 118000.0 240589.54242157683 0.0
118000.0 119000.0 425322.3637094158 3000.0
119000.0 120000.0 247554.8717492642 0.0
120000.0 121000.0 287077.7442398392 3000.0
121000.0 122000.0 542394.348615231 0.0
122000.0 123000.0 13978.596868061748 3000.0
123000.0 124000.0 568492.88656607 0.0
124000.0 125000.0 334420.25150154653 3000.0
125000.0 126000.0 473418.34867575084 0.0
126000.0 127000.0 441501.62058826146 3000.0
127000.0 128000.0 324230.89190031355 0.0
128000.0 129000.0 505204.92328696756 3000.0
129000.0 130000.0 237187.04291378602 0.0
130000.0 131000.0 514239.0173149672 3000.0
131000.0 132000.0 283284.90345969005 0.0
132000.0 133000.0 526577.6073836279 3000.0
133000.0 134000.0 312317.71236662363 0.0
134000.0 135000.0 510938.4058860979 3000.0
135000.0 136000.0 224389.48982608973 0.0
136000.0 137000.0 410965.897154454 3000.0
137000.0 138000.0 326229.41949765873 0.0
138000.0 139000.0 530944.333594736 3000.0
139000.0 140000.0 277311.02318062825 0.0
140000.0 141000.0 489104.284180636 3000.0
141000.0 142000.0 608245.9662862918 3000.0
142000.0 143000.0 754268.0065230656 3000.0
143000.0 144000.0 377014.1618818396 0.0
144000.0 145000.0 438967.99451756524 3000.0
145000.0 146000.0 444108.2982566997 0.0
146000.0 147000.0 493799.00488097663 3000.0
147000.0 148000.0 210075.22185908916 0.0
148000.0 149000.0 501480.4837802411 3000.0
149000.0 150000.0 270849.5351232103 0.0
150000.0 151000.0 478534.2476510298 4400.0
151000.0 152000.0 527540.3597845342 0.0
152000.0 153000.0 545164.684339811 4400.0
153000.0 154000.0 509136.11837663583 0.0
154000.0 155000.0 606397.1379477069 4400.0
155000.0 156000.0 580309.6011136725 0.0
156000.0 157000.0 671981.946425623 4400.0
157000.0 158000.0 506871.3251913139 0.0
158000.0 159000.0 605079.1138498614 4400.0
159000.0 160000.0 487001.44583577494 0.0
160000.0 161000.0 541229.8255197584 4400.0
161000.0 162000.0 509221.4414967782 0.0
162000.0 163000.0 536438.1263762902 3000.0
163000.0 164000.0 329168.0497162201 0.0
164000.0 165000.0 459923.6051819395 3000.0
165000.0 166000.0 327418.7255495331 0.0
166000.0 167000.0 501321.4014876272 3000.0
167000.0 168000.0 250585.5985123728 0.0
168000.0 169000.0 474242.16467472905 3000.0
169000.0 170000.0 284158.835325271 0.0
170000.0 171000.0 449042.3039947661 3000.0
171000.0 172000.0 263630.69239586405 0.0
172000.0 173000.0 499377.1497390423 3000.0
173000.0 174000.0 278215.4210092906 0.0
174000.0 175000.0 485759.7053347214 3000.0
175000.0 176000.0 239854.98730019957 0.0
176000.0 177000.0 488076.90166367416 3000.0
177000.0 178000.0 249743.77534177064 0.0
178000.0 179000.0 464717.783886641 3000.0
179000.0 180000.0 308601.04773389775 0.0
180000.0 181000.0 405217.3511241097 3000.0
181000.0 182000.0 315128.88456737646 0.0
182000.0 183000.0 416621.89469571266 3000.0
183000.0 184000.0 316255.3651994531 0.0
184000.0 185000.0 519004.301314379 3000.0
185000.0 186000.0 338771.42316195613 0.0
186000.0 187000.0 325464.9835301776 3000.0
187000.0 188000.0 567525.8362014202 0.0
188000.0 189000.0 334829.6658157947 3000.0
189000.0 190000.0 688059.0268628456 3000.0
190000.0 191000.0 774017.1234580786 3000.0
191000.0 192000.0 354389.736789922 0.0
192000.0 193000.0 509628.1491412839 3000.0
193000.0 194000.0 266708.49563979695 0.0
194000.0 195000.0 407717.61623919825 3000.0
195000.0 196000.0 363077.70477414737 0.0
196000.0 197000.0 533008.1214995607 4400.0
197000.0 198000.0 498293.4607766322 0.0
198000.0 199000.0 584612.54769743 4400.0
199000.0 200000.0 552558.6194445388 0.0
200000.0 201000.0 571895.6871356494 4400.0
201000.0 202000.0 529615.3803041988 0.0
202000.0 203000.0 649452.5367357435 4400.0
203000.0 204000.0 556085.509170882 0.0
204000.0 205000.0 625271.2076731039 4400.0
205000.0 206000.0 455215.9707446721 0.0
206000.0 207000.0 562245.5597136143 4400.0
207000.0 208000.0 520170.48630085104 0.0
208000.0 209000.0 560320.0961846188 4400.0
209000.0 210000.0 489100.56802681205 0.0
210000.0 211000.0 658124.125995341 4400.0
211000.0 212000.0 532910.4093585177 0.0
212000.0 213000.0 580092.0739363753 3000.0
213000.0 214000.0 308527.2242540738 0.0
214000.0 215000.0 523460.3514432647 3000.0
215000.0 216000.0 265146.2288229075 0.0
216000.0 217000.0 476839.22424240387 3000.0
217000.0 218000.0 300943.99566441035 0.0
218000.0 219000.0 291546.0194308113 3000.0
219000.0 220000.0 579652.2685280673 0.0
220000.0 221000.0 488739.7197782455 3000.0
221000.0 222000.0 316274.28022175457 0.0
222000.0 223000.0 481504.0852557763 3000.0
223000.0 224000.0 264294.21873195213 0.0
224000.0 225000.0 515965.5123305348 3000.0
225000.0 226000.0 262835.1938965147 0.0
226000.0 227000.0 510087.3395208886 3000.0
227000.0 228000.0 387398.5358422409 0.0
228000.0 229000.0 461081.51623272366 3000.0
229000.0 230000.0 338084.48310347734 0.0
230000.0 231000.0 571406.7990675302 3000.0
231000.0 232000.0 682356.179704481 3000.0
232000.0 233000.0 282235.13631388015 0.0
233000.0 234000.0 0.0 0.0
234000.0 235000.0 478914.2213624512 3000.0
235000.0 236000.0 667475.5683209398 3000.0
236000.0 237000.0 812820.3567077812 3000.0
237000.0 238000.0 304597.2733659769 0.0
238000.0 239000.0 448778.83508257207 3000.0
239000.0 240000.0 327869.23554537666 0.0
240000.0 241000.0 498675.4089896695 4400.0
241000.0 242000.0 584906.1532896324 0.0
242000.0 243000.0 314765.4304401277 0.0
243000.0 244000.0 445769.8001599238 3000.0
244000.0 245000.0 761277.7319631323 3000.0
245000.0 246000.0 292885.9847724163 0.0
246000.0 247000.0 497293.5944808319 3000.0
247000.0 248000.0 217088.79686699843 0.0
248000.0 249000.0 328363.995460743 3000.0
249000.0 250000.0 363739.6446716555 0.0
250000.0 251000.0 563184.5568519748 3000.0
251000.0 252000.0 281097.94909288984 0.0
252000.0 253000.0 416050.5604664481 3000.0
253000.0 254000.0 303133.639659798 0.0
254000.0 255000.0 457416.2500980336 3000.0
255000.0 256000.0 298888.73546319024 0.0
256000.0 257000.0 507724.2513672999 3000.0
257000.0 258000.0 252169.63702659597 0.0
258000.0 259000.0 377175.0874816407 3000.0
259000.0 260000.0 347346.9620252793 0.0
260000.0 261000.0 390114.6368984125 3000.0
261000.0 262000.0 350956.7020882085 0.0
262000.0 263000.0 477414.88539048255 3000.0
263000.0 264000.0 264907.0754477753 0.0
264000.0 265000.0 504451.4778935615 3000.0
265000.0 266000.0 259062.5016015264 0.0
266000.0 267000.0 429116.3508840943 3000.0
267000.0 268000.0 290311.2954714751 0.0
268000.0 269000.0 452723.11697276094 3000.0
269000.0 270000.0 285601.9130781583 0.0
270000.0 271000.0 395327.22343588795 3000.0
271000.0 272000.0 369666.81377070735 0.0
272000.0 273000.0 496685.9804935792 3000.0
273000.0 274000.0 358673.36555999116 0.0
274000.0 275000.0 446853.98217024334 3000.0
275000.0 276000.0 285463.80417877896 0.0
276000.0 277000.0 476273.20590555156 3000.0
277000.0 278000.0 316452.75814276445 0.0
278000.0 279000.0 495633.2661867622 3000.0
279000.0 280000.0 238228.76820070218 0.0
280000.0 281000.0 467468.28255202755 3000.0
281000.0 282000.0 386757.0377303102 0.0
282000.0 283000.0 629990.8363814905 3000.0
283000.0 284000.0 281213.2587060216 0.0
284000.0 285000.0 461232.4973156477 3000.0
285000.0 286000.0 652800.4098128348 3000.0
286000.0 287000.0 814198.3703705738 3000.0
287000.0 288000.0 233038.45676565013 0.0
288000.0 289000.0 480370.7595181909 3000.0
289000.0 290000.0 237051.88007742775 0.0
290000.0 291000.0 442613.0799821744 4400.0
291000.0 292000.0 508117.1138709199 0.0
292000.0 293000.0 604037.9560480864 4400.0
293000.0 294000.0 416607.8285815775 0.0
294000.0 295000.0 520215.4796019726 4400.0
295000.0 296000.0 560957.963321101 0.0
296000.0 297000.0 661381.1781043827 4400.0
297000.0 298000.0 494729.5986487393 0.0
298000.0 299000.0 558884.5861442948 4400.0
299000.0 300000.0 663147.7900184015 0.0
300000.0 301000.0 15093.851663372528 0.0
