ts te s_bytes_all avg_video_rate
0.0 1000.0 0.0 0.0
1000.0 2000.0 0.0 0.0
2000.0 3000.0 0.0 0.0
3000.0 4000.0 0.0 0.0
4000.0 5000.0 0.0 0.0
5000.0 6000.0 0.0 0.0
6000.0 7000.0 349194.84434863407 1500.0
7000.0 8000.0 507451.6006451632 1500.0
8000.0 9000.0 467094.41105198005 1500.0
9000.0 10000.0 711430.5714525143 1500.0
10000.0 11000.0 568048.85943401 1500.0
11000.0 12000.0 797637.1717900616 1500.0
12000.0 13000.0 473006.08653048973 1500.0
13000.0 14000.0 611720.1571831952 1500.0
14000.0 15000.0 394058.4892705105 1500.0
15000.0 16000.0 203951.37993842887 3000.0
16000.0 17000.0 494018.26047245704 0.0
17000.0 18000.0 508486.4562479196 4400.0
18000.0 19000.0 561521.6985987471 0.0
19000.0 20000.0 674944.1571996782 4400.0
20000.0 21000.0 592123.373149744 4400.0
21000.0 22000.0 641830.0931730551 0.0
22000.0 23000.0 771097.2545453431 4400.0
23000.0 24000.0 521453.5228144825 0.0
24000.0 25000.0 574650.0613297138 4400.0
25000.0 26000.0 522576.1309089519 0.0
26000.0 27000.0 533829.9260334307 4400.0
27000.0 28000.0 566606.7140827593 0.0
28000.0 29000.0 538848.6271880973 4400.0
29000.0 30000.0 510112.9105786527 0.0
30000.0 31000.0 621836.7225591025 4400.0
31000.0 32000.0 550208.6550240542 0.0
32000.0 33000.0 567619.5627136752 4400.0
33000.0 34000.0 554104.0619571708 0.0
34000.0 35000.0 540044.6585596849 4400.0
35000.0 36000.0 520089.19464289455 0.0
36000.0 37000.0 552389.9715702723 4400.0
37000.0 38000.0 540856.6060799245 0.0
38000.0 39000.0 610780.8880227417 4400.0
39000.0 40000.0 551793.2026487375 0.0
40000.0 41000.0 606370.1652728758 4400.0
41000.0 42000.0 494024.5722559905 0.0
42000.0 43000.0 489984.8594524904 4400.0
43000.0 44000.0 609240.4930007468 0.0
44000.0 45000.0 463481.33000828227 4400.0
45000.0 46000.0 731507.0586550472 0.0
46000.0 47000.0 665998.0023642879 4400.0
47000.0 48000.0 602682.2237812099 0.0
48000.0 49000.0 151682.26571808738 4400.0
49000.0 50000.0 606937.7331720548 0.0
50000.0 51000.0 628387.415309497 4400.0
51000.0 52000.0 599836.2009393552 0.0
52000.0 53000.0 289353.8063107789 4400.0
53000.0 54000.0 587211.7481078417 0.0
54000.0 55000.0 628213.4526403049 4400.0
55000.0 56000.0 626475.8820164737 0.0
56000.0 57000.0 719913.7755108373 4400.0
57000.0 58000.0 579591.7337375602 0.0
58000.0 59000.0 308812.9090137951 4400.0
59000.0 60000.0 585006.8801957059 0.0
60000.0 61000.0 692967.4790969508 4400.0
61000.0 62000.0 752838.7115666346 3000.0
62000.0 63000.0 561601.1938473124 3000.0
63000.0 64000.0 610932.5051999628 0.0
64000.0 65000.0 421316.5639385785 4400.0
65000.0 66000.0 567994.9647713514 0.0
66000.0 67000.0 614243.8718636411 4400.0
67000.0 68000.0 518766.49314789294 0.0
68000.0 69000.0 578188.6380438596 4400.0
69000.0 70000.0 517409.72318052733 0.0
70000.0 71000.0 396067.37078670604 4400.0
71000.0 72000.0 449777.22769573575 0.0
72000.0 73000.0 811349.9662016246 4400.0
73000.0 74000.0 535295.8398522686 0.0
74000.0 75000.0 466285.0587518319 4400.0
75000.0 76000.0 570048.4885608966 0.0
76000.0 77000.0 537626.9612794659 4400.0
77000.0 78000.0 667414.7333842486 0.0
78000.0 79000.0 525893.3849862509 4400.0
79000.0 80000.0 553660.2340107837 0.0
80000.0 81000.0 538924.1814397662 4400.0
81000.0 82000.0 573905.1201810865 0.0
82000.0 83000.0 311006.4990031225 0.0
83000.0 84000.0 0.0 0.0
84000.0 85000.0 2917.0 0.0
85000.0 86000.0 0.0 0.0
86000.0 87000.0 0.0 0.0
87000.0 88000.0 498680.797412775 3000.0
88000.0 89000.0 741078.0820251936 3000.0
89000.0 90000.0 612024.0736738772 3000.0
90000.0 91000.0 673138.3986070368 3000.0
91000.0 92000.0 504359.7081835526 3000.0
92000.0 93000.0 623817.6972189123 0.0
93000.0 94000.0 582444.300606313 3000.0
94000.0 95000.0 722581.6002276619 3000.0
95000.0 96000.0 495026.28166930116 3000.0
96000.0 97000.0 544587.3282352106 3000.0
97000.0 98000.0 586380.7964223097 0.0
98000.0 99000.0 285586.93571785605 0.0
99000.0 100000.0 0.0 0.0
100000.0 101000.0 241958.89935654073 4400.0
101000.0 102000.0 497864.11770368204 0.0
102000.0 103000.0 563537.8666576052 4400.0
103000.0 104000.0 596128.0374332394 0.0
104000.0 105000.0 615382.6472778615 4400.0
105000.0 106000.0 542399.704349134 0.0
106000.0 107000.0 574971.7492820502 4400.0
107000.0 108000.0 562038.5020003588 0.0
108000.0 109000.0 555704.5957711913 4400.0
109000.0 110000.0 546738.4098698997 0.0
110000.0 111000.0 559248.1729452801 4400.0
111000.0 112000.0 587271.6847458095 0.0
112000.0 113000.0 553077.0629295958 3000.0
113000.0 114000.0 321844.3839332288 0.0
114000.0 115000.0 306582.5716097467 3000.0
115000.0 116000.0 438315.69264290354 0.0
116000.0 117000.0 453685.61320473923 3000.0
117000.0 118000.0 551600.4293063993 3000.0
118000.0 119000.0 735099.4712932839 3000.0
119000.0 120000.0 652872.5995151415 0.0
120000.0 121000.0 360502.9809817624 3000.0
121000.0 122000.0 452580.80719054677 0.0
122000.0 123000.0 1524.1897376384693 0.0
123000.0 124000.0 573489.2408592036 4400.0
124000.0 125000.0 831450.5224281839 4400.0
125000.0 126000.0 498450.8628285572 0.0
126000.0 127000.0 546231.7228022714 4400.0
127000.0 128000.0 572737.0908936864 0.0
128000.0 129000.0 559601.1926287642 4400.0
129000.0 130000.0 524194.39067389816 0.0
130000.0 131000.0 570468.1924884592 4400.0
131000.0 132000.0 536759.9472926254 0.0
132000.0 133000.0 547113.7392634543 4400.0
133000.0 134000.0 502725.7820259954 0.0
134000.0 135000.0 473693.7389832045 4400.0
135000.0 136000.0 536683.7886620284 0.0
136000.0 137000.0 630105.1614531619 4400.0
137000.0 138000.0 487325.12714147667 0.0
138000.0 139000.0 413048.98079651606 4400.0
139000.0 140000.0 526163.9011353569 0.0
140000.0 141000.0 657472.8875502809 4400.0
141000.0 142000.0 436433.46204124717 0.0
142000.0 143000.0 461215.31062968937 4400.0
143000.0 144000.0 599450.2403369397 0.0
144000.0 145000.0 648151.080232661 4400.0
145000.0 146000.0 531605.6276135466 0.0
146000.0 147000.0 590151.6748681213 4400.0
147000.0 148000.0 520473.19583080674 0.0
148000.0 149000.0 532153.7017957099 4400.0
149000.0 150000.0 562420.8080187847 0.0
150000.0 151000.0 607247.9179212983 4400.0
151000.0 152000.0 560699.163785093 0.0
152000.0 153000.0 241074.35728133933 0.0
153000.0 154000.0 0.0 0.0
154000.0 155000.0 2915.0 0.0
155000.0 156000.0 0.0 0.0
156000.0 157000.0 0.0 0.0
157000.0 158000.0 0.0 0.0
158000.0 159000.0 526416.1808124251 3000.0
159000.0 160000.0 649676.2562711728 3000.0
160000.0 161000.0 702356.5394512054 3000.0
161000.0 162000.0 530791.2745535625 3000.0
162000.0 163000.0 728472.5240551152 3000.0
163000.0 164000.0 520961.5186096132 0.0
164000.0 165000.0 751321.6295090414 3000.0
165000.0 166000.0 497879.4815270845 3000.0
166000.0 167000.0 684607.4392740417 3000.0
167000.0 168000.0 439327.50899024855 0.0
168000.0 169000.0 628772.1676173441 3000.0
169000.0 170000.0 709488.2125865375 3000.0
170000.0 171000.0 531032.6157734175 3000.0
171000.0 172000.0 433116.1909813767 0.0
172000.0 173000.0 471347.53574886965 4400.0
173000.0 174000.0 555244.5287890476 0.0
174000.0 175000.0 477174.60349865584 4400.0
175000.0 176000.0 507686.8548551473 0.0
176000.0 177000.0 635808.0391488991 4400.0
177000.0 178000.0 545047.0589389525 0.0
178000.0 179000.0 614336.7457743937 4400.0
179000.0 180000.0 553645.419272008 0.0
180000.0 181000.0 518406.4555143242 4400.0
181000.0 182000.0 666194.2878350215 0.0
182000.0 183000.0 521991.3320249533 4400.0
183000.0 184000.0 588606.3205149603 0.0
184000.0 185000.0 658138.6832469497 4400.0
185000.0 186000.0 535814.7955219429 0.0
186000.0 187000.0 577109.6215170426 4400.0
187000.0 188000.0 558087.4950721906 0.0
188000.0 189000.0 621290.4732076768 4400.0
189000.0 190000.0 521507.17533170443 0.0
190000.0 191000.0 523653.09295947244 4400.0
191000.0 192000.0 532465.2555270419 0.0
192000.0 193000.0 499544.6501558457 4400.0
193000.0 194000.0 586687.2241859387 0.0
194000.0 195000.0 580392.1893501553 4400.0
195000.0 196000.0 512586.2074585692 0.0
196000.0 197000.0 554290.1774822247 4400.0
197000.0 198000.0 593193.1993052571 0.0
198000.0 199000.0 627123.6806090461 4400.0
199000.0 200000.0 523557.52685585496 0.0
200000.0 201000.0 531794.1185002576 4400.0
201000.0 202000.0 546652.4195488642 0.0
202000.0 203000.0 531374.2556367018 4400.0
203000.0 204000.0 759165.6514788509 4400.0
204000.0 205000.0 665095.0973777617 0.0
205000.0 206000.0 449878.59805889067 0.0
206000.0 207000.0 405510.40502953145 4400.0
207000.0 208000.0 566932.5719954772 0.0
208000.0 209000.0 540297.4545918172 3000.0
209000.0 210000.0 597094.2244303913 3000.0
210000.0 211000.0 692566.1831958253 0.0
211000.0 212000.0 628763.9850947695 3000.0
212000.0 213000.0 458205.4342050281 3000.0
213000.0 214000.0 374518.1972283616 0.0
214000.0 215000.0 362617.3978364067 4400.0
215000.0 216000.0 488500.30252144276 0.0
216000.0 217000.0 495848.1869805504 4400.0
217000.0 218000.0 573134.2200855329 0.0
218000.0 219000.0 647243.9727249958 4400.0
219000.0 220000.0 529862.0638331573 0.0
220000.0 221000.0 585403.1985583763 4400.0
221000.0 222000.0 554549.2225561456 0.0
222000.0 223000.0 586756.8280437227 4400.0
223000.0 224000.0 577037.6143568787 0.0
224000.0 225000.0 622720.7236631287 4400.0
225000.0 226000.0 540319.8805333872 0.0
226000.0 227000.0 453509.80294043233 4400.0
227000.0 228000.0 512868.5067661301 0.0
228000.0 229000.0 692365.0570214973 4400.0
229000.0 230000.0 600175.6526404383 0.0
230000.0 231000.0 537484.3224226814 4400.0
231000.0 232000.0 544641.3680237273 0.0
232000.0 233000.0 540494.4678013463 4400.0
233000.0 234000.0 544189.2690952856 0.0
234000.0 235000.0 663891.6900404559 4400.0
235000.0 236000.0 579652.1681747341 0.0
236000.0 237000.0 529135.332179312 4400.0
237000.0 238000.0 525422.9349342991 0.0
238000.0 239000.0 543455.7691656065 4400.0
239000.0 240000.0 525714.0202781773 0.0
240000.0 241000.0 526079.7441338006 4400.0
241000.0 242000.0 595014.439519941 0.0
242000.0 243000.0 395052.9643948468 3000.0
243000.0 244000.0 231212.0223928728 0.0
244000.0 245000.0 720040.6270936023 2300.0
245000.0 246000.0 355542.463200227 0.0
246000.0 247000.0 309365.63550657313 2300.0
247000.0 248000.0 279792.8064658297 0.0
248000.0 249000.0 293985.5906453428 2300.0
249000.0 250000.0 287752.01960565016 0.0
250000.0 251000.0 344633.73288233083 2300.0
251000.0 252000.0 488650.89618025563 2300.0
252000.0 253000.0 556368.9103251531 2300.0
253000.0 254000.0 479331.40838886466 0.0
254000.0 255000.0 2915.0 0.0
255000.0 256000.0 0.0 0.0
256000.0 257000.0 288004.77809892443 4400.0
257000.0 258000.0 548414.4869956914 0.0
258000.0 259000.0 663483.6246815148 4400.0
259000.0 260000.0 579413.210616685 4400.0
260000.0 261000.0 691921.6375201752 0.0
261000.0 262000.0 687571.25148238 3000.0
262000.0 263000.0 535064.1965960659 3000.0
263000.0 264000.0 755074.720784198 0.0
264000.0 265000.0 409404.7274876187 4400.0
265000.0 266000.0 521272.69212109235 0.0
266000.0 267000.0 525854.3497763594 4400.0
267000.0 268000.0 554040.8214152596 0.0
268000.0 269000.0 647774.7671078966 4400.0
269000.0 270000.0 577398.9370397303 0.0
270000.0 271000.0 544160.571774726 4400.0
271000.0 272000.0 564701.9551502786 0.0
272000.0 273000.0 613454.5262454664 4400.0
273000.0 274000.0 531643.8004709434 0.0
274000.0 275000.0 554163.7634681503 4400.0
275000.0 276000.0 539762.2324896951 0.0
276000.0 277000.0 593934.5540213934 4400.0
277000.0 278000.0 550680.3714611602 0.0
278000.0 279000.0 509828.3224160115 4400.0
279000.0 280000.0 476922.5385133611 0.0
280000.0 281000.0 555376.6751776387 4400.0
281000.0 282000.0 549649.1393994739 0.0
282000.0 283000.0 573459.3887421493 4400.0
283000.0 284000.0 657128.516196965 0.0
284000.0 285000.0 672201.7286653346 4400.0
285000.0 286000.0 699633.9438536577 4400.0
286000.0 287000.0 728894.9227750865 0.0
287000.0 288000.0 657660.0865091464 4400.0
288000.0 289000.0 798193.5715699408 4400.0
289000.0 290000.0 605369.2871231622 0.0
290000.0 291000.0 440179.43460857426 4400.0
291000.0 292000.0 484216.63508200384 0.0
292000.0 293000.0 808317.0665134465 4400.0
293000.0 294000.0 580874.9712547588 0.0
294000.0 295000.0 542276.6878901819 4400.0
295000.0 296000.0 604650.0329711555 0.0
296000.0 297000.0 605791.2335900726 4400.0
297000.0 298000.0 561642.1426963237 0.0
298000.0 299000.0 498842.07845757576 4400.0
299000.0 300000.0 558942.3986626074 0.0
