ts te s_bytes_all avg_video_rate
0.0 1000.0 0.0 0.0
1000.0 2000.0 0.0 0.0
2000.0 3000.0 0.0 0.0
3000.0 4000.0 0.0 0.0
4000.0 5000.0 0.0 0.0
5000.0 6000.0 0.0 0.0
6000.0 7000.0 387883.69626036636 2300.0
7000.0 8000.0 501359.24477041815 2300.0
8000.0 9000.0 397447.997552949 1500.0
9000.0 10000.0 619232.3254345853 1500.0
10000.0 11000.0 964725.8841920318 1500.0
11000.0 12000.0 697191.3016076552 1500.0
12000.0 13000.0 574608.7414301634 1500.0
13000.0 14000.0 578098.4610878059 1900.0
14000.0 15000.0 515895.32655516337 0.0
15000.0 16000.0 564562.7792540059 4400.0
16000.0 17000.0 527692.1107259963 0.0
17000.0 18000.0 453615.37623072177 4400.0
18000.0 19000.0 680751.6455788829 4400.0
19000.0 20000.0 380568.2984719888 0.0
20000.0 21000.0 829418.6819869485 4400.0
21000.0 22000.0 496333.5209446262 0.0
22000.0 23000.0 548651.6079156911 4400.0
23000.0 24000.0 695148.560939056 0.0
24000.0 25000.0 710737.7700550416 4400.0
25000.0 26000.0 719928.1111621979 4400.0
26000.0 27000.0 716287.1827211808 0.0
27000.0 28000.0 686465.4017159009 4400.0
28000.0 29000.0 759289.4179907609 0.0
29000.0 30000.0 632134.5740505834 4400.0
30000.0 31000.0 816193.6168324815 4400.0
31000.0 32000.0 580953.4139066928 0.0
32000.0 33000.0 580043.8652324185 4400.0
33000.0 34000.0 568610.0521110235 0.0
34000.0 35000.0 602162.0937001138 4400.0
35000.0 36000.0 564306.5303235924 0.0
36000.0 37000.0 543778.9097988383 4400.0
37000.0 38000.0 521377.9119637682 0.0
38000.0 39000.0 533269.6835861697 4400.0
39000.0 40000.0 563094.5970251509 0.0
40000.0 41000.0 632295.5752968651 4400.0
41000.0 42000.0 551043.3706378225 0.0
42000.0 43000.0 537404.3846979092 4400.0
43000.0 44000.0 530892.9613712002 0.0
44000.0 45000.0 554644.9219582604 4400.0
45000.0 46000.0 547097.3302145742 0.0
46000.0 47000.0 567668.6890636522 4400.0
47000.0 48000.0 520864.76737168815 0.0
48000.0 49000.0 531219.9623594665 4400.0
49000.0 50000.0 652630.488607428 0.0
50000.0 51000.0 566642.3132774202 4400.0
51000.0 52000.0 551106.3923627269 0.0
52000.0 53000.0 611034.8247646588 4400.0
53000.0 54000.0 674305.4432213192 0.0
54000.0 55000.0 686485.0841795988 4400.0
55000.0 56000.0 662949.5775449472 4400.0
56000.0 57000.0 635251.4996656971 0.0
57000.0 58000.0 442657.72028979467 0.0
58000.0 59000.0 238127.8637144579 4400.0
59000.0 60000.0 575763.2913505435 0.0
60000.0 61000.0 594171.4118788783 3000.0
61000.0 62000.0 439242.51814924885 3000.0
62000.0 63000.0 565764.3926512179 0.0
63000.0 64000.0 652969.1551155313 3000.0
64000.0 65000.0 298550.3671401223 0.0
65000.0 66000.0 11.768702545303702 0.0
66000.0 67000.0 202701.8987733241 4400.0
67000.0 68000.0 523986.007503977 0.0
68000.0 69000.0 646198.7795363263 3000.0
69000.0 70000.0 550696.8818416382 3000.0
70000.0 71000.0 707351.5104071837 3000.0
71000.0 72000.0 512553.9312572621 0.0
72000.0 73000.0 568946.7963042511 3000.0
73000.0 74000.0 384272.18708063423 0.0
74000.0 75000.0 373837.8860973699 4400.0
75000.0 76000.0 568562.4986702972 0.0
76000.0 77000.0 582704.7495911998 4400.0
77000.0 78000.0 542324.1261291394 0.0
78000.0 79000.0 503642.60016670806 4400.0
79000.0 80000.0 535985.6811820808 0.0
80000.0 81000.0 602223.1947308339 4400.0
81000.0 82000.0 541217.7547521633 0.0
82000.0 83000.0 485356.97871476086 4400.0
83000.0 84000.0 525178.461817518 0.0
84000.0 85000.0 652295.4686137707 4400.0
85000.0 86000.0 550131.165435859 0.0
86000.0 87000.0 361445.6726911573 0.0
87000.0 88000.0 0.0 0.0
88000.0 89000.0 170093.60262205335 4400.0
89000.0 90000.0 494111.0549540218 0.0
90000.0 91000.0 706170.0555702604 3000.0
91000.0 92000.0 659912.3145342015 3000.0
92000.0 93000.0 716766.3968151981 3000.0
93000.0 94000.0 769926.2463211584 3000.0
94000.0 95000.0 609476.6428696187 3000.0
95000.0 96000.0 583786.7026069695 0.0
96000.0 97000.0 267989.12741977244 0.0
97000.0 98000.0 596209.3786718044 4400.0
98000.0 99000.0 419334.73563298077 0.0
99000.0 100000.0 388026.3436623649 4400.0
100000.0 101000.0 764936.377908298 4400.0
101000.0 102000.0 655302.1044732706 0.0
102000.0 103000.0 529041.853635904 4400.0
103000.0 104000.0 553341.0610744146 0.0
104000.0 105000.0 461836.0012277082 0.0
105000.0 106000.0 0.0 0.0
106000.0 107000.0 279888.7964651983 4400.0
107000.0 108000.0 512219.5476656416 0.0
108000.0 109000.0 485272.26886216865 4400.0
109000.0 110000.0 451189.71828137396 0.0
110000.0 111000.0 450640.709433328 4400.0
111000.0 112000.0 586804.4106272664 0.0
112000.0 113000.0 708595.9821209161 3000.0
113000.0 114000.0 498807.86283828865 3000.0
114000.0 115000.0 829008.2192910163 3000.0
115000.0 116000.0 465953.48144294217 0.0
116000.0 117000.0 507811.25355540484 3000.0
117000.0 118000.0 384478.71888067457 0.0
118000.0 119000.0 395672.46081965265 4400.0
119000.0 120000.0 494711.1356135661 0.0
120000.0 121000.0 495445.10856070055 4400.0
121000.0 122000.0 571907.1400788066 0.0
122000.0 123000.0 212085.08968735678 0.0
123000.0 124000.0 351085.55822518875 4400.0
124000.0 125000.0 664253.9868648369 0.0
125000.0 126000.0 667117.0622547416 4400.0
126000.0 127000.0 550147.9316428894 0.0
127000.0 128000.0 160028.55678804105 4400.0
128000.0 129000.0 378484.9340969332 0.0
129000.0 130000.0 627200.1461072544 3000.0
130000.0 131000.0 650806.1104865737 0.0
131000.0 132000.0 495771.04947600805 3000.0
132000.0 133000.0 680658.8672655318 3000.0
133000.0 134000.0 459101.9230512042 0.0
134000.0 135000.0 471193.1223067234 3000.0
135000.0 136000.0 359909.17495925387 0.0
136000.0 137000.0 276454.84569154365 4400.0
137000.0 138000.0 546241.9663786099 0.0
138000.0 139000.0 535338.5794717236 4400.0
139000.0 140000.0 666859.0109120223 0.0
140000.0 141000.0 454770.9926191176 4400.0
141000.0 142000.0 668114.9834558876 0.0
142000.0 143000.0 552197.49050857 4400.0
143000.0 144000.0 546736.0358009934 0.0
144000.0 145000.0 516964.2991576174 4400.0
145000.0 146000.0 688115.0012826262 0.0
146000.0 147000.0 495784.78714122577 4400.0
147000.0 148000.0 581810.6391285579 0.0
148000.0 149000.0 670810.2072958231 4400.0
149000.0 150000.0 573419.1348196903 0.0
150000.0 151000.0 511204.777899125 4400.0
151000.0 152000.0 583444.1771526004 0.0
152000.0 153000.0 636007.3465939646 4400.0
153000.0 154000.0 564909.0703574276 0.0
154000.0 155000.0 517905.07720176736 4400.0
155000.0 156000.0 529938.5196679975 0.0
156000.0 157000.0 596027.9165439726 4400.0
157000.0 158000.0 579449.8683719614 0.0
158000.0 159000.0 537029.0852983878 3000.0
159000.0 160000.0 369212.34338648955 0.0
160000.0 161000.0 421034.44470269314 3000.0
161000.0 162000.0 596732.6908013356 3000.0
162000.0 163000.0 691890.960670894 0.0
163000.0 164000.0 683984.3880904948 3000.0
164000.0 165000.0 444976.2576866691 3000.0
165000.0 166000.0 384551.306475682 0.0
166000.0 167000.0 324017.569127886 4400.0
167000.0 168000.0 526709.3882237292 0.0
168000.0 169000.0 327810.5103334311 0.0
169000.0 170000.0 64244.01369209321 4400.0
170000.0 171000.0 611693.1708351795 0.0
171000.0 172000.0 678471.6304660123 4400.0
172000.0 173000.0 540260.9598747424 0.0
173000.0 174000.0 734178.1596569456 3000.0
174000.0 175000.0 601078.6808709353 3000.0
175000.0 176000.0 447708.75191708346 0.0
176000.0 177000.0 444839.3202575281 3000.0
177000.0 178000.0 416369.1882541345 0.0
178000.0 179000.0 342002.8715645615 4400.0
179000.0 180000.0 569201.2172226256 0.0
180000.0 181000.0 533332.3966171634 4400.0
181000.0 182000.0 506051.81665143464 0.0
182000.0 183000.0 627517.7778286696 4400.0
183000.0 184000.0 512838.2897488684 0.0
184000.0 185000.0 562559.9919913386 4400.0
185000.0 186000.0 574105.9727823806 0.0
186000.0 187000.0 632680.1767806236 4400.0
187000.0 188000.0 522202.034506698 0.0
188000.0 189000.0 603988.8258814078 4400.0
189000.0 190000.0 522737.5183977807 0.0
190000.0 191000.0 521427.3060397117 4400.0
191000.0 192000.0 502200.7301654364 0.0
192000.0 193000.0 631044.8867880903 4400.0
193000.0 194000.0 566102.2369963939 0.0
194000.0 195000.0 633896.2790004829 4400.0
195000.0 196000.0 543742.3033509457 0.0
196000.0 197000.0 626620.8298446304 4400.0
197000.0 198000.0 638088.0777364208 0.0
198000.0 199000.0 598532.3112440179 4400.0
199000.0 200000.0 617493.5256075904 0.0
200000.0 201000.0 564607.4407725208 4400.0
201000.0 202000.0 734618.1196983277 4400.0
202000.0 203000.0 434365.99777633377 0.0
203000.0 204000.0 683746.6511371435 4400.0
204000.0 205000.0 628836.6330324346 0.0
205000.0 206000.0 734243.6393051462 4400.0
206000.0 207000.0 576985.2977081111 0.0
207000.0 208000.0 740828.0681381935 4400.0
208000.0 209000.0 484449.0186545701 4400.0
209000.0 210000.0 623063.150520074 0.0
210000.0 211000.0 557460.4269654324 4400.0
211000.0 212000.0 599408.3171571944 0.0
212000.0 213000.0 587503.6696787594 4400.0
213000.0 214000.0 662048.5885388923 0.0
214000.0 215000.0 376455.7283449385 0.0
215000.0 216000.0 0.0 0.0
216000.0 217000.0 274850.30457233055 4400.0
217000.0 218000.0 623897.2131788335 0.0
218000.0 219000.0 748179.1126548124 3000.0
219000.0 220000.0 667583.5233098624 3000.0
220000.0 221000.0 482385.88675836846 3000.0
221000.0 222000.0 420373.8688983852 0.0
222000.0 223000.0 480887.2133287287 3000.0
223000.0 224000.0 393747.5050837891 0.0
224000.0 225000.0 431235.5056920963 4400.0
225000.0 226000.0 570880.2575128693 0.0
226000.0 227000.0 533151.389242281 4400.0
227000.0 228000.0 517576.6736032401 0.0
228000.0 229000.0 543220.5868693969 4400.0
229000.0 230000.0 540902.742552977 0.0
230000.0 231000.0 614599.7030127408 4400.0
231000.0 232000.0 550701.6382983716 0.0
232000.0 233000.0 686743.7754999754 4400.0
233000.0 234000.0 708617.077089122 4400.0
234000.0 235000.0 694990.9124307585 0.0
235000.0 236000.0 684105.3467544907 4400.0
236000.0 237000.0 631443.1514188049 0.0
237000.0 238000.0 246397.61223776484 0.0
238000.0 239000.0 3548.918557229071 0.0
239000.0 240000.0 381088.6836858026 4400.0
240000.0 241000.0 754061.2691812516 0.0
241000.0 242000.0 576220.905350007 3000.0
242000.0 243000.0 458535.7334927743 3000.0
243000.0 244000.0 376646.5058874058 3000.0
244000.0 245000.0 951987.6644344263 0.0
245000.0 246000.0 582018.097089902 3000.0
246000.0 247000.0 251953.22232120094 0.0
247000.0 248000.0 0.0 0.0
248000.0 249000.0 269719.2190278623 4400.0
249000.0 250000.0 503221.6519846653 0.0
250000.0 251000.0 535716.9123550315 4400.0
251000.0 252000.0 576949.7016927626 0.0
252000.0 253000.0 562323.8642261438 4400.0
253000.0 254000.0 539881.6336744308 0.0
254000.0 255000.0 530929.2398572515 3000.0
255000.0 256000.0 459216.9070319894 0.0
256000.0 257000.0 211040.01399981772 3000.0
257000.0 258000.0 536794.9759749835 0.0
258000.0 259000.0 343017.4248194988 3000.0
259000.0 260000.0 659969.8530834451 3000.0
260000.0 261000.0 743543.736093784 3000.0
261000.0 262000.0 775829.5959814283 0.0
262000.0 263000.0 309034.52668311563 3000.0
263000.0 264000.0 372156.74726308335 0.0
264000.0 265000.0 334361.7006407431 4400.0
265000.0 266000.0 551310.7585535663 0.0
266000.0 267000.0 526464.2762709113 4400.0
267000.0 268000.0 589247.5236955341 0.0
268000.0 269000.0 396140.6711424436 4400.0
269000.0 270000.0 587697.5795440725 0.0
270000.0 271000.0 523188.679753612 4400.0
271000.0 272000.0 584143.4081957112 0.0
272000.0 273000.0 603201.2453430842 4400.0
273000.0 274000.0 539048.6952998387 0.0
274000.0 275000.0 556097.6217912207 4400.0
275000.0 276000.0 555818.0329835194 0.0
276000.0 277000.0 472113.5434866055 4400.0
277000.0 278000.0 505277.31841962424 0.0
278000.0 279000.0 728641.6560992154 4400.0
279000.0 280000.0 524351.1599090836 0.0
280000.0 281000.0 512323.7005585758 4400.0
281000.0 282000.0 700836.8267239657 0.0
282000.0 283000.0 663408.8762783867 4400.0
283000.0 284000.0 706555.1573907249 4400.0
284000.0 285000.0 712807.0841842822 0.0
285000.0 286000.0 693731.6365360236 4400.0
286000.0 287000.0 598097.5026753428 0.0
287000.0 288000.0 545788.724325302 4400.0
288000.0 289000.0 690627.4243307152 4400.0
289000.0 290000.0 716976.7598678614 0.0
290000.0 291000.0 699240.8738740868 4400.0
291000.0 292000.0 529229.9974969708 0.0
292000.0 293000.0 652620.8048920142 4400.0
293000.0 294000.0 640400.7437537905 0.0
294000.0 295000.0 331059.01223387785 0.0
295000.0 296000.0 0.0 0.0
296000.0 297000.0 2922.0 0.0
297000.0 298000.0 0.0 0.0
298000.0 299000.0 0.0 0.0
299000.0 300000.0 0.0 0.0
300000.0 301000.0 0.0 0.0
