ts te s_bytes_all avg_video_rate
0.0 1000.0 0.0 0.0
1000.0 2000.0 0.0 0.0
2000.0 3000.0 0.0 0.0
3000.0 4000.0 0.0 0.0
4000.0 5000.0 0.0 0.0
5000.0 6000.0 20290.365207646053 0.0
6000.0 7000.0 490188.63479235396 2300.0
7000.0 8000.0 516686.8173470192 2300.0
8000.0 9000.0 399127.1980875072 2300.0
9000.0 10000.0 699353.103388086 1500.0
10000.0 11000.0 504643.11740863847 1500.0
11000.0 12000.0 737130.2244172934 1500.0
12000.0 13000.0 500427.97491421725 1500.0
13000.0 14000.0 532485.2218966467 1500.0
14000.0 15000.0 713804.1366087147 1500.0
15000.0 16000.0 473005.1543838917 1500.0
16000.0 17000.0 515169.34343712666 1500.0
17000.0 18000.0 93112.63537168986 3000.0
18000.0 19000.0 578104.6666741632 0.0
19000.0 20000.0 166634.89610085747 3000.0
20000.0 21000.0 510018.6810772138 0.0
21000.0 22000.0 524175.74014055694 3000.0
22000.0 23000.0 355661.7471943188 0.0
23000.0 24000.0 410071.59956722753 3000.0
24000.0 25000.0 519763.84891518985 3000.0
25000.0 26000.0 646663.6433708869 0.0
26000.0 27000.0 172009.55178603792 4400.0
27000.0 28000.0 542014.9418900999 0.0
28000.0 29000.0 845039.2232418065 4400.0
29000.0 30000.0 607594.8926702614 0.0
30000.0 31000.0 691336.2358910578 4400.0
31000.0 32000.0 612236.4042194909 0.0
32000.0 33000.0 481987.5574730846 4400.0
33000.0 34000.0 733214.1735101561 4400.0
34000.0 35000.0 667699.5946180352 0.0
35000.0 36000.0 650021.1025827362 4400.0
36000.0 37000.0 608239.5715619883 0.0
37000.0 38000.0 290639.0744129127 0.0
38000.0 39000.0 516366.2924278353 4400.0
39000.0 40000.0 581402.0184533631 0.0
40000.0 41000.0 142915.25774502955 4400.0
41000.0 42000.0 555155.2491030724 0.0
42000.0 43000.0 644400.4338560106 4400.0
43000.0 44000.0 583301.5819813008 0.0
44000.0 45000.0 652309.3837177781 4400.0
45000.0 46000.0 646803.2163692308 4400.0
46000.0 47000.0 650631.6859599827 0.0
47000.0 48000.0 648568.4683676008 4400.0
48000.0 49000.0 681002.9459803705 0.0
49000.0 50000.0 692375.9087135908 4400.0
50000.0 51000.0 700146.8068827057 0.0
51000.0 52000.0 589017.5102575425 4400.0
52000.0 53000.0 825745.6106585538 4400.0
53000.0 54000.0 604038.8567353539 0.0
54000.0 55000.0 724882.389352161 4400.0
55000.0 56000.0 614471.0574027 0.0
56000.0 57000.0 539079.2445729914 4400.0
57000.0 58000.0 596266.3274405636 0.0
58000.0 59000.0 463826.51816326915 4400.0
59000.0 60000.0 582544.3944601949 0.0
60000.0 61000.0 547247.0108845845 4400.0
61000.0 62000.0 581141.5953448463 0.0
62000.0 63000.0 582600.2422986415 4400.0
63000.0 64000.0 642915.2353784028 0.0
64000.0 65000.0 596535.1736363948 4400.0
65000.0 66000.0 570319.6822697502 0.0
66000.0 67000.0 564025.3508652922 4400.0
67000.0 68000.0 576688.4905173976 0.0
68000.0 69000.0 472252.4380526717 4400.0
69000.0 70000.0 716592.5493091514 0.0
70000.0 71000.0 517016.9805905331 4400.0
71000.0 72000.0 594006.5736053434 0.0
72000.0 73000.0 547239.2456171713 4400.0
73000.0 74000.0 529164.2871256105 0.0
74000.0 75000.0 106805.91174409405 0.0
75000.0 76000.0 177447.90603165067 4400.0
76000.0 77000.0 514803.703977768 0.0
77000.0 78000.0 796331.0939241367 3000.0
78000.0 79000.0 604377.6872667294 3000.0
79000.0 80000.0 737791.75654467 3000.0
80000.0 81000.0 429705.7376477374 3000.0
81000.0 82000.0 736823.9002817034 0.0
82000.0 83000.0 178562.09461815134 4400.0
83000.0 84000.0 544081.1481470128 0.0
84000.0 85000.0 551942.9715604404 0.0
85000.0 86000.0 307135.84786541347 4400.0
86000.0 87000.0 603006.7631649812 0.0
87000.0 88000.0 698534.7597907035 4400.0
88000.0 89000.0 676848.0868660475 4400.0
89000.0 90000.0 609673.6026966142 0.0
90000.0 91000.0 509889.93961624004 0.0
91000.0 92000.0 0.0 0.0
92000.0 93000.0 2917.0 0.0
93000.0 94000.0 0.0 0.0
94000.0 95000.0 2917.0 0.0
95000.0 96000.0 94608.20190629091 3000.0
96000.0 97000.0 485428.76765330776 0.0
97000.0 98000.0 697068.9438909085 3000.0
98000.0 99000.0 634106.1991000035 3000.0
99000.0 100000.0 647704.7712059964 3000.0
100000.0 101000.0 514429.1127100308 3000.0
101000.0 102000.0 775338.5109211288 3000.0
102000.0 103000.0 533659.0053915597 0.0
103000.0 104000.0 701690.5296039532 3000.0
104000.0 105000.0 499727.6848457481 3000.0
105000.0 106000.0 570364.942096261 0.0
106000.0 107000.0 533181.9616267484 4400.0
107000.0 108000.0 584537.2392797635 0.0
108000.0 109000.0 478205.64741510607 4400.0
109000.0 110000.0 613692.1637177191 0.0
110000.0 111000.0 605053.9986524731 4400.0
111000.0 112000.0 533677.3091503109 4400.0
112000.0 113000.0 678466.868510011 0.0
113000.0 114000.0 396976.3266038007 0.0
114000.0 115000.0 563248.257149355 4400.0
115000.0 116000.0 791458.5792431535 4400.0
116000.0 117000.0 587316.6126500036 0.0
117000.0 118000.0 491358.23312380846 4400.0
118000.0 119000.0 646665.212935737 0.0
119000.0 120000.0 453879.40813328105 4400.0
120000.0 121000.0 767540.1169547043 0.0
121000.0 122000.0 517995.2964285849 4400.0
122000.0 123000.0 555329.6553626853 0.0
123000.0 124000.0 606788.6362147648 4400.0
124000.0 125000.0 627010.9901494217 0.0
125000.0 126000.0 556860.8816971491 4400.0
126000.0 127000.0 633064.6381107322 0.0
127000.0 128000.0 425993.4984131793 4400.0
128000.0 129000.0 623802.1105044297 0.0
129000.0 130000.0 791277.5667211043 4400.0
130000.0 131000.0 590680.1219267839 4400.0
131000.0 132000.0 592896.1498557503 0.0
132000.0 133000.0 546251.8501442497 0.0
133000.0 134000.0 180119.14250117814 4400.0
134000.0 135000.0 557788.2796240542 0.0
135000.0 136000.0 605361.923329181 4400.0
136000.0 137000.0 754469.8651277024 0.0
137000.0 138000.0 681776.4078244228 4400.0
138000.0 139000.0 618878.7952719474 4400.0
139000.0 140000.0 679918.1701090462 0.0
140000.0 141000.0 470092.4162124678 4400.0
141000.0 142000.0 702478.2850558492 0.0
142000.0 143000.0 569869.2795376264 4400.0
143000.0 144000.0 690263.539402892 0.0
144000.0 145000.0 451603.7639163832 4400.0
145000.0 146000.0 728390.2917663985 0.0
146000.0 147000.0 155959.84032085072 0.0
147000.0 148000.0 1748.8595934906425 0.0
148000.0 149000.0 620444.2870035789 4400.0
149000.0 150000.0 668179.2370342163 4400.0
150000.0 151000.0 550156.5271610706 0.0
151000.0 152000.0 691337.5303744184 4400.0
152000.0 153000.0 639756.8982798376 0.0
153000.0 154000.0 527751.8810121447 4400.0
154000.0 155000.0 699325.1810472114 4400.0
155000.0 156000.0 584881.0182296227 0.0
156000.0 157000.0 633245.4674958162 4400.0
157000.0 158000.0 644962.2297451178 0.0
158000.0 159000.0 716713.3233467374 4400.0
159000.0 160000.0 534924.041140819 0.0
160000.0 161000.0 506851.24435213616 4400.0
161000.0 162000.0 642725.997365768 0.0
162000.0 163000.0 713784.0832571547 4400.0
163000.0 164000.0 616546.2929084762 0.0
164000.0 165000.0 537582.5144836926 4400.0
165000.0 166000.0 526087.1889373682 0.0
166000.0 167000.0 688748.1934974855 4400.0
167000.0 168000.0 795836.5814904289 4400.0
168000.0 169000.0 623141.0957855611 0.0
169000.0 170000.0 268637.94951461756 0.0
170000.0 171000.0 526226.6682595944 4400.0
171000.0 172000.0 574520.2560077353 4400.0
172000.0 173000.0 366738.29706300603 0.0
173000.0 174000.0 837080.7196871608 4400.0
174000.0 175000.0 597586.2671728461 0.0
175000.0 176000.0 386895.9020128705 0.0
176000.0 177000.0 648137.058127203 4400.0
177000.0 178000.0 485112.1120480313 0.0
178000.0 179000.0 506461.29991955636 4400.0
179000.0 180000.0 561572.1809812497 0.0
180000.0 181000.0 466027.38938361686 4400.0
181000.0 182000.0 636306.1456060881 0.0
182000.0 183000.0 590737.701944863 4400.0
183000.0 184000.0 599459.899875802 4400.0
184000.0 185000.0 664293.1532514226 0.0
185000.0 186000.0 633679.8788113631 4400.0
186000.0 187000.0 609458.5579978141 0.0
187000.0 188000.0 625310.0083053098 4400.0
188000.0 189000.0 653053.8962618589 0.0
189000.0 190000.0 699066.7922697747 4400.0
190000.0 191000.0 641196.1729175785 4400.0
191000.0 192000.0 694289.612600435 0.0
192000.0 193000.0 517950.4697501312 4400.0
193000.0 194000.0 731872.5950784102 0.0
194000.0 195000.0 442808.28270177165 4400.0
195000.0 196000.0 723749.1300642183 0.0
196000.0 197000.0 440910.831986358 4400.0
197000.0 198000.0 733118.4789244372 0.0
198000.0 199000.0 408626.7902434302 4400.0
199000.0 200000.0 732397.143300139 0.0
200000.0 201000.0 555090.8092404647 4400.0
201000.0 202000.0 640586.8751486888 0.0
202000.0 203000.0 561610.7977292556 4400.0
203000.0 204000.0 531393.2921409832 0.0
204000.0 205000.0 621570.8155248355 4400.0
205000.0 206000.0 528686.0774759152 4400.0
206000.0 207000.0 719603.7581289532 0.0
207000.0 208000.0 421575.7932765399 4400.0
208000.0 209000.0 592647.9545222378 0.0
209000.0 210000.0 521878.6628529143 0.0
210000.0 211000.0 497890.3747936072 4400.0
211000.0 212000.0 702083.8323247038 4400.0
212000.0 213000.0 444860.2140712766 0.0
213000.0 214000.0 746491.1829288906 4400.0
214000.0 215000.0 674757.2666103134 0.0
215000.0 216000.0 797409.6406117865 4400.0
216000.0 217000.0 655096.3370077873 0.0
217000.0 218000.0 2582.424736961686 0.0
218000.0 219000.0 562122.453277212 4400.0
219000.0 220000.0 796781.515366565 4400.0
220000.0 221000.0 538637.0643530951 0.0
221000.0 222000.0 693781.5237897427 4400.0
222000.0 223000.0 588689.2601590357 0.0
223000.0 224000.0 697070.8389605024 4400.0
224000.0 225000.0 581966.9193568855 0.0
225000.0 226000.0 318278.1722059357 4400.0
226000.0 227000.0 608902.9469664095 0.0
227000.0 228000.0 643578.6002961016 4400.0
228000.0 229000.0 660209.7596438671 4400.0
229000.0 230000.0 685695.9272169897 0.0
230000.0 231000.0 500535.5936706965 0.0
231000.0 232000.0 2242.2712876251635 0.0
232000.0 233000.0 530502.6973232906 4400.0
233000.0 234000.0 566170.5228943307 0.0
234000.0 235000.0 382061.6383385291 4400.0
235000.0 236000.0 718185.1824935424 4400.0
236000.0 237000.0 682583.9810094616 0.0
237000.0 238000.0 589211.7066532205 4400.0
238000.0 239000.0 691047.7023951863 0.0
239000.0 240000.0 484651.3182423386 4400.0
240000.0 241000.0 730014.1623162491 0.0
241000.0 242000.0 700862.0176597058 4400.0
242000.0 243000.0 612571.3686397931 0.0
243000.0 244000.0 556482.3114125717 4400.0
244000.0 245000.0 743661.2908699723 4400.0
245000.0 246000.0 580374.494752844 0.0
246000.0 247000.0 762991.8280207074 4400.0
247000.0 248000.0 728340.778005482 0.0
248000.0 249000.0 484362.6099789856 4400.0
249000.0 250000.0 648239.3352858349 0.0
250000.0 251000.0 524320.4865831898 4400.0
251000.0 252000.0 733674.0831186991 0.0
252000.0 253000.0 477533.3487797786 4400.0
253000.0 254000.0 753821.3891747516 4400.0
254000.0 255000.0 549440.0428452743 0.0
255000.0 256000.0 470749.421457746 0.0
256000.0 257000.0 503691.9561594499 4400.0
257000.0 258000.0 584801.7892219431 4400.0
258000.0 259000.0 587695.7960229528 0.0
259000.0 260000.0 688748.5489432446 4400.0
260000.0 261000.0 511140.5601538409 0.0
261000.0 262000.0 656298.692892134 4400.0
262000.0 263000.0 600248.929767457 0.0
263000.0 264000.0 704383.6415217941 4400.0
264000.0 265000.0 639871.4609813504 0.0
265000.0 266000.0 66028.22475631408 0.0
266000.0 267000.0 676469.5596739519 4400.0
267000.0 268000.0 432732.57695689227 0.0
268000.0 269000.0 633633.7009950638 4400.0
269000.0 270000.0 499966.0042278922 0.0
270000.0 271000.0 567929.2565839941 4400.0
271000.0 272000.0 531185.4796917292 0.0
272000.0 273000.0 476721.50482174184 4400.0
273000.0 274000.0 675669.5535660947 0.0
274000.0 275000.0 433176.7868693542 4400.0
275000.0 276000.0 679843.7956157112 0.0
276000.0 277000.0 471638.66422770167 4400.0
277000.0 278000.0 625204.1967522682 0.0
278000.0 279000.0 658941.6474156445 4400.0
279000.0 280000.0 483696.2063983802 0.0
280000.0 281000.0 525672.7255554739 4400.0
281000.0 282000.0 620725.2975801724 4400.0
282000.0 283000.0 549753.6698186222 0.0
283000.0 284000.0 699470.3085199352 4400.0
284000.0 285000.0 659652.7900596339 0.0
285000.0 286000.0 686634.3327398543 4400.0
286000.0 287000.0 630234.2194004655 0.0
287000.0 288000.0 650837.8850114967 4400.0
288000.0 289000.0 857179.6489003346 4400.0
289000.0 290000.0 576910.9363316916 0.0
290000.0 291000.0 509227.3146747024 4400.0
291000.0 292000.0 620839.0382491929 0.0
292000.0 293000.0 460896.4340954335 4400.0
293000.0 294000.0 722798.2444251617 0.0
294000.0 295000.0 663798.7565752569 4400.0
295000.0 296000.0 590984.4672581116 0.0
296000.0 297000.0 567623.6569228044 4400.0
297000.0 298000.0 524069.0121570167 0.0
298000.0 299000.0 555485.4316382691 4400.0
299000.0 300000.0 717133.7048797105 0.0
300000.0 301000.0 77603.6014506487 0.0
