ts te s_bytes_all avg_video_rate
0.0 1000.0 0.0 0.0
1000.0 2000.0 0.0 0.0
2000.0 3000.0 0.0 0.0
3000.0 4000.0 0.0 0.0
4000.0 5000.0 0.0 0.0
5000.0 6000.0 0.0 0.0
6000.0 7000.0 0.0 0.0
7000.0 8000.0 121969.18043240822 2300.0
8000.0 9000.0 347697.8475999361 288.0
9000.0 10000.0 188268.2438251083 288.0
10000.0 11000.0 214313.44763099658 288.0
11000.0 12000.0 282428.6294388806 288.0
12000.0 13000.0 187118.65107267012 288.0
13000.0 14000.0 36510.43216678455 288.0
14000.0 15000.0 93158.56783321545 0.0
15000.0 16000.0 36852.04999450185 288.0
16000.0 17000.0 108774.3882009005 0.0
17000.0 18000.0 9476.494259265894 288.0
18000.0 19000.0 68920.60399412698 0.0
19000.0 20000.0 68385.5926044804 288.0
20000.0 21000.0 70525.63695090965 0.0
21000.0 22000.0 61272.10144857108 288.0
22000.0 23000.0 84241.13254724363 0.0
23000.0 24000.0 36788.39536511675 288.0
24000.0 25000.0 100339.60463488326 0.0
25000.0 26000.0 0.0 0.0
26000.0 27000.0 103408.0 288.0
27000.0 28000.0 56396.42081639341 288.0
28000.0 29000.0 58699.57918360659 0.0
29000.0 30000.0 47889.31046267781 288.0
30000.0 31000.0 159347.6895373222 288.0
31000.0 32000.0 85034.04206441587 288.0
32000.0 33000.0 21314.957935584123 0.0
33000.0 34000.0 109040.7078001015 480.0
34000.0 35000.0 41470.29219989849 0.0
35000.0 36000.0 95482.86501124412 480.0
36000.0 37000.0 71887.13498875589 0.0
37000.0 38000.0 106975.77747559448 840.0
38000.0 39000.0 134777.22252440552 0.0
39000.0 40000.0 107675.40080624461 840.0
40000.0 41000.0 124418.59919375539 0.0
41000.0 42000.0 123108.13765055315 840.0
42000.0 43000.0 138243.86234944686 0.0
43000.0 44000.0 134254.09964857087 840.0
44000.0 45000.0 90908.90035142913 0.0
45000.0 46000.0 119728.95498198093 840.0
46000.0 47000.0 132396.04501801907 0.0
47000.0 48000.0 102185.25174858955 840.0
48000.0 49000.0 140994.74825141043 0.0
49000.0 50000.0 139461.7351753309 840.0
50000.0 51000.0 128087.26482466912 0.0
51000.0 52000.0 114350.2325109724 840.0
52000.0 53000.0 116369.7674890276 0.0
53000.0 54000.0 134872.47454384572 840.0
54000.0 55000.0 121094.52545615431 0.0
55000.0 56000.0 159149.5343581736 840.0
56000.0 57000.0 140359.4656418264 0.0
57000.0 58000.0 103052.29654279178 840.0
58000.0 59000.0 115836.70345720822 0.0
59000.0 60000.0 82611.95470049787 840.0
60000.0 61000.0 157699.04529950215 0.0
61000.0 62000.0 137624.07478830518 840.0
62000.0 63000.0 88524.92521169482 0.0
63000.0 64000.0 140798.95649506446 840.0
64000.0 65000.0 129637.04350493556 0.0
65000.0 66000.0 106428.13057534018 840.0
66000.0 67000.0 143924.86942465982 0.0
67000.0 68000.0 155059.73404470037 840.0
68000.0 69000.0 94344.26595529963 0.0
69000.0 70000.0 121576.6549977708 840.0
70000.0 71000.0 120103.3450022292 0.0
71000.0 72000.0 87807.32157143843 840.0
72000.0 73000.0 146132.67842856154 0.0
73000.0 74000.0 119009.99913027983 840.0
74000.0 75000.0 124068.00086972017 0.0
75000.0 76000.0 106365.68166773036 840.0
76000.0 77000.0 137206.31833226964 0.0
77000.0 78000.0 143025.69852428266 840.0
78000.0 79000.0 121929.30147571734 0.0
79000.0 80000.0 109288.29905526129 840.0
80000.0 81000.0 115010.70094473871 0.0
81000.0 82000.0 144199.78963857578 840.0
82000.0 83000.0 348555.54471214226 840.0
83000.0 84000.0 191494.98244579547 1500.0
84000.0 85000.0 275747.68320348643 0.0
85000.0 86000.0 172586.30484780855 1500.0
86000.0 87000.0 281132.69515219145 0.0
87000.0 88000.0 130372.79933967856 2300.0
88000.0 89000.0 84484.20066032142 0.0
89000.0 90000.0 27508.887303230913 2300.0
90000.0 91000.0 13477.112696769085 0.0
91000.0 92000.0 152837.16463984834 2300.0
92000.0 93000.0 260005.83536015166 0.0
93000.0 94000.0 214498.77686687425 2300.0
94000.0 95000.0 389812.6287641988 0.0
95000.0 96000.0 193341.7874933687 2300.0
96000.0 97000.0 394820.236230381 0.0
97000.0 98000.0 222831.4309969942 2300.0
98000.0 99000.0 420903.02140827087 0.0
99000.0 100000.0 242555.11384201804 2300.0
100000.0 101000.0 475141.0043978941 0.0
101000.0 102000.0 214615.18131997538 2300.0
102000.0 103000.0 520580.7465640905 2300.0
103000.0 104000.0 555423.3967533807 2300.0
104000.0 105000.0 593404.6753625534 0.0
105000.0 106000.0 238852.63430526663 2300.0
106000.0 107000.0 445592.29705616547 0.0
107000.0 108000.0 206514.34822986377 2300.0
108000.0 109000.0 349080.7735426811 0.0
109000.0 110000.0 38919.94686602303 0.0
110000.0 111000.0 0.0 0.0
111000.0 112000.0 226572.31460620434 2300.0
112000.0 113000.0 719207.5039750723 2300.0
113000.0 114000.0 643872.2430842873 2300.0
114000.0 115000.0 379803.45437629696 0.0
115000.0 116000.0 224781.39375074656 2300.0
116000.0 117000.0 414941.09020739247 0.0
117000.0 118000.0 188571.47093361063 2300.0
118000.0 119000.0 455533.52906638937 0.0
119000.0 120000.0 172628.6094052227 2300.0
120000.0 121000.0 352911.3324337968 0.0
121000.0 122000.0 188289.65813170304 2300.0
122000.0 123000.0 375557.5744262161 0.0
123000.0 124000.0 361018.21927030437 2300.0
124000.0 125000.0 402330.8159838737 0.0
125000.0 126000.0 248087.5688942463 2300.0
126000.0 127000.0 333262.2214546371 0.0
127000.0 128000.0 191389.1943828511 2300.0
128000.0 129000.0 460132.8056171489 0.0
129000.0 130000.0 224434.10649633192 2300.0
130000.0 131000.0 412835.63087084226 0.0
131000.0 132000.0 172051.1980368637 2300.0
132000.0 133000.0 398921.56374395115 0.0
133000.0 134000.0 333978.23111748986 2300.0
134000.0 135000.0 458083.3139973168 0.0
135000.0 136000.0 172366.65800908554 2300.0
136000.0 137000.0 415464.44982922886 0.0
137000.0 138000.0 214434.47298759207 2300.0
138000.0 139000.0 374821.37491129775 0.0
139000.0 140000.0 228765.1827462931 2300.0
140000.0 141000.0 431588.2960773391 0.0
141000.0 142000.0 240679.1390589507 2300.0
142000.0 143000.0 447268.51097486145 0.0
143000.0 144000.0 209177.5020441656 2300.0
144000.0 145000.0 463134.36909839 0.0
145000.0 146000.0 162172.49467879088 2300.0
146000.0 147000.0 511146.5053212091 0.0
147000.0 148000.0 191474.6662581149 2300.0
148000.0 149000.0 497413.3337418851 0.0
149000.0 150000.0 70567.91202155093 2300.0
150000.0 151000.0 562062.0879784491 0.0
151000.0 152000.0 209151.06218634348 2300.0
152000.0 153000.0 709500.9395493843 2300.0
153000.0 154000.0 618649.0780333199 2300.0
154000.0 155000.0 529176.9202309526 0.0
155000.0 156000.0 215937.02132037768 2300.0
156000.0 157000.0 402553.18072710943 0.0
157000.0 158000.0 205301.165032078 2300.0
158000.0 159000.0 380477.63292043493 0.0
159000.0 160000.0 181633.756255884 2300.0
160000.0 161000.0 344385.9167823922 0.0
161000.0 162000.0 236514.75456923258 2300.0
162000.0 163000.0 436008.5723924912 0.0
163000.0 164000.0 191492.6024079263 2300.0
164000.0 165000.0 484731.3975920738 0.0
165000.0 166000.0 142436.78699938234 2300.0
166000.0 167000.0 433703.8275806635 0.0
167000.0 168000.0 73077.55271418519 2300.0
168000.0 169000.0 597226.832705769 0.0
169000.0 170000.0 192443.8532090077 2300.0
170000.0 171000.0 355065.1467909923 0.0
171000.0 172000.0 195745.98466116664 2300.0
172000.0 173000.0 452130.0511226749 0.0
173000.0 174000.0 204633.33864265782 2300.0
174000.0 175000.0 450452.39138796966 0.0
175000.0 176000.0 84900.98195846159 2300.0
176000.0 177000.0 544632.2522270695 0.0
177000.0 178000.0 158285.28177794322 2300.0
178000.0 179000.0 359026.4214090172 0.0
179000.0 180000.0 308311.07860202715 2300.0
180000.0 181000.0 387635.21821101237 0.0
181000.0 182000.0 76093.69678016646 2300.0
182000.0 183000.0 511624.3032198335 0.0
183000.0 184000.0 219322.07206975488 2300.0
184000.0 185000.0 389447.2952391102 0.0
185000.0 186000.0 181974.7770627896 2300.0
186000.0 187000.0 380573.08713749953 0.0
187000.0 188000.0 99948.38414721967 2300.0
188000.0 189000.0 258539.0585151231 0.0
189000.0 190000.0 414204.35643218545 2300.0
190000.0 191000.0 467044.96939631755 0.0
191000.0 192000.0 193138.57482595122 2300.0
192000.0 193000.0 366878.4119726167 0.0
193000.0 194000.0 253519.14859106764 2300.0
194000.0 195000.0 463829.2563703609 0.0
195000.0 196000.0 163311.0201547244 2300.0
196000.0 197000.0 423889.90750534425 0.0
197000.0 198000.0 222425.07477665105 2300.0
198000.0 199000.0 474355.60580328375 0.0
199000.0 200000.0 110857.5467561271 2300.0
200000.0 201000.0 365601.4498015299 2300.0
201000.0 202000.0 780837.5814719215 2300.0
202000.0 203000.0 565834.4219704216 0.0
203000.0 204000.0 218879.00800908176 2300.0
204000.0 205000.0 387481.3584513039 0.0
205000.0 206000.0 216379.39491645843 2300.0
206000.0 207000.0 447871.1485270263 0.0
207000.0 208000.0 165507.12660365546 2300.0
208000.0 209000.0 292118.95110225846 0.0
209000.0 210000.0 231313.6381922864 2300.0
210000.0 211000.0 396009.2580918594 0.0
211000.0 212000.0 307321.2224176825 2300.0
212000.0 213000.0 365507.92404541804 0.0
213000.0 214000.0 207192.66588450407 2300.0
214000.0 215000.0 356242.3037584652 0.0
215000.0 216000.0 202276.1992920075 2300.0
216000.0 217000.0 402290.1677728041 0.0
217000.0 218000.0 203933.36671389238 2300.0
218000.0 219000.0 345171.6492719862 0.0
219000.0 220000.0 271335.182907421 2300.0
220000.0 221000.0 419435.6090825865 0.0
221000.0 222000.0 222398.7906905158 2300.0
222000.0 223000.0 447922.0342687865 0.0
223000.0 224000.0 205255.8883813227 2300.0
224000.0 225000.0 505022.60650585714 0.0
225000.0 226000.0 173741.38763095217 2300.0
226000.0 227000.0 379627.51835209946 0.0
227000.0 228000.0 189433.34685256728 2300.0
228000.0 229000.0 503669.2522772012 0.0
229000.0 230000.0 174410.03331000093 2300.0
230000.0 231000.0 363490.33980633033 0.0
231000.0 232000.0 275034.0486850145 2300.0
232000.0 233000.0 433614.8133906952 0.0
233000.0 234000.0 209453.5720472667 2300.0
234000.0 235000.0 450664.1809915488 0.0
235000.0 236000.0 176271.58940650756 2300.0
236000.0 237000.0 553370.4223626361 0.0
237000.0 238000.0 199732.08707555753 2300.0
238000.0 239000.0 491576.91292444244 0.0
239000.0 240000.0 176968.12216790434 2300.0
240000.0 241000.0 310009.8778320957 0.0
241000.0 242000.0 160046.86175900098 2300.0
242000.0 243000.0 358372.48393246194 0.0
243000.0 244000.0 308195.27520966233 2300.0
244000.0 245000.0 395915.0251940459 0.0
245000.0 246000.0 255694.72330882866 2300.0
246000.0 247000.0 510503.52788786375 2300.0
247000.0 248000.0 688780.2717269092 2300.0
248000.0 249000.0 370332.81191846053 0.0
249000.0 250000.0 308340.7937776679 2300.0
250000.0 251000.0 452053.2252850987 0.0
251000.0 252000.0 2910.0 0.0
252000.0 253000.0 0.0 0.0
253000.0 254000.0 244660.08283947117 2300.0
254000.0 255000.0 454045.7998118518 0.0
255000.0 256000.0 206378.2266428203 2300.0
256000.0 257000.0 458109.16784662724 2300.0
257000.0 258000.0 721474.9159222743 2300.0
258000.0 259000.0 403634.5442995434 0.0
259000.0 260000.0 259533.89071908387 2300.0
260000.0 261000.0 389297.62740846345 0.0
261000.0 262000.0 25190.744509864362 0.0
262000.0 263000.0 0.0 0.0
263000.0 264000.0 229039.19740496273 2300.0
264000.0 265000.0 409046.80259503727 0.0
265000.0 266000.0 224975.6963184501 2300.0
266000.0 267000.0 512356.03811217187 2300.0
267000.0 268000.0 588570.265569378 0.0
268000.0 269000.0 399.0 0.0
269000.0 270000.0 204639.05647371922 2300.0
270000.0 271000.0 612662.8244366868 2300.0
271000.0 272000.0 561404.3268569119 0.0
272000.0 273000.0 253234.3278374568 2300.0
273000.0 274000.0 539461.6890032815 2300.0
274000.0 275000.0 397923.775391944 0.0
275000.0 276000.0 207427.57330455456 2300.0
276000.0 277000.0 406589.9678455483 0.0
277000.0 278000.0 145878.58685269483 2300.0
278000.0 279000.0 393384.6543911666 0.0
279000.0 280000.0 271569.23527159565 2300.0
280000.0 281000.0 473737.564258391 0.0
281000.0 282000.0 190955.1545649002 2300.0
282000.0 283000.0 511816.263511149 0.0
283000.0 284000.0 224041.05966457844 2300.0
284000.0 285000.0 409608.71096816077 0.0
285000.0 286000.0 199696.29989807337 2300.0
286000.0 287000.0 421030.6321246336 0.0
287000.0 288000.0 213210.41343782633 2300.0
288000.0 289000.0 392135.8839067274 0.0
289000.0 290000.0 221590.49117931764 2300.0
290000.0 291000.0 404315.1747012243 0.0
291000.0 292000.0 202999.1505874413 2300.0
292000.0 293000.0 420217.34078169474 0.0
293000.0 294000.0 213154.31843750752 2300.0
294000.0 295000.0 372654.833324885 0.0
295000.0 296000.0 222971.04607392597 2300.0
296000.0 297000.0 458506.4953740162 0.0
297000.0 298000.0 207356.3401273622 2300.0
298000.0 299000.0 439484.80941262504 0.0
299000.0 300000.0 208649.0080238497 2300.0
