ts te s_bytes_all avg_video_rate
0.0 1000.0 0.0 0.0
1000.0 2000.0 0.0 0.0
2000.0 3000.0 0.0 0.0
3000.0 4000.0 0.0 0.0
4000.0 5000.0 0.0 0.0
5000.0 6000.0 0.0 0.0
6000.0 7000.0 18209.76501431789 0.0
7000.0 8000.0 155673.05370452828 2300.0
8000.0 9000.0 273114.7956124716 288.0
9000.0 10000.0 107517.43346673284 0.0
10000.0 11000.0 187236.30928175827 288.0
11000.0 12000.0 114283.25958182788 0.0
12000.0 13000.0 185981.12577203824 288.0
13000.0 14000.0 229530.4387260671 288.0
14000.0 15000.0 129435.33972929083 288.0
15000.0 16000.0 6000.479110967162 0.0
16000.0 17000.0 169685.26866505182 840.0
17000.0 18000.0 123526.12625410108 840.0
18000.0 19000.0 120128.6535692566 0.0
19000.0 20000.0 204261.04654100034 840.0
20000.0 21000.0 168222.90497059017 0.0
21000.0 22000.0 341105.0 840.0
22000.0 23000.0 14219.062632875528 0.0
23000.0 24000.0 205423.5987216428 840.0
24000.0 25000.0 260348.40938151593 840.0
25000.0 26000.0 48255.372928788594 0.0
26000.0 27000.0 70297.29019360327 8000.0
27000.0 28000.0 307702.65465455886 0.0
28000.0 29000.0 849422.4185074496 8000.0
29000.0 30000.0 753374.9226152009 3000.0
30000.0 31000.0 653567.0000011902 3000.0
31000.0 32000.0 389458.5182807419 0.0
32000.0 33000.0 712793.8294523731 3000.0
33000.0 34000.0 736223.2316983675 3000.0
34000.0 35000.0 764248.9364388385 0.0
35000.0 36000.0 121958.89407410423 0.0
36000.0 37000.0 425629.4594055395 3000.0
37000.0 38000.0 837630.0771308583 0.0
38000.0 39000.0 705346.8222118291 3000.0
39000.0 40000.0 677585.9465092476 3000.0
40000.0 41000.0 296010.62807806034 0.0
41000.0 42000.0 612921.2531275151 3000.0
42000.0 43000.0 184131.60862773756 0.0
43000.0 44000.0 499040.7554277086 4400.0
44000.0 45000.0 624467.139805308 0.0
45000.0 46000.0 726462.0484114247 4400.0
46000.0 47000.0 366790.19125390827 0.0
47000.0 48000.0 688384.1107779042 4400.0
48000.0 49000.0 416044.09063079895 0.0
49000.0 50000.0 540247.7947379536 4400.0
50000.0 51000.0 690755.0044600544 0.0
51000.0 52000.0 725800.6669060224 4400.0
52000.0 53000.0 468609.26291687874 0.0
53000.0 54000.0 755814.3724387755 3000.0
54000.0 55000.0 120263.84676301951 0.0
55000.0 56000.0 564377.9441367439 3000.0
56000.0 57000.0 277768.12792265293 0.0
57000.0 58000.0 612989.7083703438 3000.0
58000.0 59000.0 198158.54552180448 0.0
59000.0 60000.0 640796.2734047098 3000.0
60000.0 61000.0 136204.80319408528 0.0
61000.0 62000.0 504990.18972802366 3000.0
62000.0 63000.0 221552.41499763305 0.0
63000.0 64000.0 590063.3168880058 3000.0
64000.0 65000.0 211081.16926250205 0.0
65000.0 66000.0 582992.2370808207 3000.0
66000.0 67000.0 735532.273439446 3000.0
67000.0 68000.0 544621.1057765208 3000.0
68000.0 69000.0 417527.9335300961 0.0
69000.0 70000.0 593144.8527336315 4400.0
70000.0 71000.0 472845.9047018385 0.0
71000.0 72000.0 548486.3669728418 4400.0
72000.0 73000.0 639184.9015390363 0.0
73000.0 74000.0 691930.6990142823 4400.0
74000.0 75000.0 402096.6333585433 0.0
75000.0 76000.0 664155.9892038908 4400.0
76000.0 77000.0 601163.7259817441 0.0
77000.0 78000.0 632830.2664059612 4400.0
78000.0 79000.0 534882.2247123062 0.0
79000.0 80000.0 645458.7954156656 4400.0
80000.0 81000.0 439990.42958294635 0.0
81000.0 82000.0 707313.8216082143 4400.0
82000.0 83000.0 466572.9407947833 0.0
83000.0 84000.0 592669.0559916885 4400.0
84000.0 85000.0 523907.4953055473 0.0
85000.0 86000.0 667295.2088415882 4400.0
86000.0 87000.0 447731.755725344 0.0
87000.0 88000.0 582046.5782156773 4400.0
88000.0 89000.0 507207.2471989507 0.0
89000.0 90000.0 653312.9905952116 4400.0
90000.0 91000.0 536658.6689078268 0.0
91000.0 92000.0 573477.8588911273 4400.0
92000.0 93000.0 595788.8393912418 0.0
93000.0 94000.0 646742.420698491 4400.0
94000.0 95000.0 468030.6573310331 0.0
95000.0 96000.0 639511.4029715727 4400.0
96000.0 97000.0 517601.9094012105 0.0
97000.0 98000.0 681534.383042519 4400.0
98000.0 99000.0 449638.2209874099 0.0
99000.0 100000.0 712866.3312861153 4400.0
100000.0 101000.0 671180.2208768283 4400.0
101000.0 102000.0 538662.8430310471 0.0
102000.0 103000.0 411568.0968287006 0.0
103000.0 104000.0 644171.4956591023 4400.0
104000.0 105000.0 713910.3560116881 4400.0
105000.0 106000.0 697157.4853478576 0.0
106000.0 107000.0 797661.3296580004 4400.0
107000.0 108000.0 715651.4191321726 4400.0
108000.0 109000.0 693327.2846652125 0.0
109000.0 110000.0 563786.3215548849 4400.0
110000.0 111000.0 750696.89869226 0.0
111000.0 112000.0 528068.0099337783 4400.0
112000.0 113000.0 759730.7065068039 0.0
113000.0 114000.0 503854.01106067986 4400.0
114000.0 115000.0 717518.955014471 0.0
115000.0 116000.0 512432.1146971855 4400.0
116000.0 117000.0 624766.7676454502 0.0
117000.0 118000.0 590439.2811940719 4400.0
118000.0 119000.0 516506.3963458482 0.0
119000.0 120000.0 492863.5544914618 4400.0
120000.0 121000.0 616032.5236514928 0.0
121000.0 122000.0 650539.7538223449 4400.0
122000.0 123000.0 661090.7607217869 0.0
123000.0 124000.0 45702.57419344652 0.0
124000.0 125000.0 284843.97490483057 4400.0
125000.0 126000.0 671882.9429479915 0.0
126000.0 127000.0 692236.9989407315 4400.0
127000.0 128000.0 729742.247082779 4400.0
128000.0 129000.0 429998.3749831453 0.0
129000.0 130000.0 677816.4057457105 0.0
130000.0 131000.0 700130.7180719285 4400.0
131000.0 132000.0 825412.6879354168 3000.0
132000.0 133000.0 644348.609780088 0.0
133000.0 134000.0 495453.0128464582 3000.0
134000.0 135000.0 334934.7745480647 0.0
135000.0 136000.0 619322.2520158229 3000.0
136000.0 137000.0 695550.7869844506 3000.0
137000.0 138000.0 551427.5977413403 4400.0
138000.0 139000.0 750668.2066133752 0.0
139000.0 140000.0 230522.1612413114 0.0
140000.0 141000.0 524312.6395694098 4400.0
141000.0 142000.0 731978.2154503441 4400.0
142000.0 143000.0 554046.5282540469 0.0
143000.0 144000.0 656632.4166316002 4400.0
144000.0 145000.0 715689.914504199 0.0
145000.0 146000.0 503888.3862975166 4400.0
146000.0 147000.0 744532.3839799571 0.0
147000.0 148000.0 334696.6182203476 4400.0
148000.0 149000.0 718690.0966171111 0.0
149000.0 150000.0 540494.6422135781 4400.0
150000.0 151000.0 523991.5970837147 0.0
151000.0 152000.0 267480.7728092321 4400.0
152000.0 153000.0 647035.2117206092 0.0
153000.0 154000.0 812218.9642102169 4400.0
154000.0 155000.0 545635.7460654473 0.0
155000.0 156000.0 688803.3846490796 4400.0
156000.0 157000.0 495304.39187154634 0.0
157000.0 158000.0 678397.3746844485 4400.0
158000.0 159000.0 508586.2688977874 0.0
159000.0 160000.0 728220.9701899139 4400.0
160000.0 161000.0 467554.04721322906 0.0
161000.0 162000.0 622400.865292069 4400.0
162000.0 163000.0 487954.1198957315 0.0
163000.0 164000.0 608792.9385641515 4400.0
164000.0 165000.0 506071.5511933339 0.0
165000.0 166000.0 591033.9901394597 4400.0
166000.0 167000.0 544460.6049873047 0.0
167000.0 168000.0 629752.2661386762 4400.0
168000.0 169000.0 490588.4139220001 0.0
169000.0 170000.0 601001.3055032201 4400.0
170000.0 171000.0 599848.585818112 0.0
171000.0 172000.0 619635.007620613 4400.0
172000.0 173000.0 491388.7449379265 0.0
173000.0 174000.0 521825.96687382227 4400.0
174000.0 175000.0 608988.0111700859 0.0
175000.0 176000.0 658337.8044066239 4400.0
176000.0 177000.0 490884.3516110086 0.0
177000.0 178000.0 580791.6334497279 4400.0
178000.0 179000.0 508007.7430670042 0.0
179000.0 180000.0 654322.4114102183 4400.0
180000.0 181000.0 503022.194598342 0.0
181000.0 182000.0 652074.1794472686 4400.0
182000.0 183000.0 518191.09878739325 0.0
183000.0 184000.0 652103.1030373098 4400.0
184000.0 185000.0 755389.8419942642 4400.0
185000.0 186000.0 690554.9086597969 0.0
186000.0 187000.0 637065.2515515554 4400.0
187000.0 188000.0 688464.9767464527 0.0
188000.0 189000.0 515175.64792379923 4400.0
189000.0 190000.0 716902.0257282275 4400.0
190000.0 191000.0 579874.5120124248 0.0
191000.0 192000.0 529485.1503216461 4400.0
192000.0 193000.0 771752.494921029 0.0
193000.0 194000.0 484450.8642480913 4400.0
194000.0 195000.0 687553.6653686936 0.0
195000.0 196000.0 359846.8641233486 4400.0
196000.0 197000.0 634841.0959251475 0.0
197000.0 198000.0 681498.4687404644 4400.0
198000.0 199000.0 627891.9374190818 0.0
199000.0 200000.0 689417.6020169026 4400.0
200000.0 201000.0 758445.8167048245 0.0
201000.0 202000.0 638693.7387707522 4400.0
202000.0 203000.0 628969.7449393556 0.0
203000.0 204000.0 585887.1878955587 4400.0
204000.0 205000.0 481916.5768314248 0.0
205000.0 206000.0 638468.7300779799 4400.0
206000.0 207000.0 462534.47341754247 0.0
207000.0 208000.0 700357.5770560034 4400.0
208000.0 209000.0 447789.9598112179 0.0
209000.0 210000.0 555455.389509679 4400.0
210000.0 211000.0 551817.0544028442 0.0
211000.0 212000.0 631418.8906613266 4400.0
212000.0 213000.0 535730.9653405679 0.0
213000.0 214000.0 664576.736824354 4400.0
214000.0 215000.0 470205.2406204537 0.0
215000.0 216000.0 670058.8745105012 4400.0
216000.0 217000.0 466859.89454050205 0.0
217000.0 218000.0 648931.2640456458 4400.0
218000.0 219000.0 371613.83076418855 0.0
219000.0 220000.0 715151.06005073 4400.0
220000.0 221000.0 514234.0597580856 0.0
221000.0 222000.0 643467.8004839146 4400.0
222000.0 223000.0 332267.12964482995 0.0
223000.0 224000.0 469951.144706413 4400.0
224000.0 225000.0 642361.7597196304 0.0
225000.0 226000.0 748949.3324967949 4400.0
226000.0 227000.0 408401.28128632624 0.0
227000.0 228000.0 682603.5350196534 4400.0
228000.0 229000.0 316294.9354027996 0.0
229000.0 230000.0 646610.3294459167 4400.0
230000.0 231000.0 612473.890045725 0.0
231000.0 232000.0 625805.6232697426 4400.0
232000.0 233000.0 520433.4200834184 4400.0
233000.0 234000.0 626943.4332561207 0.0
234000.0 235000.0 743284.6940900974 4400.0
235000.0 236000.0 499340.4589958484 0.0
236000.0 237000.0 543346.153362088 0.0
237000.0 238000.0 235031.0671223879 3000.0
238000.0 239000.0 520679.0794611905 3000.0
239000.0 240000.0 787631.3556398035 0.0
240000.0 241000.0 176542.52828298928 3000.0
241000.0 242000.0 139496.21836448478 4400.0
242000.0 243000.0 438589.25425494264 0.0
243000.0 244000.0 754321.4694742295 4400.0
244000.0 245000.0 695907.4677007598 0.0
245000.0 246000.0 570146.4066670592 4400.0
246000.0 247000.0 705163.9155497078 0.0
247000.0 248000.0 588812.3936385213 4400.0
248000.0 249000.0 72178.30749073424 0.0
249000.0 250000.0 221901.0562684213 4400.0
250000.0 251000.0 555656.009305156 0.0
251000.0 252000.0 676828.2989493645 4400.0
252000.0 253000.0 681315.988267854 0.0
253000.0 254000.0 649100.9018301273 4400.0
254000.0 255000.0 469476.92359950533 0.0
255000.0 256000.0 624882.9274953174 4400.0
256000.0 257000.0 461969.282119027 0.0
257000.0 258000.0 540005.1495517181 4400.0
258000.0 259000.0 498954.5875337643 0.0
259000.0 260000.0 657381.4697217272 4400.0
260000.0 261000.0 632859.6866271162 0.0
261000.0 262000.0 596804.9869107178 4400.0
262000.0 263000.0 471600.3506664181 0.0
263000.0 264000.0 706535.5490553839 4400.0
264000.0 265000.0 343659.45987257705 0.0
265000.0 266000.0 607460.7858511771 4400.0
266000.0 267000.0 582191.7472690835 0.0
267000.0 268000.0 637175.7223940636 4400.0
268000.0 269000.0 464144.3258065596 0.0
269000.0 270000.0 691559.8799480287 4400.0
270000.0 271000.0 474161.59266578086 0.0
271000.0 272000.0 630708.4523262721 4400.0
272000.0 273000.0 522671.8535414363 0.0
273000.0 274000.0 670031.5896264868 4400.0
274000.0 275000.0 694524.7810816291 4400.0
275000.0 276000.0 640984.2499775173 0.0
276000.0 277000.0 245520.41715899258 0.0
277000.0 278000.0 531538.1673247381 4400.0
278000.0 279000.0 734459.369110785 4400.0
279000.0 280000.0 720694.7904752815 0.0
280000.0 281000.0 264922.22172985645 0.0
281000.0 282000.0 588772.9519595786 4400.0
282000.0 283000.0 509373.588272291 0.0
283000.0 284000.0 626991.476508168 4400.0
284000.0 285000.0 544504.4619130602 0.0
285000.0 286000.0 705996.1482373842 4400.0
286000.0 287000.0 467182.0667653236 0.0
287000.0 288000.0 594659.1856017944 4400.0
288000.0 289000.0 516431.6947863829 0.0
289000.0 290000.0 609599.7683576668 4400.0
290000.0 291000.0 583021.0372563333 0.0
291000.0 292000.0 626738.2868955851 4400.0
292000.0 293000.0 459442.5033329177 0.0
293000.0 294000.0 662941.4185907379 4400.0
294000.0 295000.0 460035.601102647 0.0
295000.0 296000.0 601201.5235237646 4400.0
296000.0 297000.0 549345.0467752184 0.0
297000.0 298000.0 722002.5879644933 4400.0
298000.0 299000.0 372760.6297786595 0.0
299000.0 300000.0 618486.9267261885 4400.0
300000.0 301000.0 82591.54701114408 0.0
