ts te s_bytes_all avg_video_rate
0.0 1000.0 0.0 0.0
1000.0 2000.0 0.0 0.0
2000.0 3000.0 0.0 0.0
3000.0 4000.0 0.0 0.0
4000.0 5000.0 0.0 0.0
5000.0 6000.0 2060.4317828604862 0.0
6000.0 7000.0 175599.5564899302 2300.0
7000.0 8000.0 485697.53137509234 2300.0
8000.0 9000.0 558755.7298506064 1500.0
9000.0 10000.0 493125.73522160004 1500.0
10000.0 11000.0 735581.4352108994 1500.0
11000.0 12000.0 623751.4619940834 1500.0
12000.0 13000.0 495286.3759064111 1500.0
13000.0 14000.0 480885.8253731789 1500.0
14000.0 15000.0 714292.234542831 1500.0
15000.0 16000.0 465159.21959014144 1500.0
16000.0 17000.0 400781.7073083665 4400.0
17000.0 18000.0 632018.4091964089 0.0
18000.0 19000.0 193825.65212218167 0.0
19000.0 20000.0 626860.969661869 4400.0
20000.0 21000.0 781784.8521523627 4400.0
21000.0 22000.0 659592.7217180073 4400.0
22000.0 23000.0 804664.0423439286 0.0
23000.0 24000.0 754067.8788583116 4400.0
24000.0 25000.0 701256.2139885664 0.0
25000.0 26000.0 685637.5936003216 4400.0
26000.0 27000.0 626203.5555353852 4400.0
27000.0 28000.0 497028.15860660915 0.0
28000.0 29000.0 525324.7253176791 4400.0
29000.0 30000.0 480647.8897831589 0.0
30000.0 31000.0 727020.3468770527 4400.0
31000.0 32000.0 589013.4040572281 0.0
32000.0 33000.0 583692.4943352194 4400.0
33000.0 34000.0 614707.3137859282 0.0
34000.0 35000.0 397340.53341378074 0.0
35000.0 36000.0 656781.4609209128 4400.0
36000.0 37000.0 387206.53907908715 0.0
37000.0 38000.0 476589.7555001917 4400.0
38000.0 39000.0 538766.5548958969 0.0
39000.0 40000.0 586745.1200114259 4400.0
40000.0 41000.0 580620.6261501885 4400.0
41000.0 42000.0 547381.9312937459 0.0
42000.0 43000.0 557970.8517314821 4400.0
43000.0 44000.0 652882.5624321266 0.0
44000.0 45000.0 453704.111280446 4400.0
45000.0 46000.0 627067.8485177313 0.0
46000.0 47000.0 546329.0581797179 4400.0
47000.0 48000.0 689424.4490275499 0.0
48000.0 49000.0 507034.5641148011 4400.0
49000.0 50000.0 586967.5970051817 0.0
50000.0 51000.0 391261.615450626 4400.0
51000.0 52000.0 570957.4900219627 0.0
52000.0 53000.0 544069.7429512623 4400.0
53000.0 54000.0 535690.055675075 0.0
54000.0 55000.0 758107.145596148 4400.0
55000.0 56000.0 661829.4186607306 4400.0
56000.0 57000.0 780591.7445687131 0.0
57000.0 58000.0 422656.756934997 0.0
58000.0 59000.0 2886.9993589112128 0.0
59000.0 60000.0 32.000641088787475 0.0
60000.0 61000.0 2353.447989476099 0.0
61000.0 62000.0 589.5520105239015 0.0
62000.0 63000.0 101684.55389318813 3000.0
63000.0 64000.0 472362.5632913871 3000.0
64000.0 65000.0 778518.3773902608 0.0
65000.0 66000.0 494375.08792246965 3000.0
66000.0 67000.0 718875.4737372398 3000.0
67000.0 68000.0 371997.2116671575 0.0
68000.0 69000.0 516249.2265300446 3000.0
69000.0 70000.0 525786.828418478 3000.0
70000.0 71000.0 605880.1388252046 0.0
71000.0 72000.0 540985.161318603 3000.0
72000.0 73000.0 786832.293808874 0.0
73000.0 74000.0 643781.9013165429 3000.0
74000.0 75000.0 457161.56039017346 0.0
75000.0 76000.0 1744.6214903763341 0.0
76000.0 77000.0 104461.61912725838 3000.0
77000.0 78000.0 462068.4866385371 0.0
78000.0 79000.0 657932.2340481017 3000.0
79000.0 80000.0 300967.6601861029 0.0
80000.0 81000.0 123339.35588668253 3000.0
81000.0 82000.0 452823.9009311688 0.0
82000.0 83000.0 343529.5878792578 3000.0
83000.0 84000.0 441725.78602095245 0.0
84000.0 85000.0 254642.56538669474 3000.0
85000.0 86000.0 396654.27575790527 0.0
86000.0 87000.0 405005.878328626 3000.0
87000.0 88000.0 422124.6092560851 0.0
88000.0 89000.0 159865.32776878195 3000.0
89000.0 90000.0 490246.72100756736 0.0
90000.0 91000.0 710381.8389498403 3000.0
91000.0 92000.0 589716.5584511 3000.0
92000.0 93000.0 502144.47703216306 3000.0
93000.0 94000.0 591552.4271518872 3000.0
94000.0 95000.0 634469.1258977873 0.0
95000.0 96000.0 724234.9011114233 3000.0
96000.0 97000.0 308287.66318207694 0.0
97000.0 98000.0 256424.9059276483 4400.0
98000.0 99000.0 709513.2801947673 0.0
99000.0 100000.0 208033.81387758447 0.0
100000.0 101000.0 124763.19838376585 4400.0
101000.0 102000.0 540674.5589012619 0.0
102000.0 103000.0 531391.9888583162 4400.0
103000.0 104000.0 489505.2718380047 0.0
104000.0 105000.0 650818.4869388815 3000.0
105000.0 106000.0 373585.29605031863 0.0
106000.0 107000.0 390231.30951085454 3000.0
107000.0 108000.0 441309.8628830017 0.0
108000.0 109000.0 346998.82680209767 2300.0
109000.0 110000.0 386181.3878972098 0.0
110000.0 111000.0 241146.53526014023 2300.0
111000.0 112000.0 554242.560805179 2300.0
112000.0 113000.0 508968.3539966148 0.0
113000.0 114000.0 523275.6274904331 2300.0
114000.0 115000.0 313470.6391033877 4400.0
115000.0 116000.0 488881.7444250571 0.0
116000.0 117000.0 604186.5355388027 4400.0
117000.0 118000.0 726657.0586867592 0.0
118000.0 119000.0 583643.54471483 4400.0
119000.0 120000.0 554081.2643067321 0.0
120000.0 121000.0 386820.72896758874 0.0
121000.0 122000.0 631032.3077386615 4400.0
122000.0 123000.0 466964.81715157186 0.0
123000.0 124000.0 217078.07111053352 4400.0
124000.0 125000.0 700023.9122539974 0.0
125000.0 126000.0 740291.91322801 4400.0
126000.0 127000.0 528441.5500972855 4400.0
127000.0 128000.0 673571.9839187005 0.0
128000.0 129000.0 544896.175692288 4400.0
129000.0 130000.0 656331.4862166082 0.0
130000.0 131000.0 551621.7740855119 4400.0
131000.0 132000.0 591799.1598023885 0.0
132000.0 133000.0 537216.5800572324 4400.0
133000.0 134000.0 623890.4684201921 0.0
134000.0 135000.0 356306.0188677818 0.0
135000.0 136000.0 0.0 0.0
136000.0 137000.0 128870.33859486927 4400.0
137000.0 138000.0 514904.1179906655 0.0
138000.0 139000.0 475949.26084491087 2300.0
139000.0 140000.0 508473.6321877576 2300.0
140000.0 141000.0 566378.7652820741 0.0
141000.0 142000.0 63922.19477589634 0.0
142000.0 143000.0 99556.5096295351 2300.0
143000.0 144000.0 392390.3425354994 2300.0
144000.0 145000.0 619834.150542607 0.0
145000.0 146000.0 371278.8708193438 2300.0
146000.0 147000.0 303051.587416877 0.0
147000.0 148000.0 446716.0523449329 2300.0
148000.0 149000.0 147942.83727609186 2300.0
149000.0 150000.0 423976.952955647 0.0
150000.0 151000.0 178158.55080133476 0.0
151000.0 152000.0 562258.683778659 2300.0
152000.0 153000.0 32420.15222329843 2300.0
153000.0 154000.0 558292.7779164144 0.0
154000.0 155000.0 154658.7399384477 2300.0
155000.0 156000.0 370629.8866946077 0.0
156000.0 157000.0 196814.04111741186 2300.0
157000.0 158000.0 431081.4135236218 0.0
158000.0 159000.0 222814.27050999564 2300.0
159000.0 160000.0 368745.9559438351 0.0
160000.0 161000.0 222517.97374017432 2300.0
161000.0 162000.0 451000.2098180724 0.0
162000.0 163000.0 165560.49751024495 2300.0
163000.0 164000.0 469387.5841833103 0.0
164000.0 165000.0 49003.64910386391 0.0
165000.0 166000.0 0.0 0.0
166000.0 167000.0 2608.6047846262286 0.0
167000.0 168000.0 302.3952153737712 0.0
168000.0 169000.0 2119.1008162185476 0.0
169000.0 170000.0 791.8991837814526 0.0
170000.0 171000.0 281116.94612364226 2300.0
171000.0 172000.0 678143.381158629 2300.0
172000.0 173000.0 690729.143221429 2300.0
173000.0 174000.0 798365.348613411 2300.0
174000.0 175000.0 699876.9407794471 2300.0
175000.0 176000.0 459856.7806127233 0.0
176000.0 177000.0 705467.8178421354 2300.0
177000.0 178000.0 586738.4828474934 0.0
178000.0 179000.0 191819.9982656877 2300.0
179000.0 180000.0 486523.16053540184 0.0
180000.0 181000.0 106293.67416687784 4400.0
181000.0 182000.0 489539.39135676785 0.0
182000.0 183000.0 586410.2957403994 4400.0
183000.0 184000.0 492512.80590259214 0.0
184000.0 185000.0 615752.8867950424 4400.0
185000.0 186000.0 494146.8179307508 0.0
186000.0 187000.0 651698.0936606852 4400.0
187000.0 188000.0 473460.4658540574 0.0
188000.0 189000.0 603965.2693610032 4400.0
189000.0 190000.0 584425.1812348282 0.0
190000.0 191000.0 477354.6101973803 4400.0
191000.0 192000.0 713684.0728070373 0.0
192000.0 193000.0 522412.1381057806 4400.0
193000.0 194000.0 540303.9453327275 0.0
194000.0 195000.0 560703.5693239516 4400.0
195000.0 196000.0 483269.3549860654 0.0
196000.0 197000.0 662371.837380848 4400.0
197000.0 198000.0 510798.9750336671 0.0
198000.0 199000.0 550810.2610413214 4400.0
199000.0 200000.0 551467.7762295761 0.0
200000.0 201000.0 793752.7137419379 4400.0
201000.0 202000.0 636336.6864612577 0.0
202000.0 203000.0 673224.760861917 3000.0
203000.0 204000.0 309644.41649352736 0.0
204000.0 205000.0 124423.69017005057 3000.0
205000.0 206000.0 441969.15352044144 0.0
206000.0 207000.0 356795.8272884307 4400.0
207000.0 208000.0 617858.0539669226 0.0
208000.0 209000.0 442686.00492765306 4400.0
209000.0 210000.0 595858.7997474306 0.0
210000.0 211000.0 418191.7289834172 0.0
211000.0 212000.0 721400.7073085228 4400.0
212000.0 213000.0 558058.3032599562 3000.0
213000.0 214000.0 675320.7710556566 3000.0
214000.0 215000.0 476441.59373439784 0.0
215000.0 216000.0 620404.1998887344 3000.0
216000.0 217000.0 454297.97064426716 3000.0
217000.0 218000.0 558072.8734040444 0.0
218000.0 219000.0 303867.72422275366 4400.0
219000.0 220000.0 556076.9017742636 0.0
220000.0 221000.0 569159.6279059515 4400.0
221000.0 222000.0 575952.1968315043 0.0
222000.0 223000.0 582722.4089228917 4400.0
223000.0 224000.0 640169.3081929043 0.0
224000.0 225000.0 476664.55478280224 4400.0
225000.0 226000.0 581215.8794746158 0.0
226000.0 227000.0 382112.8319260734 0.0
227000.0 228000.0 453871.96247324 4400.0
228000.0 229000.0 562761.1703184831 4400.0
229000.0 230000.0 679363.0704117329 0.0
230000.0 231000.0 506304.6428104575 4400.0
231000.0 232000.0 625188.5709198649 0.0
232000.0 233000.0 370708.13964716264 0.0
233000.0 234000.0 571680.272828535 4400.0
234000.0 235000.0 729101.4707592981 4400.0
235000.0 236000.0 447918.0793546925 0.0
236000.0 237000.0 521865.47345935914 4400.0
237000.0 238000.0 491610.35713090084 0.0
238000.0 239000.0 678570.0309959855 4400.0
239000.0 240000.0 625316.928332802 0.0
240000.0 241000.0 690470.3270565759 4400.0
241000.0 242000.0 637351.8971953948 0.0
242000.0 243000.0 596937.4137784876 4400.0
243000.0 244000.0 640930.3387212208 0.0
244000.0 245000.0 711827.3330113457 4400.0
245000.0 246000.0 531014.4088607751 0.0
246000.0 247000.0 148968.408784994 4400.0
247000.0 248000.0 587752.8283540243 0.0
248000.0 249000.0 519214.08544407744 4400.0
249000.0 250000.0 574272.2034424191 0.0
250000.0 251000.0 446407.70261945756 0.0
251000.0 252000.0 599856.9131886931 4400.0
252000.0 253000.0 486358.9298454566 4400.0
253000.0 254000.0 517340.648247559 0.0
254000.0 255000.0 566098.248238755 3000.0
255000.0 256000.0 358458.30575018405 0.0
256000.0 257000.0 508569.6833899442 3000.0
257000.0 258000.0 476439.67901670747 0.0
258000.0 259000.0 311217.40726493264 3000.0
259000.0 260000.0 409180.7862490079 0.0
260000.0 261000.0 303387.16186159453 3000.0
261000.0 262000.0 407478.3552174134 0.0
262000.0 263000.0 430559.3546712392 3000.0
263000.0 264000.0 485849.6357789351 0.0
264000.0 265000.0 274112.44227599783 3000.0
265000.0 266000.0 538664.8415649324 0.0
266000.0 267000.0 224216.51514243954 3000.0
267000.0 268000.0 530342.4882151051 0.0
268000.0 269000.0 261323.57709293644 3000.0
269000.0 270000.0 457184.0866095084 0.0
270000.0 271000.0 792707.3497004511 3000.0
271000.0 272000.0 602436.8384043482 3000.0
272000.0 273000.0 480448.95990919427 3000.0
273000.0 274000.0 322913.0259731305 0.0
274000.0 275000.0 391703.6224662726 4400.0
275000.0 276000.0 364631.85340305703 0.0
276000.0 277000.0 738394.1017709132 0.0
277000.0 278000.0 649749.8565561464 4400.0
278000.0 279000.0 621300.6575668822 4400.0
279000.0 280000.0 595645.6660143005 0.0
280000.0 281000.0 248992.50528194397 0.0
281000.0 282000.0 544395.6871623766 4400.0
282000.0 283000.0 528463.0042179888 0.0
283000.0 284000.0 619111.7505195371 4400.0
284000.0 285000.0 746736.1336841853 4400.0
285000.0 286000.0 495656.27269361133 0.0
286000.0 287000.0 778139.8854528728 4400.0
287000.0 288000.0 770855.6785997925 0.0
288000.0 289000.0 618753.8031953708 4400.0
289000.0 290000.0 645120.7991281801 4400.0
290000.0 291000.0 754512.4899940502 0.0
291000.0 292000.0 778484.7703029122 4400.0
292000.0 293000.0 643775.9997361675 0.0
293000.0 294000.0 0.0 0.0
294000.0 295000.0 120740.2820537818 4400.0
295000.0 296000.0 555099.9315593379 0.0
296000.0 297000.0 502510.17771282536 4400.0
297000.0 298000.0 568611.9923608071 0.0
298000.0 299000.0 774604.5668796283 4400.0
299000.0 300000.0 620619.0281527116 0.0
