ts te s_bytes_all avg_video_rate
0.0 1000.0 0.0 0.0
1000.0 2000.0 0.0 0.0
2000.0 3000.0 0.0 0.0
3000.0 4000.0 0.0 0.0
4000.0 5000.0 0.0 0.0
5000.0 6000.0 1261.2147981641533 0.0
6000.0 7000.0 275681.8541493923 2300.0
7000.0 8000.0 466902.18208927475 2300.0
8000.0 9000.0 647955.0610989718 2300.0
9000.0 10000.0 110841.45234409042 0.0
10000.0 11000.0 876605.7755382832 1500.0
11000.0 12000.0 380619.4168453473 1500.0
12000.0 13000.0 638109.8205584413 1500.0
13000.0 14000.0 434354.5685207376 1500.0
14000.0 15000.0 693614.5485360634 1500.0
15000.0 16000.0 851480.796943709 1500.0
16000.0 17000.0 540416.901174305 1500.0
17000.0 18000.0 457791.4787546685 1500.0
18000.0 19000.0 407111.72911885544 1500.0
19000.0 20000.0 204630.5758164718 0.0
20000.0 21000.0 265354.7061284167 4400.0
21000.0 22000.0 543977.475545727 0.0
22000.0 23000.0 472191.116073683 4400.0
23000.0 24000.0 539554.4701569405 0.0
24000.0 25000.0 671055.4005500556 4400.0
25000.0 26000.0 604243.9854845494 0.0
26000.0 27000.0 514227.7333071423 4400.0
27000.0 28000.0 560426.9382903497 0.0
28000.0 29000.0 568531.4761713119 3000.0
29000.0 30000.0 561071.8418117056 3000.0
30000.0 31000.0 687641.3704839933 3000.0
31000.0 32000.0 748097.902493771 0.0
32000.0 33000.0 173284.52831071054 4400.0
33000.0 34000.0 577814.9985151346 0.0
34000.0 35000.0 487551.6803897327 0.0
35000.0 36000.0 0.0 0.0
36000.0 37000.0 2913.0 0.0
37000.0 38000.0 0.0 0.0
38000.0 39000.0 17286.89106682148 0.0
39000.0 40000.0 250518.24860277434 3000.0
40000.0 41000.0 767060.7183879454 3000.0
41000.0 42000.0 508467.78271115094 3000.0
42000.0 43000.0 475572.3430377537 0.0
43000.0 44000.0 594317.0580968522 3000.0
44000.0 45000.0 712541.2245718067 3000.0
45000.0 46000.0 396870.5434494605 3000.0
46000.0 47000.0 601223.425750161 0.0
47000.0 48000.0 562511.1418974934 3000.0
48000.0 49000.0 733873.9682297467 2300.0
49000.0 50000.0 438819.66594134434 0.0
50000.0 51000.0 245468.46016883117 2300.0
51000.0 52000.0 377693.52808785817 0.0
52000.0 53000.0 268827.93517037533 2300.0
53000.0 54000.0 279815.41088936164 0.0
54000.0 55000.0 274208.9226508228 4400.0
55000.0 56000.0 527958.626713868 0.0
56000.0 57000.0 494627.74139772187 4400.0
57000.0 58000.0 536493.7380734485 0.0
58000.0 59000.0 664859.9486268543 3000.0
59000.0 60000.0 344878.3425288643 0.0
60000.0 61000.0 393047.0858465637 3000.0
61000.0 62000.0 553655.2481021197 0.0
62000.0 63000.0 151146.07937947454 3000.0
63000.0 64000.0 476245.4024517428 0.0
64000.0 65000.0 302899.9844899981 3000.0
65000.0 66000.0 669714.5150609635 0.0
66000.0 67000.0 116444.85079003351 3000.0
67000.0 68000.0 660196.6578802804 0.0
68000.0 69000.0 15194.509947507384 3000.0
69000.0 70000.0 679564.6033502632 0.0
70000.0 71000.0 55146.39664973683 0.0
71000.0 72000.0 32692.0 0.0
72000.0 73000.0 262067.4669370942 3000.0
73000.0 74000.0 564021.3699927016 3000.0
74000.0 75000.0 655903.451509331 3000.0
75000.0 76000.0 587108.4645508345 0.0
76000.0 77000.0 533189.0833770233 3000.0
77000.0 78000.0 493217.2929379456 3000.0
78000.0 79000.0 839633.0655725272 3000.0
79000.0 80000.0 508520.19674124825 0.0
80000.0 81000.0 386587.1580228381 3000.0
81000.0 82000.0 443943.8911434037 0.0
82000.0 83000.0 165006.42251880755 4400.0
83000.0 84000.0 536799.1000015333 0.0
84000.0 85000.0 570122.7285894599 4400.0
85000.0 86000.0 685156.4548920934 0.0
86000.0 87000.0 473501.42141896463 4400.0
87000.0 88000.0 583731.9166902228 0.0
88000.0 89000.0 509737.51837412134 4400.0
89000.0 90000.0 689104.2408448671 0.0
90000.0 91000.0 500256.49735163315 4400.0
91000.0 92000.0 683000.4092841018 0.0
92000.0 93000.0 649541.0426032898 4400.0
93000.0 94000.0 693177.2117571356 0.0
94000.0 95000.0 156029.94295114168 4400.0
95000.0 96000.0 421644.21888883284 0.0
96000.0 97000.0 597468.4562505077 4400.0
97000.0 98000.0 417997.15011570556 0.0
98000.0 99000.0 683884.2344003182 0.0
99000.0 100000.0 612321.311714727 3000.0
100000.0 101000.0 671426.6512943232 3000.0
101000.0 102000.0 664288.6292732662 0.0
102000.0 103000.0 226672.4500401421 3000.0
103000.0 104000.0 401240.1009124773 0.0
104000.0 105000.0 333197.01322686445 3000.0
105000.0 106000.0 430795.0250036116 0.0
106000.0 107000.0 391366.7063725756 3000.0
107000.0 108000.0 530665.5935449116 0.0
108000.0 109000.0 139308.26079084395 3000.0
109000.0 110000.0 625767.407363712 0.0
110000.0 111000.0 154917.52443530722 3000.0
111000.0 112000.0 495812.9183095542 0.0
112000.0 113000.0 129520.89949190574 3000.0
113000.0 114000.0 422392.9104433921 0.0
114000.0 115000.0 432645.46252971044 3000.0
115000.0 116000.0 377516.13652115414 0.0
116000.0 117000.0 437822.78028422326 3000.0
117000.0 118000.0 360202.6649488176 0.0
118000.0 119000.0 282602.48505993537 3000.0
119000.0 120000.0 496685.0517350354 0.0
120000.0 121000.0 459114.42169889295 3000.0
121000.0 122000.0 505232.0601000281 0.0
122000.0 123000.0 161562.83569537915 3000.0
123000.0 124000.0 465050.3407596573 0.0
124000.0 125000.0 75234.1165729329 3000.0
125000.0 126000.0 604321.3099793078 3000.0
126000.0 127000.0 660452.2049210886 0.0
127000.0 128000.0 288460.31925853906 0.0
128000.0 129000.0 73649.88694340723 3000.0
129000.0 130000.0 416423.77057778573 0.0
130000.0 131000.0 546719.1658425 3000.0
131000.0 132000.0 314577.39826933935 0.0
132000.0 133000.0 172437.8633263254 3000.0
133000.0 134000.0 365303.6872113772 0.0
134000.0 135000.0 423316.6273142441 3000.0
135000.0 136000.0 421302.6135324579 0.0
136000.0 137000.0 367253.80167304864 3000.0
137000.0 138000.0 787063.0649398842 3000.0
138000.0 139000.0 621202.1203696302 0.0
139000.0 140000.0 0.0 0.0
140000.0 141000.0 272009.66706907854 3000.0
141000.0 142000.0 562611.6130047141 3000.0
142000.0 143000.0 630723.7199262073 0.0
143000.0 144000.0 0.0 0.0
144000.0 145000.0 323661.02406629396 3000.0
145000.0 146000.0 327201.3410959077 0.0
146000.0 147000.0 355082.7299983256 3000.0
147000.0 148000.0 421532.8936294358 0.0
148000.0 149000.0 542922.1154953176 3000.0
149000.0 150000.0 344531.1446663993 0.0
150000.0 151000.0 236895.64694531995 3000.0
151000.0 152000.0 462277.8039638519 3000.0
152000.0 153000.0 908430.8739543109 3000.0
153000.0 154000.0 527919.2167341423 0.0
154000.0 155000.0 232178.32476025785 3000.0
155000.0 156000.0 414093.2608089525 0.0
156000.0 157000.0 453412.13093688025 3000.0
157000.0 158000.0 541596.4984816591 0.0
158000.0 159000.0 195972.30726096593 3000.0
159000.0 160000.0 713603.8512119974 0.0
160000.0 161000.0 343313.23162888293 3000.0
161000.0 162000.0 358034.6043610993 0.0
162000.0 163000.0 374204.8081413253 3000.0
163000.0 164000.0 306054.05236776016 0.0
164000.0 165000.0 462387.21134282846 3000.0
165000.0 166000.0 348057.7951107906 0.0
166000.0 167000.0 390245.9938541775 3000.0
167000.0 168000.0 484918.1932958471 3000.0
168000.0 169000.0 659852.323188368 0.0
169000.0 170000.0 105468.622698903 0.0
170000.0 171000.0 287715.61897007027 3000.0
171000.0 172000.0 309366.6857709196 0.0
172000.0 173000.0 97391.69525901007 0.0
173000.0 174000.0 0.0 0.0
174000.0 175000.0 278485.2277911758 3000.0
175000.0 176000.0 491257.1189832123 3000.0
176000.0 177000.0 741257.7439829109 0.0
177000.0 178000.0 565220.3766421454 3000.0
178000.0 179000.0 485220.0738266603 3000.0
179000.0 180000.0 522433.9737063664 0.0
180000.0 181000.0 277145.58457930444 3000.0
181000.0 182000.0 522932.0982322945 0.0
182000.0 183000.0 55470.35652153025 3000.0
183000.0 184000.0 733727.822493301 0.0
184000.0 185000.0 46773.314783544374 3000.0
185000.0 186000.0 704476.3084575544 0.0
186000.0 187000.0 125618.36770224139 3000.0
187000.0 188000.0 433081.3610864921 0.0
188000.0 189000.0 519071.4097425309 3000.0
189000.0 190000.0 361418.58411228866 0.0
190000.0 191000.0 178369.15640886745 3000.0
191000.0 192000.0 377638.74462982104 0.0
192000.0 193000.0 715418.1837712257 3000.0
193000.0 194000.0 248626.1925465328 0.0
194000.0 195000.0 344526.93637887476 3000.0
195000.0 196000.0 467260.0636211253 0.0
196000.0 197000.0 311134.1496137439 3000.0
197000.0 198000.0 360390.7688659248 0.0
198000.0 199000.0 413800.74141439603 3000.0
199000.0 200000.0 569503.514026386 3000.0
200000.0 201000.0 900261.278560159 0.0
201000.0 202000.0 725226.9079772781 3000.0
202000.0 203000.0 795332.8768146281 3000.0
203000.0 204000.0 530956.3027795493 0.0
204000.0 205000.0 432819.9099969297 3000.0
205000.0 206000.0 341474.70252529 0.0
206000.0 207000.0 431692.27829143533 3000.0
207000.0 208000.0 364273.60827650956 0.0
208000.0 209000.0 444876.3968630856 3000.0
209000.0 210000.0 384029.986781176 0.0
210000.0 211000.0 422359.7827269011 3000.0
211000.0 212000.0 337944.3820181616 0.0
212000.0 213000.0 380658.3677675658 3000.0
213000.0 214000.0 302093.6457435464 0.0
214000.0 215000.0 312161.56886068796 3000.0
215000.0 216000.0 472987.1734543996 0.0
216000.0 217000.0 502063.65586496436 3000.0
217000.0 218000.0 346482.63698506315 0.0
218000.0 219000.0 351936.11616862525 3000.0
219000.0 220000.0 367624.78198958875 0.0
220000.0 221000.0 415555.19797388 3000.0
221000.0 222000.0 391298.71210719453 0.0
222000.0 223000.0 299856.54415880976 3000.0
223000.0 224000.0 531052.0113941204 0.0
224000.0 225000.0 340565.69261399395 3000.0
225000.0 226000.0 317888.5581339414 0.0
226000.0 227000.0 395086.3236444169 3000.0
227000.0 228000.0 321237.85129302146 0.0
228000.0 229000.0 262265.7523176817 3000.0
229000.0 230000.0 425367.29396393633 0.0
230000.0 231000.0 521562.87782437017 3000.0
231000.0 232000.0 323724.2433443512 0.0
232000.0 233000.0 396507.3982991271 3000.0
233000.0 234000.0 364823.524563554 0.0
234000.0 235000.0 424288.9793535836 3000.0
235000.0 236000.0 404517.4914900709 0.0
236000.0 237000.0 365939.7851025052 3000.0
237000.0 238000.0 316735.2849842503 0.0
238000.0 239000.0 81170.94307119578 0.0
239000.0 240000.0 0.0 0.0
240000.0 241000.0 2913.0 0.0
241000.0 242000.0 0.0 0.0
242000.0 243000.0 2913.0 0.0
243000.0 244000.0 0.0 0.0
244000.0 245000.0 500684.81413018407 3000.0
245000.0 246000.0 753183.1504410466 3000.0
246000.0 247000.0 647642.9733438346 3000.0
247000.0 248000.0 721754.951352988 3000.0
248000.0 249000.0 460527.0442619388 3000.0
249000.0 250000.0 227651.00905693494 3000.0
250000.0 251000.0 448964.99352368794 3000.0
251000.0 252000.0 698881.6144592045 3000.0
252000.0 253000.0 535475.4494301805 0.0
253000.0 254000.0 0.0 0.0
254000.0 255000.0 253461.38762106752 3000.0
255000.0 256000.0 679023.9495787747 3000.0
256000.0 257000.0 645005.4576829826 3000.0
257000.0 258000.0 448879.0761892601 0.0
258000.0 259000.0 410896.84898404696 3000.0
259000.0 260000.0 626509.0439730878 0.0
260000.0 261000.0 126870.32881551927 3000.0
261000.0 262000.0 626895.9071552609 0.0
262000.0 263000.0 344291.8976554194 3000.0
263000.0 264000.0 330437.0700425371 0.0
264000.0 265000.0 86530.03230204349 0.0
265000.0 266000.0 0.0 0.0
266000.0 267000.0 281368.1272872781 3000.0
267000.0 268000.0 635904.2948736391 3000.0
268000.0 269000.0 672297.5778390827 0.0
269000.0 270000.0 0.0 0.0
270000.0 271000.0 305195.789345774 3000.0
271000.0 272000.0 607081.1359554369 3000.0
272000.0 273000.0 616480.504477648 0.0
273000.0 274000.0 341083.1753347395 3000.0
274000.0 275000.0 556698.9435678613 3000.0
275000.0 276000.0 611705.1080528047 3000.0
276000.0 277000.0 546620.7801205687 0.0
277000.0 278000.0 41610.56314516694 0.0
278000.0 279000.0 352016.32858190895 3000.0
279000.0 280000.0 312746.8347661112 0.0
280000.0 281000.0 273284.4829828128 3000.0
281000.0 282000.0 441581.6861644386 0.0
282000.0 283000.0 378760.2639280252 3000.0
283000.0 284000.0 429692.32415590883 0.0
284000.0 285000.0 208580.07942079444 0.0
285000.0 286000.0 0.0 0.0
286000.0 287000.0 250419.4851999745 3000.0
287000.0 288000.0 553878.843109796 3000.0
288000.0 289000.0 764278.9507694251 3000.0
289000.0 290000.0 574381.4256716243 3000.0
290000.0 291000.0 681089.5449978744 3000.0
291000.0 292000.0 564082.2311819583 0.0
292000.0 293000.0 236804.51906934724 0.0
293000.0 294000.0 0.0 0.0
294000.0 295000.0 322165.8654961733 3000.0
295000.0 296000.0 521074.4656090904 3000.0
296000.0 297000.0 630691.6688947363 0.0
297000.0 298000.0 0.0 0.0
298000.0 299000.0 247019.72819415535 3000.0
299000.0 300000.0 102967.27180584465 0.0
300000.0 301000.0 0.0 0.0
