ts te s_bytes_all avg_video_rate
0.0 1000.0 0.0 0.0
1000.0 2000.0 0.0 0.0
2000.0 3000.0 0.0 0.0
3000.0 4000.0 0.0 0.0
4000.0 5000.0 0.0 0.0
5000.0 6000.0 0.0 0.0
6000.0 7000.0 0.0 0.0
7000.0 8000.0 340714.3395385114 2300.0
8000.0 9000.0 380075.77566054446 2300.0
9000.0 10000.0 520583.1813390007 2300.0
10000.0 11000.0 609994.036919073 2300.0
11000.0 12000.0 363854.9301762984 0.0
12000.0 13000.0 783242.6388183912 2300.0
13000.0 14000.0 507666.9776264331 2300.0
14000.0 15000.0 797759.3564420289 2300.0
15000.0 16000.0 585989.010109629 2300.0
16000.0 17000.0 781257.8547247744 2300.0
17000.0 18000.0 712019.7651646917 2300.0
18000.0 19000.0 553503.8275949056 2300.0
19000.0 20000.0 576365.9379624096 2300.0
20000.0 21000.0 459709.02336257667 4400.0
21000.0 22000.0 602642.1368515192 0.0
22000.0 23000.0 500263.26350534667 4400.0
23000.0 24000.0 647314.6767771988 0.0
24000.0 25000.0 677827.2372741215 4400.0
25000.0 26000.0 718771.9883124685 0.0
26000.0 27000.0 538277.6308591632 4400.0
27000.0 28000.0 688444.1593265698 0.0
28000.0 29000.0 552721.1674342698 4400.0
29000.0 30000.0 842843.6634996871 4400.0
30000.0 31000.0 568816.5819192718 0.0
31000.0 32000.0 630246.6121788386 4400.0
32000.0 33000.0 578155.5247720734 0.0
33000.0 34000.0 528135.144582872 4400.0
34000.0 35000.0 580662.1677058218 0.0
35000.0 36000.0 502385.00035740365 4400.0
36000.0 37000.0 706752.1223279918 0.0
37000.0 38000.0 542963.2460377656 4400.0
38000.0 39000.0 589077.1571384374 0.0
39000.0 40000.0 598373.2898612488 4400.0
40000.0 41000.0 557373.196623102 0.0
41000.0 42000.0 597277.5033543217 4400.0
42000.0 43000.0 515345.9597473715 0.0
43000.0 44000.0 589143.9928540525 4400.0
44000.0 45000.0 575697.1838113167 0.0
45000.0 46000.0 569724.5593191609 4400.0
46000.0 47000.0 538072.8555203405 0.0
47000.0 48000.0 290281.50898680295 0.0
48000.0 49000.0 518995.89786006033 1500.0
49000.0 50000.0 460363.7856950404 1500.0
50000.0 51000.0 208625.0286080698 0.0
51000.0 52000.0 293135.2823674861 1500.0
52000.0 53000.0 149976.81909153663 0.0
53000.0 54000.0 282699.4863200485 1500.0
54000.0 55000.0 347825.2358274413 1500.0
55000.0 56000.0 140993.2778525102 0.0
56000.0 57000.0 0.0 0.0
57000.0 58000.0 398712.6272435249 3000.0
58000.0 59000.0 368793.4258224204 0.0
59000.0 60000.0 422266.3158707157 3000.0
60000.0 61000.0 370895.0226288086 0.0
61000.0 62000.0 485398.90570691053 3000.0
62000.0 63000.0 325859.0168675224 0.0
63000.0 64000.0 408338.3135897589 3000.0
64000.0 65000.0 344278.9966318346 0.0
65000.0 66000.0 430686.185157705 3000.0
66000.0 67000.0 349227.28460156516 0.0
67000.0 68000.0 467945.3824524769 3000.0
68000.0 69000.0 585294.1705801465 3000.0
69000.0 70000.0 663936.6428424001 4400.0
70000.0 71000.0 469734.99803713436 0.0
71000.0 72000.0 642097.421429578 4400.0
72000.0 73000.0 619638.6178966528 0.0
73000.0 74000.0 359324.6726408452 0.0
74000.0 75000.0 0.0 0.0
75000.0 76000.0 381800.36197988084 4400.0
76000.0 77000.0 609786.9916495569 0.0
77000.0 78000.0 755053.8521398028 3000.0
78000.0 79000.0 148501.79423075952 0.0
79000.0 80000.0 0.0 0.0
80000.0 81000.0 601647.7799375018 3000.0
81000.0 82000.0 478128.77740450203 3000.0
82000.0 83000.0 633758.2017660559 3000.0
83000.0 84000.0 798482.0278536279 3000.0
84000.0 85000.0 494331.1041409792 0.0
85000.0 86000.0 569323.7845762174 3000.0
86000.0 87000.0 362602.0789886693 0.0
87000.0 88000.0 371484.93631838344 3000.0
88000.0 89000.0 347467.1137921412 0.0
89000.0 90000.0 382300.65969252057 3000.0
90000.0 91000.0 322131.0526692809 0.0
91000.0 92000.0 380286.9512734537 3000.0
92000.0 93000.0 451704.0731665033 0.0
93000.0 94000.0 479627.7396894372 3000.0
94000.0 95000.0 545783.7187307262 0.0
95000.0 96000.0 394968.0783124339 3000.0
96000.0 97000.0 279419.9216875661 0.0
97000.0 98000.0 397051.15880072967 6500.0
98000.0 99000.0 608806.9590139447 0.0
99000.0 100000.0 726414.3743919958 0.0
100000.0 101000.0 594046.6660037439 3000.0
101000.0 102000.0 655781.6802675797 3000.0
102000.0 103000.0 324192.569929511 0.0
103000.0 104000.0 441396.9615583932 3000.0
104000.0 105000.0 406235.2651937098 0.0
105000.0 106000.0 287949.9258191817 4400.0
106000.0 107000.0 563203.045632016 0.0
107000.0 108000.0 641771.4529838827 4400.0
108000.0 109000.0 550479.280144097 0.0
109000.0 110000.0 585436.7306954148 4400.0
110000.0 111000.0 510595.60831517086 0.0
111000.0 112000.0 525293.0139482794 4400.0
112000.0 113000.0 572592.3817143831 0.0
113000.0 114000.0 788004.0889552158 4400.0
114000.0 115000.0 566448.8366327506 0.0
115000.0 116000.0 0.0 0.0
116000.0 117000.0 0.0 0.0
117000.0 118000.0 2916.0 0.0
118000.0 119000.0 44213.91337048264 3000.0
119000.0 120000.0 764503.3793447469 3000.0
120000.0 121000.0 783640.3683462695 0.0
121000.0 122000.0 590705.1516471882 3000.0
122000.0 123000.0 632262.6391621365 3000.0
123000.0 124000.0 724253.2741620403 3000.0
124000.0 125000.0 668991.2970296374 3000.0
125000.0 126000.0 873105.9352664852 3000.0
126000.0 127000.0 431269.5101637661 0.0
127000.0 128000.0 338512.0268917591 3000.0
128000.0 129000.0 370329.2293169185 0.0
129000.0 130000.0 515459.0649369239 4400.0
130000.0 131000.0 628862.9961589624 0.0
131000.0 132000.0 592103.4434867732 4400.0
132000.0 133000.0 478651.37893510226 0.0
133000.0 134000.0 576533.3309875745 4400.0
134000.0 135000.0 552069.2321798976 0.0
135000.0 136000.0 575656.0172946611 4400.0
136000.0 137000.0 559847.7744289148 0.0
137000.0 138000.0 590882.7788247055 4400.0
138000.0 139000.0 541970.2199017442 0.0
139000.0 140000.0 573164.4134778177 4400.0
140000.0 141000.0 565928.5984167536 0.0
141000.0 142000.0 580673.8416091164 4400.0
142000.0 143000.0 534806.6932340842 0.0
143000.0 144000.0 524007.24941990164 4400.0
144000.0 145000.0 600950.667498589 0.0
145000.0 146000.0 652915.5127033611 4400.0
146000.0 147000.0 495738.01160025917 0.0
147000.0 148000.0 555244.1019418098 4400.0
148000.0 149000.0 541947.8766613146 0.0
149000.0 150000.0 558735.333696154 4400.0
150000.0 151000.0 541376.8607059419 0.0
151000.0 152000.0 567801.0812819032 4400.0
152000.0 153000.0 548273.3850916702 0.0
153000.0 154000.0 516422.8127908128 4400.0
154000.0 155000.0 557503.8487024824 0.0
155000.0 156000.0 703596.5974309102 4400.0
156000.0 157000.0 448967.7255191463 0.0
157000.0 158000.0 485270.7659676627 4400.0
158000.0 159000.0 587761.0526457988 0.0
159000.0 160000.0 566764.1400872678 4400.0
160000.0 161000.0 624534.6109179631 0.0
161000.0 162000.0 284611.8567625899 0.0
162000.0 163000.0 0.0 0.0
163000.0 164000.0 0.0 0.0
164000.0 165000.0 0.0 0.0
165000.0 166000.0 113840.14111871496 3000.0
166000.0 167000.0 734011.9756183007 3000.0
167000.0 168000.0 517440.6822987936 0.0
168000.0 169000.0 770089.7440494436 3000.0
169000.0 170000.0 660878.2054003085 3000.0
170000.0 171000.0 757181.6740214594 3000.0
171000.0 172000.0 781495.6654769024 3000.0
172000.0 173000.0 666778.2861602622 3000.0
173000.0 174000.0 672414.7521228672 3000.0
174000.0 175000.0 435630.7667404389 0.0
175000.0 176000.0 452719.72931831237 3000.0
176000.0 177000.0 337594.8173778313 0.0
177000.0 178000.0 411342.0662249861 4400.0
178000.0 179000.0 425754.4207628312 0.0
179000.0 180000.0 452302.81940941256 4400.0
180000.0 181000.0 533642.0733965382 0.0
181000.0 182000.0 568526.9851608494 4400.0
182000.0 183000.0 605712.842970606 0.0
183000.0 184000.0 596289.6688550485 4400.0
184000.0 185000.0 541031.5239582562 0.0
185000.0 186000.0 600367.3594363368 4400.0
186000.0 187000.0 461263.3196589587 0.0
187000.0 188000.0 517940.68255440996 4400.0
188000.0 189000.0 589421.631037024 0.0
189000.0 190000.0 579143.9445284993 4400.0
190000.0 191000.0 545533.5781172202 0.0
191000.0 192000.0 607090.7706908855 4400.0
192000.0 193000.0 543187.1653686711 0.0
193000.0 194000.0 478953.75375342206 4400.0
194000.0 195000.0 556440.3618176939 0.0
195000.0 196000.0 632350.2337423494 4400.0
196000.0 197000.0 573012.891377219 0.0
197000.0 198000.0 614855.8381487017 4400.0
198000.0 199000.0 558848.2681233028 0.0
199000.0 200000.0 554309.1819452173 4400.0
200000.0 201000.0 525294.6486402858 0.0
201000.0 202000.0 590569.7963504335 4400.0
202000.0 203000.0 542869.2034044729 0.0
203000.0 204000.0 546237.7884206285 4400.0
204000.0 205000.0 552743.9867410903 0.0
205000.0 206000.0 636724.6126261356 4400.0
206000.0 207000.0 542173.9891621801 0.0
207000.0 208000.0 535853.2492874042 4400.0
208000.0 209000.0 540193.2828132599 0.0
209000.0 210000.0 548633.3131259392 4400.0
210000.0 211000.0 526189.5022798373 0.0
211000.0 212000.0 812539.1805957517 3000.0
212000.0 213000.0 604869.3169208233 3000.0
213000.0 214000.0 653712.8601257753 3000.0
214000.0 215000.0 356080.26550315745 0.0
215000.0 216000.0 466191.9210283018 4400.0
216000.0 217000.0 506916.17547153204 0.0
217000.0 218000.0 541993.0871612953 4400.0
218000.0 219000.0 526449.121651632 0.0
219000.0 220000.0 579009.2358263542 4400.0
220000.0 221000.0 536199.8611905782 0.0
221000.0 222000.0 530320.9364470465 4400.0
222000.0 223000.0 565026.1201891464 0.0
223000.0 224000.0 585801.0864612204 4400.0
224000.0 225000.0 523240.33012063464 0.0
225000.0 226000.0 569709.0127825489 4400.0
226000.0 227000.0 556569.6230425824 0.0
227000.0 228000.0 603785.3891057265 4400.0
228000.0 229000.0 544620.4647323862 0.0
229000.0 230000.0 529172.953547286 4400.0
230000.0 231000.0 541220.1951684405 0.0
231000.0 232000.0 608841.351928403 4400.0
232000.0 233000.0 536321.0886627515 0.0
233000.0 234000.0 544812.1143123381 4400.0
234000.0 235000.0 554044.5929451734 0.0
235000.0 236000.0 628564.869366701 4400.0
236000.0 237000.0 565176.8826812943 0.0
237000.0 238000.0 559902.6174502764 4400.0
238000.0 239000.0 542059.0881625665 0.0
239000.0 240000.0 598126.3208526692 4400.0
240000.0 241000.0 432245.8740923374 0.0
241000.0 242000.0 412726.14674099046 4400.0
242000.0 243000.0 582291.7282845667 0.0
243000.0 244000.0 613365.4774233911 4400.0
244000.0 245000.0 583123.7356622664 0.0
245000.0 246000.0 551984.0150693489 4400.0
246000.0 247000.0 484981.36749619537 0.0
247000.0 248000.0 597633.6744581845 4400.0
248000.0 249000.0 577889.8380045386 0.0
249000.0 250000.0 574400.7661369916 4400.0
250000.0 251000.0 552710.4989562193 0.0
251000.0 252000.0 565174.5398558767 4400.0
252000.0 253000.0 422965.26211545174 0.0
253000.0 254000.0 468705.76433641487 4400.0
254000.0 255000.0 603703.9579878481 0.0
255000.0 256000.0 626730.3071053454 4400.0
256000.0 257000.0 538529.0357478389 0.0
257000.0 258000.0 670548.4270745264 3000.0
258000.0 259000.0 415811.598835671 0.0
259000.0 260000.0 404112.298609773 3000.0
260000.0 261000.0 408172.3993620462 0.0
261000.0 262000.0 390744.95759435196 3000.0
262000.0 263000.0 691488.2165826524 3000.0
263000.0 264000.0 760765.2729495418 3000.0
264000.0 265000.0 374024.89330388454 0.0
265000.0 266000.0 448906.7098484597 4400.0
266000.0 267000.0 484042.77509201155 0.0
267000.0 268000.0 590057.1547734446 4400.0
268000.0 269000.0 501251.3196489281 0.0
269000.0 270000.0 519131.6508932711 4400.0
270000.0 271000.0 563406.1495638407 0.0
271000.0 272000.0 595232.0916318318 4400.0
272000.0 273000.0 579048.3807648735 0.0
273000.0 274000.0 656990.818133967 4400.0
274000.0 275000.0 539432.7848855348 0.0
275000.0 276000.0 554510.3270356093 4400.0
276000.0 277000.0 527608.5569198655 0.0
277000.0 278000.0 544358.4846110201 4400.0
278000.0 279000.0 547778.6604858021 0.0
279000.0 280000.0 575301.992394418 4400.0
280000.0 281000.0 522854.0477152331 0.0
281000.0 282000.0 548705.837426454 4400.0
282000.0 283000.0 594618.0445917704 0.0
283000.0 284000.0 609281.896211559 4400.0
284000.0 285000.0 542884.9022561962 0.0
285000.0 286000.0 553652.6814465616 4400.0
286000.0 287000.0 484455.39147516125 0.0
287000.0 288000.0 548797.0168456705 4400.0
288000.0 289000.0 591918.1517098909 0.0
289000.0 290000.0 506033.3252956311 4400.0
290000.0 291000.0 566955.7421485928 0.0
291000.0 292000.0 660498.4725436541 4400.0
292000.0 293000.0 483616.8547771409 0.0
293000.0 294000.0 547220.4024139647 4400.0
294000.0 295000.0 562057.9788187954 0.0
295000.0 296000.0 656214.981540193 4400.0
296000.0 297000.0 547523.0751575578 0.0
297000.0 298000.0 447526.23993594333 4400.0
298000.0 299000.0 545113.5768976368 0.0
299000.0 300000.0 605432.2946402242 4400.0
