ts te s_bytes_all avg_video_rate
0.0 1000.0 0.0 0.0
1000.0 2000.0 0.0 0.0
2000.0 3000.0 0.0 0.0
3000.0 4000.0 0.0 0.0
4000.0 5000.0 0.0 0.0
5000.0 6000.0 0.0 0.0
6000.0 7000.0 542333.1003928186 2300.0
7000.0 8000.0 379658.99985066743 2300.0
8000.0 9000.0 549462.1613120746 840.0
9000.0 10000.0 525640.2102445698 840.0
10000.0 11000.0 380246.24814860075 840.0
11000.0 12000.0 494673.1889226874 840.0
12000.0 13000.0 484151.5606174767 1280.0
13000.0 14000.0 425376.5305111048 0.0
14000.0 15000.0 101329.49007809111 3000.0
15000.0 16000.0 536014.1851308615 0.0
16000.0 17000.0 454764.57415160193 3000.0
17000.0 18000.0 380397.6667430537 0.0
18000.0 19000.0 480175.5470388734 3000.0
19000.0 20000.0 297318.2165551632 0.0
20000.0 21000.0 363895.8370283029 4400.0
21000.0 22000.0 514752.3959197931 0.0
22000.0 23000.0 549175.9060043609 4400.0
23000.0 24000.0 602187.2920792387 0.0
24000.0 25000.0 694543.5457843891 4400.0
25000.0 26000.0 508585.91974213277 0.0
26000.0 27000.0 457464.4535575168 4400.0
27000.0 28000.0 567785.7338086828 0.0
28000.0 29000.0 540100.2619655643 4400.0
29000.0 30000.0 559802.9323094756 0.0
30000.0 31000.0 627572.9393400968 3000.0
31000.0 32000.0 338148.7452618487 0.0
32000.0 33000.0 287451.47268700897 3000.0
33000.0 34000.0 503018.5716857603 0.0
34000.0 35000.0 279097.21437167196 3000.0
35000.0 36000.0 513569.54565837537 0.0
36000.0 37000.0 141086.0810337895 3000.0
37000.0 38000.0 657239.4001217132 0.0
38000.0 39000.0 4511.07194263328 0.0
39000.0 40000.0 0.0 0.0
40000.0 41000.0 298201.41313347867 3000.0
41000.0 42000.0 501980.06662088464 3000.0
42000.0 43000.0 873485.7578473161 3000.0
43000.0 44000.0 589468.7815025428 3000.0
44000.0 45000.0 677547.0951612805 0.0
45000.0 46000.0 501675.80461327086 3000.0
46000.0 47000.0 636244.709369131 3000.0
47000.0 48000.0 476855.2607314207 0.0
48000.0 49000.0 580636.5352636018 3000.0
49000.0 50000.0 307084.8377971421 0.0
50000.0 51000.0 409570.12334837747 3000.0
51000.0 52000.0 337966.1349031109 0.0
52000.0 53000.0 306019.0926251461 3000.0
53000.0 54000.0 418513.3307050593 0.0
54000.0 55000.0 474128.81031451136 3000.0
55000.0 56000.0 328140.5852897249 0.0
56000.0 57000.0 393394.90474537265 3000.0
57000.0 58000.0 420528.8051690591 0.0
58000.0 59000.0 97273.95085956891 0.0
59000.0 60000.0 0.0 0.0
60000.0 61000.0 415998.34909161355 3000.0
61000.0 62000.0 294359.2930819066 0.0
62000.0 63000.0 384493.3239312474 3000.0
63000.0 64000.0 546817.9781406685 3000.0
64000.0 65000.0 858789.7993088624 3000.0
65000.0 66000.0 452804.2225643833 0.0
66000.0 67000.0 482457.86337904783 3000.0
67000.0 68000.0 360490.12051341624 0.0
68000.0 69000.0 407794.3667243547 3000.0
69000.0 70000.0 378328.09713103157 0.0
70000.0 71000.0 498260.7385554389 3000.0
71000.0 72000.0 322990.7394943433 0.0
72000.0 73000.0 20164.10808368565 0.0
73000.0 74000.0 0.0 0.0
74000.0 75000.0 429014.6028285397 3000.0
75000.0 76000.0 764605.5839115516 3000.0
76000.0 77000.0 696765.9173899861 3000.0
77000.0 78000.0 485655.89586992253 0.0
78000.0 79000.0 2919.0 0.0
79000.0 80000.0 74090.83544204259 3000.0
80000.0 81000.0 803740.7564068326 3000.0
81000.0 82000.0 551176.6147356114 3000.0
82000.0 83000.0 825325.1091598797 0.0
83000.0 84000.0 109415.18905579322 3000.0
84000.0 85000.0 443254.8148897516 0.0
85000.0 86000.0 652479.5423700312 3000.0
86000.0 87000.0 699045.8672637456 3000.0
87000.0 88000.0 423974.64440576814 0.0
88000.0 89000.0 97907.62627054391 0.0
89000.0 90000.0 0.0 0.0
90000.0 91000.0 2919.0 0.0
91000.0 92000.0 0.0 0.0
92000.0 93000.0 2919.0 0.0
93000.0 94000.0 16524.713843956226 3000.0
94000.0 95000.0 423712.60480907024 0.0
95000.0 96000.0 759943.8306793491 3000.0
96000.0 97000.0 720114.895339923 3000.0
97000.0 98000.0 766399.3997438852 3000.0
98000.0 99000.0 765367.4995975057 3000.0
99000.0 100000.0 706220.4266110521 3000.0
100000.0 101000.0 769135.9170874655 3000.0
101000.0 102000.0 397685.69493044884 0.0
102000.0 103000.0 489328.4181915986 3000.0
103000.0 104000.0 292197.20019476314 0.0
104000.0 105000.0 454200.75811611215 3000.0
105000.0 106000.0 302703.7907769293 0.0
106000.0 107000.0 420267.40459726955 4400.0
107000.0 108000.0 488479.0498689361 0.0
108000.0 109000.0 516409.12824971403 4400.0
109000.0 110000.0 623778.429264702 0.0
110000.0 111000.0 758440.1151861456 3000.0
111000.0 112000.0 256860.48848492515 0.0
112000.0 113000.0 517918.4605485101 3000.0
113000.0 114000.0 264137.7387699776 0.0
114000.0 115000.0 526871.3364670034 3000.0
115000.0 116000.0 255218.07378883308 0.0
116000.0 117000.0 528476.8919104561 3000.0
117000.0 118000.0 278205.76184662594 0.0
118000.0 119000.0 513968.63499800715 3000.0
119000.0 120000.0 293031.8812505935 0.0
120000.0 121000.0 475470.08730697207 3000.0
121000.0 122000.0 243001.30868612183 0.0
122000.0 123000.0 151714.59832999558 3000.0
123000.0 124000.0 470476.08567774715 0.0
124000.0 125000.0 639306.1166178486 3000.0
125000.0 126000.0 428866.3488806909 0.0
126000.0 127000.0 365901.69523251045 3000.0
127000.0 128000.0 311956.21411435504 0.0
128000.0 129000.0 0.0 0.0
129000.0 130000.0 0.0 0.0
130000.0 131000.0 2915.0 0.0
131000.0 132000.0 0.0 0.0
132000.0 133000.0 2915.0 0.0
133000.0 134000.0 48968.07539375982 3000.0
134000.0 135000.0 824663.5738601475 3000.0
135000.0 136000.0 609540.8042461384 0.0
136000.0 137000.0 905525.3694856081 3000.0
137000.0 138000.0 534116.5954772719 3000.0
138000.0 139000.0 831652.6999114979 3000.0
139000.0 140000.0 681746.6528543832 3000.0
140000.0 141000.0 763587.81253284 3000.0
141000.0 142000.0 621477.1105036422 3000.0
142000.0 143000.0 774543.453351515 3000.0
143000.0 144000.0 341993.82698360324 0.0
144000.0 145000.0 553533.2207324988 3000.0
145000.0 146000.0 278744.80466709373 0.0
146000.0 147000.0 364786.2967301346 4400.0
147000.0 148000.0 523784.61609648727 0.0
148000.0 149000.0 510647.18210124463 4400.0
149000.0 150000.0 558552.4979483485 0.0
150000.0 151000.0 533680.0159558973 4400.0
151000.0 152000.0 642274.7362546241 0.0
152000.0 153000.0 463182.7264613069 4400.0
153000.0 154000.0 523113.78064845083 0.0
154000.0 155000.0 556226.4396262567 4400.0
155000.0 156000.0 617116.2875498267 0.0
156000.0 157000.0 528952.5155481488 4400.0
157000.0 158000.0 652596.9957789223 0.0
158000.0 159000.0 387758.2520828237 3000.0
159000.0 160000.0 545199.6572175277 0.0
160000.0 161000.0 514988.17096545507 3000.0
161000.0 162000.0 257730.11439395562 0.0
162000.0 163000.0 460627.04559976177 3000.0
163000.0 164000.0 326744.4086071278 0.0
164000.0 165000.0 513112.3640425525 3000.0
165000.0 166000.0 571900.4587946851 3000.0
166000.0 167000.0 541623.4375964621 0.0
167000.0 168000.0 0.0 0.0
168000.0 169000.0 0.0 0.0
169000.0 170000.0 136508.53043926993 3000.0
170000.0 171000.0 740981.7771744153 3000.0
171000.0 172000.0 705807.7275176217 3000.0
172000.0 173000.0 733008.2893416296 3000.0
173000.0 174000.0 510741.46308304946 0.0
174000.0 175000.0 513707.4474921959 3000.0
175000.0 176000.0 362405.5822979919 0.0
176000.0 177000.0 468905.95290148945 4400.0
177000.0 178000.0 413712.38432055974 0.0
178000.0 179000.0 515779.42191898415 4400.0
179000.0 180000.0 625060.7580692827 0.0
180000.0 181000.0 505727.4937526181 4400.0
181000.0 182000.0 591786.2078468006 0.0
182000.0 183000.0 228309.96384409152 0.0
183000.0 184000.0 0.0 0.0
184000.0 185000.0 27074.896621344946 0.0
185000.0 186000.0 588572.708284668 4400.0
186000.0 187000.0 838289.2905959566 3000.0
187000.0 188000.0 664439.2308439456 3000.0
188000.0 189000.0 672665.7194613463 3000.0
189000.0 190000.0 486817.1027129313 0.0
190000.0 191000.0 392920.8949782172 3000.0
191000.0 192000.0 532096.1565015902 0.0
192000.0 193000.0 447206.14788789826 3000.0
193000.0 194000.0 320480.6097068296 0.0
194000.0 195000.0 519283.3866657325 3000.0
195000.0 196000.0 249814.15393469002 0.0
196000.0 197000.0 384101.4172604452 3000.0
197000.0 198000.0 318980.6985644923 0.0
198000.0 199000.0 402988.8582551095 4400.0
199000.0 200000.0 578072.8142378142 0.0
200000.0 201000.0 181460.91348698852 0.0
201000.0 202000.0 0.0 0.0
202000.0 203000.0 2918.0 0.0
203000.0 204000.0 0.0 0.0
204000.0 205000.0 128987.77822423041 0.0
205000.0 206000.0 524507.4158620734 3000.0
206000.0 207000.0 700084.1212579452 3000.0
207000.0 208000.0 749065.7873177826 3000.0
208000.0 209000.0 652773.62514054 3000.0
209000.0 210000.0 647245.7889634261 3000.0
210000.0 211000.0 641244.3058199873 3000.0
211000.0 212000.0 356723.5422519724 0.0
212000.0 213000.0 344516.3946828829 3000.0
213000.0 214000.0 406173.64529865957 3000.0
214000.0 215000.0 896114.005402967 3000.0
215000.0 216000.0 532964.8228107657 0.0
216000.0 217000.0 209983.7669667674 0.0
217000.0 218000.0 0.0 0.0
218000.0 219000.0 353998.07799865655 3000.0
219000.0 220000.0 326419.4661139499 0.0
220000.0 221000.0 409689.4175407157 3000.0
221000.0 222000.0 425112.5651559154 0.0
222000.0 223000.0 476445.84648823354 3000.0
223000.0 224000.0 272918.6267025289 0.0
224000.0 225000.0 432196.50394407305 3000.0
225000.0 226000.0 342715.9223842511 0.0
226000.0 227000.0 515819.63394335506 3000.0
227000.0 228000.0 236793.28001000013 0.0
228000.0 229000.0 305611.2040456721 3000.0
229000.0 230000.0 411426.22975599655 0.0
230000.0 231000.0 351669.8098534664 3000.0
231000.0 232000.0 398866.8884320417 0.0
232000.0 233000.0 552054.2953624785 3000.0
233000.0 234000.0 386993.3238938713 0.0
234000.0 235000.0 322888.15914734936 3000.0
235000.0 236000.0 391930.0413026673 0.0
236000.0 237000.0 374975.3489941609 3000.0
237000.0 238000.0 580540.9065151319 0.0
238000.0 239000.0 350730.1512789762 3000.0
239000.0 240000.0 310504.3011365085 0.0
240000.0 241000.0 486218.0501670211 3000.0
241000.0 242000.0 655375.7965387256 3000.0
242000.0 243000.0 723913.8963233714 3000.0
243000.0 244000.0 384586.35705240484 0.0
244000.0 245000.0 545165.1866896258 3000.0
245000.0 246000.0 333426.6931481315 0.0
246000.0 247000.0 430583.8810272434 3000.0
247000.0 248000.0 367893.6384113876 0.0
248000.0 249000.0 513175.8432778761 3000.0
249000.0 250000.0 325225.11824804853 0.0
250000.0 251000.0 356576.42462461366 3000.0
251000.0 252000.0 317689.5914444226 0.0
252000.0 253000.0 468743.21754244954 3000.0
253000.0 254000.0 354047.82558975794 0.0
254000.0 255000.0 180051.76944210412 3000.0
255000.0 256000.0 681369.2376304414 0.0
256000.0 257000.0 421027.5046264418 3000.0
257000.0 258000.0 282418.96821593266 0.0
258000.0 259000.0 457871.0676640028 3000.0
259000.0 260000.0 255188.206504651 0.0
260000.0 261000.0 492959.6619535263 3000.0
261000.0 262000.0 274255.1356274217 0.0
262000.0 263000.0 449201.4970374785 3000.0
263000.0 264000.0 324572.39866872807 0.0
264000.0 265000.0 564383.9491868671 3000.0
265000.0 266000.0 240619.0833573244 0.0
266000.0 267000.0 436528.3645149296 3000.0
267000.0 268000.0 289621.02490877453 0.0
268000.0 269000.0 478486.03416473954 3000.0
269000.0 270000.0 344845.86275114893 0.0
270000.0 271000.0 373866.2203323742 3000.0
271000.0 272000.0 364626.9398488407 0.0
272000.0 273000.0 465555.93370759394 3000.0
273000.0 274000.0 343296.3088936851 0.0
274000.0 275000.0 461508.03195765195 3000.0
275000.0 276000.0 355720.4440609204 0.0
276000.0 277000.0 453940.24281982845 3000.0
277000.0 278000.0 346735.31310710125 0.0
278000.0 279000.0 436408.02810499544 3000.0
279000.0 280000.0 338047.7408040697 0.0
280000.0 281000.0 321088.49888398213 3000.0
281000.0 282000.0 340710.06566217117 0.0
282000.0 283000.0 444441.6594629739 3000.0
283000.0 284000.0 624615.4777421916 3000.0
284000.0 285000.0 612388.8082720275 0.0
285000.0 286000.0 0.0 0.0
286000.0 287000.0 465423.4527922238 3000.0
287000.0 288000.0 270643.4397580744 0.0
288000.0 289000.0 30907.107449701867 0.0
289000.0 290000.0 0.0 0.0
290000.0 291000.0 2914.0 0.0
291000.0 292000.0 0.0 0.0
292000.0 293000.0 2914.0 0.0
293000.0 294000.0 0.0 0.0
294000.0 295000.0 393124.863748215 3000.0
295000.0 296000.0 628252.8926185202 3000.0
296000.0 297000.0 842255.966410816 3000.0
297000.0 298000.0 626457.6935967368 3000.0
298000.0 299000.0 856373.2727261778 3000.0
299000.0 300000.0 451358.4174859826 0.0
300000.0 301000.0 179946.89341355168 0.0
