s_bytes_all avg_video_rate s_bytes_all_#1 s_bytes_all_#2 s_bytes_all_#3 s_bytes_all_#4 s_bytes_all_#5 s_bytes_all_#6 s_bytes_all_#7 s_bytes_all_#8 s_bytes_all_#9 s_bytes_all_#10
342580.67220831505 288.0 0.0 0.0 0.0 0.0 0.0 0.0 0.0 123996.22053949816 111641.82788137048 106942.62378744644
990883.1912485752 456.0 139017.26710174134 135315.98090792753 87155.4422606699 137276.35842001025 110072.27910133592 83887.86575269228 44076.13424730773 86822.26278571814 70008.51712894847 97251.08354222348
1153673.6422228136 729.6 98829.50892984123 117119.62490647924 103990.22867201534 151097.35646486876 104038.43621767088 131417.6403148026 104985.3699552946 141768.52315544977 150042.36150090647 50384.59210548476
553434.8711607473 288.0 57919.49432029628 67547.01947781455 34529.98052218543 78576.03833116505 27641.96166883495 71461.49185744862 26369.508142551374 82672.64875087657 23632.35124912344 83084.37684045102
565181.465323979 288.0 28026.623159548977 94819.83533130844 37044.16466869154 64367.37183567247 54153.62816432753 81442.10966209532 26886.89033790469 82491.0814583946 22967.918541605395 72981.8421644301
805999.32118873 472.0 28462.15783556989 77520.12296802775 133382.76162290724 64888.87752750005 36926.23788156496 90559.16572436124 40530.83427563878 106821.75762452172 102683.28746139925 124224.11826723904
1065000.1234233952 619.2 109907.25736554145 149828.00114905156 106085.96941292752 109175.46739046686 125149.20696243733 113092.545289422 153807.2586366612 55845.5726845443 75621.55775578781 66487.28677655537
531954.1482641075 288.0 39980.71322344463 59705.09984012275 52122.90015987726 64321.05625585838 41033.94374414162 79859.28465440884 22381.71534559116 71267.15108802798 41533.84891197202 59748.43504066294
530290.5564496568 288.0 42927.56495933706 60012.90346520693 43625.09653479308 86061.29712756575 17739.70287243424 74699.66174900692 41152.33825099309 67235.67293782033 39654.32706217967 57181.99149031982
531721.7152144541 288.0 42612.26958952993 45368.033703273024 65057.70521687722 72726.42719839157 33077.57280160843 54106.270277495874 45289.63494408632 66626.83913239368 45136.25564602414 61720.70670477388
547235.7682044351 288.0 44836.29329522612 2913.0 0.0 79276.66285365933 114536.58582036196 79608.56213970413 45110.189186274576 71973.41729846946 32580.582701530537 76400.47490920899
569994.9297892798 288.0 35336.52509079101 76718.48276257566 121019.6310491447 76336.16545806878 58033.72073021087 76047.07401279753 50910.13437070146 8174.791616501004 0.0 67418.40469848886
1263905.701691307 2755.2 14505.59530151114 60308.15960354217 24879.84039645784 43022.54901338807 112360.8035765449 192273.7793422168 191078.4143595821 187234.89786231887 229609.1485460606 208632.5136896844
1452859.842999746 480.0 218795.9484686746 187447.56216496832 158468.76336716278 178665.78321622426 155107.95201986982 180535.63199380445 125251.71139225678 114151.26204507783 29874.106290963748 104561.12204074308
605582.2871619582 480.0 39758.0506104588 68427.3360328799 47043.6639671201 76758.93046525521 44957.06953474479 71874.6827071127 66026.31729288731 73560.05951938876 42205.94048061125 74970.23655149942
656645.0929761684 480.0 62562.76344850058 84921.83281949164 68407.16718050838 91756.94425576586 34091.05574423413 86184.33414346701 30706.665856532974 73185.12027942177 39236.87972057823 85592.3295276679
645132.6329669604 480.0 44766.67047233209 82457.4967734369 50502.5032265631 69799.17600163407 73525.82399836593 91437.04097616092 36940.95902383908 89273.60857588457 34816.39142411543 71612.96249462836
789884.4755800215 540.0 65265.03750537164 76989.08255324862 47563.91744675137 74701.43007271434 137649.52791433388 91451.88751731269 78540.15449563907 86320.59379814044 32976.40620185956 98426.43807464984
764909.6539586991 552.0 95092.55920578298 14520.002719567188 0.0 129603.38409342668 160964.7765146132 80238.83939196017 0.0 84002.88840095405 156384.2778264029 44102.92580599191
920442.718172412 480.0 123751.41100616484 45344.50034256328 100489.99661792304 88976.95441192927 74958.04558807073 88867.56248461113 58023.43751538886 87311.48385044163 95263.18726598712 157456.13908933225
1215486.4736271214 840.0 122726.18979423898 104421.04627255196 115124.1792101318 126530.94662020211 111141.99574517962 102011.4505305366 129374.17621358146 160372.69082609448 110701.70903559135 133082.08937901305
1228130.597703826 840.0 108879.66062722229 147789.85693666193 88598.62299865608 127513.0389774713 108266.17260081445 138408.86251273457 103997.26606356273 143735.2177219715 120562.92839492546 140378.9708698057
916588.477096256 508.8 178802.1547513365 105980.01383533234 101145.83595885977 26620.113917763025 0.0 115604.95378594246 109982.88701800269 66278.0487834412 92191.48806464602 119982.98098093196
247081.18496238315 288.0 77893.64136703567 0.0 0.0 2939.0 0.0 0.0 0.0 2915.0 0.0 163333.5435953475
1037087.3697063116 410.6666666666667 135215.166995744 123934.32309872335 90071.57650128611 98893.11733135115 109576.5138473484 131078.0799039251 47949.67872627439 81377.71925980903 114237.7558151262 104753.43822672393
1017277.832700042 840.0 140764.50199935547 137625.52127167277 93712.7406963737 145182.57925101288 104500.4930399658 106059.29038555326 120968.18146967368 43705.77858473328 0.0 124758.74600170118
801045.6792828601 480.0 98488.72552721182 113685.14302636989 69085.13343014881 77526.94104364447 174464.35986361612 102335.55805456763 77562.39305274007 2913.0 0.0 84984.42528456115
737343.4698729732 384.0 121544.19420144876 110483.3858400858 6599.994673904302 78598.41733034482 19906.582669655178 99395.83396096127 56343.166039038704 84437.32976431715 78801.34034453846 81233.22504867881
965455.807612536 624.0 59783.10484246558 102606.51602879616 109016.00936978403 105421.01634690825 106281.48198089952 91457.33126104496 5513.645012567056 79661.21675610698 142654.10373740818 163061.38227655512
955133.1408857428 660.0 39528.29722992974 76104.79705165439 133736.5379759512 180510.9917813153 36315.6731910791 99432.41108763329 77822.49872050056 113038.09904741068 75413.26091803965 123230.5738822288
