s_bytes_all avg_video_rate s_bytes_all_#1 s_bytes_all_#2 s_bytes_all_#3 s_bytes_all_#4 s_bytes_all_#5 s_bytes_all_#6 s_bytes_all_#7 s_bytes_all_#8 s_bytes_all_#9 s_bytes_all_#10
415805.84004011936 288.0 0.0 0.0 0.0 0.0 0.0 0.0 81179.77968388537 120874.6076538596 151246.11879696956 62505.33390540484
1176673.1599598806 288.0 126243.25759757494 126502.6283589997 100197.2059338582 94001.09518259377 122432.63460864087 148695.509995558 188845.9777380766 138132.699202266 56985.88200364298 74636.2693386696
772610.0 397.7142857142857 53126.46777474643 161179.58190184302 68974.55598555216 42301.394337858364 66286.44394430291 75563.55605569709 71931.89552917136 99693.51167685544 63041.96881861765 70510.62397535556
839346.0 600.0 64075.198622674994 100156.73172782228 70786.31859038088 70574.75105912183 80037.05850546683 126788.31406675438 96682.49107963096 101482.90442877154 55799.19531807233 72963.03660130393
777845.0 480.0 65804.92250627054 180698.43888300323 75749.63861072625 1179.5559950838888 147860.10297847513 14787.341026440976 67635.04305497695 71484.95694502305 72552.93178232983 80092.06821767017
813618.7289856331 480.0 59739.78847976684 86755.21152023316 64660.62097234341 138925.47535246203 114313.90367519455 0.0 73464.20459518633 79860.79540481367 65146.061246912206 130752.66773872096
850860.2710143668 480.0 185663.13602942065 66296.0047744712 69782.47809936835 100968.65211110658 57591.230385691626 69483.76961430837 76538.28120829088 77708.7187917091 71973.78166126418 74854.21833873582
758157.0 480.0 52764.07234855114 122415.89213161886 24627.42283592985 124329.61268390017 71642.19653966349 65656.80346033651 67600.55097250915 71127.44902749085 77088.18306240377 80904.81693759625
960930.73464853 480.0 73614.73504806156 81802.26495193844 66532.40249301023 89221.60415439676 53230.17056323342 111548.40607205233 48260.53336795926 140729.21482757796 173923.7512549896 122067.65191531031
1061510.525432324 768.0 28407.536070540176 123730.72928092995 50752.96834289293 125300.34770874192 92642.08396080571 171337.23315243074 108951.7923393428 125715.10865558576 97860.75930097436 136811.96662007968
1156960.1034274162 840.0 90232.59147604776 130088.70120862084 106892.7437108755 139009.31778382737 77185.96301506729 172222.23223293058 75299.66112204739 153504.82447224186 85853.30518273523 126670.76322302224
1171201.7773390044 840.0 89772.76048469846 138358.56543880983 116486.28572253244 136002.5257346014 105788.80372691528 121033.72123298109 83244.15424805669 147961.9753498543 97122.42354754914 135430.56185300596
688820.8591527254 288.0 94917.35611102368 44344.50304170182 20786.662903239496 71800.87103661813 41940.47144231177 94900.4317978281 62442.9488802892 134107.0464189798 68025.57359649776 55554.99392423578
944032.1766392584 619.2 73847.94036259464 119602.58033611496 100442.7869494652 142243.81478915262 79444.87756267255 0.0 86270.02005957425 122316.40356875108 65378.76212067309 154484.99089025988
719865.0898561071 441.6 52881.6134312159 61759.20992952578 64482.04435478066 108352.24620321888 55996.32433441594 69652.3851075845 63765.10754133303 86066.85787561422 65124.57913872007 91784.72193969808
845995.995522574 624.0 57212.53712623208 99424.9656445244 56080.73667621911 71687.49405765903 56717.06861553848 75287.93138446152 72230.2995890646 126184.12960763002 111584.04097168366 119586.79184956117
592173.7379820605 398.4 63986.84103863224 122428.9342218962 108454.9566661652 45009.00605536693 34398.35591577825 48383.64408422176 38786.30542841338 54126.69457158662 34810.8011955359 41788.1988044641
458230.0 288.0 49027.53059077401 24408.46940922598 50929.91127399232 23201.08872600769 48817.352157493966 66057.64784250603 56304.85559306454 49245.14440693546 44439.0750389308 45798.9249610692
527927.0 288.0 56294.30667435823 38092.693325641776 55270.381055303726 36889.618944696274 47517.61607713367 33123.383922866335 52935.91724170116 123624.8179029956 45334.1574623236 38844.107392979655
461350.7537299319 288.0 0.0 0.0 2912.0 11762.873751395704 123990.40992957726 36936.71631902703 54714.372115485705 117838.021024083 45297.43522848542 67898.92536187783
411344.72600131336 288.0 46796.4116127834 33116.83465728466 2699.062033001747 216.93796699825324 29807.35541770677 53888.64458229323 43172.87696009871 46356.12303990129 54590.925856928 100699.55387431734
413019.5202687547 288.0 43080.24807437361 42266.27219438106 44037.31607443599 33655.68392556401 37999.75590836752 43633.244091632485 45604.320008069175 31147.679991930832 43983.684977369805 47611.3150226302
426672.0 288.0 52526.23717352977 27806.76282647023 42646.84709629344 42565.15290370656 34348.28775275615 53089.71224724385 37497.27801352734 46548.72198647266 41156.40631426644 48486.59368573356
435373.0 288.0 50870.75248436186 30540.247515638133 55663.35854619101 37683.64145380899 2911.0 0.0 41881.99846660688 118634.19367158816 37966.659101151 59221.14876065396
726313.3596391953 380.0 58305.674915909694 37131.3250840903 3693.546288520467 32482.582127414706 200971.7683133284 40003.10327073645 23675.52623431742 52192.473765682575 79676.87820964861 198180.48142954663
633682.6403608047 426.0 96855.89609628273 261137.8531927035 31900.891071818463 0.0 34176.408350252605 105515.179085877 43335.31103019942 57849.10153367097 2912.0 0.0
510982.0 288.0 50676.82678778676 43456.17321221324 18302.135506432776 113952.4810560506 71599.96106351985 39841.42237399677 62762.111648035214 18235.88835196479 42483.32607164221 49671.6739283578
452943.0 288.0 42517.27518329273 42438.72481670727 47101.78486700232 47507.61366426997 29657.5342006816 69510.06726804611 56937.62865433493 115048.15046226008 2224.2208834050016 0.0
645045.0 412.0 57052.0661738559 22969.9338261441 71037.51749230921 117119.71857434846 73004.48657817309 122347.1150368272 43305.48664715757 31455.675671184472 63777.59397759539 42975.40602240461
657445.0 480.0 70634.06052552784 61701.93947447218 71919.70038119818 81135.0565281281 63898.94749910664 63361.29559156708 69765.9114854665 59476.08851453351 71895.57342724592 43656.42657275407
