s_bytes_all avg_video_rate s_bytes_all_#1 s_bytes_all_#2 s_bytes_all_#3 s_bytes_all_#4 s_bytes_all_#5 s_bytes_all_#6 s_bytes_all_#7 s_bytes_all_#8 s_bytes_all_#9 s_bytes_all_#10
555490.159049668 288.0 0.0 0.0 0.0 0.0 0.0 0.0 137543.1961118697 125181.8753990191 203888.94842021825 88876.139118561
1012673.840950332 288.0 157331.78470651698 153693.4516421484 52228.604601666535 4519.497558381513 121953.28985123945 215797.13245629764 97799.08013408136 0.0 163429.2697582919 45921.73024170808
952214.2822611112 840.0 143549.41566232557 106974.69946461704 126640.29498737318 105503.6302888264 148950.49310042278 112015.90681574284 3164.559680692175 0.0 149125.75557023057 56289.526690880535
585907.7177388889 288.0 138129.97004576435 19409.747693124547 99419.5578286236 2365.442171376396 101765.0 0.0 93360.43415993368 19901.56584006632 94605.36850441662 16950.63149558338
722454.8220053121 380.0 96703.0 0.0 107101.37754251673 6444.622457483274 101873.5470290258 92041.1635429245 107263.2894280497 0.0 162192.3520390119 48835.4699663002
1083781.6649909278 840.0 170106.21636980973 42920.47896127149 125668.4777307828 74104.45747589006 173707.11000598202 58069.9430757336 167670.66006002625 57663.45722872792 167277.07633193687 46593.78775076696
1128566.2876997609 840.0 170652.7882858107 47061.75899077814 180710.510631303 91136.5024500423 186856.37777967533 39053.32929064173 152620.04264311638 76865.52585609497 151460.6178248537 32148.833947444386
899593.6747666188 540.0 159558.92787117086 91015.3196376686 153784.84472212146 28473.47708415643 115149.28942074426 49647.36656813791 125814.39957912533 19439.4881531763 129107.3406551225 27603.221075195157
774799.390145833 480.0 1012.5505373807362 0.0 0.0 2915.0 0.0 140227.18282365316 169316.6580936751 143120.61608638053 164332.99683276084 153874.38577198272
1147534.3096081929 600.0 132111.9145174704 223377.78914486623 153218.7870572398 20437.66967197129 136463.32721423873 27483.672785761275 165989.9678760036 59970.69017298204 174617.05793847484 53863.43322918465
1217235.7933572617 840.0 171248.44356455308 64210.027890826255 169128.45420019742 109963.85836167989 164833.86666700503 48775.86910805535 184678.20097806148 62496.61316285985 174946.2595254802 66954.19989854295
1189783.6912212071 840.0 169331.82279939833 64229.48870576776 189234.4882603488 52523.36154292309 160650.78533923888 74105.60064909735 158766.53279566177 72045.33867994114 152642.50613473624 96253.76631409388
632231.3662048862 288.0 118541.03010383778 8733.336101048377 79375.34887829976 82880.65112170024 107541.0 0.0 113962.55249590307 15532.447504096914 105665.0 0.0
690248.0 320.0 106849.14388246862 93429.85611753138 2943.0 0.0 108531.0 0.0 149160.2522319223 122486.74776807772 106848.0 0.0
788445.0 480.0 133619.3956708845 22476.604329115515 128644.233310455 15647.766689545 142194.1402124403 28829.859787559693 131824.7074644155 23859.292535584507 140033.38622665254 21315.61377334745
1013355.9504340296 696.0 136387.61739171404 15937.382608285963 126053.33673586846 27977.663264131545 161654.6753483935 84162.73504924751 164859.67434577434 64459.75928201803 174507.59249527636 57355.51391331988
1235853.8139302866 840.0 185467.6817892629 68051.84514232437 190872.86565985065 61868.42454429368 183130.8768234668 58071.52515956306 183405.7538353104 50281.59708104432 170881.45278196892 83821.79111320163
1179051.8527400747 600.0 149695.01210872654 165905.71944088605 104924.45258388628 161809.0733225726 116971.19424860888 14326.783931003329 123251.33112297104 31301.46052068729 132410.69775761786 178456.1277031148
783649.382895609 480.0 111374.7800508814 60134.24402425173 2921.3588204758694 0.0 152972.0877292889 117614.16178178215 146394.60122532665 66129.14926360227 122371.21519201748 3737.7848079825217
1192331.4717326774 840.0 146196.2217065327 105607.80012784492 178753.59129092333 47108.09541748195 161471.9312000007 75336.40509984537 180513.7866583984 67267.9121460662 166037.98174946973 64037.746336114025
1230675.1865592632 840.0 186773.72396365227 52978.44468635437 171670.62383171276 72131.589893088 176577.45587811392 65458.31491967449 188919.9187253548 60477.04604372328 188245.34485361737 67442.72376397195
1418010.4746711217 840.0 197371.0262227645 132554.998556317 161657.84809780467 137508.98393815264 178135.7751553293 121337.16530287646 176543.80475022612 53553.00733024412 136355.7834312645 122992.08188614206
911839.867036938 840.0 168714.950343085 56560.62761224571 179467.41962589213 63407.53079628015 152522.25980520312 33248.08165600495 172164.57414431925 76379.84028467997 9374.582769227767 0.0
1011423.0 508.0 164826.66525578557 80563.77384126792 108084.50263268437 185864.016378122 130701.61811244707 75478.29547311111 109624.5641707095 5426.564135872404 123512.9459665708 27340.054033429187
1087731.8482649757 696.0 166887.48812744897 53078.9278051479 67358.42193821144 154852.13259160836 133372.66351847767 192980.47301937875 115598.25017785982 33144.642821867164 101881.31825078894 68577.53001418652
861320.9694746905 480.0 113483.59533989032 35397.19711334277 115498.47890231332 21467.751596820923 105454.7015083672 27030.427274290043 76924.45835169485 75169.78650877903 131843.95689404302 159050.61598514908
1108319.1260967958 768.0 149861.7415822923 26708.4406780417 152947.34162576208 69102.65021022584 160042.1741663598 89561.14773998811 176317.6439373712 59604.44037239824 145081.18305460326 79092.36272975315
972989.0561635384 624.0 27643.79778670196 160117.90823505388 84009.35014178249 0.0 196465.95496818688 138108.62590058736 141580.13020454152 91201.70573220808 119096.2744496747 14765.308744801458
1150360.5584839191 840.0 165439.1332623638 67793.25266007874 150419.6235080599 82155.04354576622 182819.2201246348 54094.06959823438 163425.66033035662 50546.47061552003 162838.2727279605 70829.81211094411
1003079.4415160808 624.0 156487.1268267721 87720.55797426117 16007.75671504757 0.0 153680.4264792726 154120.5330177841 173785.15165103314 156991.14158833012 104286.74726358004 0.0
