s_bytes_all avg_video_rate s_bytes_all_#1 s_bytes_all_#2 s_bytes_all_#3 s_bytes_all_#4 s_bytes_all_#5 s_bytes_all_#6 s_bytes_all_#7 s_bytes_all_#8 s_bytes_all_#9 s_bytes_all_#10
575713.5183721225 288.0 34226.91377416056 52346.076023501744 30953.13514679187 21480.113562844468 69845.64553476029 40114.15460998036 83865.0905588563 66188.9781860477 82715.00939680549 93978.40157837373
671499.6889195242 288.0 88807.11467745133 68194.10409172508 69237.41302141803 41419.18479333432 50173.02233336418 77327.84443460562 61384.4856153036 83580.14668068783 81445.44227242481 49930.93099920937
649632.5512980612 288.0 128312.66194942954 55497.65378528051 76891.72084285607 63079.53354685109 96949.22497399624 42787.94437148028 51040.50682970404 42257.47456708128 37154.89693129359 55660.93350008859
623072.1569860956 288.0 71360.3023009726 35914.44844601736 61223.38080120933 65253.42417921164 64585.445323727006 56175.71821583792 73571.23830032889 66875.08385469156 65077.68422686255 63035.431337236834
594311.9958368232 288.0 76808.46697602294 73003.3155324444 72947.70490897428 52938.67298552503 63765.75207853161 29605.234503090676 64081.38218939775 57279.01730213632 73827.76134334918 30054.68801735106
534543.2755997668 288.0 31224.04489668767 42627.420550296745 64832.383341925626 54858.20417314475 37471.86174288119 60786.4582659026 64350.89139602071 51937.75348998564 68199.5953720043 58254.66237091752
531913.1828914984 288.0 62469.74265931551 52254.21856793415 79082.61645786953 66544.09287073303 57665.65721728757 44197.09469078061 36360.15713009274 58152.89277440574 42325.7425327607 32860.96799031891
735696.6359798593 288.0 52448.79538196487 106421.81991354804 69811.85261691232 78900.1635383737 82995.34698934127 76652.68800067616 61768.4498556311 90751.57320081274 50984.200335434565 64961.74614716466
640109.5203906504 288.0 53188.644200380906 67431.07837213865 46652.7079038214 70690.01293777193 45400.39347713888 75569.824719472 78585.39013244938 44522.27026251021 92788.58234550156 65280.61603946553
670581.4213116851 288.0 78544.19607973413 57086.70937455724 58355.88677992089 57967.75013190292 62904.93886324091 76466.23639910195 89695.59513394539 38411.13049626794 79041.24225192986 72107.7358010839
604543.8660557393 288.0 66000.42443337558 52146.9339890938 91053.52536686177 39194.49256867228 100317.8610339057 47073.15755354936 60037.71655037995 16546.38398008268 97726.9238557269 34446.44672409142
605465.5542305689 288.0 29767.770033704124 100104.78982962616 36408.16367497982 48611.41115451734 86462.43153213014 104939.46650381484 64536.548895208514 9137.572741993832 1782.4873268262495 123714.91253776808
791576.6001354057 370.2857142857143 138482.72918665851 131682.73708643654 16910.13386231062 79735.03785357147 24251.29456980087 99419.66757662766 16236.51232481336 130864.48767518662 21523.169602167607 132470.83039783238
1021682.0047838256 720.0 84623.81196021185 75179.18803978813 3835.922298056808 131043.21297838417 136119.49829141132 98289.3967281088 144267.67222433712 127284.25812074286 169000.84226998378 52038.201872800615
1150686.0150052777 840.0 123154.88025875592 125168.40529861776 192370.7311222284 61688.746239677166 175528.63534448418 71950.97159935624 181940.2743113129 14520.351041741986 199144.51416400823 5218.5056250949365
1220457.395428833 840.0 136547.4996651144 83793.3636681089 205552.00064272695 23278.813640524837 216003.28189453168 51280.76843931903 179482.252260571 110584.26807202004 107667.3657808646 106267.78136505178
1047384.8406855653 840.0 102782.8646992529 107248.47156346565 101810.24851934508 93769.62312343472 86962.8699664649 116096.38599499824 120220.61868757532 110657.11360648031 108922.68770741674 98913.95681713124
1125004.7879324222 840.0 113116.10762052302 170637.6364759755 4324.024969527504 200917.9750304725 24253.775958805072 168614.40808912902 6265.986503952082 194099.3307511128 33694.11969465897 209081.4228382658
1134893.4398663957 840.0 153771.56724041607 87525.38892366024 81673.99433921278 92772.35037646172 162133.90785204663 96718.46137475556 136470.21267947616 104008.15139395966 154333.76407381287 65485.64161259422
1044919.6231764684 840.0 173555.47473522145 65594.76877498152 152518.98203203865 21095.29075543884 152993.35711167136 87685.88077396469 179920.96053308976 2497.594698717738 206903.52095009777 2153.7928112468107
1177852.4011589142 840.0 204218.55236763047 25575.375782518284 186455.24246985916 45589.97668592632 205308.35916244425 101105.78546783542 98208.60118499806 105677.6820715805 98271.3179284195 107441.50803770228
1045539.6710461174 840.0 128148.023162246 115701.62476638818 95585.66080289452 84703.73046969036 87042.90683839763 121855.8950358048 115696.49551249544 187984.7112754667 3197.4440989141367 105623.17908381952
1108011.040533705 840.0 123061.91001842592 161559.26335689123 70445.86347977375 178001.46971926818 53174.51722894328 112043.45168544471 37222.27251387668 169788.07291355674 3599.021652173476 199115.1979653508
1132259.7803824758 840.0 161325.87447278303 108376.90590969272 114368.54800763945 136435.5186247588 155884.6404788047 32603.29288879705 102969.60920639778 74959.02503279346 204383.8081227165 40952.55763809228
1134395.2124649708 840.0 202600.23950595057 114148.31543792316 146796.83011393147 65079.88699561642 98018.7427448658 86284.16171732747 203503.220854322 2365.123318611189 209029.0317598748 6569.660016547839
1098394.6461577753 840.0 206781.7875350293 115048.8534101128 77390.1465898872 76691.59461611605 125479.842522647 95879.54806776776 93691.0147934692 73486.23846884069 96358.2115212484 137587.40863265708
1132392.5559668168 840.0 87387.14137725384 94297.15796357248 93585.09233732703 145682.4787008115 118532.75645708082 89705.95823217086 198484.13276134015 120593.20166807353 16557.24661509367 167567.38985409282
