s_bytes_all avg_video_rate s_bytes_all_#1 s_bytes_all_#2 s_bytes_all_#3 s_bytes_all_#4 s_bytes_all_#5 s_bytes_all_#6 s_bytes_all_#7 s_bytes_all_#8 s_bytes_all_#9 s_bytes_all_#10
134698.33165214528 288.0 0.0 0.0 0.0 0.0 0.0 0.0 92601.88292129006 27035.36553708504 8837.696664145109 6223.386529625046
438699.6683478548 288.0 34642.630590263805 60312.2308351202 8154.80692247073 5365.439571616244 7258.877463314083 22236.24582970689 159389.1317112972 54922.58758342239 72825.54315384681 13592.17468679636
851663.6733986818 384.0 139423.2410613432 163127.1709486743 90609.58798998252 65878.15106287602 45792.84893712399 101815.81914060804 9733.651873539477 92788.7778726033 70339.54462456694 72154.879887364
677997.2098601955 352.0 77810.46422948936 28174.566753607764 44538.40495289974 2797.931457854712 46197.75940530797 98176.6881163588 125172.95735082656 80846.53903854117 35970.01529643214 138311.88325887732
709560.5229107606 500.57142857142856 21387.09421516455 96546.21515073533 71747.63966692555 147646.10311687528 54412.19796489255 91796.8666265294 84750.0 0.0 84276.55613889854 56997.85003073941
665437.5938303621 480.0 86503.59383036205 50567.890466706296 76574.1095332937 114872.0 22599.45467326309 93287.5453267369 60333.96136261574 43676.88421032066 99586.1383409346 17436.016086129028
541448.0 480.0 122799.0 0.0 119218.0 47367.71278720409 88024.01585173034 35229.29026161692 102841.16428042758 20252.816819021096 4316.0 1400.0
670149.3144352653 330.6666666666667 4318.0 0.0 4318.0 1400.0 157806.46698117058 149842.9823786982 151105.6465750481 109056.0743557321 27709.82970935105 64592.31443526528
632599.6855647347 480.0 48477.685564734726 104808.0 69407.97095099991 47780.02904900008 73103.04906676861 68672.95093323139 92304.18133468836 18521.818665311628 109524.0 0.0
1110121.6148398728 780.0 128430.89888122518 60322.86849474652 126542.2326240283 51542.10137656745 160044.71201589436 160731.32545108776 45418.8611564504 153751.7852865183 139044.2448629926 84292.58469036201
972353.998912097 840.0 135781.1838277749 77481.92113493192 114927.56733574104 80833.1680194673 106342.58283663176 73646.44897265862 120301.21025315265 83776.13951978686 110085.37783447692 69178.39917747496
938889.458842246 840.0 106478.84038377296 70442.69353773237 106144.43400631698 76967.54967742448 107571.5667421304 77825.04875645073 123008.56168176788 83432.16167124883 112975.12550377112 74043.47688163015
769516.9274057843 624.0 115083.23738218789 86022.85849385161 4154.8315297447125 53246.555111085065 170631.40329371867 69933.62591296402 94087.39769910232 63008.01798312993 93406.23333146932 19942.766668530687
933491.666062004 660.0 74287.33449252741 132566.88732782187 85933.6160152108 43767.1621644399 114356.56420670368 80833.72910501738 107408.52458458443 96054.71529246826 133451.15544591052 64831.977427319776
932124.5061587612 840.0 102806.8427298682 74882.64462616791 99099.35250410468 81092.24902170715 108381.92119572648 72373.00307039141 101894.7227556837 89366.36532255693 121979.6203671358 80247.78456541913
912651.2157899447 840.0 109575.31229082117 78815.98243211066 112119.15264278455 76899.31067169979 111946.0157937338 70335.86701112486 107942.39780441349 66443.78913254636 103893.64880760162 74679.7392031085
1033512.502379896 840.0 111248.188260312 73566.39633343386 118822.86947652718 91729.47756989232 138173.2233779641 91581.49810834354 117210.3018253862 89633.89677747342 124698.58567822984 76848.0649723335
696124.1096093939 552.0 103994.13845591976 75606.7732885848 1473.197864889374 0.0 84971.59669853334 48253.4823395139 82730.43401172024 128379.12529506625 136178.45853012596 34536.9031250403
644476.0 480.0 93989.00932014798 71868.99067985202 80756.55512117452 39066.444878825474 67331.24995163051 57548.47278087312 54631.08582142874 64855.19144606763 82061.53513998016 32367.46486001984
779111.8792369177 600.0 79279.96884191595 109042.3980605205 107043.7018634862 36992.931234077325 81622.38721480634 26381.61278519365 99295.58023254327 66491.72413957835 79614.85877318116 93346.71609161494
598363.1207630823 480.0 55034.120763082254 0.0 82536.70316657746 34855.29683342255 82388.00163602972 24453.998363970284 75979.73444601233 124108.00249243477 79860.89500333322 39146.3680582197
598998.0 480.0 89265.01762359185 53986.17259201106 82092.82236281096 32216.987421586146 79992.08136043238 32479.91863956761 73735.61262123637 40062.98082062461 92911.3899553386 22255.016602800435
598091.0 480.0 75034.22804259596 37259.77195740403 84110.7706425385 41049.90146158573 79343.01268985428 50956.31520602147 66598.93598535379 47013.0640146462 80716.66862534476 36008.331374655245
738047.0 480.0 74569.13235557984 47823.86764442015 73618.69017100017 34740.309828999816 83031.52502663362 33341.474973366385 84190.78915773475 138819.10454835303 100717.46409576188 67194.64219815034
1040085.5150493076 768.0 91608.89470380454 49845.10529619545 30846.209046667675 171586.22342513344 127296.98154665103 92640.53781835551 145389.39910325478 114114.69842721937 126387.62048233728 90369.8451996885
1036096.5050776833 840.0 119161.77192726872 94409.55589008048 103916.59252453652 80117.02841262458 121386.98439585752 85556.68378770897 121991.9720061287 91123.08007502567 123916.479079121 94516.35697933107
971664.9798730091 696.0 151066.4380944856 88530.20768087493 111242.27849421043 99496.72939913272 15659.326204305453 158797.6695655585 156598.77321006294 44069.55722437856 92615.85734654807 53588.14265345193
835248.0 480.0 89443.44980329924 52326.550196700766 83195.24310761146 51815.75689238854 79710.23069260585 67384.34422266932 74125.21975418541 129551.47683555906 134066.62793276046 73629.10056221993
919149.0294171824 768.0 98176.00094760154 21878.999052398467 126762.966445754 80212.99616670732 107956.5792204622 76626.02829085395 117567.30662466328 81237.9454884984 115547.79206172722 93182.41511851591
955500.9705828176 840.0 119952.56424258828 89793.17014153788 123563.40429022866 76058.55059113086 116437.81526390256 79104.72420249062 108022.67087460632 67576.08673507314 106017.24483990892 68974.73940135053
