s_bytes_all avg_video_rate s_bytes_all_#1 s_bytes_all_#2 s_bytes_all_#3 s_bytes_all_#4 s_bytes_all_#5 s_bytes_all_#6 s_bytes_all_#7 s_bytes_all_#8 s_bytes_all_#9 s_bytes_all_#10
32595.783470793765 288.0 0.0 0.0 0.0 0.0 0.0 0.0 0.0 0.0 0.0 32595.783470793765
611761.1959664648 288.0 16417.68096963322 75043.97206802951 69249.69669758127 120971.75058029484 90102.05128666696 61212.50151065606 32147.856400281657 90662.2309103659 49217.6741746542 6735.781368301106
788280.8821133795 288.0 16609.876962021997 112614.11085503308 131101.28784377454 56275.00321918826 39324.027491838686 40609.77273844479 131336.77515901008 68077.189395361 125402.67773634712 66930.16071236001
831424.4207538434 288.0 93936.99954229518 73994.30919665963 114658.4761784424 83494.17686106474 97654.31700339794 102157.04052260412 47281.95235227733 77109.01325133035 47363.203719931495 93774.93212584016
741466.7479286843 288.0 61846.53581626505 90397.37945952534 102205.58268688676 98617.90442229249 30033.84650185518 65255.63314844874 59288.93454002588 112611.20369381108 67128.77983580944 54080.94782376441
772124.8339229309 288.0 75883.75687040169 84281.25137657991 87130.19826509859 83843.26118315868 81747.44195999438 88142.82608333057 61520.92804786693 72607.5098277406 73455.44116848086 63512.21914027864
809857.8969668035 288.0 74205.96407651766 84212.60192267947 86404.99829402284 83465.10578607244 83279.29199874999 96765.60910270306 30398.252922119984 79889.98192631376 90697.4128112184 100538.67812640588
623688.9737483815 288.0 104784.11198846204 55510.56577983264 20552.320353420426 22218.484037021022 101803.45413163224 63785.905425304176 80854.03050561952 69203.79932666998 54643.72910673961 50332.57309367974
770313.6252342457 288.0 67236.20170075324 92586.85390826408 92885.36340137498 77453.80339860688 75840.92799942933 64220.938485824525 50048.72619919157 104132.99808085249 39683.57834151138 106224.23371843716
688768.7781748482 288.0 54574.74411699507 76577.48526535014 42390.6283494379 96293.46669817678 67942.64906729157 44638.61517949998 85576.42916826082 53503.62204946054 0.0 167271.13828037534
993818.270898388 394.6666666666667 138964.53965933953 154417.20670794038 80863.92230576783 65970.19304657695 78208.85678577621 68193.07063481493 99744.67024219267 73356.39540032917 104670.62363326242 129428.79248238806
662418.5908212365 480.0 58182.590821236525 101507.17780664202 60447.55769720707 140810.2644961509 13722.964393531289 139549.18520588815 103854.26878129892 41433.58161928163 0.0 2911.0
934687.7367101308 480.0 0.0 0.0 0.0 58708.62127196278 142215.8311009894 159579.5958522035 182415.694249533 150369.6405975591 172611.60095154506 68786.75268633803
933339.8251311064 696.0 116838.26945008496 23075.70502220803 141056.28881757607 18229.17066708945 191064.83248721383 30739.597522413613 183319.84761874191 64466.296562349504 154551.91288767094 9997.90409575812
951327.416412116 480.0 72677.9755741601 84996.18810408411 137533.40654096083 19873.5467154832 137803.4718157202 11385.740630839578 172050.26459401142 157356.69121959657 138979.9892013521 18670.14201590781
757545.0217466467 480.0 93712.27672740004 57570.095652529664 152359.38872500364 5440.11579782593 137663.5458524777 9036.59899140974 137476.250482461 25077.933775470938 122968.84659020723 16239.969151860803
659664.5885177589 480.0 0.0 2913.0 0.0 0.0 0.0 2392.507523875176 99547.18011156788 177451.66691125545 205362.27698040995 171997.9569906504
1018211.3021487546 480.0 156502.61827160328 156998.5459149581 193738.0685427519 13700.412325545163 123855.01645852896 43637.36452558354 140318.38544327024 0.0 156384.80262696973 33076.088039543785
812377.8193570202 480.0 142568.54748338167 3483.178559317548 151756.65349135757 17210.443430808216 126630.25274347742 33569.828799572 142848.39161889855 42618.73023551933 140417.54706526274 11274.245929425177
791925.1285116369 480.0 146921.78263995744 23097.507336508825 144869.19383941387 5005.806160586126 127757.16039799324 41426.46133302528 125698.80009612624 14877.080913878675 83581.28574817657 78690.05004597062
920007.8830907096 480.0 203092.9276327615 115967.10766086368 120685.48526695427 19776.33427413758 147149.45251627188 16193.374699533251 84559.64495544333 68314.2852106127 139193.26198101405 5076.008893117039
779587.2783741201 480.0 153066.32824270485 12607.950131415224 146634.0 8502.282512890411 96127.96104861487 60852.41413556386 131299.38045661387 17901.425750376344 142135.53609594065 10460.0
793128.0180411973 480.0 151021.0 0.0 0.0 5640.7814704794455 176727.7391676574 148345.64056366737 130199.32520725564 21198.413198648097 133207.93588857356 26787.18254491587
749827.0188599846 480.0 89042.01966379906 59901.71143759239 117698.62409085868 35355.40729195647 140401.21947459603 63.431521724448594 146775.56847827556 2916.0 149974.0 7699.036901181926
940381.8744413812 480.0 108255.68956287086 38936.47216908197 96418.79357607463 73179.95651376384 123968.61047192618 38739.270713085454 94672.6440627133 54747.700909873936 154199.27248361026 157263.46397838072
771123.2247896934 480.0 129278.42124223516 24644.32800767028 142426.14027821817 26115.662014208025 110239.86479592236 34775.17544253069 128750.60271784346 13203.906994877543 145790.85916679882 15898.264129388852
824325.8638677435 480.0 125419.94660860529 18386.45412044287 81861.88587115536 85365.41674022081 133101.53224261024 27917.328652661563 123836.92046423852 27527.970276904023 164701.96214718104 36206.44674372385
656001.303215971 480.0 0.0 2911.0 0.0 2335.206764223916 575.793235776084 0.0 139639.07109396855 174959.3883050227 195568.64082656443 140012.2029904154
935545.9521761714 480.0 174069.57042346284 127510.5849851156 145320.5413754505 7136.0 141934.5022963096 23791.39527449296 139033.10242919746 11186.18355887891 138349.72640782237 27214.345425441174
845895.6257072616 480.0 94414.99259927736 55707.66205527388 132704.0899533063 1241.7917064898438 142703.20829351014 2913.0 143643.27544102346 139861.6187270559 125337.10583192063 7368.881099404054
