s_bytes_all avg_video_rate s_bytes_all_#1 s_bytes_all_#2 s_bytes_all_#3 s_bytes_all_#4 s_bytes_all_#5 s_bytes_all_#6 s_bytes_all_#7 s_bytes_all_#8 s_bytes_all_#9 s_bytes_all_#10
938887.6215155758 288.0 69906.94690111837 69297.08601533087 60036.96574116829 60133.99971554685 121213.05691387376 93278.01536479183 132961.7672479012 127145.41165517816 107629.215050807 97285.15690985936
989606.8946512004 288.0 79617.02075705855 103924.2847618238 87624.4368371686 67115.39152756048 108104.1060024267 144627.51820518545 102818.79696169462 87794.34017623922 114049.89845746128 93931.10096458162
930732.5192119654 288.0 110094.13916042596 87679.94873895452 132060.61457838383 94341.97213537182 78874.06113947862 99903.13170133742 69579.02100362134 109136.09972729976 80122.41842853471 68941.11259855739
1184847.1862550331 288.0 111479.1404476128 107448.84270624856 67295.21180871259 125589.85436839212 147995.3973260625 86963.07166247956 144744.3111152449 115246.87615911894 170999.7279187985 107084.7527423625
809236.6518018754 397.7142857142857 39432.68799136991 186857.6213928191 77958.5925979237 36448.74981976278 76838.38891395916 96677.86764744358 68075.17706257559 75464.77681391781 75860.50363495166 75622.28592715223
1015489.646478574 720.0 76201.71302124741 83556.28697875257 57693.09073634766 95257.8550863616 77866.40287636213 135430.813479886 99672.87025100054 140297.18203661605 117680.04271563998 131833.38929635985
1197201.6236136071 840.0 84703.04462808612 148404.51408717723 99638.21731037273 135341.3466297275 102942.77980655411 132910.48073853136 117449.88175769866 133520.68730978444 102851.57367361493 139439.09767206
847540.7299078191 480.0 25165.52262134471 171297.20728647435 48457.69228673024 120302.7376958778 40997.32390029352 106186.24611709845 41968.63199521026 130431.36800478974 46675.86209348157 116058.13790651844
894681.7694266828 480.0 48771.871998795 126597.128001205 43213.06509516559 109840.93490483442 36636.94954555946 118873.05045444054 42964.22458905121 114397.7754109488 42687.68376953572 210699.08565714717
1035120.3765443694 696.0 115932.48424135038 83492.74633196677 68137.2947651307 85520.7052348693 78051.57003856663 130094.93641602254 113811.35969703962 137794.96843036448 96684.14576733402 125600.16562172493
1010644.8540289478 619.2 118324.03593582111 123502.68343166805 109915.95930352234 148632.586030626 42524.43201901979 185206.41796451688 131678.60097755957 43491.13836621405 69685.75091238832 37683.24908761167
1150632.0 768.0 85742.28969516585 134818.84424355027 105453.37069220304 139468.52020771953 123965.72409388232 128617.53519857262 93388.81429467846 132024.41911752344 58340.063272764826 148812.41918393967
773697.0 480.0 43428.28699760375 118229.71300239624 41694.22681625048 106528.12135407572 43266.12997442082 121741.52185525295 39488.48998467812 103672.51001532188 39943.85872067444 115704.14127932556
924870.734599584 480.0 39898.06321862813 106502.93678137189 47748.87574733013 122211.12425266988 39271.3233940213 102152.6766059787 43693.01709906955 186819.14288850807 183728.08077287456 52845.49383913197
1093189.9981446066 768.0 79020.65398113368 67568.61141928221 84510.82400838015 131852.2878842518 121458.02694410132 130296.10126267697 103087.17784766952 133107.4175073092 106302.55275118312 135986.34453861852
1177625.1291658902 840.0 81076.33616358052 138657.42062235274 126705.67831609596 135545.35924635653 86855.10083340097 133889.03691945804 115585.63846722938 128035.00776147508 98823.79648862504 132451.75434731602
978653.5817944278 624.0 98884.9505825088 140656.98920460718 100244.2789983604 141523.76816992697 41825.130470253294 139937.82820033265 8574.192463929867 154479.0 42493.39390985896 110034.04979464976
871859.0520059441 480.0 41476.10569028699 104769.45060520429 46514.860365199005 113384.139634801 42154.93266790258 113208.06733209745 41880.66413322381 106708.3358667762 56562.22667925844 205200.2690311944
1045055.16740411 696.0 105233.77878581564 90915.72550373156 66907.07221769146 82977.05279999424 83354.68224513471 132285.15098042443 130423.77653816888 129584.2119977244 73111.17405499946 150262.5422804252
1209621.8376247364 840.0 70453.81911450587 196794.5164669517 104788.99289477992 128747.3335337712 96564.7751359526 136113.84732912452 83850.90684037498 134530.6039909216 101279.59055487248 156497.45176348134
818624.8828638715 508.8 104705.73683923027 139195.55046996148 18562.64158114639 2913.570370362892 211880.53560986213 25348.464390137888 38682.33342224444 69594.66657775556 45810.5986475892 161930.78495558127
566790.6163968295 288.0 14645.616396829504 0.0 43150.73360861701 184004.266391383 43054.64064061866 63854.35935938135 43398.81039150403 68585.18960849597 42821.41557706512 63275.58442293489
766270.4595052446 380.0 28428.662663216863 85876.33733678312 1637.3236035200453 25774.2142432713 89644.46215320865 187262.06140133427 97400.82392531412 38581.11467335161 78148.04838998096 133517.41111526368
756608.5404947554 840.0 115254.76205621436 128384.2362495176 97646.02301758077 111845.548430498 139263.45195875198 133520.1767948833 27776.341987309355 0.0 1803.365131050606 1114.634868949394
1078617.46923931 480.0 0.0 60024.835506943935 189565.03116885864 140384.80362867028 83341.07215173975 165094.2575437874 45412.98657006508 114919.26423189498 44635.47018050447 235239.7482568453
910049.1768618356 480.0 97505.34478692632 108593.1859737638 42216.78414140146 107931.21585859856 44070.620215772135 127422.37978422787 42883.81387117965 113096.18612882034 42501.48743862811 183828.15866251735
989272.3538988543 750.0 191642.4136005424 87020.76966617157 85700.62496774417 128125.58677190296 103407.84385068696 130285.94473246305 45059.17030934343 0.0 90342.46714426232 127687.53285573768
