s_bytes_all avg_video_rate s_bytes_all_#1 s_bytes_all_#2 s_bytes_all_#3 s_bytes_all_#4 s_bytes_all_#5 s_bytes_all_#6 s_bytes_all_#7 s_bytes_all_#8 s_bytes_all_#9 s_bytes_all_#10
129171.0 288.0 0.0 0.0 0.0 0.0 0.0 0.0 85824.94452571587 37633.05547428413 4313.0 1400.0
1168193.7624094856 288.0 88073.68643196372 69994.26438299606 188086.41658348785 160675.60335090922 195160.81794291915 120880.49855585946 157647.315466407 80099.53083840101 87170.82927646278 20404.799580079456
539933.9413776681 288.0 121309.23759051436 2340.4607674440185 3993.5392325559815 1400.0 4484.582163319888 1228.417836680112 4485.183145682815 21271.87122581972 195375.96835784495 184044.6810578062
1117222.8644604078 472.0 152138.1223260795 98549.28582387952 103306.87516614929 138669.94785484148 82797.40864598387 84472.6563959126 92528.79218959672 100088.21334503884 142267.2541965003 122404.30851642588
847268.4317524383 480.0 12293.43175243828 0.0 0.0 14205.722828656964 148916.6463047534 135424.1635439099 198671.9433855349 165302.94870614185 106711.5089710946 65742.06625990842
898070.2854316145 480.0 65465.24671950022 85717.75328049978 59257.43019060031 88306.39247357349 58914.21546911774 125920.1774264924 175089.11030008213 92961.43851648452 82433.85165438245 64004.66940088146
1201766.2817546795 840.0 115531.9022203254 130543.56609151216 124107.14797533605 108239.3795831674 117809.30111983715 113640.59525222344 126125.75195521896 111948.70430495896 140930.1086752546 112889.82457684532
870832.2008159934 552.0 83624.33802173307 158856.68907143534 134598.9675606127 28074.438159924983 69799.55516625944 92100.44483374056 59802.03180057524 92987.764526557 59413.51889935159 91574.4527758034
813972.2319977127 480.0 62741.12762047795 95656.19484127684 57159.43952981996 97729.93191062535 55373.81249481408 93408.72560069856 83538.01553303689 138577.9844669631 62776.39662679455 67010.60337320545
766897.7486681462 480.0 56870.05488704395 94866.89273584676 79098.21984780791 82767.3134736185 63199.93101587546 91733.94623414498 55259.91533714508 115748.7264685174 48426.98334565215 78925.76532249407
938705.5740877872 480.0 77169.95987177404 89091.72750563716 58226.563216915645 128142.16696118149 177957.778786748 103857.05498959748 60737.232481387306 87571.35475779702 65790.0589056086 90161.67661114033
773128.6772440667 480.0 65962.83447813962 89390.84632809734 64732.95111510031 93703.3231366422 58599.61611448285 94830.48516469436 55929.97167917085 98695.40491799892 28092.64158003941 123190.60272970088
755822.2363823621 480.0 56717.93439386621 90168.25225948587 9722.766130012997 34771.80967985964 154151.0671351774 104674.75811619582 34892.62724714707 118208.78503825497 63897.03934799595 88617.19703436611
765342.9743395263 480.0 52701.11033578056 94781.1609657446 63131.54839674477 97209.62712258572 22841.461409721956 126460.85538706034 65067.066840613545 92312.22480422394 59829.46996869844 91008.44910835243
765447.7892781117 480.0 65034.45974897894 91195.32952913272 59842.36851464083 97300.17467583476 54941.31934351955 89385.09713893014 61048.9635208566 103923.74285326454 50570.27673059875 92206.05722235482
920958.0 480.0 38665.02169686695 122429.41810827976 188773.68557891945 106085.87461593386 70157.04655798082 91202.61320042353 65559.77085717654 88784.56938441911 65266.26144899161 84033.7385510084
774686.0 480.0 64098.54361225311 92832.21267704207 61713.87124693989 92493.37246376491 50613.13438349526 82655.68700966264 77522.14205597345 130357.5624428652 122399.47410800346 0.0
834385.0 552.0 92298.8062596406 55626.193740359406 94945.60101828506 108085.64166957472 84262.36144489376 94165.00316377876 29120.55835990876 125326.83434355892 64572.83188581759 85981.1681141824
754306.1354772593 480.0 62031.953183317535 88727.4065381989 55858.13639038784 86651.9130677342 54117.98774052627 100402.60307983524 51087.25797454012 85055.09662684836 82326.19747925886 88047.58339661201
813938.0011054375 480.0 58538.21707872689 93894.94016697694 61433.4160051635 104078.52586542183 34426.00953249242 119076.7558739591 64812.29842055933 86633.70157944068 60329.50941150974 130714.62717118712
864478.8933853556 480.0 169248.39344062045 94406.70139710892 57217.70516288879 96668.63159884144 52277.592807123365 92272.3490762509 16827.169591029877 129927.32034343937 62953.72746965884 92679.30249839356
758326.1710416734 480.0 62049.13602572972 91012.95227861726 21790.76542437434 132852.1163032263 66311.48650820782 87179.51349179218 60785.42690839645 86348.47314573108 58850.50722860397 91145.79372699428
788287.7989902742 480.0 57395.21025652493 93876.69997130986 52879.04258349606 98455.47468371008 55315.54637972674 99054.83247671516 34067.58520115624 109773.4074376351 72038.9998851675 115431.00011483248
764408.0444678352 480.0 65769.66859840526 85584.33140159475 62821.05836438041 91284.35216519912 58640.83389136014 90965.8309285984 61427.12980604639 95059.9077697308 55090.76272520917 97764.16881731084
913243.8873337175 480.0 53263.42409869187 99644.51420316791 36068.99886169137 99935.708939503 43298.53632734943 136809.77310176115 42513.67838883342 159414.77850636726 120243.82658161884 122050.64832473328
769774.4504367325 480.0 77712.84539926177 84893.22279918537 42069.23879595196 83828.62248595546 91179.93118365455 91918.59761522486 58808.77684168952 87474.5188367056 58842.76171782323 93045.93476128022
853805.6809600359 480.0 56292.61244512723 91313.34753445604 55919.61954218168 107180.82522980688 23300.429571259607 123602.78343888318 1933.805623585165 91835.7839387244 173480.4446797968 128946.02895621482
734739.9368016789 480.0 122009.0648334796 68662.78663780776 6256.08533039143 2328.347963982216 62337.78577027888 63841.86626573889 63530.20376912124 128889.21526068478 130092.78884032842 86791.79212986556
773743.5672652894 480.0 59477.683004898645 88578.34674962302 65998.89967416244 93128.77938335722 57686.775665924295 92349.94081492408 60707.2433429072 97443.54892092993 59875.981283943314 98496.3684246192
891378.4327347106 480.0 53354.79815152402 93442.7012555633 49985.30019902016 126787.7345129986 169125.53313506942 99278.29204883438 36360.71245436685 117911.36097733393 61965.45170738296 83166.54829261704
