s_bytes_all avg_video_rate s_bytes_all_#1 s_bytes_all_#2 s_bytes_all_#3 s_bytes_all_#4 s_bytes_all_#5 s_bytes_all_#6 s_bytes_all_#7 s_bytes_all_#8 s_bytes_all_#9 s_bytes_all_#10
656836.2819176086 288.0 33757.88890769616 68757.91900209109 81425.23418399092 56017.52804349085 40933.16761466309 67703.93452535715 75254.96495369778 103313.5446234384 84438.52584070414 45233.57422247908
476629.9316135431 288.0 94168.80178201312 38480.13006146337 66330.00024383825 83891.56609231442 61749.51038458172 73895.88086501881 22484.598692081887 18669.801369616434 6787.859955865217 10171.78216674993
427258.2779689454 288.0 21332.18844249513 69664.86169415989 53134.221857894336 34904.0493161539 25545.45711434963 8897.355640838005 30244.012573563898 89833.24251931986 41645.01260848765 52057.87620168307
472744.13231369 288.0 56813.94631239704 20435.126119342905 79219.03717974693 42786.27394708067 27390.386326425458 43106.00136695032 57527.314035829695 31582.987180788456 66198.73367927078 47684.326165857725
488955.0570135966 288.0 48138.38465586786 53251.85506335044 48208.3375554866 65621.41950476886 62779.43312738734 9465.830797126257 63997.6293164919 46894.3027871591 45318.811072061486 45279.05313389674
361478.4461130874 288.0 43025.80913926805 40411.22762385829 65117.58656111106 27548.181216241705 27581.93731378621 25424.810493686746 29779.82311687006 54393.86955382159 32739.07328308703 15456.12781135666
605376.0417561443 288.0 23427.347424267333 59140.60939052967 80586.06669399726 47851.76869255195 60653.6620492537 57357.50501156493 89088.7452959121 67083.2504588163 61117.21281503979 59069.87392421117
409604.0036593125 288.0 63491.84636110503 27953.16155536623 58231.45665993308 29555.771615508034 29902.46062293212 40659.31273338125 70270.40513197766 23316.043585538413 47023.42497780516 19200.1204157655
223473.41005478072 288.0 24644.214241886948 27944.121588774266 30637.61782975758 9772.819109472732 24433.58754822063 36104.55467623556 22964.16470237401 14219.104861393029 17628.1734661461 15125.05203051984
385779.0131549944 288.0 18373.96437920248 33785.22522369981 34442.75790369632 27553.47929228405 25058.64260263644 6048.065778282414 43982.57375145937 58102.17944336935 47772.87309481749 90659.25168554664
517669.7096837595 288.0 60168.33485727212 71171.56302187277 47448.8127677442 69204.87713325543 57328.661559855136 10871.022659002769 51047.25549250644 51959.33388909377 52318.52704131775 46151.32126183908
293490.26588014944 288.0 35421.11096199272 20332.20286099801 19564.619040884518 18274.725260898183 14659.180531007623 13619.624307437973 26809.73645529824 49497.023644424255 47303.24626993817 48008.79654726976
491499.5233233231 288.0 60009.42944720732 48660.48103537667 25582.890926252632 60466.9402668079 62225.34443090326 35740.48749714467 49120.741185595536 31461.19998036986 58862.25007083674 59369.75848282852
702738.9958190715 288.0 33350.387863878095 67651.15204265858 105261.63782040766 59531.58051836125 69562.61787027243 71063.94141200355 107584.26119531848 86952.56542627636 50089.568019751816 51691.28365014339
631991.8237804173 288.0 64222.2940750102 46115.69331257894 27262.993600047317 72938.27512518811 90871.811327448 67974.00023039269 63061.277347723546 81350.09528892669 56097.69299197901 62097.69048112285
800802.1215459049 288.0 53365.98341220698 63165.20718619612 67095.89350475767 87499.15768710633 108747.38889027436 85212.39715575165 82993.76951334471 69288.03728466053 82457.03611791022 100977.25079369637
739040.9756423509 288.0 87977.49963311673 56773.77687091311 83628.79946472775 77284.50041446184 70625.05360715267 86800.2428112061 64514.535607834 45795.440308649166 90318.60141348174 75322.52551080774
557344.8869879838 288.0 75820.05508718219 52615.78354258875 55338.61735673014 34627.82449813944 80585.79013719723 72905.48454902852 52717.81453036073 53701.35875126568 32713.855229389388 46318.30330610174
620303.2694692902 288.0 56819.57378193042 57482.19289307925 48394.394182360935 67662.03650716392 71512.97598689445 73976.25097218095 63748.93333054782 76419.83252510348 49600.43997444601 54686.639315582914
609597.3669977828 288.0 57356.30575923625 57650.68905514149 70937.197221447 65263.4903080557 80051.24518964963 53808.766048152895 36286.66705403708 68428.27827248767 63071.1856250338 56743.54246454128
627850.0717584124 288.0 80333.14623531085 45782.19893260417 73209.4250149343 30075.904530415843 66935.51506124766 28610.954174426228 72391.28087744945 32532.439220400403 91623.7167294826 106355.4909821409
1689088.593668887 2795.0 36112.384145624106 143953.31483686806 181045.642584764 169711.15604052055 210755.715374323 228325.61458874523 187479.1535495357 158901.34276748728 183026.1017837584 189778.16799726072
1391490.7869114608 685.7142857142857 199190.3777109555 189308.2283735944 165094.5011508782 173433.4542395261 117183.93072837524 110604.02526414466 89770.28562864295 133416.2224687918 58930.90539537064 154558.85595118123
1201588.5104841783 840.0 113993.57719597255 131560.52906048464 161836.6954547706 126797.84790731844 70989.83184909969 101422.36137695868 164980.33460094483 85440.3014995227 152783.5920924058 91783.4394467002
1162196.7831660032 840.0 174104.67083025808 64041.007116823246 151761.60587623547 122479.98794869216 193747.9574729931 2586.990826833252 150047.62632566225 118061.10301857544 150208.12154164104 35157.71220828894
1208950.3419037696 840.0 176595.66409085062 69173.25932846662 177680.47220380747 35842.01577004265 178562.8095703576 36792.8878340534 167545.32810825392 33569.644736482034 175873.26218181953 157314.9980796357
1223760.444300501 840.0 102441.9745930598 132984.1070370988 61895.99260127483 151366.98946612724 103304.90389056428 152758.5396538612 91266.31108134185 141149.4508309638 145850.9977720878 140741.17737412118
1281592.650701562 840.0 101788.02578265186 156430.98290832544 84440.1931546401 167045.1847267263 97495.46382249348 130152.39453220797 118172.51336014229 175819.19827526712 92137.32440558862 158111.36973351875
