s_bytes_all avg_video_rate s_bytes_all_#1 s_bytes_all_#2 s_bytes_all_#3 s_bytes_all_#4 s_bytes_all_#5 s_bytes_all_#6 s_bytes_all_#7 s_bytes_all_#8 s_bytes_all_#9 s_bytes_all_#10
358435.5825255056 288.0 0.0 0.0 0.0 0.0 0.0 0.0 8562.93470980844 170139.06037944564 49293.22007672723 130440.3673595243
1257253.838212119 322.90909090909093 142374.5910362236 171084.49496110936 157332.8007630498 180683.69624117095 163177.00792178884 176721.391148366 12848.489846867116 112383.94555591868 0.0 140647.42073762463
1215374.2450709674 737.1428571428571 17670.579262375377 167216.333436976 131338.3332266809 44880.622559118616 179790.10904716796 162176.3617391624 88336.2399908941 159159.30825966955 80002.90000866319 184803.4575402593
1069819.1920538032 840.0 94271.06915323185 166390.53845392307 103964.75409303486 139361.64081407755 39485.98993383905 153591.22124976665 106139.13692006833 181997.46143383245 75883.22375571802 8734.156246311337
754348.2784733276 480.0 1106.142137604784 0.0 2242.5630911007934 2549.3265513173137 1048.110357581893 37153.751014337045 127709.46989859824 251698.26543901407 155635.31791275286 175205.33207102068
1112773.1107221188 660.0 152275.25387291145 143042.6574739482 26747.95231741747 132979.31052949166 23197.68947050834 141400.45672331392 80777.2819264314 163801.18688850035 75798.19930598812 172753.12221360774
1120502.3062905031 540.0 85399.9565492762 178018.32085681125 90063.47865424892 12959.996881822084 0.0 145824.33962343243 128944.40088973824 175742.2674027813 180439.59975109572 123109.94568129696
1133165.839116973 840.0 22184.44665165533 136999.84680696414 69255.50481939575 160197.15311438468 65042.330411772215 148046.51692047203 95755.34036077204 185900.19324827933 114113.68730148525 135670.81948179242
1193057.7085403688 840.0 71082.26653598428 157596.97995568215 76311.0216463057 143719.22939306204 95372.54136116158 174026.03591555977 74691.9541497709 158213.20285695657 85298.6509344048 156745.825791481
864229.8989943133 564.0 95014.91286858892 200024.61742668357 99717.1814974096 9889.187201631252 0.0 161422.65468408642 151054.78032731745 141018.8374933572 3173.727495238964 2914.0
697502.2582917605 352.0 0.0 160626.68602661003 51557.67167126964 106041.05455989842 9559.587742221936 105151.0 0.0 118248.01948686608 9940.980513133904 136377.2582917604
924839.0169185632 480.0 36088.31029418889 127668.84686576568 16281.584548285027 125598.14833361049 22748.851666389528 132107.3622487079 37383.691989968094 47709.29405329519 191115.4942840748 188137.4326342778
897418.5022877099 750.0 84035.72478967623 121724.2896912373 23646.710308762697 90741.21449025512 102086.4938831527 79208.29162659218 16568.661147327563 140631.00146781708 74826.39723988707 163949.71764300193
1253389.9297764285 840.0 103606.71857191362 147203.63524593017 183421.03362106992 192467.96068615245 176127.23717649962 184279.85657291312 95503.9923952596 19755.788232227864 0.0 151023.70727446215
1051718.3931442124 540.0 93208.40464099174 137076.39211993298 35179.57871674863 116522.8626229756 178406.87801815674 107340.77697658454 62372.39963014764 129693.94794080824 43116.69551362177 148800.45696424443
1187423.4164425847 840.0 70975.93028725812 158734.070814182 87108.43880753752 160764.24599709274 80094.07178841886 165662.5645043708 63884.05788618362 145341.10858091555 88558.64031388065 166300.28746274495
1097774.3970042537 564.0 102301.53842483523 199274.21894155792 160333.41559289247 199066.0179449912 89800.62807838406 6675.664156079743 0.0 150195.64270458274 56713.453050621 133413.81811030916
1203109.6075677895 840.0 115761.24920059428 135775.48982971202 88091.12154080413 153513.67993575797 91669.161609147 164508.7139850425 75307.35137773422 140510.485829463 96694.2463176673 141278.10794186726
1004473.5509314636 840.0 104080.8382344861 153353.17048146093 119109.1477870839 156097.6296960848 91204.5253282694 137618.00195108796 138002.13576022294 15537.029328001396 0.0 89471.07236476627
826651.0222766625 288.0 133854.9664183046 193612.1799309312 40683.26018517176 1703.5211008261929 0.0 154421.90617127536 76738.40931878089 107742.96921316284 8568.715296780934 109325.0946414288
778036.230959359 480.0 7578.905358571202 124415.87913017944 32602.825025354203 127900.03828528142 29078.257559184935 128736.39720154509 31810.602798454915 129609.52082129632 19369.479178703663 146934.32560078782
1099016.64867262 768.0 46174.99362062385 141482.40931065782 46278.79314358618 148731.09605634236 80526.68309868826 186723.28528873992 64843.57947192056 160180.0434401196 84969.82066152288 139105.9445804187
795827.1589712112 480.0 50290.5347432753 141736.51317270327 20374.97781061355 132876.14828321087 20013.85171678913 120957.89296329666 20631.107036703343 135081.89007312525 20593.10992687473 133271.13324461895
961941.6579789402 600.0 22840.86675538105 104689.65064185971 112054.41859898828 97638.80599897272 112741.43571366272 117409.3192755231 34348.3794265374 142316.22495216725 74415.75438905317 143486.80222679485
1257140.153756941 840.0 108201.06698124044 153322.9331719801 111997.2218424941 73910.84561804043 144844.95715737317 139715.5630119718 114884.38568233224 158019.8730760116 80002.13024096543 172241.1769745316
728142.3922837423 570.0 65432.1505182738 166588.6328656693 56818.75846460871 783.5131709480622 0.0 133588.3689385501 18615.63106144992 143454.69536366905 4957.304636330966 137903.33726424244
900675.4079579724 480.0 140717.72946358146 32763.933272176106 0.0 158760.47140942977 133505.27892753447 135659.78921370674 23641.999175288664 126428.1889718378 28432.272302202546 120765.7452222149
761800.1734536352 480.0 28155.254777785103 130131.4424399506 33578.55756004939 118933.76622498289 36029.22659936138 119992.4638340994 45474.54334155632 125101.81431289714 18568.18568710285 105834.91867585
909748.08132415 384.0 152970.27056869172 164832.46654995627 116866.2316224957 1487.1125830062829 0.0 135674.36305006873 106133.45008186468 125187.79443306226 5371.392435004311 101225.0
598855.1565861063 364.8 0.0 2915.0 0.0 174302.77626511024 89932.68314880393 99695.23979461276 7080.300791473061 102663.36572458132 4252.634275418694 118013.15658610631
