s_bytes_all avg_video_rate s_bytes_all_#1 s_bytes_all_#2 s_bytes_all_#3 s_bytes_all_#4 s_bytes_all_#5 s_bytes_all_#6 s_bytes_all_#7 s_bytes_all_#8 s_bytes_all_#9 s_bytes_all_#10
623169.0817109412 1316.0 0.0 0.0 0.0 0.0 0.0 13767.43475755616 120413.6446368103 144143.84477702773 146875.0758286058 197969.08171094116
1716197.2965099798 875.4285714285714 187898.1781822953 123636.951527344 168819.51025205964 211072.5619287048 283703.0078611644 213594.83858918905 118647.53759555846 180253.2751709961 143403.98497316058 85167.45042950769
1155844.267811326 633.0 129447.16792952293 128135.4429803449 27204.24778574033 163757.51178761933 44750.14073520393 158277.26068379785 91683.05198949591 143977.45181364543 172074.7683266228 96537.22377933272
1112573.6448044358 840.0 119843.3880713178 132212.96589643502 102858.140035848 119782.05244820962 101523.73601612076 98082.8499416421 161034.75236280967 38488.38421051799 147805.4765482787 90941.89927325622
1140059.158738981 840.0 184068.70916331693 17179.977019721784 194230.88166992692 29898.094191984164 217513.0471183671 5761.883321200559 140160.11667879944 95861.22709891746 174379.4789259176 81005.74355082877
1200650.2864000965 840.0 137978.55042433616 49139.11053357257 172742.21965040112 164922.45288886185 128072.21692716444 89067.49791372045 116157.23502718592 129738.45003661196 102962.81702248166 109869.73597576044
1169588.1497192748 840.0 154436.1615319106 118163.42367866985 70375.67881365912 78635.46050097112 130443.57939917449 162909.38311237958 55451.95729956067 164290.18685880356 89279.01105422253 145603.30746992325
1108093.1274266422 840.0 73431.88611705048 139779.63886062187 43330.71009531056 142979.35060985986 68673.39507636061 166578.95333214017 178899.15368937995 70360.94082259762 125941.614945691 98117.48387763
1122970.986878323 840.0 139683.07343216203 122081.40222863748 110024.51608007234 105454.95756802564 137182.6036280449 96304.45200954212 168812.5479078097 65679.2793900446 177748.15463398385 0.0
1131989.1008139637 840.0 202146.2872907497 38542.617137163244 171905.69403969383 89237.4104533259 170171.99107906732 0.0 196788.0 109462.13885272726 85036.12853013135 68698.8334311049
1228756.2544666308 840.0 138949.56204201872 102319.92361299857 127741.4135310192 95171.30508962995 114979.91373510427 121612.67518720044 105279.38993526716 109287.83207898815 170060.91182765903 143353.32742674512
1156418.4146459582 840.0 45557.64471940585 100688.554193959 166403.74046867114 134599.77141301474 66815.61478860896 153519.6065010823 39212.67550730937 157284.5721556449 154868.82626101648 137467.40863724568
1089063.815378778 840.0 48199.26443858643 131341.965634861 37384.0 136247.25703556498 125975.35645530118 136632.29279417748 197052.58601173284 65763.99890489336 106330.83112529096 104136.26297836965
1104516.4146946697 840.0 158905.42841096286 47769.07743451592 150196.32986997825 69792.81607897635 182269.66304606604 40876.09985417016 141040.9449264357 101766.8505109556 210716.20456260868 1183.0
869927.0 840.0 196114.0 131.46267231125515 207859.53732768877 16437.730846811475 222914.90071069336 16124.892983327469 202916.4754591677 4512.0 2916.0 0.0
902687.2545490965 522.0 175468.7105436823 137243.95255199098 137852.3369043267 67323.2549352051 32920.7450647949 80200.6651969671 38409.3348030329 74622.68941414068 34948.24098448308 123697.3241504727
999983.5113568 840.0 21245.745450903534 199017.5879067587 50838.30535558675 183154.7758067036 40733.61491685558 123676.28907631245 45451.9811163268 112736.2994546324 68051.8682147221 155077.04405799822
1052541.4620622026 840.0 69083.64179455022 132594.59229955322 107275.0 113878.0 99284.80496756484 105986.5339357264 165994.8711867006 41959.09047989677 114405.7693435773 102079.1580546332
984476.5396946958 840.0 137134.5190240047 32058.80468612184 112054.74241395626 95375.24818677238 176867.4577210457 8619.24619482903 183789.06469420576 65711.2847528214 133005.75870288766 39860.41331805104
1179267.6630251918 840.0 211209.23233720512 38819.52909174068 189757.47090825933 147186.71786498668 98456.28213501332 321.77830480451604 191915.22169519548 119588.4532218378 82995.5467781622 99017.43068798646
1081492.5693120137 840.0 98880.5317504758 57566.13646487367 140875.19333991833 71698.60618575127 161223.06776796453 88955.12979685611 100268.30600504045 144864.88917723807 71760.38079323142 145400.3280306639
978602.0 840.0 3001.20051827938 196951.79948172063 36380.70014301738 137315.03395100002 57539.06239398865 144242.73403445928 70096.49941671091 157887.4849784444 119469.48508237935 55718.0
1013995.8055194288 840.0 3133.7466957497754 168607.2173720313 38904.0359322189 197458.95016659488 119593.34670793748 89888.61830991239 171774.55341454892 29255.531401006323 137626.951885366 57752.85363406274
940994.0167264292 840.0 156923.19448057128 1250.0 158601.07692365127 65364.04675656631 108261.87631978244 79156.74905108385 182667.25094891616 447.231729983652 187682.7682700164 639.8222458579722
1160915.6202601967 840.0 180844.17775414203 9043.0 120908.7180550222 189245.30531597653 105148.24622667214 180677.85069294897 118155.73137780966 65783.09783010876 84640.17338011647 106469.31962739992
1139897.0167466237 840.0 101226.75895550544 91072.74227083146 162118.53665823734 81162.56221213224 114761.24918804433 138516.01257700048 99208.77215033448 164608.92348185962 2832.042549293099 184389.41670338533
961920.2439631716 840.0 38715.48266638457 122081.7660625438 55906.53289225401 174457.9332915501 43666.11930709993 140845.69888800458 105232.93814822986 74703.32870548608 117557.59724326347 88752.8467583553
1060583.29678415 840.0 107001.14212853754 79070.51822692715 81333.33523169266 118567.37400877888 175217.8073918739 97625.57001651978 127045.61480502263 71510.32871958191 167224.1302670933 35987.47598812206
1010077.3153396364 840.0 151645.9322971977 58276.40852664475 169503.2062289202 10820.136688772547 173355.31625846482 44673.03285361445 184422.96714638555 33609.0 179944.0 3827.3153396364337
1007943.8320697766 840.0 163368.68466036356 125283.16584699693 79397.2888304362 88609.56540214346 104410.76924032498 115132.47738369042 88561.73329640804 93242.18359706811 90361.81640293189 59576.14740941304
