s_bytes_all avg_video_rate s_bytes_all_#1 s_bytes_all_#2 s_bytes_all_#3 s_bytes_all_#4 s_bytes_all_#5 s_bytes_all_#6 s_bytes_all_#7 s_bytes_all_#8 s_bytes_all_#9 s_bytes_all_#10
726994.1470102692 288.0 0.0 0.0 0.0 0.0 0.0 55160.8770573787 145690.91041663743 190481.44336630224 172954.3585668044 162706.55760314636
944093.3839959018 384.0 207471.4039788448 90926.03601078896 161774.31722177935 56886.19293497181 88163.90284334586 29454.514089192504 113358.48591080747 28554.53909366974 141065.46090633026 26438.53100617104
1010204.8136178488 634.2857142857143 117681.46899382897 28137.749122016805 128380.2508779832 27286.55687352993 187564.4329379449 161674.66368706134 133770.85756031267 54283.472605373085 144641.01633577808 26784.344624019832
1212220.6194549548 840.0 172147.72181025875 71164.27395385999 202103.45989759723 37275.04347623333 184731.44828269357 52492.48858628497 165170.07169455147 78580.10755360434 168821.72409236094 79734.2801075102
1190214.8986486497 840.0 170269.6616031365 47406.93043983933 191508.7794711165 67956.44543296832 187496.9013586276 52999.32201707588 185912.7097615434 59799.11310807171 159463.56642918184 67401.46902708863
838588.8642957648 570.0 198788.74124068045 53791.91911622353 190474.4084924737 38880.068422998025 24.0 0.0 735.0270600439873 22250.97005667944 133103.62063699443 200540.1092696713
1039724.0813997122 480.0 187988.85602251955 82336.54535553395 134201.8715985574 12471.034637269291 139801.63220912893 13873.798686339573 157562.88596541487 150030.64850184735 159680.0 1776.8084231012986
1064499.7516054371 720.0 1136.1915768987014 24685.48994777556 217241.63207896336 160502.44857363423 142932.58376318018 125852.89078104416 122400.95485540248 30975.25220262239 171565.1120432544 67207.19578266158
1214371.0214356931 840.0 186475.86966530656 55744.94254217991 153413.38014672438 92431.45110820778 190689.64562320695 41741.30226485807 200881.13170441653 56478.58059447253 200050.98039545704 36463.73739086331
1193280.9277415092 840.0 183488.06062403417 51286.67518694649 197142.60407518796 25617.351640798985 177559.25831877725 81677.37965200485 179040.04234727452 56018.08418188236 186019.63297989703 55431.83873470563
1203669.9442868866 840.0 161508.64195246802 123864.9135923557 179038.4941679728 47833.06732695587 194356.791984004 34971.37838526488 189249.6107992356 26988.829980487004 185528.75029572228 60329.465802420535
1353208.5133360042 840.0 205776.50617258903 52218.79063853263 219906.8999140656 122873.1674041724 170701.90920887308 146240.67112714553 38267.60204199433 21106.78931573677 172070.03009790057 204046.14741499448
1178922.7902253014 720.0 159887.9503674936 134128.854281926 105427.22852194852 0.0 156866.6528619203 136512.21512661857 159475.84276993218 71046.59124101406 184484.93704185303 71092.51801259494
1183820.5928662317 840.0 159999.46660712434 88226.5379738948 186911.8820452725 45607.35531303671 172557.68093175435 45370.14427895366 200837.0597498968 47837.47812754673 187031.4210335896 49441.56680516206
1243099.2466566677 840.0 203265.2598039464 53713.49025882194 210058.0781920278 24981.994118228416 193247.70496266533 75667.69045409406 198236.9293577762 28662.67838648866 201574.83477173588 53690.58635088289
1193030.9710942933 840.0 184340.59159361437 45373.02373843984 195776.96322074407 52105.03417802857 185361.81508767148 47978.14125386914 193649.8698720014 40273.27618819656 180907.53161310373 67264.72434862405
1425349.2738970406 840.0 202505.30901936864 56941.544522879216 213916.66613091243 134088.98041080165 121619.07296248472 188592.5914655195 153286.45899404012 158475.41307807306 149297.7395939202 46625.49771904117
1192673.3640721184 840.0 178578.8158412751 31626.414163102265 189058.92137536727 62077.701370519215 188447.89826689087 53159.3704645049 204942.964630804 48765.83051321948 187620.0487703263 48395.39867610931
1227593.9228317982 840.0 189761.4279608208 52907.60217003567 190538.72333167755 47913.20013385115 176800.5116090348 72390.6179182224 200413.15527912707 57419.81503323959 173639.18024404193 65809.68915174722
873425.8715279169 480.0 171058.42274694482 29745.44878097205 0.0 0.0 77385.55607669323 173516.82759278824 159217.82049064143 128839.81895904471 133661.97688083237 0.0
796904.58271683 480.0 147880.3648673031 29270.09781019973 117399.58478528255 33709.69827804221 138664.25425917236 24381.64175849661 133956.3582415034 24136.109268116565 131194.89073188344 16311.58271682995
911783.6825803418 540.0 113554.41728317004 24016.4586976528 132878.5413023472 20897.84111385976 134910.15888614024 8307.653546103305 131211.51078435435 163756.2861622442 147280.54950729816 34970.265297171696
1147405.999270258 840.0 162200.36845074102 58579.16629082376 166146.1458087957 56616.81973751055 176495.7347384261 59850.16676768818 182213.5588885396 67819.2979117298 195272.21081092587 22212.52986507733
1252679.728847061 840.0 200428.53040306427 55883.99007561347 182531.7475987312 115814.55125787608 155666.5187650459 57364.74686409887 189181.94174315117 43437.59023977713 180715.40155807056 71654.71034163273
840700.9956772922 436.8 200393.7920473224 54333.807804174765 141830.14361453897 105020.74759452272 53060.71265816813 71397.1115096202 91796.69135716197 19996.751047294365 81827.24895270563 21043.98909178309
924461.7442576014 480.0 129902.01090821692 24109.546331395453 138816.45366860455 25307.282488538367 132247.7175114616 12317.81760140303 134144.18239859698 20943.215287260187 181637.08125408812 125036.4368080362
1131215.5918653556 840.0 151155.2666506155 0.0 2458.3346431201508 179797.63179938987 176032.68415451923 124476.97485164122 177762.09315062565 83783.77081750953 148575.77689512054 87173.05890281386
1206694.257855188 840.0 205743.61672732327 44008.79297826501 189260.8447076205 51333.52492720472 186411.30956792188 41428.0210887171 189542.89373201152 48204.48172260542 156947.657715486 93813.11468803253
1253949.5847036082 840.0 185962.04883034417 64273.0526840039 210374.31269119744 40667.755862557686 201119.50226416945 60710.74459779932 177104.72634477742 84799.18238561109 182200.06146290543 46738.19758024249
1226434.657594096 840.0 181164.4088332216 89683.32659384828 188006.70468270543 32980.56276665001 164909.19797818654 74351.37951116088 195206.04993445607 69684.61266645364 190120.6222796351 40327.79234777869
