ts te nbins ncons c_tcp_packs c_tcp_bytes c_udp_packs c_udp_bytes s_tcp_packs s_tcp_bytes s_udp_packs s_udp_bytes max_bins_span min_bins_span avg_bins_span std_bins_span max_video_rate min_video_rate avg_video_rate std_video_rate max_audio_rate min_audio_rate avg_audio_rate std_audio_rate video_requests audio_requests
0 1000 0 0 0 0 0 0 0 0 0 0 0 0 0 0 0 0 0 0 0 0 0 0 0 0
1000 2000 0 0 0 0 0 0 0 0 0 0 0 0 0 0 0 0 0 0 0 0 0 0 0 0
2000 3000 0 0 0 0 0 0 0 0 0 0 0 0 0 0 0 0 0 0 0 0 0 0 0 0
3000 4000 0 0 0 0 0 0 0 0 0 0 0 0 0 0 0 0 0 0 0 0 0 0 0 0
4000 5000 0 0 0 0 0 0 0 0 0 0 0 0 0 0 0 0 0 0 0 0 0 0 0 0
5000 6000 1 1 0 3 0 0 0 32 0 0 0 0 0 0 0 0 0 0 0 0 0 0 0 0
6000 7000 4 4 336 11318 0 0 400 542198 0 0 726 308 478 201 3000 3000 3000 0 128 128 128 0 2 2
7000 8000 3 2 304 2409 0 0 378 634510 0 0 726 272 514 228 3000 3000 3000 0 128 128 128 0 1 1
8000 9000 4 2 314 2152 0 0 504 901995 0 0 724 272 463 194 3000 3000 3000 0 128 128 128 0 1 1
9000 10000 3 2 281 1732 0 0 445 774280 0 0 516 401 465 58 3000 3000 3000 0 128 128 128 0 1 1
10000 11000 4 2 351 2191 0 0 444 797151 0 0 597 349 455 107 3000 3000 3000 0 128 128 128 0 1 1
11000 12000 5 3 336 1747 0 0 391 648530 0 0 523 172 345 149 3000 3000 3000 0 128 128 128 0 1 1
12000 13000 4 2 324 2262 0 0 436 818366 0 0 686 253 442 199 3000 3000 3000 0 128 128 128 0 1 1
13000 14000 4 2 238 1654 0 0 385 679193 0 0 745 123 323 286 3000 3000 3000 0 128 128 128 0 1 1
14000 15000 4 2 360 2908 0 0 545 937465 0 0 825 169 490 337 3000 3000 3000 0 128 128 128 0 1 1
15000 16000 4 2 230 2022 0 0 334 695207 0 0 751 123 436 307 3000 3000 3000 0 128 128 128 0 1 1
16000 17000 4 2 256 2727 0 0 360 808523 0 0 851 91 459 394 3000 3000 3000 0 128 128 128 0 1 1
17000 18000 4 3 251 1580 0 0 364 714022 0 0 903 83 513 348 3000 3000 3000 0 128 128 128 0 1 1
18000 19000 4 2 324 1996 0 0 499 1024323 0 0 878 76 460 333 3000 3000 3000 0 128 128 128 0 1 1
19000 20000 3 2 184 1144 0 0 299 565698 0 0 628 12 337 309 0 0 0 0 0 0 0 0 0 0
20000 21000 3 2 164 1562 0 0 230 461550 0 0 628 64 436 321 3000 3000 3000 0 128 128 128 0 1 1
21000 22000 2 1 94 1347 0 0 126 268156 0 0 615 384 499 162 0 0 0 0 0 0 0 0 0 0
22000 23000 4 3 147 1983 0 0 206 443548 0 0 613 250 376 169 4400 4400 4400 0 128 128 128 0 2 1
23000 24000 2 1 169 834 0 0 229 503960 0 0 612 386 499 160 0 0 0 0 0 0 0 0 0 0
24000 25000 3 2 189 1648 0 0 270 597565 0 0 591 278 414 160 4400 4400 4400 0 128 128 128 0 1 1
25000 26000 2 1 197 1340 0 0 261 534848 0 0 589 408 499 127 0 0 0 0 0 0 0 0 0 0
26000 27000 3 2 209 1191 0 0 300 588045 0 0 625 78 365 274 4400 4400 4400 0 128 128 128 0 1 1
27000 28000 2 1 179 835 0 0 274 538734 0 0 624 372 498 178 0 0 0 0 0 0 0 0 0 0
28000 29000 3 2 199 1656 0 0 296 605908 0 0 614 281 417 174 4400 4400 4400 0 128 128 128 0 1 1
29000 30000 2 1 249 1352 0 0 303 553145 0 0 613 384 499 161 0 0 0 0 0 0 0 0 0 0
30000 31000 3 2 244 1153 0 0 307 601593 0 0 618 226 407 197 4400 4400 4400 0 128 128 128 0 1 1
31000 32000 2 1 181 1356 0 0 231 539449 0 0 616 381 498 166 0 0 0 0 0 0 0 0 0 0
32000 33000 3 2 179 1466 0 0 261 608907 0 0 603 278 418 167 3000 3000 3000 0 128 128 128 0 1 1
33000 34000 2 1 96 1009 0 0 140 304771 0 0 603 395 499 146 0 0 0 0 0 0 0 0 0 0
34000 35000 3 2 129 1492 0 0 213 356262 0 0 389 261 344 71 3000 3000 3000 0 128 128 128 0 1 1
35000 36000 1 1 143 0 0 0 244 410436 0 0 535 535 535 0 0 0 0 0 0 0 0 0 0 0
36000 37000 2 2 143 2081 0 0 204 435719 0 0 746 276 511 332 3000 3000 3000 0 128 128 128 0 1 1
37000 38000 2 1 92 420 0 0 126 255059 0 0 253 165 209 62 0 0 0 0 0 0 0 0 0 0
38000 39000 2 2 111 2083 0 0 175 389924 0 0 745 295 520 318 3000 3000 3000 0 128 128 128 0 1 1
39000 40000 2 1 101 1030 0 0 132 323111 0 0 745 251 498 349 0 0 0 0 0 0 0 0 0 0
40000 41000 3 2 185 1512 0 0 278 619109 0 0 721 253 462 237 3000 3000 3000 0 128 128 128 0 1 1
41000 42000 4 2 222 2764 0 0 302 593749 0 0 720 274 497 195 3000 3000 3000 0 128 128 128 0 1 1
42000 43000 4 2 288 1492 0 0 419 848869 0 0 635 239 434 205 3000 3000 3000 0 128 128 128 0 1 1
43000 44000 2 1 102 890 0 0 136 305854 0 0 633 363 498 191 0 0 0 0 0 0 0 0 0 0
44000 45000 3 2 138 1536 0 0 197 433161 0 0 547 254 371 154 3000 3000 3000 0 128 128 128 0 1 1
45000 46000 2 1 109 1320 0 0 147 325339 0 0 544 452 498 65 0 0 0 0 0 0 0 0 0 0
46000 47000 4 3 244 2054 0 0 419 662850 0 0 598 186 364 183 6500 6500 6500 0 128 128 128 0 2 1
47000 48000 2 1 491 337 0 0 743 1128113 0 0 597 400 499 139 0 0 0 0 0 0 0 0 0 0
48000 49000 4 3 468 2088 0 0 610 974958 0 0 565 184 414 167 6500 6500 6500 0 128 128 128 0 1 1
49000 50000 2 1 284 413 0 0 406 786279 0 0 508 490 499 12 0 0 0 0 0 0 0 0 0 0
50000 51000 3 2 193 820 0 0 250 521617 0 0 490 132 297 180 0 0 0 0 0 0 0 0 0 0
51000 52000 0 0 0 0 0 0 0 0 0 0 0 0 0 0 0 0 0 0 0 0 0 0 0 0
52000 53000 0 0 0 0 0 0 0 0 0 0 0 0 0 0 0 0 0 0 0 0 0 0 0 0
53000 54000 1 1 1 678 0 0 2 2413 0 0 232 232 232 0 0 0 0 0 0 0 0 0 0 0
54000 55000 1 1 0 141 0 0 0 504 0 0 48 48 48 0 0 0 0 0 0 0 0 0 0 0
55000 56000 2 2 2 122 0 0 2 6505 0 0 25 6 15 13 4400 4400 4400 0 0 0 0 0 1 0
56000 57000 2 2 218 3199 0 0 330 744597 0 0 993 507 750 343 0 0 0 0 128 128 128 0 0 1
57000 58000 2 2 348 1402 0 0 429 826858 0 0 799 666 733 94 4400 4400 4400 0 128 128 128 0 1 1
58000 59000 3 2 196 2129 0 0 276 616754 0 0 746 331 581 219 4400 4400 4400 0 128 128 128 0 1 1
59000 60000 3 2 274 652 0 0 384 842067 0 0 746 253 417 284 0 0 0 0 0 0 0 0 0 0
60000 61000 3 2 291 2081 0 0 375 784852 0 0 745 252 504 247 4400 4400 4400 0 128 128 128 0 1 1
61000 62000 3 2 262 1921 0 0 368 763180 0 0 744 252 436 268 4400 4400 4400 0 128 128 128 0 1 1
62000 63000 4 2 325 1620 0 0 460 862327 0 0 722 253 493 245 4400 4400 4400 0 0 0 0 0 1 0
63000 64000 4 3 278 1062 0 0 392 816515 0 0 722 166 353 250 0 0 0 0 128 128 128 0 0 1
64000 65000 3 2 243 2268 0 0 337 735158 0 0 721 273 488 224 4400 4400 4400 0 128 128 128 0 1 1
65000 66000 3 2 253 1010 0 0 369 803743 0 0 720 179 392 288 4400 4400 4400 0 0 0 0 0 1 0
66000 67000 5 3 259 2498 0 0 370 776103 0 0 820 176 445 295 0 0 0 0 128 128 128 0 0 1
67000 68000 3 2 230 908 0 0 315 714426 0 0 764 259 502 252 4400 4400 4400 0 128 128 128 0 1 1
68000 69000 3 2 170 1819 0 0 247 545740 0 0 745 478 580 144 4400 4400 4400 0 0 0 0 0 1 0
69000 70000 4 2 307 1072 0 0 449 884059 0 0 722 141 453 238 0 0 0 0 128 128 128 0 0 1
70000 71000 4 2 251 1878 0 0 354 706773 0 0 721 277 458 206 3000 3000 3000 0 128 128 128 0 1 1
71000 72000 2 1 135 825 0 0 174 392167 0 0 721 277 499 313 0 0 0 0 0 0 0 0 0 0
72000 73000 3 2 176 1629 0 0 244 529495 0 0 665 277 411 219 3000 3000 3000 0 128 128 128 0 1 1
73000 74000 2 1 98 860 0 0 135 294305 0 0 664 332 498 234 0 0 0 0 0 0 0 0 0 0
74000 75000 3 2 151 1636 0 0 210 484221 0 0 660 274 421 209 3000 3000 3000 0 128 128 128 0 1 1
75000 76000 2 1 82 855 0 0 111 254247 0 0 659 337 498 227 0 0 0 0 0 0 0 0 0 0
76000 77000 3 2 154 1632 0 0 210 453067 0 0 644 287 429 189 3000 3000 3000 0 128 128 128 0 1 1
77000 78000 2 1 112 1362 0 0 149 340760 0 0 638 355 497 200 0 0 0 0 0 0 0 0 0 0
78000 79000 3 2 150 1438 0 0 213 473439 0 0 619 349 442 153 3000 3000 3000 0 128 128 128 0 1 1
79000 80000 2 1 105 1040 0 0 145 305646 0 0 618 379 498 168 0 0 0 0 0 0 0 0 0 0
80000 81000 3 2 199 1028 0 0 244 421142 0 0 411 369 395 22 3000 3000 3000 0 128 128 128 0 1 1
81000 82000 2 2 209 432 0 0 259 442391 0 0 480 437 458 30 0 0 0 0 0 0 0 0 0 0
82000 83000 2 2 139 2023 0 0 207 430330 0 0 746 415 580 233 3000 3000 3000 0 128 128 128 0 1 1
83000 84000 3 2 99 1089 0 0 132 276309 0 0 743 31 342 364 0 0 0 0 0 0 0 0 0 0
84000 85000 3 2 114 1660 0 0 166 336552 0 0 725 254 416 267 3000 3000 3000 0 128 128 128 0 1 1
85000 86000 2 1 117 836 0 0 152 341579 0 0 724 272 498 319 0 0 0 0 0 0 0 0 0 0
86000 87000 3 2 196 1452 0 0 264 508675 0 0 720 254 462 236 3000 3000 3000 0 128 128 128 0 1 1
87000 88000 3 2 139 1048 0 0 172 334523 0 0 719 134 377 304 0 0 0 0 0 0 0 0 0 0
88000 89000 3 2 139 1653 0 0 190 433893 0 0 711 253 424 250 3000 3000 3000 0 128 128 128 0 1 1
89000 90000 2 1 92 846 0 0 123 289737 0 0 709 287 498 298 0 0 0 0 0 0 0 0 0 0
90000 91000 3 2 130 1531 0 0 195 413815 0 0 518 253 395 133 3000 3000 3000 0 128 128 128 0 1 1
91000 92000 5 3 256 2585 0 0 337 735134 0 0 478 245 379 85 3000 3000 3000 0 128 128 128 0 1 1
92000 93000 4 2 198 1964 0 0 268 592073 0 0 588 171 395 218 3000 3000 3000 0 128 128 128 0 1 1
93000 94000 2 1 224 278 0 0 340 700714 0 0 828 167 497 467 0 0 0 0 0 0 0 0 0 0
94000 95000 3 2 164 1991 0 0 228 482218 0 0 830 166 469 335 3000 3000 3000 0 128 128 128 0 1 1
95000 96000 2 2 109 231 0 0 135 292376 0 0 366 156 261 148 0 0 0 0 0 0 0 0 0 0
96000 97000 2 2 132 2187 0 0 197 393065 0 0 624 383 503 169 3000 3000 3000 0 128 128 128 0 1 1
97000 98000 2 1 101 1361 0 0 140 292624 0 0 622 372 497 176 0 0 0 0 0 0 0 0 0 0
98000 99000 3 2 144 1146 0 0 215 526881 0 0 631 242 412 198 6500 6500 6500 0 128 128 128 0 1 1
99000 100000 2 1 312 309 0 0 392 804466 0 0 629 366 498 185 0 0 0 0 0 0 0 0 0 0
100000 101000 3 2 274 2076 0 0 366 722550 0 0 743 293 468 240 6500 6500 6500 0 128 128 128 0 1 1
101000 102000 2 1 267 425 0 0 398 808332 0 0 739 256 497 341 0 0 0 0 0 0 0 0 0 0
102000 103000 3 2 243 2281 0 0 337 691460 0 0 738 260 489 239 6500 6500 6500 0 128 128 128 0 1 1
103000 104000 2 1 258 220 0 0 380 812010 0 0 738 261 499 337 0 0 0 0 0 0 0 0 0 0
104000 105000 4 3 300 2136 0 0 421 914994 0 0 565 260 402 126 6500 6500 6500 0 128 128 128 0 1 1
105000 106000 2 1 254 365 0 0 333 757810 0 0 565 433 499 93 0 0 0 0 0 0 0 0 0 0
106000 107000 3 2 233 2136 0 0 325 689725 0 0 565 431 499 66 4400 4400 4400 0 128 128 128 0 1 1
107000 108000 2 1 210 1341 0 0 279 572091 0 0 564 432 498 92 0 0 0 0 0 0 0 0 0 0
108000 109000 3 2 209 1525 0 0 296 577250 0 0 395 314 360 42 4400 4400 4400 0 128 128 128 0 1 1
109000 110000 2 1 198 629 0 0 323 608917 0 0 625 372 499 179 0 0 0 0 0 0 0 0 0 0
110000 111000 3 2 136 1832 0 0 194 386527 0 0 610 189 403 210 4400 4400 4400 0 128 128 128 0 1 1
111000 112000 3 2 248 353 0 0 377 816911 0 0 810 20 339 416 0 0 0 0 0 0 0 0 0 0
112000 113000 3 2 163 2188 0 0 219 470581 0 0 809 188 455 319 3000 3000 3000 0 128 128 128 0 1 1
113000 114000 1 1 85 0 0 0 108 225459 0 0 290 290 290 0 0 0 0 0 0 0 0 0 0 0
114000 115000 2 2 127 2075 0 0 191 402271 0 0 743 364 553 268 3000 3000 3000 0 128 128 128 0 1 1
115000 116000 2 1 100 1035 0 0 129 307563 0 0 740 256 498 342 0 0 0 0 0 0 0 0 0 0
116000 117000 3 2 196 1596 0 0 259 493204 0 0 711 255 460 231 3000 3000 3000 0 128 128 128 0 1 1
117000 118000 3 2 119 884 0 0 153 318580 0 0 710 28 341 344 0 0 0 0 0 0 0 0 0 0
118000 119000 3 2 141 1613 0 0 199 483096 0 0 643 278 416 198 3000 3000 3000 0 128 128 128 0 1 1
119000 120000 2 1 103 829 0 0 139 320133 0 0 643 355 499 204 0 0 0 0 0 0 0 0 0 0
120000 121000 3 2 121 1661 0 0 174 346247 0 0 630 277 420 186 3000 3000 3000 0 128 128 128 0 1 1
121000 122000 2 1 159 310 0 0 235 466893 0 0 380 368 374 8 0 0 0 0 0 0 0 0 0 0
122000 123000 1 1 26 785 0 0 51 98607 0 0 472 472 472 0 0 0 0 0 0 0 0 0 0 0
123000 124000 3 2 153 2621 0 0 200 437464 0 0 527 270 423 135 3000 3000 3000 0 128 128 128 0 1 1
124000 125000 3 2 197 1596 0 0 256 595423 0 0 394 372 382 11 3000 3000 3000 0 128 128 128 0 1 1
125000 126000 1 1 119 0 0 0 171 376916 0 0 443 443 443 0 0 0 0 0 0 0 0 0 0 0
126000 127000 2 2 154 2080 0 0 229 478432 0 0 745 382 564 256 3000 3000 3000 0 128 128 128 0 1 1
127000 128000 2 1 81 1033 0 0 114 241405 0 0 745 253 499 347 0 0 0 0 0 0 0 0 0 0
128000 129000 3 2 133 1498 0 0 189 427182 0 0 708 253 457 230 3000 3000 3000 0 128 128 128 0 1 1
129000 130000 5 3 279 1965 0 0 349 806604 0 0 587 290 435 108 3000 3000 3000 0 128 128 128 0 1 1
130000 131000 2 2 126 928 0 0 164 369573 0 0 525 473 499 36 0 0 0 0 0 0 0 0 0 0
131000 132000 0 0 0 0 0 0 0 0 0 0 0 0 0 0 0 0 0 0 0 0 0 0 0 0
132000 133000 2 2 130 2077 0 0 188 397668 0 0 744 324 534 296 3000 3000 3000 0 128 128 128 0 1 1
133000 134000 2 1 113 1035 0 0 153 317693 0 0 741 255 498 343 0 0 0 0 0 0 0 0 0 0
134000 135000 3 2 148 1644 0 0 219 426013 0 0 710 253 458 231 3000 3000 3000 0 128 128 128 0 1 1
135000 136000 5 3 271 2483 0 0 346 733727 0 0 415 289 366 52 3000 3000 3000 0 128 128 128 0 1 1
136000 137000 4 2 234 1947 0 0 325 672704 0 0 558 76 348 246 3000 3000 3000 0 128 128 128 0 1 1
137000 138000 1 1 177 0 0 0 238 545709 0 0 703 703 703 0 0 0 0 0 0 0 0 0 0 0
138000 139000 2 2 166 2206 0 0 241 498432 0 0 626 420 523 145 3000 3000 3000 0 128 128 128 0 1 1
139000 140000 1 1 82 295 0 0 117 250291 0 0 338 338 338 0 0 0 0 0 0 0 0 0 0 0
140000 141000 2 2 239 2185 0 0 312 475827 0 0 623 413 518 148 6500 6500 6500 0 128 128 128 0 1 1
141000 142000 2 1 383 316 0 0 496 844792 0 0 622 376 499 174 0 0 0 0 0 0 0 0 0 0
142000 143000 3 2 319 1909 0 0 418 760968 0 0 745 374 581 188 6500 6500 6500 0 128 128 128 0 1 1
143000 144000 3 2 284 592 0 0 375 800113 0 0 621 148 381 236 0 0 0 0 0 0 0 0 0 0
144000 145000 4 3 323 1988 0 0 414 853114 0 0 479 360 401 52 6500 6500 6500 0 128 128 128 0 1 1
145000 146000 2 1 253 513 0 0 343 721528 0 0 607 388 498 154 0 0 0 0 0 0 0 0 0 0
146000 147000 4 3 393 1932 0 0 484 968222 0 0 622 204 440 209 6500 6500 6500 0 128 128 128 0 1 1
147000 148000 2 1 240 856 0 0 381 740277 0 0 676 320 498 251 0 0 0 0 0 0 0 0 0 0
148000 149000 3 2 221 1813 0 0 330 660584 0 0 745 149 505 313 4400 4400 4400 0 128 128 128 0 1 1
149000 150000 4 2 331 649 0 0 439 875322 0 0 845 149 378 316 0 0 0 0 0 0 0 0 0 0
150000 151000 3 2 197 2253 0 0 271 572588 0 0 850 148 428 371 4400 4400 4400 0 128 128 128 0 1 1
151000 152000 1 1 218 0 0 0 293 672677 0 0 782 782 782 0 0 0 0 0 0 0 0 0 0 0
152000 153000 2 2 166 2079 0 0 236 456236 0 0 745 375 560 261 4400 4400 4400 0 128 128 128 0 1 1
153000 154000 2 1 195 1034 0 0 283 565012 0 0 744 254 499 346 0 0 0 0 0 0 0 0 0 0
154000 155000 3 2 204 1658 0 0 310 536950 0 0 721 253 454 241 4400 4400 4400 0 128 128 128 0 1 1
155000 156000 2 1 191 839 0 0 285 562702 0 0 721 274 498 315 0 0 0 0 0 0 0 0 0 0
156000 157000 2 1 112 811 0 0 206 366079 0 0 709 253 481 322 4400 4400 4400 0 0 0 0 0 1 0
157000 158000 3 2 285 1671 0 0 400 688670 0 0 708 289 450 225 0 0 0 0 128 128 128 0 0 1
158000 159000 3 2 239 1609 0 0 340 599144 0 0 636 280 433 182 4400 4400 4400 0 128 128 128 0 1 1
159000 160000 2 1 210 870 0 0 304 580874 0 0 634 362 498 192 0 0 0 0 0 0 0 0 0 0
160000 161000 3 2 181 1410 0 0 280 517967 0 0 616 287 438 166 4400 4400 4400 0 128 128 128 0 1 1
161000 162000 3 2 181 1037 0 0 278 531364 0 0 616 133 376 241 0 0 0 0 0 0 0 0 0 0
162000 163000 3 2 259 1485 0 0 359 603625 0 0 610 372 465 127 4400 4400 4400 0 128 128 128 0 1 1
163000 164000 3 2 217 1517 0 0 307 535901 0 0 608 110 369 249 0 0 0 0 0 0 0 0 0 0
164000 165000 3 2 192 1488 0 0 288 527815 0 0 413 372 392 20 4400 4400 4400 0 128 128 128 0 1 1
165000 166000 3 2 233 619 0 0 366 659426 0 0 626 0 332 314 0 0 0 0 0 0 0 0 0 0
166000 167000 3 2 211 1884 0 0 319 592613 0 0 628 327 442 162 4400 4400 4400 0 128 128 128 0 1 1
167000 168000 2 1 201 618 0 0 308 590263 0 0 625 371 498 179 0 0 0 0 0 0 0 0 0 0
168000 169000 3 2 159 1646 0 0 226 399598 0 0 626 317 450 158 4400 4400 4400 0 128 128 128 0 1 1
169000 170000 3 2 253 803 0 0 376 675965 0 0 680 160 385 267 0 0 0 0 0 0 0 0 0 0
170000 171000 3 2 135 1897 0 0 191 372145 0 0 610 287 436 162 4400 4400 4400 0 128 128 128 0 1 1
171000 172000 3 2 244 512 0 0 384 749589 0 0 711 19 338 348 0 0 0 0 0 0 0 0 0 0
172000 173000 3 2 192 2028 0 0 300 534360 0 0 713 282 467 222 4400 4400 4400 0 128 128 128 0 1 1
173000 174000 2 1 213 469 0 0 330 620825 0 0 713 281 497 304 0 0 0 0 0 0 0 0 0 0
174000 175000 3 2 150 2032 0 0 228 385134 0 0 717 280 438 242 4400 4400 4400 0 128 128 128 0 1 1
175000 176000 2 1 261 461 0 0 397 693065 0 0 718 277 497 312 0 0 0 0 0 0 0 0 0 0
176000 177000 3 2 165 1927 0 0 249 423551 0 0 722 276 471 228 4400 4400 4400 0 128 128 128 0 1 1
177000 178000 3 2 252 626 0 0 362 619254 0 0 723 64 353 336 0 0 0 0 0 0 0 0 0 0
178000 179000 3 2 114 1829 0 0 171 291602 0 0 609 263 429 173 4400 4400 4400 0 128 128 128 0 1 1
179000 180000 3 2 276 648 0 0 445 770359 0 0 735 96 364 331 0 0 0 0 0 0 0 0 0 0
180000 181000 3 2 177 1675 0 0 259 442637 0 0 626 246 427 190 4400 4400 4400 0 128 128 128 0 1 1
181000 182000 3 2 239 795 0 0 367 734010 0 0 752 245 424 285 0 0 0 0 0 0 0 0 0 0
182000 183000 3 2 106 2043 0 0 140 260228 0 0 643 115 339 272 4400 4400 4400 0 128 128 128 0 1 1
183000 184000 3 2 356 399 0 0 551 1005492 0 0 883 112 425 405 4400 4400 4400 0 0 0 0 0 1 0
184000 185000 4 3 259 2830 0 0 402 735056 0 0 746 278 552 222 0 0 0 0 128 128 128 0 0 1
185000 186000 4 3 323 954 0 0 532 936937 0 0 718 55 381 271 4400 4400 4400 0 128 128 128 0 1 1
186000 187000 3 2 296 1944 0 0 444 777760 0 0 744 278 580 261 4400 4400 4400 0 128 128 128 0 1 1
187000 188000 3 2 256 557 0 0 377 642530 0 0 717 178 392 286 0 0 0 0 0 0 0 0 0 0
188000 189000 3 2 217 2079 0 0 341 604707 0 0 744 279 578 259 4400 4400 4400 0 128 128 128 0 1 1
189000 190000 2 1 187 1033 0 0 273 549059 0 0 744 253 499 347 0 0 0 0 0 0 0 0 0 0
190000 191000 3 2 200 1610 0 0 308 556998 0 0 721 253 463 237 4400 4400 4400 0 128 128 128 0 1 1
191000 192000 3 2 179 872 0 0 271 522136 0 0 720 24 340 352 0 0 0 0 0 0 0 0 0 0
192000 193000 3 2 211 1611 0 0 321 597497 0 0 646 275 425 195 4400 4400 4400 0 128 128 128 0 1 1
193000 194000 2 1 190 869 0 0 282 562053 0 0 646 353 499 207 0 0 0 0 0 0 0 0 0 0
194000 195000 3 2 216 1625 0 0 316 563536 0 0 638 280 431 185 4400 4400 4400 0 128 128 128 0 1 1
195000 196000 2 1 211 867 0 0 325 573102 0 0 638 361 499 195 0 0 0 0 0 0 0 0 0 0
196000 197000 3 2 194 1630 0 0 297 558139 0 0 631 291 420 184 4400 4400 4400 0 128 128 128 0 1 1
197000 198000 2 1 175 1357 0 0 260 512961 0 0 629 366 497 186 0 0 0 0 0 0 0 0 0 0
198000 199000 3 2 212 1273 0 0 330 608365 0 0 609 368 463 128 4400 4400 4400 0 128 128 128 0 1 1
199000 200000 3 2 180 1191 0 0 277 522045 0 0 608 112 369 248 0 0 0 0 0 0 0 0 0 0
200000 201000 3 2 229 1426 0 0 343 593492 0 0 587 390 464 107 4400 4400 4400 0 128 128 128 0 1 1
201000 202000 3 2 173 1053 0 0 269 460227 0 0 585 34 343 281 0 0 0 0 0 0 0 0 0 0
202000 203000 3 2 176 1512 0 0 281 495233 0 0 397 267 345 68 4400 4400 4400 0 128 128 128 0 1 1
203000 204000 2 1 238 806 0 0 389 713821 0 0 628 369 499 182 0 0 0 0 0 0 0 0 0 0
204000 205000 3 2 189 1695 0 0 277 496852 0 0 392 332 364 30 4400 4400 4400 0 128 128 128 0 1 1
205000 206000 2 1 223 611 0 0 355 626580 0 0 629 367 498 184 0 0 0 0 0 0 0 0 0 0
206000 207000 3 2 177 1890 0 0 278 500112 0 0 631 367 457 150 4400 4400 4400 0 128 128 128 0 1 1
207000 208000 2 1 220 613 0 0 341 632202 0 0 629 366 498 185 0 0 0 0 0 0 0 0 0 0
208000 209000 3 2 211 1758 0 0 301 510728 0 0 626 341 460 148 4400 4400 4400 0 128 128 128 0 1 1
209000 210000 3 2 280 705 0 0 410 666280 0 0 658 76 358 291 0 0 0 0 0 0 0 0 0 0
210000 211000 3 2 143 1926 0 0 211 392726 0 0 642 306 444 176 4400 4400 4400 0 128 128 128 0 1 1
211000 212000 2 1 217 506 0 0 356 675077 0 0 691 304 497 273 0 0 0 0 0 0 0 0 0 0
212000 213000 3 2 153 1995 0 0 228 401342 0 0 694 303 460 206 4400 4400 4400 0 128 128 128 0 1 1
213000 214000 2 1 299 504 0 0 411 728334 0 0 695 302 499 277 0 0 0 0 0 0 0 0 0 0
214000 215000 3 2 254 1740 0 0 344 579863 0 0 695 298 468 204 4400 4400 4400 0 128 128 128 0 1 1
215000 216000 3 2 246 755 0 0 371 676907 0 0 701 181 393 272 0 0 0 0 0 0 0 0 0 0
216000 217000 3 2 152 1972 0 0 223 402164 0 0 696 298 469 205 4400 4400 4400 0 128 128 128 0 1 1
217000 218000 3 2 248 540 0 0 336 630762 0 0 701 15 338 344 0 0 0 0 0 0 0 0 0 0
218000 219000 3 2 127 1961 0 0 178 300981 0 0 674 268 452 206 4400 4400 4400 0 128 128 128 0 1 1
219000 220000 3 2 281 476 0 0 434 768714 0 0 729 15 337 362 0 0 0 0 0 0 0 0 0 0
220000 221000 3 2 196 1838 0 0 286 530707 0 0 729 266 469 236 4400 4400 4400 0 128 128 128 0 1 1
221000 222000 3 2 249 660 0 0 401 739192 0 0 730 144 380 309 0 0 0 0 0 0 0 0 0 0
222000 223000 3 2 166 1872 0 0 236 400995 0 0 733 263 469 240 4400 4400 4400 0 128 128 128 0 1 1
223000 224000 3 2 285 623 0 0 396 711669 0 0 735 118 372 322 0 0 0 0 0 0 0 0 0 0
224000 225000 3 2 147 2034 0 0 221 399529 0 0 737 261 471 242 4400 4400 4400 0 128 128 128 0 1 1
225000 226000 3 2 282 460 0 0 418 749570 0 0 738 16 337 367 0 0 0 0 0 0 0 0 0 0
226000 227000 3 2 186 2072 0 0 287 522818 0 0 741 256 427 272 4400 4400 4400 0 128 128 128 0 1 1
227000 228000 2 1 237 481 0 0 344 660609 0 0 741 255 498 343 0 0 0 0 0 0 0 0 0 0
228000 229000 3 2 101 2020 0 0 123 232712 0 0 627 203 389 216 4400 4400 4400 0 128 128 128 0 1 1
229000 230000 4 3 310 704 0 0 480 944053 0 0 796 200 483 268 4400 4400 4400 0 128 128 128 0 1 1
230000 231000 3 2 249 2073 0 0 385 676076 0 0 669 328 525 176 0 0 0 0 0 0 0 0 0 0
231000 232000 3 2 339 1595 0 0 535 989705 0 0 847 325 614 265 4400 4400 4400 0 128 128 128 0 1 1
232000 233000 4 2 252 1871 0 0 362 617061 0 0 846 150 448 305 4400 4400 4400 0 128 128 128 0 1 1
233000 234000 3 2 316 440 0 0 493 863084 0 0 844 153 387 396 0 0 0 0 0 0 0 0 0 0
234000 235000 3 2 230 2242 0 0 356 663945 0 0 842 154 440 357 4400 4400 4400 0 128 128 128 0 1 1
235000 236000 2 1 190 259 0 0 290 555492 0 0 555 155 355 282 0 0 0 0 0 0 0 0 0 0
236000 237000 2 2 171 2236 0 0 263 506791 0 0 683 345 514 239 4400 4400 4400 0 128 128 128 0 1 1
237000 238000 2 1 164 832 0 0 235 475442 0 0 682 314 498 260 0 0 0 0 0 0 0 0 0 0
238000 239000 3 2 237 1661 0 0 333 581194 0 0 675 291 423 218 6500 6500 6500 0 128 128 128 0 1 1
239000 240000 2 1 372 272 0 0 499 828177 0 0 674 324 499 247 0 0 0 0 0 0 0 0 0 0
240000 241000 3 2 285 2202 0 0 389 660135 0 0 745 322 580 225 6500 6500 6500 0 128 128 128 0 1 1
241000 242000 3 2 357 299 0 0 471 769470 0 0 672 11 336 330 0 0 0 0 0 0 0 0 0 0
242000 243000 4 3 493 2821 0 0 726 1097025 0 0 617 327 473 137 6500 6500 6500 0 128 128 128 0 1 1
243000 244000 2 1 392 1817 0 0 984 1515895 0 0 608 389 499 155 0 0 0 0 0 0 0 0 0 0
244000 245000 3 2 406 2041 0 0 1001 1547255 0 0 745 388 581 180 3000 3000 3000 0 128 128 128 0 1 1
245000 246000 4 2 221 2238 0 0 338 573908 0 0 744 253 453 208 0 0 0 0 0 0 0 0 0 0
246000 247000 4 2 168 1324 0 0 261 539656 0 0 713 133 428 278 3000 3000 3000 0 128 128 128 0 1 1
247000 248000 3 2 89 827 0 0 121 266633 0 0 713 16 337 351 0 0 0 0 0 0 0 0 0 0
248000 249000 3 2 212 1322 0 0 328 502008 0 0 637 281 444 180 3000 3000 3000 0 128 128 128 0 1 1
249000 250000 3 2 202 1118 0 0 261 387645 0 0 637 213 404 215 0 0 0 0 0 0 0 0 0 0
250000 251000 3 2 206 1667 0 0 300 540249 0 0 633 292 426 181 3000 3000 3000 0 128 128 128 0 1 1
251000 252000 2 1 96 828 0 0 146 282885 0 0 632 364 498 189 0 0 0 0 0 0 0 0 0 0
252000 253000 3 2 170 1582 0 0 263 466763 0 0 626 362 468 139 3000 3000 3000 0 128 128 128 0 1 1
253000 254000 3 2 113 1435 0 0 176 310656 0 0 623 46 347 289 0 0 0 0 0 0 0 0 0 0
254000 255000 3 2 190 1461 0 0 289 524942 0 0 591 375 460 115 3000 3000 3000 0 128 128 128 0 1 1
255000 256000 3 2 108 996 0 0 166 308590 0 0 588 1 332 300 0 0 0 0 0 0 0 0 0 0
256000 257000 3 2 101 1340 0 0 156 320219 0 0 416 372 395 22 3000 3000 3000 0 128 128 128 0 1 1
257000 258000 3 2 156 973 0 0 230 479496 0 0 627 104 367 261 0 0 0 0 0 0 0 0 0 0
258000 259000 3 2 110 1477 0 0 151 323778 0 0 414 355 388 30 3000 3000 3000 0 128 128 128 0 1 1
259000 260000 2 2 128 218 0 0 189 409113 0 0 478 146 312 234 0 0 0 0 0 0 0 0 0 0
260000 261000 2 2 154 2080 0 0 253 407256 0 0 746 367 556 267 3000 3000 3000 0 128 128 128 0 1 1
261000 262000 2 1 148 421 0 0 203 386956 0 0 376 253 314 86 0 0 0 0 0 0 0 0 0 0
262000 263000 2 2 166 1880 0 0 276 447918 0 0 744 415 579 233 3000 3000 3000 0 128 128 128 0 1 1
263000 264000 3 2 113 1233 0 0 169 282457 0 0 744 132 375 324 0 0 0 0 0 0 0 0 0 0
264000 265000 3 2 158 1844 0 0 237 390724 0 0 722 253 462 238 3000 3000 3000 0 128 128 128 0 1 1
265000 266000 3 2 152 1478 0 0 206 384102 0 0 721 261 420 261 0 0 0 0 0 0 0 0 0 0
266000 267000 3 2 190 1454 0 0 298 561121 0 0 670 277 453 199 3000 3000 3000 0 128 128 128 0 1 1
267000 268000 3 2 102 1024 0 0 138 265411 0 0 668 111 369 280 0 0 0 0 0 0 0 0 0 0
268000 269000 3 2 190 1426 0 0 266 449214 0 0 623 295 443 166 3000 3000 3000 0 128 128 128 0 1 1
269000 270000 3 2 188 1022 0 0 233 377468 0 0 623 121 372 251 0 0 0 0 0 0 0 0 0 0
270000 271000 3 2 196 1391 0 0 282 472100 0 0 612 367 464 129 3000 3000 3000 0 128 128 128 0 1 1
271000 272000 3 2 132 1624 0 0 195 341925 0 0 609 195 397 207 0 0 0 0 0 0 0 0 0 0
272000 273000 3 2 192 1153 0 0 280 475712 0 0 602 374 464 121 3000 3000 3000 0 128 128 128 0 1 1
273000 274000 3 2 134 816 0 0 186 316866 0 0 602 253 417 175 0 0 0 0 0 0 0 0 0 0
274000 275000 3 2 147 1959 0 0 219 352660 0 0 594 388 463 113 3000 3000 3000 0 128 128 128 0 1 1
275000 276000 3 2 155 1378 0 0 220 404157 0 0 593 195 397 199 0 0 0 0 0 0 0 0 0 0
276000 277000 3 2 204 1514 0 0 311 575804 0 0 589 392 463 109 3000 3000 3000 0 128 128 128 0 1 1
277000 278000 4 2 235 3180 0 0 352 631675 0 0 588 408 498 103 3000 3000 3000 0 128 128 128 0 1 1
278000 279000 4 2 324 1497 0 0 482 835074 0 0 583 394 488 109 3000 3000 3000 0 128 128 128 0 1 1
279000 280000 3 2 165 503 0 0 227 370930 0 0 583 80 359 255 0 0 0 0 0 0 0 0 0 0
280000 281000 2 1 24 316 0 0 22 38343 0 0 365 0 182 258 0 0 0 0 0 0 0 0 0 0
281000 282000 0 0 0 0 0 0 0 0 0 0 0 0 0 0 0 0 0 0 0 0 0 0 0 0
282000 283000 2 2 122 3013 0 0 198 373017 0 0 631 607 619 16 3000 3000 3000 0 128 128 128 0 1 2
283000 284000 3 2 253 1380 0 0 388 723866 0 0 642 388 545 137 3000 3000 3000 0 0 0 0 0 1 0
284000 285000 4 2 270 1991 0 0 377 658539 0 0 641 357 480 141 3000 3000 3000 0 128 128 128 0 1 1
285000 286000 2 1 170 874 0 0 258 456383 0 0 641 357 499 201 0 0 0 0 0 0 0 0 0 0
286000 287000 3 2 184 1293 0 0 296 545445 0 0 622 276 437 174 3000 3000 3000 0 128 128 128 0 1 1
287000 288000 4 3 113 1151 0 0 163 309218 0 0 620 252 408 153 0 0 0 0 0 0 0 0 0 0
288000 289000 3 2 15 303 0 0 14 29977 0 0 364 0 206 187 0 0 0 0 0 0 0 0 0 0
289000 290000 0 0 0 0 0 0 0 0 0 0 0 0 0 0 0 0 0 0 0 0 0 0 0 0
290000 291000 2 2 140 2163 0 0 223 435386 0 0 597 425 511 121 3000 3000 3000 0 128 128 128 0 1 1
291000 292000 3 2 251 1475 0 0 380 707109 0 0 740 401 579 170 3000 3000 3000 0 128 128 128 0 1 1
292000 293000 5 3 220 4449 0 0 326 593782 0 0 746 2 425 320 3000 3000 3000 0 128 128 128 0 1 1
293000 294000 3 2 166 1345 0 0 247 454575 0 0 738 117 371 325 0 0 0 0 0 0 0 0 0 0
294000 295000 3 2 160 2499 0 0 268 438674 0 0 723 253 463 238 3000 3000 3000 0 128 128 128 0 1 1
295000 296000 2 1 126 825 0 0 202 364602 0 0 721 275 498 315 0 0 0 0 0 0 0 0 0 0
296000 297000 3 2 185 1190 0 0 306 588261 0 0 688 275 459 210 3000 3000 3000 0 128 128 128 0 1 1
297000 298000 3 2 98 717 0 0 141 269504 0 0 492 84 295 204 0 0 0 0 0 0 0 0 0 0
298000 299000 2 2 37 2606 0 0 61 100807 0 0 745 409 577 237 3000 3000 3000 0 128 128 128 0 1 1
299000 300000 3 2 208 737 0 0 311 657292 0 0 714 57 341 337 0 0 0 0 0 0 0 0 0 0
300000 301000 0 0 0 0 0 0 0 0 0 0 0 0 0 0 0 0 0 0 0 0 0 0 0 0
