ts te s_bytes_all avg_video_rate
0.0 1000.0 0.0 0.0
1000.0 2000.0 0.0 0.0
2000.0 3000.0 0.0 0.0
3000.0 4000.0 0.0 0.0
4000.0 5000.0 0.0 0.0
5000.0 6000.0 0.0 0.0
6000.0 7000.0 0.0 0.0
7000.0 8000.0 0.0 0.0
8000.0 9000.0 0.0 0.0
9000.0 10000.0 32595.783470793765 288.0
10000.0 11000.0 16417.68096963322 0.0
11000.0 12000.0 75043.97206802951 0.0
12000.0 13000.0 69249.69669758127 288.0
13000.0 14000.0 120971.75058029484 288.0
14000.0 15000.0 90102.05128666696 288.0
15000.0 16000.0 61212.50151065606 288.0
16000.0 17000.0 32147.856400281657 288.0
17000.0 18000.0 90662.2309103659 0.0
18000.0 19000.0 49217.674174654196 0.0
19000.0 20000.0 6735.781368301106 0.0
20000.0 21000.0 16609.876962021997 0.0
21000.0 22000.0 112614.11085503308 288.0
22000.0 23000.0 131101.28784377454 0.0
23000.0 24000.0 56275.00321918826 0.0
24000.0 25000.0 39324.027491838686 0.0
25000.0 26000.0 40609.772738444786 288.0
26000.0 27000.0 131336.77515901008 0.0
27000.0 28000.0 68077.189395361 288.0
28000.0 29000.0 125402.67773634712 0.0
29000.0 30000.0 66930.16071236001 0.0
30000.0 31000.0 93936.99954229518 288.0
31000.0 32000.0 73994.30919665963 0.0
32000.0 33000.0 114658.47617844239 288.0
33000.0 34000.0 83494.17686106474 288.0
34000.0 35000.0 97654.31700339794 288.0
35000.0 36000.0 102157.04052260413 0.0
36000.0 37000.0 47281.95235227733 288.0
37000.0 38000.0 77109.01325133035 0.0
38000.0 39000.0 47363.203719931495 288.0
39000.0 40000.0 93774.93212584016 0.0
40000.0 41000.0 61846.53581626505 288.0
41000.0 42000.0 90397.37945952534 0.0
42000.0 43000.0 102205.58268688677 288.0
43000.0 44000.0 98617.90442229247 0.0
44000.0 45000.0 30033.84650185518 288.0
45000.0 46000.0 65255.63314844874 0.0
46000.0 47000.0 59288.93454002588 288.0
47000.0 48000.0 112611.20369381107 288.0
48000.0 49000.0 67128.77983580944 0.0
49000.0 50000.0 54080.94782376441 288.0
50000.0 51000.0 75883.75687040169 0.0
51000.0 52000.0 84281.25137657991 288.0
52000.0 53000.0 87130.19826509859 288.0
53000.0 54000.0 83843.26118315868 0.0
54000.0 55000.0 81747.44195999438 288.0
55000.0 56000.0 88142.82608333057 0.0
56000.0 57000.0 61520.92804786693 288.0
57000.0 58000.0 72607.5098277406 0.0
58000.0 59000.0 73455.44116848086 288.0
59000.0 60000.0 63512.21914027864 0.0
60000.0 61000.0 74205.96407651766 288.0
61000.0 62000.0 84212.60192267947 288.0
62000.0 63000.0 86404.99829402284 288.0
63000.0 64000.0 83465.10578607244 0.0
64000.0 65000.0 83279.29199874999 288.0
65000.0 66000.0 96765.60910270306 0.0
66000.0 67000.0 30398.252922119984 288.0
67000.0 68000.0 79889.98192631376 288.0
68000.0 69000.0 90697.4128112184 288.0
69000.0 70000.0 100538.67812640588 288.0
70000.0 71000.0 104784.11198846204 288.0
71000.0 72000.0 55510.565779832636 0.0
72000.0 73000.0 20552.320353420426 0.0
73000.0 74000.0 22218.484037021026 0.0
74000.0 75000.0 101803.45413163224 288.0
75000.0 76000.0 63785.905425304176 0.0
76000.0 77000.0 80854.03050561952 288.0
77000.0 78000.0 69203.79932666998 288.0
78000.0 79000.0 54643.72910673961 0.0
79000.0 80000.0 50332.57309367974 288.0
80000.0 81000.0 67236.20170075324 0.0
81000.0 82000.0 92586.85390826408 288.0
82000.0 83000.0 92885.36340137498 0.0
83000.0 84000.0 77453.80339860688 288.0
84000.0 85000.0 75840.92799942933 288.0
85000.0 86000.0 64220.938485824525 0.0
86000.0 87000.0 50048.72619919157 288.0
87000.0 88000.0 104132.99808085249 0.0
88000.0 89000.0 39683.57834151138 288.0
89000.0 90000.0 106224.23371843716 0.0
90000.0 91000.0 54574.74411699507 288.0
91000.0 92000.0 76577.48526535014 0.0
92000.0 93000.0 42390.6283494379 288.0
93000.0 94000.0 96293.46669817678 0.0
94000.0 95000.0 67942.64906729157 288.0
95000.0 96000.0 44638.61517949998 0.0
96000.0 97000.0 85576.42916826082 288.0
97000.0 98000.0 53503.62204946054 0.0
98000.0 99000.0 0.0 0.0
99000.0 100000.0 167271.13828037534 288.0
100000.0 101000.0 138964.53965933953 288.0
101000.0 102000.0 154417.20670794038 288.0
102000.0 103000.0 80863.92230576783 288.0
103000.0 104000.0 65970.19304657695 0.0
104000.0 105000.0 78208.85678577621 480.0
105000.0 106000.0 68193.07063481493 480.0
106000.0 107000.0 99744.67024219269 0.0
107000.0 108000.0 73356.39540032917 480.0
108000.0 109000.0 104670.62363326242 0.0
109000.0 110000.0 129428.79248238806 480.0
110000.0 111000.0 58182.590821236525 0.0
111000.0 112000.0 101507.17780664202 480.0
112000.0 113000.0 60447.55769720707 480.0
113000.0 114000.0 140810.2644961509 0.0
114000.0 115000.0 13722.964393531289 480.0
115000.0 116000.0 139549.18520588815 0.0
116000.0 117000.0 103854.26878129892 480.0
117000.0 118000.0 41433.58161928163 0.0
118000.0 119000.0 0.0 0.0
119000.0 120000.0 2911.0 0.0
120000.0 121000.0 0.0 0.0
121000.0 122000.0 0.0 0.0
122000.0 123000.0 0.0 0.0
123000.0 124000.0 58708.62127196278 480.0
124000.0 125000.0 142215.8311009894 480.0
125000.0 126000.0 159579.5958522035 480.0
126000.0 127000.0 182415.694249533 480.0
127000.0 128000.0 150369.6405975591 480.0
128000.0 129000.0 172611.60095154506 480.0
129000.0 130000.0 68786.75268633803 480.0
130000.0 131000.0 116838.26945008496 0.0
131000.0 132000.0 23075.70502220803 480.0
132000.0 133000.0 141056.28881757607 0.0
133000.0 134000.0 18229.17066708945 840.0
134000.0 135000.0 191064.83248721383 0.0
135000.0 136000.0 30739.597522413613 840.0
136000.0 137000.0 183319.84761874191 0.0
137000.0 138000.0 64466.296562349504 480.0
138000.0 139000.0 154551.91288767094 0.0
139000.0 140000.0 9997.90409575812 0.0
140000.0 141000.0 72677.9755741601 480.0
141000.0 142000.0 84996.18810408411 480.0
142000.0 143000.0 137533.40654096083 0.0
143000.0 144000.0 19873.546715483197 480.0
144000.0 145000.0 137803.4718157202 0.0
145000.0 146000.0 11385.740630839578 480.0
146000.0 147000.0 172050.26459401142 480.0
147000.0 148000.0 157356.69121959657 0.0
148000.0 149000.0 138979.9892013521 480.0
149000.0 150000.0 18670.14201590781 0.0
150000.0 151000.0 93712.27672740005 480.0
151000.0 152000.0 57570.095652529664 0.0
152000.0 153000.0 152359.38872500364 480.0
153000.0 154000.0 5440.11579782593 480.0
154000.0 155000.0 137663.5458524777 0.0
155000.0 156000.0 9036.59899140974 480.0
156000.0 157000.0 137476.250482461 0.0
157000.0 158000.0 25077.933775470938 0.0
158000.0 159000.0 122968.84659020725 480.0
159000.0 160000.0 16239.969151860805 0.0
160000.0 161000.0 0.0 0.0
161000.0 162000.0 2913.0 0.0
162000.0 163000.0 0.0 0.0
163000.0 164000.0 0.0 0.0
164000.0 165000.0 0.0 0.0
165000.0 166000.0 2392.507523875176 0.0
166000.0 167000.0 99547.18011156788 480.0
167000.0 168000.0 177451.66691125545 480.0
168000.0 169000.0 205362.27698040995 480.0
169000.0 170000.0 171997.9569906504 480.0
170000.0 171000.0 156502.61827160328 0.0
171000.0 172000.0 156998.5459149581 480.0
172000.0 173000.0 193738.0685427519 480.0
173000.0 174000.0 13700.412325545165 0.0
174000.0 175000.0 123855.01645852896 480.0
175000.0 176000.0 43637.36452558354 0.0
176000.0 177000.0 140318.38544327024 480.0
177000.0 178000.0 0.0 0.0
178000.0 179000.0 156384.80262696973 480.0
179000.0 180000.0 33076.088039543785 0.0
180000.0 181000.0 142568.54748338167 480.0
181000.0 182000.0 3483.178559317548 0.0
182000.0 183000.0 151756.65349135755 480.0
183000.0 184000.0 17210.443430808216 480.0
184000.0 185000.0 126630.25274347742 0.0
185000.0 186000.0 33569.828799572 0.0
186000.0 187000.0 142848.39161889857 480.0
187000.0 188000.0 42618.730235519324 0.0
188000.0 189000.0 140417.54706526274 480.0
189000.0 190000.0 11274.245929425175 480.0
190000.0 191000.0 146921.78263995744 0.0
191000.0 192000.0 23097.507336508825 480.0
192000.0 193000.0 144869.19383941387 0.0
193000.0 194000.0 5005.806160586126 480.0
194000.0 195000.0 127757.16039799324 0.0
195000.0 196000.0 41426.461333025276 0.0
196000.0 197000.0 125698.80009612623 480.0
197000.0 198000.0 14877.080913878675 0.0
198000.0 199000.0 83581.28574817657 480.0
199000.0 200000.0 78690.05004597062 480.0
200000.0 201000.0 203092.9276327615 480.0
201000.0 202000.0 115967.10766086368 480.0
202000.0 203000.0 120685.48526695429 0.0
203000.0 204000.0 19776.33427413758 480.0
204000.0 205000.0 147149.45251627188 0.0
205000.0 206000.0 16193.374699533251 480.0
206000.0 207000.0 84559.64495544333 0.0
207000.0 208000.0 68314.2852106127 0.0
208000.0 209000.0 139193.26198101405 480.0
209000.0 210000.0 5076.008893117039 0.0
210000.0 211000.0 153066.32824270483 480.0
211000.0 212000.0 12607.950131415224 480.0
212000.0 213000.0 146634.0 0.0
213000.0 214000.0 8502.282512890411 0.0
214000.0 215000.0 96127.96104861487 480.0
215000.0 216000.0 60852.414135563864 0.0
216000.0 217000.0 131299.38045661387 480.0
217000.0 218000.0 17901.425750376344 0.0
218000.0 219000.0 142135.53609594065 480.0
219000.0 220000.0 10460.0 480.0
220000.0 221000.0 151021.0 0.0
221000.0 222000.0 0.0 0.0
222000.0 223000.0 0.0 0.0
223000.0 224000.0 5640.7814704794455 480.0
224000.0 225000.0 176727.7391676574 480.0
225000.0 226000.0 148345.64056366737 480.0
226000.0 227000.0 130199.32520725564 0.0
227000.0 228000.0 21198.413198648097 0.0
228000.0 229000.0 133207.93588857356 480.0
229000.0 230000.0 26787.18254491587 0.0
230000.0 231000.0 89042.01966379906 480.0
231000.0 232000.0 59901.71143759239 480.0
232000.0 233000.0 117698.62409085869 0.0
233000.0 234000.0 35355.40729195647 480.0
234000.0 235000.0 140401.21947459603 0.0
235000.0 236000.0 63.431521724448594 0.0
236000.0 237000.0 146775.56847827556 480.0
237000.0 238000.0 2916.0 0.0
238000.0 239000.0 149974.0 480.0
239000.0 240000.0 7699.036901181926 0.0
240000.0 241000.0 108255.68956287086 480.0
241000.0 242000.0 38936.472169081964 0.0
242000.0 243000.0 96418.79357607465 480.0
243000.0 244000.0 73179.95651376384 0.0
244000.0 245000.0 123968.61047192618 480.0
245000.0 246000.0 38739.270713085454 0.0
246000.0 247000.0 94672.6440627133 480.0
247000.0 248000.0 54747.700909873936 0.0
248000.0 249000.0 154199.27248361026 480.0
249000.0 250000.0 157263.46397838072 0.0
250000.0 251000.0 129278.42124223517 480.0
251000.0 252000.0 24644.32800767028 0.0
252000.0 253000.0 142426.14027821817 480.0
253000.0 254000.0 26115.662014208025 480.0
254000.0 255000.0 110239.86479592236 0.0
255000.0 256000.0 34775.17544253069 480.0
256000.0 257000.0 128750.60271784346 0.0
257000.0 258000.0 13203.906994877545 0.0
258000.0 259000.0 145790.85916679882 480.0
259000.0 260000.0 15898.264129388852 0.0
260000.0 261000.0 125419.94660860527 480.0
261000.0 262000.0 18386.45412044287 0.0
262000.0 263000.0 81861.88587115536 480.0
263000.0 264000.0 85365.41674022081 480.0
264000.0 265000.0 133101.53224261024 0.0
265000.0 266000.0 27917.328652661563 0.0
266000.0 267000.0 123836.92046423852 480.0
267000.0 268000.0 27527.970276904023 0.0
268000.0 269000.0 164701.96214718104 480.0
269000.0 270000.0 36206.44674372385 0.0
270000.0 271000.0 0.0 0.0
271000.0 272000.0 2911.0 0.0
272000.0 273000.0 0.0 0.0
273000.0 274000.0 2335.206764223916 0.0
274000.0 275000.0 575.793235776084 0.0
275000.0 276000.0 0.0 0.0
276000.0 277000.0 139639.07109396855 480.0
277000.0 278000.0 174959.3883050227 480.0
278000.0 279000.0 195568.64082656443 480.0
279000.0 280000.0 140012.2029904154 480.0
280000.0 281000.0 174069.57042346284 480.0
281000.0 282000.0 127510.58498511561 480.0
282000.0 283000.0 145320.5413754505 0.0
283000.0 284000.0 7136.0 480.0
284000.0 285000.0 141934.5022963096 0.0
285000.0 286000.0 23791.395274492956 0.0
286000.0 287000.0 139033.10242919746 480.0
287000.0 288000.0 11186.18355887891 0.0
288000.0 289000.0 138349.72640782237 480.0
289000.0 290000.0 27214.345425441174 0.0
290000.0 291000.0 94414.99259927736 480.0
291000.0 292000.0 55707.662055273875 480.0
292000.0 293000.0 132704.0899533063 0.0
293000.0 294000.0 1241.7917064898438 0.0
294000.0 295000.0 142703.20829351014 480.0
295000.0 296000.0 2913.0 0.0
296000.0 297000.0 143643.27544102346 480.0
297000.0 298000.0 139861.6187270559 0.0
298000.0 299000.0 125337.10583192063 480.0
299000.0 300000.0 7368.881099404054 0.0
