ts te s_bytes_all avg_video_rate
0.0 1000.0 0.0 0.0
1000.0 2000.0 0.0 0.0
2000.0 3000.0 0.0 0.0
3000.0 4000.0 0.0 0.0
4000.0 5000.0 0.0 0.0
5000.0 6000.0 0.0 0.0
6000.0 7000.0 0.0 0.0
7000.0 8000.0 0.0 0.0
8000.0 9000.0 0.0 0.0
9000.0 10000.0 0.0 0.0
10000.0 11000.0 0.0 0.0
11000.0 12000.0 0.0 0.0
12000.0 13000.0 0.0 0.0
13000.0 14000.0 0.0 0.0
14000.0 15000.0 0.0 0.0
15000.0 16000.0 0.0 0.0
16000.0 17000.0 0.0 0.0
17000.0 18000.0 0.0 0.0
18000.0 19000.0 0.0 0.0
19000.0 20000.0 0.0 0.0
20000.0 21000.0 0.0 0.0
21000.0 22000.0 0.0 0.0
22000.0 23000.0 0.0 0.0
23000.0 24000.0 0.0 0.0
24000.0 25000.0 0.0 0.0
25000.0 26000.0 0.0 0.0
26000.0 27000.0 0.0 0.0
27000.0 28000.0 0.0 0.0
28000.0 29000.0 0.0 0.0
29000.0 30000.0 0.0 0.0
30000.0 31000.0 0.0 0.0
31000.0 32000.0 0.0 0.0
32000.0 33000.0 4666.682355359943 0.0
33000.0 34000.0 32095.819105066585 288.0
34000.0 35000.0 86368.1846981092 0.0
35000.0 36000.0 35807.98359089067 0.0
36000.0 37000.0 91611.99737372133 288.0
37000.0 38000.0 42545.98939456734 0.0
38000.0 39000.0 72486.53814133018 288.0
39000.0 40000.0 91939.83336581038 0.0
40000.0 41000.0 90563.71927403046 288.0
41000.0 42000.0 40708.21218062908 0.0
42000.0 43000.0 76987.84360829309 288.0
43000.0 44000.0 94695.10438504163 288.0
44000.0 45000.0 76276.13837067614 288.0
45000.0 46000.0 123307.38048303129 0.0
46000.0 47000.0 63857.18034199393 288.0
47000.0 48000.0 46569.66777352519 0.0
48000.0 49000.0 33519.5389171692 0.0
49000.0 50000.0 47828.24624330174 0.0
50000.0 51000.0 104380.71326601226 288.0
51000.0 52000.0 74388.50043283963 0.0
52000.0 53000.0 56079.36246743064 288.0
53000.0 54000.0 67307.02006223857 0.0
54000.0 55000.0 81176.46719316221 288.0
55000.0 56000.0 74323.41753547938 0.0
56000.0 57000.0 47010.92611665151 288.0
57000.0 58000.0 65908.5493729343 0.0
58000.0 59000.0 55569.657462374125 0.0
59000.0 60000.0 58874.45621329348 288.0
60000.0 61000.0 59796.1102650101 0.0
61000.0 62000.0 51833.09528688174 288.0
62000.0 63000.0 51603.957974268415 0.0
63000.0 64000.0 56698.07350966637 288.0
64000.0 65000.0 107105.35042514437 0.0
65000.0 66000.0 62515.43552036721 288.0
66000.0 67000.0 42229.07066798333 0.0
67000.0 68000.0 59539.13327961047 288.0
68000.0 69000.0 73053.48055968409 0.0
69000.0 70000.0 83175.12970653737 288.0
70000.0 71000.0 34686.35311751197 288.0
71000.0 72000.0 41299.69279391884 0.0
72000.0 73000.0 36620.2186387634 0.0
73000.0 74000.0 45707.77823440641 288.0
74000.0 75000.0 43985.399399337846 0.0
75000.0 76000.0 45399.67118379233 0.0
76000.0 77000.0 29274.674320222 288.0
77000.0 78000.0 69761.45558457261 0.0
78000.0 79000.0 55181.08690378357 0.0
79000.0 80000.0 74250.07801701699 288.0
80000.0 81000.0 48561.370180299855 0.0
81000.0 82000.0 71185.64630358909 288.0
82000.0 83000.0 70844.06984568654 288.0
83000.0 84000.0 76391.35675131192 288.0
84000.0 85000.0 57364.94621640206 0.0
85000.0 86000.0 71476.69437096121 288.0
86000.0 87000.0 43495.31201609779 0.0
87000.0 88000.0 48872.74525861826 0.0
88000.0 89000.0 38060.61997489669 0.0
89000.0 90000.0 38750.33105190659 0.0
90000.0 91000.0 68179.90414282563 288.0
91000.0 92000.0 68631.08615724387 0.0
92000.0 93000.0 39480.23335770564 288.0
93000.0 94000.0 50987.65576080538 0.0
94000.0 95000.0 37523.768183000655 0.0
95000.0 96000.0 70239.18547708179 288.0
96000.0 97000.0 57085.188198412114 0.0
97000.0 98000.0 63025.9589148616 288.0
98000.0 99000.0 78949.19426668325 0.0
99000.0 100000.0 67941.06016964838 288.0
100000.0 101000.0 68806.3489517336 0.0
101000.0 102000.0 81647.83599164369 288.0
102000.0 103000.0 66745.42504206748 288.0
103000.0 104000.0 76380.4199702167 0.0
104000.0 105000.0 53254.349966310634 0.0
105000.0 106000.0 54565.02069130217 288.0
106000.0 107000.0 77875.18985594432 0.0
107000.0 108000.0 59594.31920662592 0.0
108000.0 109000.0 40124.2659292216 288.0
109000.0 110000.0 63867.97400104608 0.0
110000.0 111000.0 66495.5946253291 288.0
111000.0 112000.0 70311.09102621922 0.0
112000.0 113000.0 32326.025977913458 288.0
113000.0 114000.0 60770.51286905622 0.0
114000.0 115000.0 50093.78186724904 288.0
115000.0 116000.0 47268.085809656375 0.0
116000.0 117000.0 33581.29337859276 0.0
117000.0 118000.0 38142.641787031615 288.0
118000.0 119000.0 48589.91387809356 0.0
119000.0 120000.0 47046.885796705785 288.0
120000.0 121000.0 53345.632542119536 0.0
121000.0 122000.0 59495.800355488645 0.0
122000.0 123000.0 75389.96336541808 288.0
123000.0 124000.0 64281.27877209447 288.0
124000.0 125000.0 28225.06715925775 0.0
125000.0 126000.0 34657.04064588195 0.0
126000.0 127000.0 32697.62157985751 0.0
127000.0 128000.0 36153.296968644776 0.0
128000.0 129000.0 44120.780312313225 288.0
129000.0 130000.0 61773.385040306464 0.0
130000.0 131000.0 46147.71154011998 288.0
131000.0 132000.0 48850.535189380804 0.0
132000.0 133000.0 47078.455941774126 0.0
133000.0 134000.0 52742.79735748336 288.0
134000.0 135000.0 69164.1239908098 0.0
135000.0 136000.0 43310.45192721649 288.0
136000.0 137000.0 43725.135694190234 0.0
137000.0 138000.0 44286.09604404558 288.0
138000.0 139000.0 65763.31767496621 0.0
139000.0 140000.0 45718.984305807404 0.0
140000.0 141000.0 54409.22699015253 288.0
141000.0 142000.0 54106.17168820077 0.0
142000.0 143000.0 29892.49295579389 0.0
143000.0 144000.0 71609.92479858578 288.0
144000.0 145000.0 84071.1535516618 0.0
145000.0 146000.0 73252.41876359012 288.0
146000.0 147000.0 62271.07485346408 0.0
147000.0 148000.0 66057.68853767404 288.0
148000.0 149000.0 63380.10343293184 0.0
149000.0 150000.0 56891.21016887184 288.0
150000.0 151000.0 52602.557280156354 0.0
151000.0 152000.0 46196.3886125131 0.0
152000.0 153000.0 26724.063384879628 0.0
153000.0 154000.0 22745.819504367682 0.0
154000.0 155000.0 23086.85286660962 288.0
155000.0 156000.0 30846.802550141023 0.0
156000.0 157000.0 41563.65181680751 0.0
157000.0 158000.0 53757.71242806439 0.0
158000.0 159000.0 19927.755657055655 288.0
159000.0 160000.0 26251.17414012897 0.0
160000.0 161000.0 21943.921424815228 0.0
161000.0 162000.0 33261.94176638652 0.0
162000.0 163000.0 38681.738086530655 288.0
163000.0 164000.0 77079.09970420167 0.0
164000.0 165000.0 45549.70138654409 288.0
165000.0 166000.0 54766.790375056735 0.0
166000.0 167000.0 43640.36832481913 288.0
167000.0 168000.0 70931.71285037446 0.0
168000.0 169000.0 51625.04493847152 0.0
169000.0 170000.0 84625.92139099327 288.0
170000.0 171000.0 53576.45726502396 0.0
171000.0 172000.0 45819.17368441235 288.0
172000.0 173000.0 43628.84752155028 0.0
173000.0 174000.0 44793.09247173887 288.0
174000.0 175000.0 62701.85615468006 0.0
175000.0 176000.0 67598.83803355492 0.0
176000.0 177000.0 40096.07566039973 0.0
177000.0 178000.0 28979.003832621645 0.0
178000.0 179000.0 24296.638515244238 288.0
179000.0 180000.0 67219.75812060578 0.0
180000.0 181000.0 34716.64795943144 0.0
181000.0 182000.0 38409.59519644683 288.0
182000.0 183000.0 43961.88093125728 0.0
183000.0 184000.0 43840.436031522506 288.0
184000.0 185000.0 47835.661904561726 0.0
185000.0 186000.0 53689.04196080203 0.0
186000.0 187000.0 35629.23008729397 288.0
187000.0 188000.0 57161.172539539744 0.0
188000.0 189000.0 55759.612216795176 0.0
189000.0 190000.0 38754.40844387281 288.0
190000.0 191000.0 62082.32950352544 0.0
191000.0 192000.0 55278.68821164757 0.0
192000.0 193000.0 40142.94423680746 288.0
193000.0 194000.0 50913.17853784576 0.0
194000.0 195000.0 36243.825610339394 0.0
195000.0 196000.0 53087.90762026477 288.0
196000.0 197000.0 57195.32653145618 0.0
197000.0 198000.0 58029.694480803126 288.0
198000.0 199000.0 41638.29853142631 0.0
199000.0 200000.0 26787.47823803277 0.0
200000.0 201000.0 57784.99344092322 288.0
201000.0 202000.0 47436.1191949861 0.0
202000.0 203000.0 34056.259507196235 0.0
203000.0 204000.0 32453.577370600822 0.0
204000.0 205000.0 72914.0623149926 288.0
205000.0 206000.0 81542.4358548764 0.0
206000.0 207000.0 42230.638334476855 288.0
207000.0 208000.0 39366.19357809474 288.0
208000.0 209000.0 93387.5074948168 0.0
209000.0 210000.0 39938.20008810493 0.0
210000.0 211000.0 101563.2170392477 288.0
211000.0 212000.0 74035.2575638354 288.0
212000.0 213000.0 73136.34353553582 0.0
213000.0 214000.0 42207.48458413145 0.0
214000.0 215000.0 37779.32903929375 288.0
215000.0 216000.0 82748.8480106395 0.0
216000.0 217000.0 68065.99792339597 288.0
217000.0 218000.0 96757.30540553824 0.0
218000.0 219000.0 34999.70087733456 0.0
219000.0 220000.0 79927.55124391134 288.0
220000.0 221000.0 72266.0873761258 0.0
221000.0 222000.0 70133.39288803896 288.0
222000.0 223000.0 68371.70995238783 0.0
223000.0 224000.0 26132.219005922554 288.0
224000.0 225000.0 72989.22334775812 0.0
225000.0 226000.0 44885.21846720915 288.0
226000.0 227000.0 48779.43489970762 0.0
227000.0 228000.0 63700.5639792463 0.0
228000.0 229000.0 40721.373956007206 288.0
229000.0 230000.0 82949.60666659765 0.0
230000.0 231000.0 43980.68187340189 0.0
231000.0 232000.0 55921.41128776141 288.0
232000.0 233000.0 63309.623078852885 0.0
233000.0 234000.0 29060.673687886727 0.0
234000.0 235000.0 51726.70083292262 288.0
235000.0 236000.0 43698.390489066456 288.0
236000.0 237000.0 26759.790145478717 0.0
237000.0 238000.0 39891.42163008235 0.0
238000.0 239000.0 5834.7150296483 0.0
239000.0 240000.0 5714.0 0.0
240000.0 241000.0 96544.08112379836 288.0
241000.0 242000.0 53484.26655700823 0.0
242000.0 243000.0 5644.789606667288 0.0
243000.0 244000.0 110724.49803188167 288.0
244000.0 245000.0 73468.93736464322 0.0
245000.0 246000.0 10689.63251268929 0.0
246000.0 247000.0 52042.410989296506 288.0
247000.0 248000.0 64497.183212868345 0.0
248000.0 249000.0 61493.92677986258 288.0
249000.0 250000.0 78368.2820348609 288.0
250000.0 251000.0 63261.98916095405 0.0
251000.0 252000.0 60225.314586274835 0.0
252000.0 253000.0 39704.401234138815 288.0
253000.0 254000.0 59537.73887567363 0.0
254000.0 255000.0 54715.79252343867 288.0
255000.0 256000.0 69217.22108610376 288.0
256000.0 257000.0 78997.93009015935 0.0
257000.0 258000.0 44158.60422968047 0.0
258000.0 259000.0 94538.69631531218 288.0
259000.0 260000.0 166526.65913290947 288.0
260000.0 261000.0 119418.56999127356 288.0
261000.0 262000.0 135818.65239300014 288.0
262000.0 263000.0 73555.96959469181 0.0
263000.0 264000.0 14601.452572812814 0.0
264000.0 265000.0 128617.0 288.0
265000.0 266000.0 10548.979614015596 0.0
266000.0 267000.0 99916.85953294208 288.0
267000.0 268000.0 14150.160853042325 0.0
268000.0 269000.0 139084.0 480.0
269000.0 270000.0 95346.71109201992 480.0
270000.0 271000.0 56699.28890798009 0.0
271000.0 272000.0 20233.9891317355 0.0
272000.0 273000.0 138005.0108682645 480.0
273000.0 274000.0 97064.2393713654 480.0
274000.0 275000.0 56792.760628634605 0.0
275000.0 276000.0 119696.97820667407 480.0
276000.0 277000.0 24836.021793325926 0.0
277000.0 278000.0 123443.15930420878 480.0
278000.0 279000.0 33686.84069579124 0.0
279000.0 280000.0 125611.79389717542 480.0
280000.0 281000.0 28824.20610282459 0.0
281000.0 282000.0 156057.0 480.0
282000.0 283000.0 0.0 0.0
283000.0 284000.0 158200.6063246581 840.0
284000.0 285000.0 76811.61042584524 0.0
285000.0 286000.0 166306.02432770815 840.0
286000.0 287000.0 74932.75892178854 0.0
287000.0 288000.0 196488.05511388433 840.0
288000.0 289000.0 50066.15843668796 0.0
289000.0 290000.0 106451.71213345195 840.0
290000.0 291000.0 166819.16053403026 840.0
291000.0 292000.0 206368.53055060774 0.0
292000.0 293000.0 5645.383231337764 0.0
293000.0 294000.0 211986.17679086412 840.0
294000.0 295000.0 177118.25821001217 840.0
295000.0 296000.0 92786.56499912374 0.0
296000.0 297000.0 95383.62795510655 840.0
297000.0 298000.0 103389.37204489345 0.0
298000.0 299000.0 112587.67494130565 840.0
299000.0 300000.0 170048.32505869432 0.0
300000.0 301000.0 0.0 0.0
