ts te s_bytes_all avg_video_rate
0.0 1000.0 0.0 0.0
1000.0 2000.0 0.0 0.0
2000.0 3000.0 0.0 0.0
3000.0 4000.0 0.0 0.0
4000.0 5000.0 0.0 0.0
5000.0 6000.0 0.0 0.0
6000.0 7000.0 137543.1961118697 288.0
7000.0 8000.0 125181.8753990191 288.0
8000.0 9000.0 203888.94842021825 288.0
9000.0 10000.0 88876.139118561 288.0
10000.0 11000.0 157331.78470651698 288.0
11000.0 12000.0 153693.4516421484 288.0
12000.0 13000.0 52228.604601666535 0.0
13000.0 14000.0 4519.497558381513 0.0
14000.0 15000.0 121953.28985123945 288.0
15000.0 16000.0 215797.13245629764 288.0
16000.0 17000.0 97799.08013408135 0.0
17000.0 18000.0 0.0 0.0
18000.0 19000.0 163429.2697582919 288.0
19000.0 20000.0 45921.73024170808 0.0
20000.0 21000.0 143549.41566232557 840.0
21000.0 22000.0 106974.69946461705 0.0
22000.0 23000.0 126640.29498737318 840.0
23000.0 24000.0 105503.63028882639 0.0
24000.0 25000.0 148950.49310042278 840.0
25000.0 26000.0 112015.90681574284 0.0
26000.0 27000.0 3164.559680692175 0.0
27000.0 28000.0 0.0 0.0
28000.0 29000.0 149125.75557023057 840.0
29000.0 30000.0 56289.526690880535 0.0
30000.0 31000.0 138129.97004576435 288.0
31000.0 32000.0 19409.747693124547 0.0
32000.0 33000.0 99419.5578286236 288.0
33000.0 34000.0 2365.442171376396 0.0
34000.0 35000.0 101765.0 288.0
35000.0 36000.0 0.0 0.0
36000.0 37000.0 93360.43415993368 288.0
37000.0 38000.0 19901.565840066316 0.0
38000.0 39000.0 94605.36850441662 288.0
39000.0 40000.0 16950.63149558338 0.0
40000.0 41000.0 96703.0 288.0
41000.0 42000.0 0.0 0.0
42000.0 43000.0 107101.37754251673 288.0
43000.0 44000.0 6444.622457483274 0.0
44000.0 45000.0 101873.5470290258 288.0
45000.0 46000.0 92041.1635429245 0.0
46000.0 47000.0 107263.2894280497 288.0
47000.0 48000.0 0.0 0.0
48000.0 49000.0 162192.3520390119 840.0
49000.0 50000.0 48835.4699663002 0.0
50000.0 51000.0 170106.21636980973 840.0
51000.0 52000.0 42920.47896127149 0.0
52000.0 53000.0 125668.4777307828 840.0
53000.0 54000.0 74104.45747589006 0.0
54000.0 55000.0 173707.11000598202 840.0
55000.0 56000.0 58069.943075733594 0.0
56000.0 57000.0 167670.66006002625 840.0
57000.0 58000.0 57663.457228727915 0.0
58000.0 59000.0 167277.07633193687 840.0
59000.0 60000.0 46593.78775076696 0.0
60000.0 61000.0 170652.7882858107 840.0
61000.0 62000.0 47061.75899077814 0.0
62000.0 63000.0 180710.510631303 840.0
63000.0 64000.0 91136.5024500423 0.0
64000.0 65000.0 186856.37777967533 840.0
65000.0 66000.0 39053.329290641734 0.0
66000.0 67000.0 152620.04264311638 840.0
67000.0 68000.0 76865.52585609497 0.0
68000.0 69000.0 151460.6178248537 840.0
69000.0 70000.0 32148.833947444386 0.0
70000.0 71000.0 159558.92787117086 840.0
71000.0 72000.0 91015.31963766861 0.0
72000.0 73000.0 153784.84472212146 480.0
73000.0 74000.0 28473.47708415643 0.0
74000.0 75000.0 115149.28942074426 480.0
75000.0 76000.0 49647.36656813791 0.0
76000.0 77000.0 125814.39957912533 480.0
77000.0 78000.0 19439.4881531763 0.0
78000.0 79000.0 129107.3406551225 480.0
79000.0 80000.0 27603.221075195153 0.0
80000.0 81000.0 1012.5505373807362 0.0
81000.0 82000.0 0.0 0.0
82000.0 83000.0 0.0 0.0
83000.0 84000.0 2915.0 0.0
84000.0 85000.0 0.0 0.0
85000.0 86000.0 140227.18282365316 480.0
86000.0 87000.0 169316.6580936751 480.0
87000.0 88000.0 143120.61608638053 480.0
88000.0 89000.0 164332.99683276084 480.0
89000.0 90000.0 153874.38577198272 0.0
90000.0 91000.0 132111.9145174704 480.0
91000.0 92000.0 223377.78914486623 0.0
92000.0 93000.0 153218.7870572398 480.0
93000.0 94000.0 20437.66967197129 0.0
94000.0 95000.0 136463.32721423873 480.0
95000.0 96000.0 27483.672785761275 0.0
96000.0 97000.0 165989.9678760036 840.0
97000.0 98000.0 59970.69017298204 0.0
98000.0 99000.0 174617.05793847484 840.0
99000.0 100000.0 53863.43322918465 0.0
100000.0 101000.0 171248.44356455308 840.0
101000.0 102000.0 64210.027890826255 0.0
102000.0 103000.0 169128.45420019742 840.0
103000.0 104000.0 109963.85836167989 0.0
104000.0 105000.0 164833.86666700503 840.0
105000.0 106000.0 48775.86910805535 0.0
106000.0 107000.0 184678.20097806148 840.0
107000.0 108000.0 62496.61316285985 0.0
108000.0 109000.0 174946.25952548019 840.0
109000.0 110000.0 66954.19989854295 0.0
110000.0 111000.0 169331.82279939833 840.0
111000.0 112000.0 64229.48870576776 0.0
112000.0 113000.0 189234.48826034876 840.0
113000.0 114000.0 52523.36154292309 0.0
114000.0 115000.0 160650.78533923888 840.0
115000.0 116000.0 74105.60064909735 0.0
116000.0 117000.0 158766.53279566177 840.0
117000.0 118000.0 72045.33867994114 0.0
118000.0 119000.0 152642.50613473624 840.0
119000.0 120000.0 96253.76631409387 0.0
120000.0 121000.0 118541.03010383778 288.0
121000.0 122000.0 8733.336101048377 0.0
122000.0 123000.0 79375.34887829976 288.0
123000.0 124000.0 82880.65112170024 0.0
124000.0 125000.0 107541.0 288.0
125000.0 126000.0 0.0 0.0
126000.0 127000.0 113962.55249590307 288.0
127000.0 128000.0 15532.447504096914 0.0
128000.0 129000.0 105665.0 288.0
129000.0 130000.0 0.0 0.0
130000.0 131000.0 106849.14388246862 288.0
131000.0 132000.0 93429.85611753138 0.0
132000.0 133000.0 2943.0 0.0
133000.0 134000.0 0.0 0.0
134000.0 135000.0 108531.0 288.0
135000.0 136000.0 0.0 0.0
136000.0 137000.0 149160.2522319223 480.0
137000.0 138000.0 122486.74776807772 288.0
138000.0 139000.0 106848.0 288.0
139000.0 140000.0 0.0 0.0
140000.0 141000.0 133619.3956708845 480.0
141000.0 142000.0 22476.604329115515 0.0
142000.0 143000.0 128644.233310455 480.0
143000.0 144000.0 15647.766689545 0.0
144000.0 145000.0 142194.1402124403 480.0
145000.0 146000.0 28829.859787559693 0.0
146000.0 147000.0 131824.7074644155 480.0
147000.0 148000.0 23859.292535584507 0.0
148000.0 149000.0 140033.38622665254 480.0
149000.0 150000.0 21315.61377334745 0.0
150000.0 151000.0 136387.61739171404 480.0
151000.0 152000.0 15937.382608285963 0.0
152000.0 153000.0 126053.33673586846 480.0
153000.0 154000.0 27977.663264131545 0.0
154000.0 155000.0 161654.6753483935 840.0
155000.0 156000.0 84162.73504924751 0.0
156000.0 157000.0 164859.67434577434 840.0
157000.0 158000.0 64459.75928201803 0.0
158000.0 159000.0 174507.59249527636 840.0
159000.0 160000.0 57355.51391331988 0.0
160000.0 161000.0 185467.68178926286 840.0
161000.0 162000.0 68051.84514232437 0.0
162000.0 163000.0 190872.86565985065 840.0
163000.0 164000.0 61868.42454429368 0.0
164000.0 165000.0 183130.8768234668 840.0
165000.0 166000.0 58071.52515956306 0.0
166000.0 167000.0 183405.75383531037 840.0
167000.0 168000.0 50281.59708104432 0.0
168000.0 169000.0 170881.45278196892 840.0
169000.0 170000.0 83821.79111320163 0.0
170000.0 171000.0 149695.01210872654 840.0
171000.0 172000.0 165905.71944088605 0.0
172000.0 173000.0 104924.45258388629 840.0
173000.0 174000.0 161809.0733225726 0.0
174000.0 175000.0 116971.19424860888 480.0
175000.0 176000.0 14326.783931003329 0.0
176000.0 177000.0 123251.33112297105 480.0
177000.0 178000.0 31301.460520687295 0.0
178000.0 179000.0 132410.69775761786 480.0
179000.0 180000.0 178456.1277031148 480.0
180000.0 181000.0 111374.7800508814 480.0
181000.0 182000.0 60134.24402425173 0.0
182000.0 183000.0 2921.3588204758694 0.0
183000.0 184000.0 0.0 0.0
184000.0 185000.0 152972.0877292889 480.0
185000.0 186000.0 117614.16178178215 480.0
186000.0 187000.0 146394.60122532665 480.0
187000.0 188000.0 66129.14926360227 0.0
188000.0 189000.0 122371.21519201748 480.0
189000.0 190000.0 3737.7848079825217 0.0
190000.0 191000.0 146196.2217065327 840.0
191000.0 192000.0 105607.80012784491 0.0
192000.0 193000.0 178753.59129092333 840.0
193000.0 194000.0 47108.09541748195 0.0
194000.0 195000.0 161471.9312000007 840.0
195000.0 196000.0 75336.40509984537 0.0
196000.0 197000.0 180513.7866583984 840.0
197000.0 198000.0 67267.9121460662 0.0
198000.0 199000.0 166037.98174946973 840.0
199000.0 200000.0 64037.746336114025 0.0
200000.0 201000.0 186773.72396365227 840.0
201000.0 202000.0 52978.44468635437 0.0
202000.0 203000.0 171670.62383171276 840.0
203000.0 204000.0 72131.589893088 0.0
204000.0 205000.0 176577.45587811392 840.0
205000.0 206000.0 65458.31491967449 0.0
206000.0 207000.0 188919.9187253548 840.0
207000.0 208000.0 60477.04604372328 0.0
208000.0 209000.0 188245.34485361737 840.0
209000.0 210000.0 67442.72376397195 0.0
210000.0 211000.0 197371.02622276454 840.0
211000.0 212000.0 132554.998556317 840.0
212000.0 213000.0 161657.84809780467 0.0
213000.0 214000.0 137508.98393815264 840.0
214000.0 215000.0 178135.7751553293 840.0
215000.0 216000.0 121337.16530287646 0.0
216000.0 217000.0 176543.80475022612 840.0
217000.0 218000.0 53553.007330244116 0.0
218000.0 219000.0 136355.7834312645 840.0
219000.0 220000.0 122992.08188614206 0.0
220000.0 221000.0 168714.950343085 840.0
221000.0 222000.0 56560.62761224571 0.0
222000.0 223000.0 179467.41962589213 840.0
223000.0 224000.0 63407.53079628015 0.0
224000.0 225000.0 152522.25980520312 840.0
225000.0 226000.0 33248.08165600495 0.0
226000.0 227000.0 172164.57414431925 840.0
227000.0 228000.0 76379.84028467997 0.0
228000.0 229000.0 9374.582769227767 0.0
229000.0 230000.0 0.0 0.0
230000.0 231000.0 164826.66525578557 840.0
231000.0 232000.0 80563.77384126792 0.0
232000.0 233000.0 108084.50263268437 480.0
233000.0 234000.0 185864.01637812197 480.0
234000.0 235000.0 130701.61811244709 480.0
235000.0 236000.0 75478.29547311111 0.0
236000.0 237000.0 109624.5641707095 288.0
237000.0 238000.0 5426.564135872404 0.0
238000.0 239000.0 123512.94596657081 480.0
239000.0 240000.0 27340.054033429187 0.0
240000.0 241000.0 166887.48812744895 840.0
241000.0 242000.0 53078.9278051479 0.0
242000.0 243000.0 67358.42193821144 840.0
243000.0 244000.0 154852.13259160836 0.0
244000.0 245000.0 133372.66351847767 840.0
245000.0 246000.0 192980.47301937873 0.0
246000.0 247000.0 115598.25017785982 480.0
247000.0 248000.0 33144.642821867164 0.0
248000.0 249000.0 101881.31825078894 480.0
249000.0 250000.0 68577.53001418652 0.0
250000.0 251000.0 113483.59533989031 480.0
251000.0 252000.0 35397.19711334277 0.0
252000.0 253000.0 115498.47890231332 480.0
253000.0 254000.0 21467.751596820923 0.0
254000.0 255000.0 105454.70150836719 480.0
255000.0 256000.0 27030.427274290043 0.0
256000.0 257000.0 76924.45835169485 480.0
257000.0 258000.0 75169.78650877903 0.0
258000.0 259000.0 131843.95689404302 480.0
259000.0 260000.0 159050.61598514908 480.0
260000.0 261000.0 149861.7415822923 480.0
261000.0 262000.0 26708.4406780417 0.0
262000.0 263000.0 152947.34162576208 840.0
263000.0 264000.0 69102.65021022584 0.0
264000.0 265000.0 160042.1741663598 840.0
265000.0 266000.0 89561.14773998811 0.0
266000.0 267000.0 176317.6439373712 840.0
267000.0 268000.0 59604.44037239824 0.0
268000.0 269000.0 145081.18305460326 840.0
269000.0 270000.0 79092.36272975315 0.0
270000.0 271000.0 27643.797786701958 0.0
271000.0 272000.0 160117.90823505388 840.0
272000.0 273000.0 84009.35014178249 0.0
273000.0 274000.0 0.0 0.0
274000.0 275000.0 196465.95496818688 840.0
275000.0 276000.0 138108.62590058736 480.0
276000.0 277000.0 141580.13020454152 480.0
277000.0 278000.0 91201.70573220808 0.0
278000.0 279000.0 119096.2744496747 480.0
279000.0 280000.0 14765.308744801458 0.0
280000.0 281000.0 165439.1332623638 840.0
281000.0 282000.0 67793.25266007874 0.0
282000.0 283000.0 150419.6235080599 840.0
283000.0 284000.0 82155.04354576622 0.0
284000.0 285000.0 182819.2201246348 840.0
285000.0 286000.0 54094.06959823438 0.0
286000.0 287000.0 163425.66033035662 840.0
287000.0 288000.0 50546.47061552003 0.0
288000.0 289000.0 162838.2727279605 840.0
289000.0 290000.0 70829.81211094411 0.0
290000.0 291000.0 156487.1268267721 840.0
291000.0 292000.0 87720.55797426117 0.0
292000.0 293000.0 16007.75671504757 0.0
293000.0 294000.0 0.0 0.0
294000.0 295000.0 153680.4264792726 840.0
295000.0 296000.0 154120.5330177841 480.0
296000.0 297000.0 173785.15165103314 480.0
297000.0 298000.0 156991.14158833012 480.0
298000.0 299000.0 104286.74726358004 0.0
299000.0 300000.0 0.0 0.0
300000.0 301000.0 0.0 0.0
