ts te s_bytes_all avg_video_rate
0.0 1000.0 0.0 0.0
1000.0 2000.0 0.0 0.0
2000.0 3000.0 0.0 0.0
3000.0 4000.0 0.0 0.0
4000.0 5000.0 0.0 0.0
5000.0 6000.0 0.0 0.0
6000.0 7000.0 92601.88292129006 288.0
7000.0 8000.0 27035.36553708504 0.0
8000.0 9000.0 8837.696664145109 0.0
9000.0 10000.0 6223.386529625046 0.0
10000.0 11000.0 34642.630590263805 0.0
11000.0 12000.0 60312.2308351202 288.0
12000.0 13000.0 8154.80692247073 0.0
13000.0 14000.0 5365.4395716162435 0.0
14000.0 15000.0 7258.877463314083 0.0
15000.0 16000.0 22236.24582970689 0.0
16000.0 17000.0 159389.1317112972 288.0
17000.0 18000.0 54922.58758342239 288.0
18000.0 19000.0 72825.54315384681 288.0
19000.0 20000.0 13592.17468679636 0.0
20000.0 21000.0 139423.2410613432 288.0
21000.0 22000.0 163127.1709486743 288.0
22000.0 23000.0 90609.58798998251 288.0
23000.0 24000.0 65878.15106287602 480.0
24000.0 25000.0 45792.848937123985 0.0
25000.0 26000.0 101815.81914060804 480.0
26000.0 27000.0 9733.651873539475 0.0
27000.0 28000.0 92788.7778726033 480.0
28000.0 29000.0 70339.54462456694 0.0
29000.0 30000.0 72154.879887364 480.0
30000.0 31000.0 77810.46422948936 480.0
31000.0 32000.0 28174.566753607764 0.0
32000.0 33000.0 44538.40495289974 288.0
33000.0 34000.0 2797.931457854712 0.0
34000.0 35000.0 46197.75940530797 288.0
35000.0 36000.0 98176.6881163588 288.0
36000.0 37000.0 125172.95735082657 0.0
37000.0 38000.0 80846.53903854117 288.0
38000.0 39000.0 35970.01529643214 0.0
39000.0 40000.0 138311.88325887732 480.0
40000.0 41000.0 21387.09421516455 0.0
41000.0 42000.0 96546.21515073531 480.0
42000.0 43000.0 71747.63966692555 840.0
43000.0 44000.0 147646.10311687528 0.0
44000.0 45000.0 54412.19796489255 288.0
45000.0 46000.0 91796.8666265294 0.0
46000.0 47000.0 84750.0 288.0
47000.0 48000.0 0.0 0.0
48000.0 49000.0 84276.55613889854 288.0
49000.0 50000.0 56997.85003073941 480.0
50000.0 51000.0 86503.59383036205 0.0
51000.0 52000.0 50567.890466706296 480.0
52000.0 53000.0 76574.1095332937 0.0
53000.0 54000.0 114872.0 480.0
54000.0 55000.0 22599.454673263095 0.0
55000.0 56000.0 93287.5453267369 480.0
56000.0 57000.0 60333.96136261574 480.0
57000.0 58000.0 43676.88421032066 0.0
58000.0 59000.0 99586.13834093459 480.0
59000.0 60000.0 17436.016086129028 0.0
60000.0 61000.0 122799.0 480.0
61000.0 62000.0 0.0 0.0
62000.0 63000.0 119218.0 480.0
63000.0 64000.0 47367.71278720409 480.0
64000.0 65000.0 88024.01585173034 0.0
65000.0 66000.0 35229.29026161692 480.0
66000.0 67000.0 102841.16428042758 0.0
67000.0 68000.0 20252.816819021096 0.0
68000.0 69000.0 4316.0 0.0
69000.0 70000.0 1400.0 0.0
70000.0 71000.0 4318.0 0.0
71000.0 72000.0 0.0 0.0
72000.0 73000.0 4318.0 0.0
73000.0 74000.0 1400.0 0.0
74000.0 75000.0 157806.46698117058 352.0
75000.0 76000.0 149842.9823786982 288.0
76000.0 77000.0 151105.6465750481 288.0
77000.0 78000.0 109056.0743557321 288.0
78000.0 79000.0 27709.829709351052 0.0
79000.0 80000.0 64592.314435265274 480.0
80000.0 81000.0 48477.685564734726 0.0
81000.0 82000.0 104808.0 480.0
82000.0 83000.0 69407.97095099991 480.0
83000.0 84000.0 47780.029049000084 0.0
84000.0 85000.0 73103.04906676861 480.0
85000.0 86000.0 68672.95093323139 0.0
86000.0 87000.0 92304.18133468837 480.0
87000.0 88000.0 18521.818665311628 0.0
88000.0 89000.0 109524.0 480.0
89000.0 90000.0 0.0 0.0
90000.0 91000.0 128430.89888122518 480.0
91000.0 92000.0 60322.86849474652 840.0
92000.0 93000.0 126542.2326240283 0.0
93000.0 94000.0 51542.10137656745 840.0
94000.0 95000.0 160044.71201589436 840.0
95000.0 96000.0 160731.32545108776 0.0
96000.0 97000.0 45418.8611564504 0.0
97000.0 98000.0 153751.7852865183 840.0
98000.0 99000.0 139044.2448629926 840.0
99000.0 100000.0 84292.58469036201 0.0
100000.0 101000.0 135781.1838277749 840.0
101000.0 102000.0 77481.92113493192 0.0
102000.0 103000.0 114927.56733574104 840.0
103000.0 104000.0 80833.1680194673 0.0
104000.0 105000.0 106342.58283663177 840.0
105000.0 106000.0 73646.44897265862 0.0
106000.0 107000.0 120301.21025315263 840.0
107000.0 108000.0 83776.13951978686 0.0
108000.0 109000.0 110085.37783447692 840.0
109000.0 110000.0 69178.39917747496 0.0
110000.0 111000.0 106478.84038377297 840.0
111000.0 112000.0 70442.69353773237 0.0
112000.0 113000.0 106144.43400631698 840.0
113000.0 114000.0 76967.54967742448 0.0
114000.0 115000.0 107571.56674213041 840.0
115000.0 116000.0 77825.04875645073 0.0
116000.0 117000.0 123008.56168176788 840.0
117000.0 118000.0 83432.16167124883 0.0
118000.0 119000.0 112975.12550377112 840.0
119000.0 120000.0 74043.47688163015 0.0
120000.0 121000.0 115083.23738218789 840.0
121000.0 122000.0 86022.85849385161 0.0
122000.0 123000.0 4154.8315297447125 0.0
123000.0 124000.0 53246.555111085065 840.0
124000.0 125000.0 170631.40329371867 0.0
125000.0 126000.0 69933.62591296402 480.0
126000.0 127000.0 94087.39769910231 480.0
127000.0 128000.0 63008.01798312993 0.0
128000.0 129000.0 93406.23333146931 480.0
129000.0 130000.0 19942.766668530687 0.0
130000.0 131000.0 74287.33449252741 480.0
131000.0 132000.0 132566.88732782187 480.0
132000.0 133000.0 85933.6160152108 480.0
133000.0 134000.0 43767.1621644399 0.0
134000.0 135000.0 114356.56420670367 840.0
135000.0 136000.0 80833.72910501738 0.0
136000.0 137000.0 107408.52458458445 840.0
137000.0 138000.0 96054.71529246826 0.0
138000.0 139000.0 133451.15544591052 840.0
139000.0 140000.0 64831.977427319776 0.0
140000.0 141000.0 102806.84272986819 840.0
141000.0 142000.0 74882.64462616791 0.0
142000.0 143000.0 99099.35250410467 840.0
143000.0 144000.0 81092.24902170715 0.0
144000.0 145000.0 108381.92119572648 840.0
145000.0 146000.0 72373.00307039141 0.0
146000.0 147000.0 101894.7227556837 840.0
147000.0 148000.0 89366.36532255693 0.0
148000.0 149000.0 121979.6203671358 840.0
149000.0 150000.0 80247.78456541913 0.0
150000.0 151000.0 109575.31229082117 840.0
151000.0 152000.0 78815.98243211066 0.0
152000.0 153000.0 112119.15264278455 840.0
153000.0 154000.0 76899.31067169979 0.0
154000.0 155000.0 111946.0157937338 840.0
155000.0 156000.0 70335.86701112486 0.0
156000.0 157000.0 107942.39780441349 840.0
157000.0 158000.0 66443.78913254636 0.0
158000.0 159000.0 103893.64880760162 840.0
159000.0 160000.0 74679.7392031085 0.0
160000.0 161000.0 111248.18826031199 840.0
161000.0 162000.0 73566.39633343386 0.0
162000.0 163000.0 118822.86947652718 840.0
163000.0 164000.0 91729.47756989232 0.0
164000.0 165000.0 138173.2233779641 840.0
165000.0 166000.0 91581.49810834354 0.0
166000.0 167000.0 117210.3018253862 840.0
167000.0 168000.0 89633.89677747342 0.0
168000.0 169000.0 124698.58567822984 840.0
169000.0 170000.0 76848.0649723335 0.0
170000.0 171000.0 103994.13845591975 840.0
171000.0 172000.0 75606.7732885848 0.0
172000.0 173000.0 1473.197864889374 0.0
173000.0 174000.0 0.0 0.0
174000.0 175000.0 84971.59669853334 480.0
175000.0 176000.0 48253.4823395139 0.0
176000.0 177000.0 82730.43401172024 480.0
177000.0 178000.0 128379.12529506625 480.0
178000.0 179000.0 136178.45853012596 480.0
179000.0 180000.0 34536.9031250403 0.0
180000.0 181000.0 93989.00932014798 480.0
181000.0 182000.0 71868.99067985202 0.0
182000.0 183000.0 80756.55512117452 480.0
183000.0 184000.0 39066.444878825474 0.0
184000.0 185000.0 67331.24995163051 480.0
185000.0 186000.0 57548.47278087312 0.0
186000.0 187000.0 54631.085821428744 480.0
187000.0 188000.0 64855.19144606763 0.0
188000.0 189000.0 82061.53513998016 480.0
189000.0 190000.0 32367.46486001984 0.0
190000.0 191000.0 79279.96884191595 480.0
191000.0 192000.0 109042.3980605205 480.0
192000.0 193000.0 107043.7018634862 480.0
193000.0 194000.0 36992.931234077325 0.0
194000.0 195000.0 81622.38721480634 480.0
195000.0 196000.0 26381.612785193654 0.0
196000.0 197000.0 99295.58023254329 840.0
197000.0 198000.0 66491.72413957835 0.0
198000.0 199000.0 79614.85877318116 840.0
199000.0 200000.0 93346.71609161494 0.0
200000.0 201000.0 55034.120763082254 0.0
201000.0 202000.0 0.0 0.0
202000.0 203000.0 82536.70316657746 480.0
203000.0 204000.0 34855.29683342255 0.0
204000.0 205000.0 82388.00163602972 480.0
205000.0 206000.0 24453.998363970284 0.0
206000.0 207000.0 75979.73444601233 480.0
207000.0 208000.0 124108.00249243475 480.0
208000.0 209000.0 79860.89500333322 480.0
209000.0 210000.0 39146.3680582197 0.0
210000.0 211000.0 89265.01762359185 480.0
211000.0 212000.0 53986.17259201106 0.0
212000.0 213000.0 82092.82236281096 480.0
213000.0 214000.0 32216.987421586146 0.0
214000.0 215000.0 79992.08136043238 480.0
215000.0 216000.0 32479.91863956761 0.0
216000.0 217000.0 73735.61262123637 480.0
217000.0 218000.0 40062.98082062461 0.0
218000.0 219000.0 92911.38995533859 480.0
219000.0 220000.0 22255.016602800435 0.0
220000.0 221000.0 75034.22804259596 480.0
221000.0 222000.0 37259.77195740403 0.0
222000.0 223000.0 84110.7706425385 480.0
223000.0 224000.0 41049.90146158573 0.0
224000.0 225000.0 79343.01268985428 480.0
225000.0 226000.0 50956.31520602147 0.0
226000.0 227000.0 66598.93598535379 480.0
227000.0 228000.0 47013.064014646196 0.0
228000.0 229000.0 80716.66862534476 480.0
229000.0 230000.0 36008.331374655245 0.0
230000.0 231000.0 74569.13235557984 480.0
231000.0 232000.0 47823.86764442015 0.0
232000.0 233000.0 73618.69017100017 480.0
233000.0 234000.0 34740.309828999816 0.0
234000.0 235000.0 83031.52502663362 480.0
235000.0 236000.0 33341.474973366385 0.0
236000.0 237000.0 84190.78915773475 480.0
237000.0 238000.0 138819.10454835303 480.0
238000.0 239000.0 100717.46409576187 480.0
239000.0 240000.0 67194.64219815034 0.0
240000.0 241000.0 91608.89470380454 480.0
241000.0 242000.0 49845.10529619545 0.0
242000.0 243000.0 30846.209046667675 840.0
243000.0 244000.0 171586.22342513344 0.0
244000.0 245000.0 127296.98154665105 840.0
245000.0 246000.0 92640.53781835551 0.0
246000.0 247000.0 145389.39910325478 840.0
247000.0 248000.0 114114.69842721935 0.0
248000.0 249000.0 126387.62048233728 840.0
249000.0 250000.0 90369.8451996885 0.0
250000.0 251000.0 119161.77192726871 840.0
251000.0 252000.0 94409.55589008048 0.0
252000.0 253000.0 103916.59252453652 840.0
253000.0 254000.0 80117.02841262458 0.0
254000.0 255000.0 121386.98439585752 840.0
255000.0 256000.0 85556.68378770897 0.0
256000.0 257000.0 121991.9720061287 840.0
257000.0 258000.0 91123.08007502569 0.0
258000.0 259000.0 123916.47907912101 840.0
259000.0 260000.0 94516.35697933107 0.0
260000.0 261000.0 151066.4380944856 840.0
261000.0 262000.0 88530.20768087493 0.0
262000.0 263000.0 111242.27849421045 840.0
263000.0 264000.0 99496.72939913273 0.0
264000.0 265000.0 15659.326204305453 0.0
265000.0 266000.0 158797.6695655585 840.0
266000.0 267000.0 156598.77321006294 480.0
267000.0 268000.0 44069.55722437856 0.0
268000.0 269000.0 92615.85734654809 480.0
269000.0 270000.0 53588.14265345193 0.0
270000.0 271000.0 89443.44980329924 480.0
271000.0 272000.0 52326.550196700766 0.0
272000.0 273000.0 83195.24310761146 480.0
273000.0 274000.0 51815.75689238854 0.0
274000.0 275000.0 79710.23069260585 480.0
275000.0 276000.0 67384.34422266932 0.0
276000.0 277000.0 74125.21975418541 480.0
277000.0 278000.0 129551.47683555906 480.0
278000.0 279000.0 134066.62793276046 480.0
279000.0 280000.0 73629.10056221993 0.0
280000.0 281000.0 98176.00094760154 480.0
281000.0 282000.0 21878.999052398467 0.0
282000.0 283000.0 126762.96644575399 840.0
283000.0 284000.0 80212.99616670732 0.0
284000.0 285000.0 107956.5792204622 840.0
285000.0 286000.0 76626.02829085395 0.0
286000.0 287000.0 117567.30662466328 840.0
287000.0 288000.0 81237.9454884984 0.0
288000.0 289000.0 115547.79206172722 840.0
289000.0 290000.0 93182.41511851593 0.0
290000.0 291000.0 119952.56424258827 840.0
291000.0 292000.0 89793.17014153788 0.0
292000.0 293000.0 123563.40429022866 840.0
293000.0 294000.0 76058.55059113086 0.0
294000.0 295000.0 116437.81526390256 840.0
295000.0 296000.0 79104.72420249062 0.0
296000.0 297000.0 108022.67087460632 840.0
297000.0 298000.0 67576.08673507314 0.0
298000.0 299000.0 106017.24483990892 840.0
299000.0 300000.0 68974.73940135053 0.0
300000.0 301000.0 0.0 0.0
