ts te s_bytes_all avg_video_rate
0.0 1000.0 0.0 0.0
1000.0 2000.0 0.0 0.0
2000.0 3000.0 0.0 0.0
3000.0 4000.0 0.0 0.0
4000.0 5000.0 0.0 0.0
5000.0 6000.0 0.0 0.0
6000.0 7000.0 0.0 0.0
7000.0 8000.0 0.0 0.0
8000.0 9000.0 0.0 0.0
9000.0 10000.0 0.0 0.0
10000.0 11000.0 0.0 0.0
11000.0 12000.0 0.0 0.0
12000.0 13000.0 718.5893799295357 0.0
13000.0 14000.0 5473.410620070465 0.0
14000.0 15000.0 2457.53036281741 0.0
15000.0 16000.0 6209.728946594326 0.0
16000.0 17000.0 2345.7874185237424 0.0
17000.0 18000.0 2006.7519100126515 0.0
18000.0 19000.0 14844.770547239754 288.0
19000.0 20000.0 116658.43140924601 0.0
20000.0 21000.0 17582.72013068273 0.0
21000.0 22000.0 112330.57997853425 288.0
22000.0 23000.0 42344.67049938539 0.0
23000.0 24000.0 76763.44927246528 288.0
24000.0 25000.0 61802.3473720282 0.0
25000.0 26000.0 28111.057330300493 0.0
26000.0 27000.0 59742.1449357611 288.0
27000.0 28000.0 71426.28700711897 0.0
28000.0 29000.0 52143.790466899816 288.0
29000.0 30000.0 125546.63234317485 0.0
30000.0 31000.0 49102.550442699496 0.0
31000.0 32000.0 86768.74381045719 288.0
32000.0 33000.0 49087.88312663428 288.0
33000.0 34000.0 97698.75001568365 0.0
34000.0 35000.0 61933.31883743394 288.0
35000.0 36000.0 68343.64023328201 0.0
36000.0 37000.0 62540.1016433937 288.0
37000.0 38000.0 46796.563103020424 0.0
38000.0 39000.0 19728.031633134924 0.0
39000.0 40000.0 25532.635259807786 0.0
40000.0 41000.0 50036.809824703494 288.0
41000.0 42000.0 58721.73648810253 0.0
42000.0 43000.0 29403.91072832314 0.0
43000.0 44000.0 53383.95507987117 288.0
44000.0 45000.0 52297.892514325846 0.0
45000.0 46000.0 30157.289228929403 0.0
46000.0 47000.0 42422.492639501324 288.0
47000.0 48000.0 55664.9230507781 0.0
48000.0 49000.0 35561.056551241345 0.0
49000.0 50000.0 37256.65574688191 288.0
50000.0 51000.0 82498.06198818272 0.0
51000.0 52000.0 37267.614247667 0.0
52000.0 53000.0 53876.06954726266 288.0
53000.0 54000.0 64126.77516488569 0.0
54000.0 55000.0 44811.111874314476 288.0
55000.0 56000.0 66485.66236047274 0.0
56000.0 57000.0 64805.00417682521 288.0
57000.0 58000.0 83184.82234142628 0.0
58000.0 59000.0 66643.48402528018 288.0
59000.0 60000.0 66843.32241946345 288.0
60000.0 61000.0 50312.87795998653 0.0
61000.0 62000.0 18846.93937191877 0.0
62000.0 63000.0 15960.460973791978 0.0
63000.0 64000.0 16730.199372043047 0.0
64000.0 65000.0 23775.724160845653 0.0
65000.0 66000.0 97208.13567615075 288.0
66000.0 67000.0 84827.02691461105 288.0
67000.0 68000.0 87891.18093380173 0.0
68000.0 69000.0 57372.35545023032 288.0
69000.0 70000.0 56450.46879627378 0.0
70000.0 71000.0 37542.06539964093 288.0
71000.0 72000.0 42786.03741891561 288.0
72000.0 73000.0 63996.71475895081 0.0
73000.0 74000.0 37145.99253125937 0.0
74000.0 75000.0 34903.84121784399 0.0
75000.0 76000.0 31448.777737782624 0.0
76000.0 77000.0 39704.94570190422 288.0
77000.0 78000.0 44929.56250393951 0.0
78000.0 79000.0 44833.741390055286 0.0
79000.0 80000.0 35448.45409778944 0.0
80000.0 81000.0 36498.72619352886 288.0
81000.0 82000.0 51039.643911982894 0.0
82000.0 83000.0 21048.038702404094 0.0
83000.0 84000.0 21522.103075180756 0.0
84000.0 85000.0 51620.37313053136 288.0
85000.0 86000.0 50472.94908430454 0.0
86000.0 87000.0 57849.05476976453 288.0
87000.0 88000.0 81517.38369468448 0.0
88000.0 89000.0 33186.291052685876 288.0
89000.0 90000.0 77883.83349985427 0.0
90000.0 91000.0 85226.15762972983 0.0
91000.0 92000.0 52277.51183327291 288.0
92000.0 93000.0 45960.80237354837 0.0
93000.0 94000.0 19895.438046187774 0.0
94000.0 95000.0 10648.008372823482 288.0
95000.0 96000.0 96294.86534430845 0.0
96000.0 97000.0 51127.00000700397 0.0
97000.0 98000.0 17198.03125957919 0.0
98000.0 99000.0 27340.63118484107 288.0
99000.0 100000.0 50237.13283987822 0.0
100000.0 101000.0 49396.46482823639 288.0
101000.0 102000.0 59355.92258984552 0.0
102000.0 103000.0 63951.58433793887 288.0
103000.0 104000.0 85469.64698007579 0.0
104000.0 105000.0 45946.68500633456 288.0
105000.0 106000.0 37463.414148849726 0.0
106000.0 107000.0 37402.554580503056 288.0
107000.0 108000.0 59793.333367666775 0.0
108000.0 109000.0 45408.82331654518 0.0
109000.0 110000.0 48278.114990485294 288.0
110000.0 111000.0 53000.18627202532 0.0
111000.0 112000.0 64160.648568892095 0.0
112000.0 113000.0 28144.477172874347 288.0
113000.0 114000.0 61541.81137141209 0.0
114000.0 115000.0 35460.14212424786 0.0
115000.0 116000.0 5349.163935465766 0.0
116000.0 117000.0 48252.354537051484 288.0
117000.0 118000.0 56013.84384399044 0.0
118000.0 119000.0 28196.182322232442 288.0
119000.0 120000.0 64320.359464398665 0.0
120000.0 121000.0 50140.79279022496 0.0
121000.0 122000.0 67317.0417152476 288.0
122000.0 123000.0 57987.45654608871 288.0
123000.0 124000.0 57036.73585827102 0.0
124000.0 125000.0 32477.522569046396 0.0
125000.0 126000.0 70816.11396784229 288.0
126000.0 127000.0 64702.97792552535 0.0
127000.0 128000.0 25556.105548593267 288.0
128000.0 129000.0 71871.13462282604 0.0
129000.0 130000.0 59269.64611067348 288.0
130000.0 131000.0 52110.913103888546 0.0
131000.0 132000.0 51727.09408502819 0.0
132000.0 133000.0 41061.36358820347 288.0
133000.0 134000.0 86090.5382953555 288.0
134000.0 135000.0 61121.50567574371 0.0
135000.0 136000.0 75950.10253599625 288.0
136000.0 137000.0 88565.40085407757 0.0
137000.0 138000.0 36113.901140123286 288.0
138000.0 139000.0 53053.1581165972 0.0
139000.0 140000.0 44969.54941241279 0.0
140000.0 141000.0 51428.570339615275 288.0
141000.0 142000.0 60963.31021540316 0.0
142000.0 143000.0 34659.22049945548 0.0
143000.0 144000.0 14169.25586831737 0.0
144000.0 145000.0 37916.82120386005 288.0
145000.0 146000.0 47738.83201251106 0.0
146000.0 147000.0 23695.65905278915 0.0
147000.0 148000.0 36981.38223905435 0.0
148000.0 149000.0 42039.77875643563 288.0
149000.0 150000.0 66792.81029391766 0.0
150000.0 151000.0 33589.47540219012 0.0
151000.0 152000.0 49552.093948786445 288.0
152000.0 153000.0 54499.54972454466 0.0
153000.0 154000.0 39496.23690217159 0.0
154000.0 155000.0 48287.82558826854 288.0
155000.0 156000.0 54502.36355967997 0.0
156000.0 157000.0 38404.07793608317 288.0
157000.0 158000.0 70889.1417756134 0.0
158000.0 159000.0 52586.31029760277 288.0
159000.0 160000.0 82630.19257050184 288.0
160000.0 161000.0 63275.99290611573 0.0
161000.0 162000.0 79494.21813976837 288.0
162000.0 163000.0 56790.03907501244 0.0
163000.0 164000.0 53944.77883002819 288.0
164000.0 165000.0 111586.37830217574 0.0
165000.0 166000.0 75425.5366450171 288.0
166000.0 167000.0 78313.76449403654 0.0
167000.0 168000.0 76822.79501412887 288.0
168000.0 169000.0 59073.829484410686 288.0
169000.0 170000.0 74389.65074371794 0.0
170000.0 171000.0 46323.85191928563 288.0
171000.0 172000.0 96851.18348538269 0.0
172000.0 173000.0 61251.03914413489 288.0
173000.0 174000.0 84984.86784270823 0.0
174000.0 175000.0 79032.30283346122 288.0
175000.0 176000.0 70698.13282353233 288.0
176000.0 177000.0 80335.40750542388 288.0
177000.0 178000.0 88321.68939684962 0.0
178000.0 179000.0 82395.24777421626 288.0
179000.0 180000.0 82663.99099291408 0.0
180000.0 181000.0 97977.32049691852 288.0
181000.0 182000.0 101690.6461505207 288.0
182000.0 183000.0 97288.56470269537 288.0
183000.0 184000.0 96133.64012391749 288.0
184000.0 185000.0 77450.20768374206 0.0
185000.0 186000.0 45350.14061145441 0.0
186000.0 187000.0 84214.5440313225 288.0
187000.0 188000.0 45656.04361289338 0.0
188000.0 189000.0 94116.58863014172 288.0
189000.0 190000.0 83168.43192129355 288.0
190000.0 191000.0 90137.0123011005 0.0
191000.0 192000.0 86276.97300697735 288.0
192000.0 193000.0 35906.950989274206 288.0
193000.0 194000.0 80264.78172485589 0.0
194000.0 195000.0 19771.753844331583 0.0
195000.0 196000.0 82407.02999387441 288.0
196000.0 197000.0 64281.64409095817 0.0
197000.0 198000.0 36075.523502461074 288.0
198000.0 199000.0 54076.09049756402 0.0
199000.0 200000.0 61108.72181947134 0.0
200000.0 201000.0 74221.97682471086 288.0
201000.0 202000.0 55679.688856753804 288.0
202000.0 203000.0 70810.0361509342 0.0
203000.0 204000.0 49600.85922513944 0.0
204000.0 205000.0 74055.88895492 288.0
205000.0 206000.0 54989.209160031765 288.0
206000.0 207000.0 91686.28753575888 0.0
207000.0 208000.0 39385.18686083758 288.0
208000.0 209000.0 23242.360503471205 0.0
209000.0 210000.0 25763.941546178834 0.0
210000.0 211000.0 35214.96721890472 0.0
211000.0 212000.0 110681.54929729282 288.0
212000.0 213000.0 40731.511953930225 0.0
213000.0 214000.0 47019.139922972965 288.0
214000.0 215000.0 43423.461448883594 288.0
215000.0 216000.0 58386.79821462017 0.0
216000.0 217000.0 66341.15559633024 288.0
217000.0 218000.0 73435.73985151201 0.0
218000.0 219000.0 64350.86826929357 288.0
219000.0 220000.0 66080.91532827278 0.0
220000.0 221000.0 65162.74652771466 288.0
221000.0 222000.0 50052.32226620342 0.0
222000.0 223000.0 78215.17427326558 288.0
223000.0 224000.0 89420.20430773767 0.0
224000.0 225000.0 47711.349697673446 288.0
225000.0 226000.0 49627.267011786425 0.0
226000.0 227000.0 20737.58226314727 0.0
227000.0 228000.0 28195.647466143462 0.0
228000.0 229000.0 63703.99156427707 288.0
229000.0 230000.0 67646.39132362934 0.0
230000.0 231000.0 59528.986940652525 288.0
231000.0 232000.0 63111.50080994761 0.0
232000.0 233000.0 76937.17564482382 288.0
233000.0 234000.0 74001.41924503344 0.0
234000.0 235000.0 57775.49829232671 288.0
235000.0 236000.0 65379.281315137174 0.0
236000.0 237000.0 105520.78731781307 288.0
237000.0 238000.0 156013.408262072 288.0
238000.0 239000.0 139672.98836817915 288.0
239000.0 240000.0 91529.6006987173 288.0
240000.0 241000.0 119635.29903432142 0.0
241000.0 242000.0 96790.43801197349 288.0
242000.0 243000.0 40185.14454800325 0.0
243000.0 244000.0 88009.55486100959 288.0
244000.0 245000.0 25711.817437864785 0.0
245000.0 246000.0 106872.62338745824 288.0
246000.0 247000.0 49711.23872593709 288.0
247000.0 248000.0 79932.48212870402 0.0
248000.0 249000.0 54787.27953644315 0.0
249000.0 250000.0 47029.96254265976 288.0
250000.0 251000.0 57489.34242919984 0.0
251000.0 252000.0 54723.94113506557 288.0
252000.0 253000.0 71889.52748577282 0.0
253000.0 254000.0 78431.96692116582 288.0
254000.0 255000.0 65973.9998399554 288.0
255000.0 256000.0 41888.50575310598 0.0
256000.0 257000.0 28431.199518319052 288.0
257000.0 258000.0 70652.09640828491 0.0
258000.0 259000.0 85148.76722244402 288.0
259000.0 260000.0 62506.8037361355 0.0
260000.0 261000.0 48612.49016019605 288.0
261000.0 262000.0 44919.24511306151 0.0
262000.0 263000.0 91034.82799518993 288.0
263000.0 264000.0 85174.25917601149 0.0
264000.0 265000.0 68183.83287766183 288.0
265000.0 266000.0 74376.76572700916 0.0
266000.0 267000.0 75477.00544083549 288.0
267000.0 268000.0 54893.028572534735 0.0
268000.0 269000.0 78600.0134245524 288.0
269000.0 270000.0 48142.77113190246 0.0
270000.0 271000.0 54094.35290612287 288.0
271000.0 272000.0 31904.451227198948 0.0
272000.0 273000.0 65195.51714385453 288.0
273000.0 274000.0 48068.84231740308 0.0
274000.0 275000.0 71364.47175863496 288.0
275000.0 276000.0 69945.27858740046 288.0
276000.0 277000.0 47756.20478314544 0.0
277000.0 278000.0 44785.335787652846 288.0
278000.0 279000.0 52961.72343734739 0.0
279000.0 280000.0 71548.11340180664 288.0
280000.0 281000.0 49025.60214529428 0.0
281000.0 282000.0 88736.9362090654 288.0
282000.0 283000.0 45860.73991997928 0.0
283000.0 284000.0 69454.80437983017 288.0
284000.0 285000.0 35315.69285185332 0.0
285000.0 286000.0 75252.6376951203 288.0
286000.0 287000.0 24436.667357779068 0.0
287000.0 288000.0 99495.52158637246 288.0
288000.0 289000.0 1960.0148222525527 0.0
289000.0 290000.0 98754.98517774744 288.0
290000.0 291000.0 2613.57885850469 0.0
291000.0 292000.0 105467.42114149532 288.0
292000.0 293000.0 2685.5062010912147 0.0
293000.0 294000.0 102213.49379890878 288.0
294000.0 295000.0 2857.3602387432106 0.0
295000.0 296000.0 114223.63976125678 288.0
296000.0 297000.0 78621.32194155554 480.0
297000.0 298000.0 62338.67805844447 0.0
298000.0 299000.0 59521.61032146294 480.0
299000.0 300000.0 90219.38967853706 0.0
300000.0 301000.0 0.0 0.0
