ts te s_bytes_all avg_video_rate
0.0 1000.0 0.0 0.0
1000.0 2000.0 0.0 0.0
2000.0 3000.0 0.0 0.0
3000.0 4000.0 0.0 0.0
4000.0 5000.0 0.0 0.0
5000.0 6000.0 0.0 0.0
6000.0 7000.0 66533.47059107806 288.0
7000.0 8000.0 52233.54126558591 0.0
8000.0 9000.0 75653.1629885674 288.0
9000.0 10000.0 5046.825154768638 0.0
10000.0 11000.0 10058.868659847805 288.0
11000.0 12000.0 97124.83168630247 0.0
12000.0 13000.0 40547.69148960281 288.0
13000.0 14000.0 106071.78313774586 288.0
14000.0 15000.0 152775.03657660182 288.0
15000.0 16000.0 47164.75427903394 0.0
16000.0 17000.0 3638.1240000588627 0.0
17000.0 18000.0 2503.910170806414 0.0
18000.0 19000.0 14117.145258527948 0.0
19000.0 20000.0 77148.40112321041 0.0
20000.0 21000.0 144968.49926118544 0.0
21000.0 22000.0 26719.319078672455 288.0
22000.0 23000.0 79102.55262535946 0.0
23000.0 24000.0 11550.852553349323 0.0
24000.0 25000.0 92007.57819452284 288.0
25000.0 26000.0 33928.651905172126 0.0
26000.0 27000.0 4314.0 0.0
27000.0 28000.0 1400.0 0.0
28000.0 29000.0 78158.41741440725 288.0
29000.0 30000.0 88697.58258559275 288.0
30000.0 31000.0 2916.0 0.0
31000.0 32000.0 1400.0 0.0
32000.0 33000.0 2917.0 0.0
33000.0 34000.0 1400.0 0.0
34000.0 35000.0 4317.0 0.0
35000.0 36000.0 0.0 0.0
36000.0 37000.0 167439.46998436505 288.0
37000.0 38000.0 111348.4949615179 288.0
38000.0 39000.0 145898.81058835023 288.0
39000.0 40000.0 6125.224465766826 0.0
40000.0 41000.0 4317.0 0.0
41000.0 42000.0 1400.0 0.0
42000.0 43000.0 2912.0 0.0
43000.0 44000.0 1401.5957592815807 0.0
44000.0 45000.0 4333.404240718419 0.0
45000.0 46000.0 462.52332893688083 0.0
46000.0 47000.0 93179.62771088825 288.0
47000.0 48000.0 173086.28716790534 288.0
48000.0 49000.0 111845.05079044339 288.0
49000.0 50000.0 21969.652182179216 0.0
50000.0 51000.0 5466.8588196469045 0.0
51000.0 52000.0 863.7088447411492 0.0
52000.0 53000.0 3023.802862080286 0.0
53000.0 54000.0 38671.129820177026 288.0
54000.0 55000.0 75758.35847300154 0.0
55000.0 56000.0 2112.9042351791913 0.0
56000.0 57000.0 128451.78773893896 288.0
57000.0 58000.0 164606.56823052213 288.0
58000.0 59000.0 158014.355635427 288.0
59000.0 60000.0 127510.91757800673 288.0
60000.0 61000.0 185823.86541311897 288.0
61000.0 62000.0 83544.60116880703 0.0
62000.0 63000.0 100485.14190061987 288.0
63000.0 64000.0 7815.85809938013 0.0
64000.0 65000.0 105728.42970404532 288.0
65000.0 66000.0 240.57029595466747 0.0
66000.0 67000.0 112420.64605141626 480.0
67000.0 68000.0 56693.72741463388 0.0
68000.0 69000.0 126739.19894416942 480.0
69000.0 70000.0 37797.42758978045 0.0
70000.0 71000.0 108903.33940055915 480.0
71000.0 72000.0 34706.49704962461 480.0
72000.0 73000.0 123787.16354981624 0.0
73000.0 74000.0 0.0 0.0
74000.0 75000.0 118503.50191370054 480.0
75000.0 76000.0 86218.38264299334 480.0
76000.0 77000.0 83500.11544330612 0.0
77000.0 78000.0 32734.899483121946 840.0
78000.0 79000.0 167228.47261573296 0.0
79000.0 80000.0 90537.17211861296 840.0
80000.0 81000.0 154350.95821078823 0.0
81000.0 82000.0 137173.66714501334 840.0
82000.0 83000.0 153437.83042673054 0.0
83000.0 84000.0 33522.567861851014 840.0
84000.0 85000.0 182490.25718654817 0.0
85000.0 86000.0 129642.42218002958 840.0
86000.0 87000.0 139335.43728277434 0.0
87000.0 88000.0 114442.83425759868 840.0
88000.0 89000.0 101481.88660770358 0.0
89000.0 90000.0 147119.58759990285 840.0
90000.0 91000.0 98483.60916075317 0.0
91000.0 92000.0 122010.73878657579 840.0
92000.0 93000.0 126303.31347983894 0.0
93000.0 94000.0 93671.86815282103 840.0
94000.0 95000.0 135185.92943657894 840.0
95000.0 96000.0 170805.32105509168 0.0
96000.0 97000.0 127910.11841430308 840.0
97000.0 98000.0 122151.45400741935 0.0
98000.0 99000.0 110545.08092823271 840.0
99000.0 100000.0 154082.37390364186 0.0
100000.0 101000.0 94628.90544422777 840.0
101000.0 102000.0 152843.44862664395 0.0
102000.0 103000.0 107092.70514496307 840.0
103000.0 104000.0 114646.83074310278 0.0
104000.0 105000.0 105841.58804336263 840.0
105000.0 106000.0 107766.04399734532 0.0
106000.0 107000.0 123876.62067367842 840.0
107000.0 108000.0 150465.99477609995 0.0
108000.0 109000.0 136720.7729941145 840.0
109000.0 110000.0 98029.92463214532 0.0
110000.0 111000.0 167516.53281656074 840.0
111000.0 112000.0 62298.28879985238 0.0
112000.0 113000.0 148363.80158745212 840.0
113000.0 114000.0 100857.74141878635 0.0
114000.0 115000.0 118782.52634704953 840.0
115000.0 116000.0 116021.21770833885 0.0
116000.0 117000.0 136244.43832520867 840.0
117000.0 118000.0 90903.38166691782 0.0
118000.0 119000.0 157289.5544725511 840.0
119000.0 120000.0 138146.0537988757 840.0
120000.0 121000.0 142452.04948256174 0.0
121000.0 122000.0 81467.78064964809 840.0
122000.0 123000.0 134352.7789377939 0.0
123000.0 124000.0 89435.9406457956 0.0
124000.0 125000.0 199719.29378133244 840.0
125000.0 126000.0 135376.90453422358 840.0
126000.0 127000.0 170310.89654964732 0.0
127000.0 128000.0 65556.9525027112 840.0
128000.0 129000.0 163311.00052017704 0.0
129000.0 130000.0 50870.79966824575 840.0
130000.0 131000.0 225120.50412976957 0.0
131000.0 132000.0 106250.69134101944 840.0
132000.0 133000.0 144418.23493813272 0.0
133000.0 134000.0 38057.704006962565 840.0
134000.0 135000.0 193450.12115895303 0.0
135000.0 136000.0 86385.44422828182 840.0
136000.0 137000.0 184104.74446715924 0.0
137000.0 138000.0 99951.23301254491 840.0
138000.0 139000.0 133154.78304287043 0.0
139000.0 140000.0 118678.54338415334 840.0
140000.0 141000.0 184230.7411340609 840.0
141000.0 142000.0 127227.80654376026 0.0
142000.0 143000.0 69988.37517524273 0.0
143000.0 144000.0 126189.50115534678 840.0
144000.0 145000.0 149238.14911496907 840.0
145000.0 146000.0 151055.1717522285 0.0
146000.0 147000.0 130493.78566668887 840.0
147000.0 148000.0 136212.44131133094 0.0
148000.0 149000.0 68100.03434066477 840.0
149000.0 150000.0 126093.83855190896 0.0
150000.0 151000.0 117342.91564614141 840.0
151000.0 152000.0 128231.53956014532 0.0
152000.0 153000.0 124988.72645932803 840.0
153000.0 154000.0 129196.53821052835 0.0
154000.0 155000.0 101088.03264872491 840.0
155000.0 156000.0 140415.11272913674 0.0
156000.0 157000.0 153925.87072318338 840.0
157000.0 158000.0 112244.84597568473 0.0
158000.0 159000.0 146073.9525732179 840.0
159000.0 160000.0 83604.02250364888 0.0
160000.0 161000.0 146809.66258756924 840.0
161000.0 162000.0 78991.28192420903 0.0
162000.0 163000.0 161096.03800414357 840.0
163000.0 164000.0 66942.62231545936 0.0
164000.0 165000.0 136925.91677050712 840.0
165000.0 166000.0 155944.21099067412 840.0
166000.0 167000.0 145101.66575259937 0.0
167000.0 168000.0 40762.62657797139 0.0
168000.0 169000.0 131675.20111681888 840.0
169000.0 170000.0 143579.19561094797 840.0
170000.0 171000.0 144397.45867371748 0.0
171000.0 172000.0 37453.819206863 840.0
172000.0 173000.0 164068.6362636391 0.0
173000.0 174000.0 70473.66303123353 840.0
174000.0 175000.0 184588.54022291081 0.0
175000.0 176000.0 31774.95302455261 840.0
176000.0 177000.0 199345.13485861625 0.0
177000.0 178000.0 89478.42988152069 840.0
178000.0 179000.0 149152.96810588046 0.0
179000.0 180000.0 64418.64736124186 840.0
180000.0 181000.0 176476.56543563562 0.0
181000.0 182000.0 113892.01216049005 840.0
182000.0 183000.0 174074.82996124914 0.0
183000.0 184000.0 98051.9162466382 840.0
184000.0 185000.0 108513.02883804444 0.0
185000.0 186000.0 126838.84301876274 840.0
186000.0 187000.0 117244.77148260038 0.0
187000.0 188000.0 140307.0501217581 840.0
188000.0 189000.0 128261.76751880201 0.0
189000.0 190000.0 122175.34494934227 840.0
190000.0 191000.0 111833.35767892079 0.0
191000.0 192000.0 140841.26834988478 840.0
192000.0 193000.0 147728.81686647295 840.0
193000.0 194000.0 114741.82053197645 0.0
194000.0 195000.0 89953.50997024422 840.0
195000.0 196000.0 123318.25929767611 0.0
196000.0 197000.0 91138.64204687445 840.0
197000.0 198000.0 138501.69975647886 0.0
198000.0 199000.0 112916.75565615857 840.0
199000.0 200000.0 116259.66364020426 0.0
200000.0 201000.0 112770.79019269563 840.0
201000.0 202000.0 113610.83546995431 0.0
202000.0 203000.0 111865.94687850011 840.0
203000.0 204000.0 133617.02472949759 0.0
204000.0 205000.0 165562.47851792997 840.0
205000.0 206000.0 124330.35332526542 0.0
206000.0 207000.0 72634.91844286871 840.0
207000.0 208000.0 132843.93877821232 0.0
208000.0 209000.0 160899.18591848167 840.0
209000.0 210000.0 84075.86580837617 0.0
210000.0 211000.0 149928.06774640072 840.0
211000.0 212000.0 95014.533530237 0.0
212000.0 213000.0 146331.94270015846 840.0
213000.0 214000.0 127768.1228511874 840.0
214000.0 215000.0 183718.56618466953 0.0
215000.0 216000.0 52509.99515689546 840.0
216000.0 217000.0 207620.5782354071 0.0
217000.0 218000.0 12040.284647105478 0.0
218000.0 219000.0 125248.66164552954 840.0
219000.0 220000.0 173180.75550791805 840.0
220000.0 221000.0 184648.53230540513 0.0
221000.0 222000.0 48956.64933927148 840.0
222000.0 223000.0 165537.47549665815 0.0
223000.0 224000.0 70394.58245225655 840.0
224000.0 225000.0 213440.9914841235 0.0
225000.0 226000.0 127862.05319587047 840.0
226000.0 227000.0 143609.29857296718 0.0
227000.0 228000.0 6379.180666813156 840.0
228000.0 229000.0 224823.15012221478 0.0
229000.0 230000.0 100061.14785260992 840.0
230000.0 231000.0 160788.24739332322 0.0
231000.0 232000.0 119427.87954826605 840.0
232000.0 233000.0 72665.03866167623 0.0
233000.0 234000.0 123267.74254355309 840.0
234000.0 235000.0 109665.94485757774 0.0
235000.0 236000.0 137863.04502797243 840.0
236000.0 237000.0 61472.063246408245 0.0
237000.0 238000.0 137944.09630269016 840.0
238000.0 239000.0 96939.14593472143 0.0
239000.0 240000.0 143008.0926650868 840.0
240000.0 241000.0 145297.52694545884 840.0
241000.0 242000.0 135128.5446359585 0.0
242000.0 243000.0 79146.97376748791 840.0
243000.0 244000.0 136323.2293810801 0.0
244000.0 245000.0 134273.0971119491 840.0
245000.0 246000.0 188310.29909270178 0.0
246000.0 247000.0 77223.22444173644 840.0
247000.0 248000.0 133155.80393254705 0.0
248000.0 249000.0 116440.69983109168 840.0
249000.0 250000.0 181713.02010742735 0.0
250000.0 251000.0 106695.28804616566 840.0
251000.0 252000.0 152208.4127944422 0.0
252000.0 253000.0 103831.22980619178 840.0
253000.0 254000.0 142266.52716104605 0.0
254000.0 255000.0 150732.63499547387 840.0
255000.0 256000.0 57691.756332362245 0.0
256000.0 257000.0 132902.82534410586 840.0
257000.0 258000.0 112115.46440960195 840.0
258000.0 259000.0 188794.60761551335 0.0
259000.0 260000.0 66658.763190885 0.0
260000.0 261000.0 163208.5448394493 840.0
261000.0 262000.0 102838.19214241178 0.0
262000.0 263000.0 165575.9928102872 840.0
263000.0 264000.0 113569.99251754183 840.0
264000.0 265000.0 149269.31714468403 0.0
265000.0 266000.0 64595.198022546196 840.0
266000.0 267000.0 154227.05875693966 0.0
267000.0 268000.0 26485.163641593033 840.0
268000.0 269000.0 174233.05540695888 0.0
269000.0 270000.0 76543.13934601322 840.0
270000.0 271000.0 168219.49864196463 0.0
271000.0 272000.0 50888.10356573111 840.0
272000.0 273000.0 178239.9773893269 0.0
273000.0 274000.0 7071.445439397507 840.0
274000.0 275000.0 182748.6553960901 0.0
275000.0 276000.0 162925.8482045332 840.0
276000.0 277000.0 110372.1129683914 0.0
277000.0 278000.0 34871.03653236699 840.0
278000.0 279000.0 176617.9416310168 0.0
279000.0 280000.0 77022.24425093514 840.0
280000.0 281000.0 154340.5119611013 0.0
281000.0 282000.0 90964.96875574849 840.0
282000.0 283000.0 109346.75765364207 0.0
283000.0 284000.0 138707.45518810165 840.0
284000.0 285000.0 100336.89848802534 840.0
285000.0 286000.0 160777.82246594626 0.0
286000.0 287000.0 57733.8055318221 0.0
287000.0 288000.0 152706.79275788064 840.0
288000.0 289000.0 146844.54151582607 840.0
289000.0 290000.0 146912.84930788612 0.0
290000.0 291000.0 125487.16403104649 840.0
291000.0 292000.0 172727.71829703866 0.0
292000.0 293000.0 142310.65709087765 840.0
293000.0 294000.0 173679.906825769 0.0
294000.0 295000.0 104438.11174235035 840.0
295000.0 296000.0 124240.16116434014 0.0
296000.0 297000.0 80781.11376548339 840.0
297000.0 298000.0 134379.38325522517 0.0
298000.0 299000.0 93870.64595149725 840.0
299000.0 300000.0 129700.6435654402 0.0
300000.0 301000.0 67534.86827063287 0.0
