ts te s_bytes_all avg_video_rate
0.0 1000.0 0.0 0.0
1000.0 2000.0 0.0 0.0
2000.0 3000.0 0.0 0.0
3000.0 4000.0 0.0 0.0
4000.0 5000.0 0.0 0.0
5000.0 6000.0 6918.0 0.0
6000.0 7000.0 39418.44720930289 288.0
7000.0 8000.0 99792.23589216414 288.0
8000.0 9000.0 145481.68315766772 288.0
9000.0 10000.0 139892.8738119605 288.0
10000.0 11000.0 220300.87671269276 3029.3333333333335
11000.0 12000.0 166791.65805500397 0.0
12000.0 13000.0 195257.65297365695 0.0
13000.0 14000.0 147721.55574417987 0.0
14000.0 15000.0 216132.08280193302 0.0
15000.0 16000.0 181732.82583425412 0.0
16000.0 17000.0 250009.64180706127 840.0
17000.0 18000.0 136305.27825634426 288.0
18000.0 19000.0 186241.70257579436 288.0
19000.0 20000.0 155473.3853259552 288.0
20000.0 21000.0 145649.59431159767 288.0
21000.0 22000.0 96821.73501385398 0.0
22000.0 23000.0 97240.77051657737 288.0
23000.0 24000.0 0.0 0.0
24000.0 25000.0 217686.4132925639 840.0
25000.0 26000.0 57862.38547435891 840.0
26000.0 27000.0 193842.34480633048 0.0
27000.0 28000.0 100197.54673768106 840.0
28000.0 29000.0 107498.30968906567 0.0
29000.0 30000.0 0.0 0.0
30000.0 31000.0 168064.92492325624 840.0
31000.0 32000.0 188615.4294371529 840.0
32000.0 33000.0 141516.22211561984 0.0
33000.0 34000.0 81816.48116185742 840.0
34000.0 35000.0 145023.17274343903 0.0
35000.0 36000.0 89895.41384645831 840.0
36000.0 37000.0 120079.19517478286 0.0
37000.0 38000.0 98998.73504458304 840.0
38000.0 39000.0 89293.42555285039 0.0
39000.0 40000.0 112872.58720812656 840.0
40000.0 41000.0 167069.15139509866 0.0
41000.0 42000.0 154748.64497450794 840.0
42000.0 43000.0 69243.4130743806 0.0
43000.0 44000.0 192574.8438275425 840.0
44000.0 45000.0 84563.93451851075 840.0
45000.0 46000.0 131536.6147087895 0.0
46000.0 47000.0 2403.810293043486 0.0
47000.0 48000.0 198620.46690168005 840.0
48000.0 49000.0 73273.82407356377 840.0
49000.0 50000.0 148316.97548985586 0.0
50000.0 51000.0 51036.93897996303 840.0
51000.0 52000.0 165063.91207003468 0.0
52000.0 53000.0 110593.27768529259 840.0
53000.0 54000.0 97940.60479961007 0.0
54000.0 55000.0 51387.70332037169 840.0
55000.0 56000.0 162450.6887248947 0.0
56000.0 57000.0 106841.98806198846 840.0
57000.0 58000.0 114765.49199289746 0.0
58000.0 59000.0 144221.67386269948 840.0
59000.0 60000.0 121161.45403714824 0.0
60000.0 61000.0 117505.47185388308 840.0
61000.0 62000.0 140182.54261421965 0.0
62000.0 63000.0 135494.280276845 840.0
63000.0 64000.0 72913.70525505223 0.0
64000.0 65000.0 158782.8416413214 840.0
65000.0 66000.0 90419.62615901485 0.0
66000.0 67000.0 149367.10108564596 840.0
67000.0 68000.0 59615.724545992474 0.0
68000.0 69000.0 217894.18848443846 840.0
69000.0 70000.0 43115.89908335896 0.0
70000.0 71000.0 164974.9855596815 840.0
71000.0 72000.0 55693.46665068026 0.0
72000.0 73000.0 171673.52048244243 840.0
73000.0 74000.0 41508.36441732695 0.0
74000.0 75000.0 205198.70061164405 840.0
75000.0 76000.0 26859.878346236783 0.0
76000.0 77000.0 178429.66774628154 840.0
77000.0 78000.0 139868.55757237907 840.0
78000.0 79000.0 93668.07801040959 0.0
79000.0 80000.0 104366.16154098425 840.0
80000.0 81000.0 91424.54991752836 0.0
81000.0 82000.0 103184.07654385197 840.0
82000.0 83000.0 139225.94687540966 0.0
83000.0 84000.0 87554.83866661927 840.0
84000.0 85000.0 143513.92294492104 0.0
85000.0 86000.0 89980.44896694455 840.0
86000.0 87000.0 168340.15949814397 0.0
87000.0 88000.0 139196.23496593916 840.0
88000.0 89000.0 73149.18230631464 0.0
89000.0 90000.0 171323.3855845739 840.0
90000.0 91000.0 58597.491791914894 0.0
91000.0 92000.0 154979.53705594392 840.0
92000.0 93000.0 70737.76680548221 0.0
93000.0 94000.0 192826.46598784594 840.0
94000.0 95000.0 112533.33891663913 840.0
95000.0 96000.0 165044.11866079416 0.0
96000.0 97000.0 49813.41551552082 840.0
97000.0 98000.0 162730.54193818115 0.0
98000.0 99000.0 50401.59900247332 840.0
99000.0 100000.0 164210.61460032742 0.0
100000.0 101000.0 78405.67898900941 840.0
101000.0 102000.0 163569.56485013047 0.0
102000.0 103000.0 128353.67397239982 840.0
103000.0 104000.0 93923.93146843975 0.0
104000.0 105000.0 112003.92567330688 840.0
105000.0 106000.0 99276.70180125957 0.0
106000.0 107000.0 116756.51408315486 840.0
107000.0 108000.0 93755.76609891093 0.0
108000.0 109000.0 122190.02203663737 840.0
109000.0 110000.0 110710.08346881099 0.0
110000.0 111000.0 141776.74229923275 840.0
111000.0 112000.0 113168.11498916491 0.0
112000.0 113000.0 151376.88610268524 840.0
113000.0 114000.0 51956.26924357234 0.0
114000.0 115000.0 206908.7270613201 840.0
115000.0 116000.0 24321.17973074354 0.0
116000.0 117000.0 162459.5200469555 840.0
117000.0 118000.0 26169.29960105759 0.0
118000.0 119000.0 181846.1979516016 840.0
119000.0 120000.0 6967.802048398381 0.0
120000.0 121000.0 204112.06769366894 840.0
121000.0 122000.0 27059.93230633105 0.0
122000.0 123000.0 108039.48425266515 840.0
123000.0 124000.0 184345.05691235332 840.0
124000.0 125000.0 152599.81588078057 0.0
125000.0 126000.0 102683.67279563288 840.0
126000.0 127000.0 141622.41793942283 0.0
127000.0 128000.0 67251.73211126075 840.0
128000.0 129000.0 130946.60731375757 0.0
129000.0 130000.0 136738.11019685204 840.0
130000.0 131000.0 153838.71436015412 0.0
131000.0 132000.0 90234.65906452373 840.0
132000.0 133000.0 130800.41904731798 0.0
133000.0 134000.0 86036.92145042983 840.0
134000.0 135000.0 128728.84507912675 0.0
135000.0 136000.0 144148.24967254698 840.0
136000.0 137000.0 52349.51572715636 0.0
137000.0 138000.0 189443.49025268323 840.0
138000.0 139000.0 59817.93769819279 0.0
139000.0 140000.0 126275.33771680159 840.0
140000.0 141000.0 61395.528816069156 0.0
141000.0 142000.0 193194.25166633734 840.0
142000.0 143000.0 70421.61787630853 840.0
143000.0 144000.0 145269.7552271718 0.0
144000.0 145000.0 64150.24088050872 840.0
145000.0 146000.0 161203.4783636974 0.0
146000.0 147000.0 49309.8759718478 840.0
147000.0 148000.0 165966.42478761153 0.0
148000.0 149000.0 15172.838938789293 0.0
149000.0 150000.0 197848.02731072257 840.0
150000.0 151000.0 94497.33894269008 840.0
151000.0 152000.0 93669.44946155691 0.0
152000.0 153000.0 164015.9541498496 840.0
153000.0 154000.0 105201.69329824208 0.0
154000.0 155000.0 127674.96829435661 840.0
155000.0 156000.0 94811.09464921684 0.0
156000.0 157000.0 119543.70910942137 840.0
157000.0 158000.0 100578.47860425207 0.0
158000.0 159000.0 117352.53225767324 840.0
159000.0 160000.0 113781.54615437365 0.0
160000.0 161000.0 197268.93518496613 840.0
161000.0 162000.0 30376.793756679683 0.0
162000.0 163000.0 203650.291170939 840.0
163000.0 164000.0 11532.224982116199 0.0
164000.0 165000.0 193100.51334059486 840.0
165000.0 166000.0 6738.449332349096 0.0
166000.0 167000.0 184091.5426870453 840.0
167000.0 168000.0 6001.457312954701 0.0
168000.0 169000.0 187570.59276376994 840.0
169000.0 170000.0 13590.515311274223 0.0
170000.0 171000.0 172458.23044862837 840.0
171000.0 172000.0 124333.57803394643 840.0
172000.0 173000.0 114246.08344238103 0.0
173000.0 174000.0 0.0 0.0
174000.0 175000.0 188227.01550900313 840.0
175000.0 176000.0 148670.35360212886 840.0
176000.0 177000.0 94777.50333324731 0.0
177000.0 178000.0 121771.2100558542 840.0
178000.0 179000.0 96874.91749976651 0.0
179000.0 180000.0 108179.00783751112 840.0
180000.0 181000.0 90447.06501559119 0.0
181000.0 182000.0 107503.45392525253 840.0
182000.0 183000.0 89306.21467502712 0.0
183000.0 184000.0 117865.30964023039 840.0
184000.0 185000.0 143951.7409081992 0.0
185000.0 186000.0 129420.61692712503 840.0
186000.0 187000.0 35666.591071063405 0.0
187000.0 188000.0 209920.8924901007 840.0
188000.0 189000.0 13324.40994312441 0.0
189000.0 190000.0 189803.73432017767 840.0
190000.0 191000.0 45479.479598718484 0.0
191000.0 192000.0 212049.5498848566 840.0
192000.0 193000.0 73518.33247026046 840.0
193000.0 194000.0 136361.27808254006 0.0
194000.0 195000.0 76182.49360989365 840.0
195000.0 196000.0 169495.88412937644 0.0
196000.0 197000.0 114662.05110580921 840.0
197000.0 198000.0 109023.8943651423 0.0
198000.0 199000.0 51123.39718211441 840.0
199000.0 200000.0 183758.00397605138 0.0
200000.0 201000.0 115493.1768299394 840.0
201000.0 202000.0 105266.42201189481 0.0
202000.0 203000.0 112487.3093096275 840.0
203000.0 204000.0 103890.02284031696 0.0
204000.0 205000.0 131623.09291336665 840.0
205000.0 206000.0 159430.55338776414 0.0
206000.0 207000.0 158574.526435331 840.0
207000.0 208000.0 50867.79854110159 0.0
208000.0 209000.0 117905.50483008892 840.0
209000.0 210000.0 134554.3494536878 0.0
210000.0 211000.0 186374.16407425795 840.0
211000.0 212000.0 8249.678214457452 0.0
212000.0 213000.0 199097.94950985472 840.0
213000.0 214000.0 7017.050490145296 0.0
214000.0 215000.0 203365.13352079235 840.0
215000.0 216000.0 6502.866479207636 0.0
216000.0 217000.0 196316.5337761346 840.0
217000.0 218000.0 39178.466223865405 0.0
218000.0 219000.0 199065.40628444904 840.0
219000.0 220000.0 16181.62206469245 0.0
220000.0 221000.0 197172.79966265088 840.0
221000.0 222000.0 117229.96659874452 840.0
222000.0 223000.0 92127.1416831602 0.0
223000.0 224000.0 113668.28877099315 840.0
224000.0 225000.0 96780.97426004146 0.0
225000.0 226000.0 111953.73349002334 840.0
226000.0 227000.0 107863.87259764456 0.0
227000.0 228000.0 108306.76132159287 840.0
228000.0 229000.0 116517.64174576354 0.0
229000.0 230000.0 107409.01793831082 840.0
230000.0 231000.0 126524.40051254317 0.0
231000.0 232000.0 105617.4377253418 840.0
232000.0 233000.0 165535.80946820078 0.0
233000.0 234000.0 135728.15560563852 840.0
234000.0 235000.0 41768.4572531059 0.0
235000.0 236000.0 145505.04268197872 840.0
236000.0 237000.0 70409.79896157718 840.0
237000.0 238000.0 212618.05287790718 0.0
238000.0 239000.0 13758.76744583936 0.0
239000.0 240000.0 194708.9305488602 840.0
240000.0 241000.0 68045.40301702886 840.0
241000.0 242000.0 147987.53110446787 0.0
242000.0 243000.0 7993.861993156133 0.0
243000.0 244000.0 97991.22028143343 840.0
244000.0 245000.0 147448.62142682506 0.0
245000.0 246000.0 128697.78862882775 840.0
246000.0 247000.0 158818.42996554647 0.0
247000.0 248000.0 151751.49879047752 840.0
248000.0 249000.0 201104.63190904932 840.0
249000.0 250000.0 108929.23962879415 0.0
250000.0 251000.0 125711.51944549257 840.0
251000.0 252000.0 104548.78024095182 0.0
252000.0 253000.0 156711.48304339848 840.0
253000.0 254000.0 106001.15472703222 0.0
254000.0 255000.0 120757.25565934494 840.0
255000.0 256000.0 122367.11537795809 0.0
256000.0 257000.0 194812.6347163387 840.0
257000.0 258000.0 14964.941104830545 0.0
258000.0 259000.0 204002.03129258164 840.0
259000.0 260000.0 36211.4082124293 0.0
260000.0 261000.0 203907.49530650498 840.0
261000.0 262000.0 21395.06855471133 0.0
262000.0 263000.0 193134.14588334784 840.0
263000.0 264000.0 21829.660190411218 0.0
264000.0 265000.0 184061.88598655083 840.0
265000.0 266000.0 4639.114013449159 0.0
266000.0 267000.0 173135.46064817533 840.0
267000.0 268000.0 5602.53935182467 0.0
268000.0 269000.0 201963.5419177886 840.0
269000.0 270000.0 170284.24318067593 840.0
270000.0 271000.0 90663.92437929413 0.0
271000.0 272000.0 94865.40218869352 840.0
272000.0 273000.0 120756.62663510552 0.0
273000.0 274000.0 131825.54873028654 840.0
274000.0 275000.0 138834.74941456018 0.0
275000.0 276000.0 86174.63259448511 840.0
276000.0 277000.0 107243.3309591105 0.0
277000.0 278000.0 100249.64364356094 840.0
278000.0 279000.0 122440.43642725165 0.0
279000.0 280000.0 137937.53676869193 840.0
280000.0 281000.0 161377.8463023014 0.0
281000.0 282000.0 106084.08303536598 840.0
282000.0 283000.0 109615.60734514763 0.0
283000.0 284000.0 120393.44491327892 840.0
284000.0 285000.0 102886.22555828164 0.0
285000.0 286000.0 102472.18156085919 840.0
286000.0 287000.0 166811.66924519854 840.0
287000.0 288000.0 134615.02691790948 0.0
288000.0 289000.0 75309.9983180327 840.0
289000.0 290000.0 166319.20361222478 0.0
290000.0 291000.0 131196.508031765 840.0
291000.0 292000.0 125874.58832013025 0.0
292000.0 293000.0 54160.47011722671 840.0
293000.0 294000.0 151739.7694214202 0.0
294000.0 295000.0 159935.90952592384 840.0
295000.0 296000.0 138107.85093542928 0.0
296000.0 297000.0 113744.81707167027 840.0
297000.0 298000.0 108621.0419465928 0.0
298000.0 299000.0 124822.09892876293 840.0
299000.0 300000.0 118281.042052974 0.0
300000.0 301000.0 0.0 0.0
