ts te s_bytes_all avg_video_rate
0.0 1000.0 0.0 0.0
1000.0 2000.0 0.0 0.0
2000.0 3000.0 0.0 0.0
3000.0 4000.0 0.0 0.0
4000.0 5000.0 0.0 0.0
5000.0 6000.0 0.0 0.0
6000.0 7000.0 8562.93470980844 0.0
7000.0 8000.0 170139.06037944564 288.0
8000.0 9000.0 49293.22007672723 0.0
9000.0 10000.0 130440.3673595243 288.0
10000.0 11000.0 142374.5910362236 288.0
11000.0 12000.0 171084.49496110936 0.0
12000.0 13000.0 157332.8007630498 288.0
13000.0 14000.0 180683.69624117098 288.0
14000.0 15000.0 163177.00792178884 288.0
15000.0 16000.0 176721.391148366 288.0
16000.0 17000.0 12848.489846867116 0.0
17000.0 18000.0 112383.94555591868 288.0
18000.0 19000.0 0.0 0.0
19000.0 20000.0 140647.42073762463 480.0
20000.0 21000.0 17670.579262375377 0.0
21000.0 22000.0 167216.333436976 480.0
22000.0 23000.0 131338.3332266809 480.0
23000.0 24000.0 44880.622559118616 840.0
24000.0 25000.0 179790.10904716796 0.0
25000.0 26000.0 162176.3617391624 840.0
26000.0 27000.0 88336.2399908941 0.0
27000.0 28000.0 159159.30825966957 840.0
28000.0 29000.0 80002.90000866319 0.0
29000.0 30000.0 184803.4575402593 840.0
30000.0 31000.0 94271.06915323183 0.0
31000.0 32000.0 166390.53845392307 840.0
32000.0 33000.0 103964.75409303486 0.0
33000.0 34000.0 139361.64081407755 840.0
34000.0 35000.0 39485.98993383905 0.0
35000.0 36000.0 153591.22124976665 840.0
36000.0 37000.0 106139.13692006831 0.0
37000.0 38000.0 181997.46143383245 840.0
38000.0 39000.0 75883.22375571802 0.0
39000.0 40000.0 8734.156246311337 0.0
40000.0 41000.0 1106.142137604784 0.0
41000.0 42000.0 0.0 0.0
42000.0 43000.0 2242.5630911007934 0.0
43000.0 44000.0 2549.3265513173137 0.0
44000.0 45000.0 1048.110357581893 0.0
45000.0 46000.0 37153.751014337045 480.0
46000.0 47000.0 127709.46989859824 480.0
47000.0 48000.0 251698.26543901407 480.0
48000.0 49000.0 155635.31791275286 480.0
49000.0 50000.0 175205.33207102068 480.0
50000.0 51000.0 152275.25387291145 480.0
51000.0 52000.0 143042.6574739482 480.0
52000.0 53000.0 26747.95231741747 0.0
53000.0 54000.0 132979.31052949166 480.0
54000.0 55000.0 23197.68947050834 0.0
55000.0 56000.0 141400.45672331392 840.0
56000.0 57000.0 80777.2819264314 0.0
57000.0 58000.0 163801.18688850035 840.0
58000.0 59000.0 75798.19930598812 0.0
59000.0 60000.0 172753.12221360774 840.0
60000.0 61000.0 85399.9565492762 0.0
61000.0 62000.0 178018.32085681125 840.0
62000.0 63000.0 90063.47865424892 0.0
63000.0 64000.0 12959.996881822084 0.0
64000.0 65000.0 0.0 0.0
65000.0 66000.0 145824.33962343243 480.0
66000.0 67000.0 128944.40088973824 480.0
67000.0 68000.0 175742.2674027813 480.0
68000.0 69000.0 180439.59975109575 480.0
69000.0 70000.0 123109.94568129696 480.0
70000.0 71000.0 22184.44665165533 0.0
71000.0 72000.0 136999.84680696414 840.0
72000.0 73000.0 69255.50481939575 0.0
73000.0 74000.0 160197.15311438468 840.0
74000.0 75000.0 65042.330411772215 0.0
75000.0 76000.0 148046.51692047203 840.0
76000.0 77000.0 95755.34036077204 0.0
77000.0 78000.0 185900.19324827933 840.0
78000.0 79000.0 114113.68730148523 0.0
79000.0 80000.0 135670.81948179242 840.0
80000.0 81000.0 71082.26653598428 0.0
81000.0 82000.0 157596.97995568215 840.0
82000.0 83000.0 76311.0216463057 0.0
83000.0 84000.0 143719.22939306204 840.0
84000.0 85000.0 95372.54136116158 0.0
85000.0 86000.0 174026.03591555977 840.0
86000.0 87000.0 74691.9541497709 0.0
87000.0 88000.0 158213.20285695657 840.0
88000.0 89000.0 85298.6509344048 0.0
89000.0 90000.0 156745.825791481 840.0
90000.0 91000.0 95014.91286858893 0.0
91000.0 92000.0 200024.61742668354 840.0
92000.0 93000.0 99717.18149740959 0.0
93000.0 94000.0 9889.187201631252 0.0
94000.0 95000.0 0.0 0.0
95000.0 96000.0 161422.65468408642 840.0
96000.0 97000.0 151054.78032731745 288.0
97000.0 98000.0 141018.8374933572 288.0
98000.0 99000.0 3173.727495238964 0.0
99000.0 100000.0 2914.0 0.0
100000.0 101000.0 0.0 0.0
101000.0 102000.0 160626.68602661003 288.0
102000.0 103000.0 51557.671671269636 0.0
103000.0 104000.0 106041.05455989842 288.0
104000.0 105000.0 9559.587742221935 0.0
105000.0 106000.0 105151.0 288.0
106000.0 107000.0 0.0 0.0
107000.0 108000.0 118248.01948686609 480.0
108000.0 109000.0 9940.980513133905 0.0
109000.0 110000.0 136377.2582917604 480.0
110000.0 111000.0 36088.31029418889 0.0
111000.0 112000.0 127668.84686576568 480.0
112000.0 113000.0 16281.584548285027 0.0
113000.0 114000.0 125598.14833361047 480.0
114000.0 115000.0 22748.851666389528 0.0
115000.0 116000.0 132107.3622487079 480.0
116000.0 117000.0 37383.691989968094 0.0
117000.0 118000.0 47709.29405329519 480.0
118000.0 119000.0 191115.49428407478 480.0
119000.0 120000.0 188137.4326342778 480.0
120000.0 121000.0 84035.72478967623 0.0
121000.0 122000.0 121724.2896912373 480.0
122000.0 123000.0 23646.710308762697 0.0
123000.0 124000.0 90741.21449025511 840.0
124000.0 125000.0 102086.4938831527 0.0
125000.0 126000.0 79208.29162659218 0.0
126000.0 127000.0 16568.661147327563 0.0
127000.0 128000.0 140631.00146781708 840.0
128000.0 129000.0 74826.39723988707 0.0
129000.0 130000.0 163949.71764300193 840.0
130000.0 131000.0 103606.71857191362 0.0
131000.0 132000.0 147203.63524593017 840.0
132000.0 133000.0 183421.03362106992 840.0
133000.0 134000.0 192467.96068615245 840.0
134000.0 135000.0 176127.23717649962 0.0
135000.0 136000.0 184279.85657291312 840.0
136000.0 137000.0 95503.99239525959 0.0
137000.0 138000.0 19755.788232227864 0.0
138000.0 139000.0 0.0 0.0
139000.0 140000.0 151023.70727446215 840.0
140000.0 141000.0 93208.40464099174 0.0
141000.0 142000.0 137076.39211993298 480.0
142000.0 143000.0 35179.57871674863 0.0
143000.0 144000.0 116522.86262297559 480.0
144000.0 145000.0 178406.87801815674 480.0
145000.0 146000.0 107340.77697658454 480.0
146000.0 147000.0 62372.399630147636 0.0
147000.0 148000.0 129693.94794080823 480.0
148000.0 149000.0 43116.69551362177 0.0
149000.0 150000.0 148800.45696424445 840.0
150000.0 151000.0 70975.93028725812 0.0
151000.0 152000.0 158734.070814182 840.0
152000.0 153000.0 87108.43880753752 0.0
153000.0 154000.0 160764.24599709274 840.0
154000.0 155000.0 80094.07178841886 0.0
155000.0 156000.0 165662.5645043708 840.0
156000.0 157000.0 63884.05788618362 0.0
157000.0 158000.0 145341.10858091555 840.0
158000.0 159000.0 88558.64031388065 0.0
159000.0 160000.0 166300.28746274495 840.0
160000.0 161000.0 102301.53842483525 0.0
161000.0 162000.0 199274.21894155792 840.0
162000.0 163000.0 160333.41559289247 840.0
163000.0 164000.0 199066.01794499118 0.0
164000.0 165000.0 89800.62807838406 288.0
165000.0 166000.0 6675.6641560797425 0.0
166000.0 167000.0 0.0 0.0
167000.0 168000.0 150195.64270458274 288.0
168000.0 169000.0 56713.453050621 0.0
169000.0 170000.0 133413.81811030916 840.0
170000.0 171000.0 115761.24920059428 0.0
171000.0 172000.0 135775.48982971202 840.0
172000.0 173000.0 88091.12154080413 0.0
173000.0 174000.0 153513.67993575797 840.0
174000.0 175000.0 91669.16160914699 0.0
175000.0 176000.0 164508.7139850425 840.0
176000.0 177000.0 75307.35137773422 0.0
177000.0 178000.0 140510.485829463 840.0
178000.0 179000.0 96694.2463176673 0.0
179000.0 180000.0 141278.10794186726 840.0
180000.0 181000.0 104080.8382344861 0.0
181000.0 182000.0 153353.17048146093 840.0
182000.0 183000.0 119109.1477870839 0.0
183000.0 184000.0 156097.6296960848 840.0
184000.0 185000.0 91204.52532826939 0.0
185000.0 186000.0 137618.00195108796 840.0
186000.0 187000.0 138002.13576022294 0.0
187000.0 188000.0 15537.029328001396 0.0
188000.0 189000.0 0.0 0.0
189000.0 190000.0 89471.07236476627 840.0
190000.0 191000.0 133854.9664183046 0.0
191000.0 192000.0 193612.1799309312 288.0
192000.0 193000.0 40683.26018517176 0.0
193000.0 194000.0 1703.5211008261929 0.0
194000.0 195000.0 0.0 0.0
195000.0 196000.0 154421.90617127536 288.0
196000.0 197000.0 76738.40931878089 0.0
197000.0 198000.0 107742.96921316283 288.0
198000.0 199000.0 8568.715296780934 0.0
199000.0 200000.0 109325.0946414288 288.0
200000.0 201000.0 7578.905358571202 0.0
201000.0 202000.0 124415.87913017944 480.0
202000.0 203000.0 32602.825025354203 0.0
203000.0 204000.0 127900.03828528142 480.0
204000.0 205000.0 29078.257559184938 0.0
205000.0 206000.0 128736.39720154509 480.0
206000.0 207000.0 31810.602798454915 0.0
207000.0 208000.0 129609.52082129633 480.0
208000.0 209000.0 19369.479178703663 0.0
209000.0 210000.0 146934.32560078782 480.0
210000.0 211000.0 46174.99362062385 0.0
211000.0 212000.0 141482.40931065782 840.0
212000.0 213000.0 46278.79314358618 0.0
213000.0 214000.0 148731.09605634236 840.0
214000.0 215000.0 80526.68309868826 0.0
215000.0 216000.0 186723.28528873992 840.0
216000.0 217000.0 64843.57947192056 0.0
217000.0 218000.0 160180.0434401196 840.0
218000.0 219000.0 84969.82066152288 0.0
219000.0 220000.0 139105.9445804187 480.0
220000.0 221000.0 50290.534743275304 0.0
221000.0 222000.0 141736.51317270327 480.0
222000.0 223000.0 20374.97781061355 0.0
223000.0 224000.0 132876.14828321087 480.0
224000.0 225000.0 20013.851716789126 0.0
225000.0 226000.0 120957.89296329666 480.0
226000.0 227000.0 20631.107036703343 0.0
227000.0 228000.0 135081.89007312525 480.0
228000.0 229000.0 20593.109926874735 0.0
229000.0 230000.0 133271.13324461895 480.0
230000.0 231000.0 22840.866755381052 0.0
231000.0 232000.0 104689.65064185973 480.0
232000.0 233000.0 112054.41859898827 480.0
233000.0 234000.0 97638.80599897272 480.0
234000.0 235000.0 112741.43571366271 0.0
235000.0 236000.0 117409.3192755231 480.0
236000.0 237000.0 34348.3794265374 0.0
237000.0 238000.0 142316.22495216725 840.0
238000.0 239000.0 74415.75438905317 0.0
239000.0 240000.0 143486.80222679483 840.0
240000.0 241000.0 108201.06698124045 0.0
241000.0 242000.0 153322.9331719801 840.0
242000.0 243000.0 111997.2218424941 0.0
243000.0 244000.0 73910.84561804043 840.0
244000.0 245000.0 144844.95715737317 0.0
245000.0 246000.0 139715.5630119718 840.0
246000.0 247000.0 114884.38568233224 0.0
247000.0 248000.0 158019.8730760116 840.0
248000.0 249000.0 80002.13024096543 0.0
249000.0 250000.0 172241.1769745316 840.0
250000.0 251000.0 65432.1505182738 0.0
251000.0 252000.0 166588.6328656693 840.0
252000.0 253000.0 56818.75846460871 0.0
253000.0 254000.0 783.5131709480622 0.0
254000.0 255000.0 0.0 0.0
255000.0 256000.0 133588.3689385501 480.0
256000.0 257000.0 18615.631061449916 0.0
257000.0 258000.0 143454.69536366905 480.0
258000.0 259000.0 4957.304636330966 0.0
259000.0 260000.0 137903.33726424244 480.0
260000.0 261000.0 140717.72946358146 480.0
261000.0 262000.0 32763.933272176102 0.0
262000.0 263000.0 0.0 0.0
263000.0 264000.0 158760.47140942977 480.0
264000.0 265000.0 133505.27892753447 480.0
265000.0 266000.0 135659.78921370674 480.0
266000.0 267000.0 23641.999175288664 0.0
267000.0 268000.0 126428.18897183781 480.0
268000.0 269000.0 28432.272302202546 0.0
269000.0 270000.0 120765.7452222149 480.0
270000.0 271000.0 28155.254777785103 0.0
271000.0 272000.0 130131.44243995061 480.0
272000.0 273000.0 33578.55756004939 0.0
273000.0 274000.0 118933.76622498289 480.0
274000.0 275000.0 36029.226599361384 0.0
275000.0 276000.0 119992.46383409941 480.0
276000.0 277000.0 45474.54334155632 0.0
277000.0 278000.0 125101.81431289714 480.0
278000.0 279000.0 18568.185687102854 0.0
279000.0 280000.0 105834.91867585001 480.0
280000.0 281000.0 152970.27056869172 480.0
281000.0 282000.0 164832.46654995627 480.0
282000.0 283000.0 116866.2316224957 0.0
283000.0 284000.0 1487.1125830062829 0.0
284000.0 285000.0 0.0 0.0
285000.0 286000.0 135674.36305006873 384.0
286000.0 287000.0 106133.45008186469 0.0
287000.0 288000.0 125187.79443306226 288.0
288000.0 289000.0 5371.392435004311 0.0
289000.0 290000.0 101225.0 288.0
290000.0 291000.0 0.0 0.0
291000.0 292000.0 2915.0 0.0
292000.0 293000.0 0.0 0.0
293000.0 294000.0 174302.77626511024 480.0
294000.0 295000.0 89932.68314880393 288.0
295000.0 296000.0 99695.23979461276 288.0
296000.0 297000.0 7080.300791473061 0.0
297000.0 298000.0 102663.36572458131 288.0
298000.0 299000.0 4252.634275418694 0.0
299000.0 300000.0 118013.15658610633 480.0
300000.0 301000.0 31178.843413893672 0.0
