ts te s_bytes_all avg_video_rate
0.0 1000.0 0.0 0.0
1000.0 2000.0 0.0 0.0
2000.0 3000.0 0.0 0.0
3000.0 4000.0 0.0 0.0
4000.0 5000.0 0.0 0.0
5000.0 6000.0 0.0 0.0
6000.0 7000.0 0.0 0.0
7000.0 8000.0 0.0 0.0
8000.0 9000.0 0.0 0.0
9000.0 10000.0 0.0 0.0
10000.0 11000.0 0.0 0.0
11000.0 12000.0 0.0 0.0
12000.0 13000.0 0.0 0.0
13000.0 14000.0 0.0 0.0
14000.0 15000.0 0.0 0.0
15000.0 16000.0 0.0 0.0
16000.0 17000.0 0.0 0.0
17000.0 18000.0 0.0 0.0
18000.0 19000.0 0.0 0.0
19000.0 20000.0 0.0 0.0
20000.0 21000.0 0.0 0.0
21000.0 22000.0 0.0 0.0
22000.0 23000.0 0.0 0.0
23000.0 24000.0 0.0 0.0
24000.0 25000.0 0.0 0.0
25000.0 26000.0 0.0 0.0
26000.0 27000.0 0.0 0.0
27000.0 28000.0 0.0 0.0
28000.0 29000.0 0.0 0.0
29000.0 30000.0 1634.1265643501165 0.0
30000.0 31000.0 69906.94690111837 288.0
31000.0 32000.0 69297.08601533087 0.0
32000.0 33000.0 60036.96574116829 0.0
33000.0 34000.0 60133.99971554685 288.0
34000.0 35000.0 121213.05691387375 0.0
35000.0 36000.0 93278.01536479185 288.0
36000.0 37000.0 132961.7672479012 288.0
37000.0 38000.0 127145.41165517815 0.0
38000.0 39000.0 107629.215050807 288.0
39000.0 40000.0 97285.15690985935 0.0
40000.0 41000.0 79617.02075705855 288.0
41000.0 42000.0 103924.28476182379 288.0
42000.0 43000.0 87624.4368371686 0.0
43000.0 44000.0 67115.39152756048 288.0
44000.0 45000.0 108104.1060024267 288.0
45000.0 46000.0 144627.51820518545 0.0
46000.0 47000.0 102818.79696169462 288.0
47000.0 48000.0 87794.34017623922 288.0
48000.0 49000.0 114049.89845746127 0.0
49000.0 50000.0 93931.10096458162 288.0
50000.0 51000.0 110094.13916042596 288.0
51000.0 52000.0 87679.94873895452 0.0
52000.0 53000.0 132060.61457838383 288.0
53000.0 54000.0 94341.97213537182 288.0
54000.0 55000.0 78874.06113947862 0.0
55000.0 56000.0 99903.13170133742 288.0
56000.0 57000.0 69579.02100362134 288.0
57000.0 58000.0 109136.09972729975 0.0
58000.0 59000.0 80122.41842853471 288.0
59000.0 60000.0 68941.11259855739 288.0
60000.0 61000.0 111479.1404476128 0.0
61000.0 62000.0 107448.84270624856 288.0
62000.0 63000.0 67295.21180871259 288.0
63000.0 64000.0 125589.85436839212 0.0
64000.0 65000.0 147995.3973260625 288.0
65000.0 66000.0 86963.07166247956 288.0
66000.0 67000.0 144744.3111152449 288.0
67000.0 68000.0 115246.87615911894 0.0
68000.0 69000.0 170999.7279187985 288.0
69000.0 70000.0 107084.7527423625 0.0
70000.0 71000.0 39432.68799136991 288.0
71000.0 72000.0 186857.6213928191 288.0
72000.0 73000.0 77958.5925979237 288.0
73000.0 74000.0 36448.74981976278 0.0
74000.0 75000.0 76838.38891395916 480.0
75000.0 76000.0 96677.86764744358 0.0
76000.0 77000.0 68075.17706257559 480.0
77000.0 78000.0 75464.77681391781 0.0
78000.0 79000.0 75860.50363495166 480.0
79000.0 80000.0 75622.28592715223 0.0
80000.0 81000.0 76201.71302124741 480.0
81000.0 82000.0 83556.28697875257 0.0
82000.0 83000.0 57693.09073634766 480.0
83000.0 84000.0 95257.85508636161 0.0
84000.0 85000.0 77866.40287636213 840.0
85000.0 86000.0 135430.813479886 0.0
86000.0 87000.0 99672.87025100054 840.0
87000.0 88000.0 140297.18203661605 0.0
88000.0 89000.0 117680.04271563998 840.0
89000.0 90000.0 131833.38929635985 0.0
90000.0 91000.0 84703.04462808612 840.0
91000.0 92000.0 148404.51408717723 0.0
92000.0 93000.0 99638.21731037271 840.0
93000.0 94000.0 135341.3466297275 0.0
94000.0 95000.0 102942.77980655413 840.0
95000.0 96000.0 132910.48073853136 0.0
96000.0 97000.0 117449.88175769866 840.0
97000.0 98000.0 133520.68730978444 0.0
98000.0 99000.0 102851.57367361491 840.0
99000.0 100000.0 139439.09767206 0.0
100000.0 101000.0 25165.52262134471 480.0
101000.0 102000.0 171297.20728647435 0.0
102000.0 103000.0 48457.69228673024 480.0
103000.0 104000.0 120302.73769587779 0.0
104000.0 105000.0 40997.323900293515 480.0
105000.0 106000.0 106186.24611709845 0.0
106000.0 107000.0 41968.631995210264 480.0
107000.0 108000.0 130431.36800478974 0.0
108000.0 109000.0 46675.86209348157 480.0
109000.0 110000.0 116058.13790651844 0.0
110000.0 111000.0 48771.871998794995 480.0
111000.0 112000.0 126597.12800120501 0.0
112000.0 113000.0 43213.06509516559 480.0
113000.0 114000.0 109840.93490483442 0.0
114000.0 115000.0 36636.94954555946 480.0
115000.0 116000.0 118873.05045444054 0.0
116000.0 117000.0 42964.22458905121 480.0
117000.0 118000.0 114397.77541094879 0.0
118000.0 119000.0 42687.68376953572 480.0
119000.0 120000.0 210699.08565714714 480.0
120000.0 121000.0 115932.48424135038 480.0
121000.0 122000.0 83492.74633196677 0.0
122000.0 123000.0 68137.2947651307 480.0
123000.0 124000.0 85520.7052348693 0.0
124000.0 125000.0 78051.57003856663 840.0
125000.0 126000.0 130094.93641602254 0.0
126000.0 127000.0 113811.35969703962 840.0
127000.0 128000.0 137794.96843036448 0.0
128000.0 129000.0 96684.14576733402 840.0
129000.0 130000.0 125600.16562172491 0.0
130000.0 131000.0 118324.03593582111 840.0
131000.0 132000.0 123502.68343166803 0.0
132000.0 133000.0 109915.95930352234 840.0
133000.0 134000.0 148632.586030626 0.0
134000.0 135000.0 42524.43201901979 0.0
135000.0 136000.0 185206.41796451688 840.0
136000.0 137000.0 131678.60097755957 288.0
137000.0 138000.0 43491.13836621405 0.0
138000.0 139000.0 69685.75091238832 288.0
139000.0 140000.0 37683.24908761167 0.0
140000.0 141000.0 85742.28969516585 840.0
141000.0 142000.0 134818.84424355027 0.0
142000.0 143000.0 105453.37069220303 840.0
143000.0 144000.0 139468.52020771953 0.0
144000.0 145000.0 123965.72409388232 840.0
145000.0 146000.0 128617.53519857262 0.0
146000.0 147000.0 93388.81429467846 840.0
147000.0 148000.0 132024.41911752344 0.0
148000.0 149000.0 58340.063272764826 480.0
149000.0 150000.0 148812.41918393967 0.0
150000.0 151000.0 43428.28699760375 480.0
151000.0 152000.0 118229.71300239625 0.0
152000.0 153000.0 41694.226816250484 480.0
153000.0 154000.0 106528.12135407573 0.0
154000.0 155000.0 43266.12997442082 480.0
155000.0 156000.0 121741.52185525297 0.0
156000.0 157000.0 39488.48998467812 480.0
157000.0 158000.0 103672.51001532188 0.0
158000.0 159000.0 39943.85872067444 480.0
159000.0 160000.0 115704.14127932557 0.0
160000.0 161000.0 39898.06321862813 480.0
161000.0 162000.0 106502.93678137187 0.0
162000.0 163000.0 47748.87574733013 480.0
163000.0 164000.0 122211.12425266988 0.0
164000.0 165000.0 39271.3233940213 480.0
165000.0 166000.0 102152.6766059787 0.0
166000.0 167000.0 43693.01709906955 480.0
167000.0 168000.0 186819.14288850807 480.0
168000.0 169000.0 183728.08077287456 480.0
169000.0 170000.0 52845.49383913197 0.0
170000.0 171000.0 79020.65398113368 480.0
171000.0 172000.0 67568.61141928221 0.0
172000.0 173000.0 84510.82400838015 840.0
173000.0 174000.0 131852.2878842518 0.0
174000.0 175000.0 121458.02694410132 840.0
175000.0 176000.0 130296.10126267695 0.0
176000.0 177000.0 103087.17784766952 840.0
177000.0 178000.0 133107.4175073092 0.0
178000.0 179000.0 106302.55275118313 840.0
179000.0 180000.0 135986.34453861852 0.0
180000.0 181000.0 81076.33616358052 840.0
181000.0 182000.0 138657.42062235274 0.0
182000.0 183000.0 126705.67831609596 840.0
183000.0 184000.0 135545.35924635653 0.0
184000.0 185000.0 86855.10083340097 840.0
185000.0 186000.0 133889.03691945804 0.0
186000.0 187000.0 115585.63846722938 840.0
187000.0 188000.0 128035.00776147509 0.0
188000.0 189000.0 98823.79648862504 840.0
189000.0 190000.0 132451.75434731602 0.0
190000.0 191000.0 98884.9505825088 840.0
191000.0 192000.0 140656.98920460718 0.0
192000.0 193000.0 100244.27899836039 840.0
193000.0 194000.0 141523.76816992695 0.0
194000.0 195000.0 41825.130470253294 480.0
195000.0 196000.0 139937.82820033265 0.0
196000.0 197000.0 8574.192463929867 480.0
197000.0 198000.0 154479.0 0.0
198000.0 199000.0 42493.39390985896 480.0
199000.0 200000.0 110034.04979464975 0.0
200000.0 201000.0 41476.10569028699 480.0
201000.0 202000.0 104769.45060520429 0.0
202000.0 203000.0 46514.860365199005 480.0
203000.0 204000.0 113384.139634801 0.0
204000.0 205000.0 42154.93266790258 480.0
205000.0 206000.0 113208.06733209743 0.0
206000.0 207000.0 41880.66413322381 480.0
207000.0 208000.0 106708.3358667762 0.0
208000.0 209000.0 56562.22667925844 480.0
209000.0 210000.0 205200.2690311944 480.0
210000.0 211000.0 105233.77878581564 480.0
211000.0 212000.0 90915.72550373155 0.0
212000.0 213000.0 66907.07221769146 480.0
213000.0 214000.0 82977.05279999424 0.0
214000.0 215000.0 83354.68224513471 840.0
215000.0 216000.0 132285.15098042443 0.0
216000.0 217000.0 130423.77653816888 840.0
217000.0 218000.0 129584.21199772439 0.0
218000.0 219000.0 73111.17405499946 840.0
219000.0 220000.0 150262.5422804252 0.0
220000.0 221000.0 70453.81911450587 840.0
221000.0 222000.0 196794.5164669517 0.0
222000.0 223000.0 104788.99289477992 840.0
223000.0 224000.0 128747.33353377119 0.0
224000.0 225000.0 96564.7751359526 840.0
225000.0 226000.0 136113.84732912452 0.0
226000.0 227000.0 83850.90684037498 840.0
227000.0 228000.0 134530.6039909216 0.0
228000.0 229000.0 101279.59055487248 840.0
229000.0 230000.0 156497.45176348134 0.0
230000.0 231000.0 104705.73683923027 840.0
231000.0 232000.0 139195.55046996148 0.0
232000.0 233000.0 18562.64158114639 0.0
233000.0 234000.0 2913.570370362892 0.0
234000.0 235000.0 211880.53560986213 840.0
235000.0 236000.0 25348.464390137888 0.0
236000.0 237000.0 38682.33342224444 288.0
237000.0 238000.0 69594.66657775556 0.0
238000.0 239000.0 45810.5986475892 288.0
239000.0 240000.0 161930.78495558127 288.0
240000.0 241000.0 14645.616396829504 0.0
241000.0 242000.0 0.0 0.0
242000.0 243000.0 43150.73360861701 288.0
243000.0 244000.0 184004.266391383 288.0
244000.0 245000.0 43054.64064061866 288.0
245000.0 246000.0 63854.35935938135 0.0
246000.0 247000.0 43398.81039150403 288.0
247000.0 248000.0 68585.18960849597 0.0
248000.0 249000.0 42821.41557706512 288.0
249000.0 250000.0 63275.58442293489 0.0
250000.0 251000.0 28428.662663216866 288.0
251000.0 252000.0 85876.33733678312 0.0
252000.0 253000.0 1637.3236035200453 0.0
253000.0 254000.0 25774.2142432713 288.0
254000.0 255000.0 89644.46215320865 288.0
255000.0 256000.0 187262.06140133427 288.0
256000.0 257000.0 97400.82392531412 288.0
257000.0 258000.0 38581.11467335161 0.0
258000.0 259000.0 78148.04838998096 840.0
259000.0 260000.0 133517.41111526368 0.0
260000.0 261000.0 115254.76205621436 840.0
261000.0 262000.0 128384.23624951759 0.0
262000.0 263000.0 97646.02301758077 840.0
263000.0 264000.0 111845.548430498 0.0
264000.0 265000.0 139263.45195875198 840.0
265000.0 266000.0 133520.1767948833 0.0
266000.0 267000.0 27776.341987309355 0.0
267000.0 268000.0 0.0 0.0
268000.0 269000.0 1803.3651310506061 0.0
269000.0 270000.0 1114.6348689493939 0.0
270000.0 271000.0 0.0 0.0
271000.0 272000.0 60024.835506943935 480.0
272000.0 273000.0 189565.03116885864 480.0
273000.0 274000.0 140384.80362867028 480.0
274000.0 275000.0 83341.07215173975 480.0
275000.0 276000.0 165094.2575437874 0.0
276000.0 277000.0 45412.98657006508 480.0
277000.0 278000.0 114919.26423189498 0.0
278000.0 279000.0 44635.47018050447 480.0
279000.0 280000.0 235239.74825684534 480.0
280000.0 281000.0 97505.34478692632 480.0
281000.0 282000.0 108593.18597376379 0.0
282000.0 283000.0 42216.78414140146 480.0
283000.0 284000.0 107931.21585859855 0.0
284000.0 285000.0 44070.620215772135 480.0
285000.0 286000.0 127422.37978422787 0.0
286000.0 287000.0 42883.81387117965 480.0
287000.0 288000.0 113096.18612882034 0.0
288000.0 289000.0 42501.48743862811 480.0
289000.0 290000.0 183828.15866251738 480.0
290000.0 291000.0 191642.4136005424 480.0
291000.0 292000.0 87020.76966617157 0.0
292000.0 293000.0 85700.62496774417 840.0
293000.0 294000.0 128125.58677190295 0.0
294000.0 295000.0 103407.84385068697 840.0
295000.0 296000.0 130285.94473246303 0.0
296000.0 297000.0 45059.170309343426 0.0
297000.0 298000.0 0.0 0.0
298000.0 299000.0 90342.46714426231 840.0
299000.0 300000.0 127687.53285573769 0.0
300000.0 301000.0 0.0 0.0
