ts te s_bytes_all avg_video_rate
0.0 1000.0 0.0 0.0
1000.0 2000.0 0.0 0.0
2000.0 3000.0 0.0 0.0
3000.0 4000.0 0.0 0.0
4000.0 5000.0 0.0 0.0
5000.0 6000.0 0.0 0.0
6000.0 7000.0 0.0 0.0
7000.0 8000.0 0.0 0.0
8000.0 9000.0 0.0 0.0
9000.0 10000.0 0.0 0.0
10000.0 11000.0 0.0 0.0
11000.0 12000.0 0.0 0.0
12000.0 13000.0 0.0 0.0
13000.0 14000.0 0.0 0.0
14000.0 15000.0 0.0 0.0
15000.0 16000.0 0.0 0.0
16000.0 17000.0 0.0 0.0
17000.0 18000.0 0.0 0.0
18000.0 19000.0 0.0 0.0
19000.0 20000.0 0.0 0.0
20000.0 21000.0 0.0 0.0
21000.0 22000.0 0.0 0.0
22000.0 23000.0 0.0 0.0
23000.0 24000.0 0.0 0.0
24000.0 25000.0 0.0 0.0
25000.0 26000.0 0.0 0.0
26000.0 27000.0 0.0 0.0
27000.0 28000.0 6912.0 0.0
28000.0 29000.0 1968.3927353287463 0.0
29000.0 30000.0 1217.639256870078 0.0
30000.0 31000.0 34226.91377416056 288.0
31000.0 32000.0 52346.076023501744 0.0
32000.0 33000.0 30953.13514679187 288.0
33000.0 34000.0 21480.113562844468 0.0
34000.0 35000.0 69845.64553476029 288.0
35000.0 36000.0 40114.15460998036 0.0
36000.0 37000.0 83865.0905588563 288.0
37000.0 38000.0 66188.9781860477 288.0
38000.0 39000.0 82715.00939680549 0.0
39000.0 40000.0 93978.40157837373 288.0
40000.0 41000.0 88807.11467745133 288.0
41000.0 42000.0 68194.10409172508 288.0
42000.0 43000.0 69237.41302141803 0.0
43000.0 44000.0 41419.184793334316 288.0
44000.0 45000.0 50173.02233336418 0.0
45000.0 46000.0 77327.84443460562 288.0
46000.0 47000.0 61384.4856153036 288.0
47000.0 48000.0 83580.14668068783 288.0
48000.0 49000.0 81445.44227242481 288.0
49000.0 50000.0 49930.93099920937 0.0
50000.0 51000.0 128312.66194942954 288.0
51000.0 52000.0 55497.65378528051 288.0
52000.0 53000.0 76891.72084285607 0.0
53000.0 54000.0 63079.53354685109 288.0
54000.0 55000.0 96949.22497399623 0.0
55000.0 56000.0 42787.94437148028 288.0
56000.0 57000.0 51040.50682970404 0.0
57000.0 58000.0 42257.474567081284 288.0
58000.0 59000.0 37154.89693129359 0.0
59000.0 60000.0 55660.93350008859 288.0
60000.0 61000.0 71360.3023009726 0.0
61000.0 62000.0 35914.44844601736 0.0
62000.0 63000.0 61223.38080120933 288.0
63000.0 64000.0 65253.42417921164 0.0
64000.0 65000.0 64585.445323727006 288.0
65000.0 66000.0 56175.71821583792 288.0
66000.0 67000.0 73571.23830032889 0.0
67000.0 68000.0 66875.08385469156 288.0
68000.0 69000.0 65077.68422686255 0.0
69000.0 70000.0 63035.431337236834 288.0
70000.0 71000.0 76808.46697602294 0.0
71000.0 72000.0 73003.3155324444 288.0
72000.0 73000.0 72947.70490897428 288.0
73000.0 74000.0 52938.67298552503 0.0
74000.0 75000.0 63765.75207853161 288.0
75000.0 76000.0 29605.234503090673 0.0
76000.0 77000.0 64081.38218939775 288.0
77000.0 78000.0 57279.017302136315 0.0
78000.0 79000.0 73827.76134334918 288.0
79000.0 80000.0 30054.68801735106 0.0
80000.0 81000.0 31224.04489668767 288.0
81000.0 82000.0 42627.420550296745 0.0
82000.0 83000.0 64832.383341925626 288.0
83000.0 84000.0 54858.20417314475 0.0
84000.0 85000.0 37471.861742881185 288.0
85000.0 86000.0 60786.4582659026 0.0
86000.0 87000.0 64350.89139602071 288.0
87000.0 88000.0 51937.75348998564 0.0
88000.0 89000.0 68199.5953720043 288.0
89000.0 90000.0 58254.66237091752 0.0
90000.0 91000.0 62469.74265931551 288.0
91000.0 92000.0 52254.21856793415 0.0
92000.0 93000.0 79082.61645786953 288.0
93000.0 94000.0 66544.09287073303 288.0
94000.0 95000.0 57665.65721728757 0.0
95000.0 96000.0 44197.09469078061 0.0
96000.0 97000.0 36360.15713009274 288.0
97000.0 98000.0 58152.89277440574 0.0
98000.0 99000.0 42325.7425327607 288.0
99000.0 100000.0 32860.96799031891 0.0
100000.0 101000.0 52448.79538196487 0.0
101000.0 102000.0 106421.81991354804 288.0
102000.0 103000.0 69811.85261691232 288.0
103000.0 104000.0 78900.1635383737 0.0
104000.0 105000.0 82995.34698934127 288.0
105000.0 106000.0 76652.68800067616 288.0
106000.0 107000.0 61768.4498556311 0.0
107000.0 108000.0 90751.57320081274 288.0
108000.0 109000.0 50984.200335434565 288.0
109000.0 110000.0 64961.74614716466 0.0
110000.0 111000.0 53188.644200380906 288.0
111000.0 112000.0 67431.07837213865 0.0
112000.0 113000.0 46652.7079038214 0.0
113000.0 114000.0 70690.01293777193 288.0
114000.0 115000.0 45400.393477138874 0.0
115000.0 116000.0 75569.824719472 288.0
116000.0 117000.0 78585.39013244938 0.0
117000.0 118000.0 44522.27026251021 288.0
118000.0 119000.0 92788.58234550155 288.0
119000.0 120000.0 65280.61603946553 0.0
120000.0 121000.0 78544.19607973413 288.0
121000.0 122000.0 57086.70937455724 0.0
122000.0 123000.0 58355.88677992089 288.0
123000.0 124000.0 57967.75013190292 0.0
124000.0 125000.0 62904.93886324091 288.0
125000.0 126000.0 76466.23639910195 0.0
126000.0 127000.0 89695.59513394539 288.0
127000.0 128000.0 38411.13049626794 288.0
128000.0 129000.0 79041.24225192986 0.0
129000.0 130000.0 72107.7358010839 0.0
130000.0 131000.0 66000.42443337558 288.0
131000.0 132000.0 52146.9339890938 288.0
132000.0 133000.0 91053.52536686175 0.0
133000.0 134000.0 39194.49256867228 288.0
134000.0 135000.0 100317.8610339057 0.0
135000.0 136000.0 47073.157553549354 288.0
136000.0 137000.0 60037.71655037995 0.0
137000.0 138000.0 16546.38398008268 288.0
138000.0 139000.0 97726.9238557269 0.0
139000.0 140000.0 34446.44672409142 0.0
140000.0 141000.0 29767.770033704124 288.0
141000.0 142000.0 100104.78982962617 0.0
142000.0 143000.0 36408.16367497982 288.0
143000.0 144000.0 48611.41115451734 0.0
144000.0 145000.0 86462.43153213014 0.0
145000.0 146000.0 104939.46650381485 288.0
146000.0 147000.0 64536.548895208514 0.0
147000.0 148000.0 9137.572741993832 0.0
148000.0 149000.0 1782.4873268262497 288.0
149000.0 150000.0 123714.91253776809 288.0
150000.0 151000.0 138482.72918665851 288.0
151000.0 152000.0 131682.73708643654 288.0
152000.0 153000.0 16910.13386231062 0.0
153000.0 154000.0 79735.03785357147 288.0
154000.0 155000.0 24251.29456980087 288.0
155000.0 156000.0 99419.66757662766 0.0
156000.0 157000.0 16236.512324813359 480.0
157000.0 158000.0 130864.48767518662 0.0
158000.0 159000.0 21523.169602167607 480.0
159000.0 160000.0 132470.83039783238 0.0
160000.0 161000.0 84623.81196021185 480.0
161000.0 162000.0 75179.18803978813 0.0
162000.0 163000.0 3835.9222980568084 480.0
163000.0 164000.0 131043.21297838417 0.0
164000.0 165000.0 136119.49829141132 840.0
165000.0 166000.0 98289.3967281088 0.0
166000.0 167000.0 144267.67222433712 840.0
167000.0 168000.0 127284.25812074286 0.0
168000.0 169000.0 169000.84226998378 840.0
169000.0 170000.0 52038.201872800615 0.0
170000.0 171000.0 123154.88025875593 840.0
171000.0 172000.0 125168.40529861777 0.0
172000.0 173000.0 192370.73112222838 840.0
173000.0 174000.0 61688.746239677166 0.0
174000.0 175000.0 175528.63534448418 840.0
175000.0 176000.0 71950.97159935624 840.0
176000.0 177000.0 181940.27431131294 0.0
177000.0 178000.0 14520.351041741986 840.0
178000.0 179000.0 199144.51416400823 0.0
179000.0 180000.0 5218.5056250949365 840.0
180000.0 181000.0 136547.4996651144 0.0
181000.0 182000.0 83793.3636681089 840.0
182000.0 183000.0 205552.00064272698 0.0
183000.0 184000.0 23278.813640524833 840.0
184000.0 185000.0 216003.28189453168 0.0
185000.0 186000.0 51280.76843931903 840.0
186000.0 187000.0 179482.252260571 0.0
187000.0 188000.0 110584.26807202003 840.0
188000.0 189000.0 107667.36578086461 0.0
189000.0 190000.0 106267.78136505178 840.0
190000.0 191000.0 102782.8646992529 0.0
191000.0 192000.0 107248.47156346563 840.0
192000.0 193000.0 101810.24851934508 0.0
193000.0 194000.0 93769.62312343472 840.0
194000.0 195000.0 86962.8699664649 0.0
195000.0 196000.0 116096.38599499823 840.0
196000.0 197000.0 120220.61868757533 0.0
197000.0 198000.0 110657.11360648033 840.0
198000.0 199000.0 108922.68770741674 0.0
199000.0 200000.0 98913.95681713123 840.0
200000.0 201000.0 113116.10762052302 840.0
201000.0 202000.0 170637.6364759755 0.0
202000.0 203000.0 4324.024969527504 840.0
203000.0 204000.0 200917.9750304725 0.0
204000.0 205000.0 24253.775958805072 840.0
205000.0 206000.0 168614.40808912902 0.0
206000.0 207000.0 6265.986503952082 840.0
207000.0 208000.0 194099.33075111278 0.0
208000.0 209000.0 33694.11969465897 840.0
209000.0 210000.0 209081.4228382658 0.0
210000.0 211000.0 153771.56724041607 840.0
211000.0 212000.0 87525.38892366024 0.0
212000.0 213000.0 81673.99433921278 840.0
213000.0 214000.0 92772.35037646172 0.0
214000.0 215000.0 162133.90785204663 840.0
215000.0 216000.0 96718.46137475556 0.0
216000.0 217000.0 136470.21267947616 840.0
217000.0 218000.0 104008.15139395966 0.0
218000.0 219000.0 154333.76407381287 840.0
219000.0 220000.0 65485.64161259422 0.0
220000.0 221000.0 173555.47473522145 840.0
221000.0 222000.0 65594.76877498152 840.0
222000.0 223000.0 152518.98203203865 0.0
223000.0 224000.0 21095.29075543884 0.0
224000.0 225000.0 152993.35711167136 840.0
225000.0 226000.0 87685.88077396469 840.0
226000.0 227000.0 179920.96053308976 0.0
227000.0 228000.0 2497.594698717738 840.0
228000.0 229000.0 206903.52095009777 0.0
229000.0 230000.0 2153.7928112468107 840.0
230000.0 231000.0 204218.55236763047 0.0
231000.0 232000.0 25575.375782518284 840.0
232000.0 233000.0 186455.24246985913 0.0
233000.0 234000.0 45589.97668592632 840.0
234000.0 235000.0 205308.35916244422 0.0
235000.0 236000.0 101105.78546783542 840.0
236000.0 237000.0 98208.60118499806 0.0
237000.0 238000.0 105677.6820715805 840.0
238000.0 239000.0 98271.3179284195 0.0
239000.0 240000.0 107441.50803770227 840.0
240000.0 241000.0 128148.023162246 0.0
241000.0 242000.0 115701.62476638818 840.0
242000.0 243000.0 95585.66080289452 0.0
243000.0 244000.0 84703.73046969036 840.0
244000.0 245000.0 87042.90683839763 0.0
245000.0 246000.0 121855.89503580479 840.0
246000.0 247000.0 115696.49551249544 840.0
247000.0 248000.0 187984.7112754667 0.0
248000.0 249000.0 3197.4440989141367 0.0
249000.0 250000.0 105623.17908381953 840.0
250000.0 251000.0 123061.91001842592 840.0
251000.0 252000.0 161559.26335689123 0.0
252000.0 253000.0 70445.86347977375 840.0
253000.0 254000.0 178001.46971926818 0.0
254000.0 255000.0 53174.51722894328 840.0
255000.0 256000.0 112043.45168544471 0.0
256000.0 257000.0 37222.27251387668 840.0
257000.0 258000.0 169788.07291355674 0.0
258000.0 259000.0 3599.0216521734756 840.0
259000.0 260000.0 199115.19796535076 0.0
260000.0 261000.0 161325.87447278303 840.0
261000.0 262000.0 108376.90590969272 0.0
262000.0 263000.0 114368.54800763945 840.0
263000.0 264000.0 136435.5186247588 0.0
264000.0 265000.0 155884.6404788047 840.0
265000.0 266000.0 32603.292888797052 0.0
266000.0 267000.0 102969.60920639778 840.0
267000.0 268000.0 74959.02503279346 0.0
268000.0 269000.0 204383.8081227165 840.0
269000.0 270000.0 40952.55763809228 0.0
270000.0 271000.0 202600.23950595057 840.0
271000.0 272000.0 114148.31543792316 840.0
272000.0 273000.0 146796.83011393147 0.0
273000.0 274000.0 65079.88699561642 840.0
274000.0 275000.0 98018.7427448658 0.0
275000.0 276000.0 86284.16171732747 840.0
276000.0 277000.0 203503.22085432202 0.0
277000.0 278000.0 2365.1233186111886 840.0
278000.0 279000.0 209029.03175987478 0.0
279000.0 280000.0 6569.660016547839 840.0
280000.0 281000.0 206781.78753502926 0.0
281000.0 282000.0 115048.8534101128 840.0
282000.0 283000.0 77390.1465898872 0.0
283000.0 284000.0 76691.59461611605 840.0
284000.0 285000.0 125479.84252264701 0.0
285000.0 286000.0 95879.54806776776 840.0
286000.0 287000.0 93691.01479346919 0.0
287000.0 288000.0 73486.23846884069 840.0
288000.0 289000.0 96358.2115212484 0.0
289000.0 290000.0 137587.40863265708 840.0
290000.0 291000.0 87387.14137725384 0.0
291000.0 292000.0 94297.15796357248 840.0
292000.0 293000.0 93585.09233732705 0.0
293000.0 294000.0 145682.4787008115 840.0
294000.0 295000.0 118532.75645708082 0.0
295000.0 296000.0 89705.95823217086 840.0
296000.0 297000.0 198484.13276134018 840.0
297000.0 298000.0 120593.20166807351 0.0
298000.0 299000.0 16557.24661509367 840.0
299000.0 300000.0 167567.38985409282 0.0
300000.0 301000.0 2915.585410437105 0.0
