ts te s_bytes_all avg_video_rate
0.0 1000.0 0.0 0.0
1000.0 2000.0 0.0 0.0
2000.0 3000.0 0.0 0.0
3000.0 4000.0 0.0 0.0
4000.0 5000.0 0.0 0.0
5000.0 6000.0 55160.8770573787 288.0
6000.0 7000.0 145690.91041663743 288.0
7000.0 8000.0 190481.44336630224 288.0
8000.0 9000.0 172954.3585668044 288.0
9000.0 10000.0 162706.55760314636 288.0
10000.0 11000.0 207471.4039788448 288.0
11000.0 12000.0 90926.03601078897 288.0
12000.0 13000.0 161774.31722177935 288.0
13000.0 14000.0 56886.19293497181 288.0
14000.0 15000.0 88163.90284334586 0.0
15000.0 16000.0 29454.514089192504 480.0
16000.0 17000.0 113358.48591080749 0.0
17000.0 18000.0 28554.53909366974 480.0
18000.0 19000.0 141065.46090633026 0.0
19000.0 20000.0 26438.53100617104 480.0
20000.0 21000.0 117681.46899382895 0.0
21000.0 22000.0 28137.749122016805 480.0
22000.0 23000.0 128380.2508779832 0.0
23000.0 24000.0 27286.55687352993 840.0
24000.0 25000.0 187564.43293794486 0.0
25000.0 26000.0 161674.66368706134 480.0
26000.0 27000.0 133770.85756031267 480.0
27000.0 28000.0 54283.472605373085 480.0
28000.0 29000.0 144641.01633577808 0.0
29000.0 30000.0 26784.344624019832 840.0
30000.0 31000.0 172147.72181025875 0.0
31000.0 32000.0 71164.27395385999 840.0
32000.0 33000.0 202103.45989759723 0.0
33000.0 34000.0 37275.04347623333 840.0
34000.0 35000.0 184731.44828269354 0.0
35000.0 36000.0 52492.48858628497 840.0
36000.0 37000.0 165170.07169455147 0.0
37000.0 38000.0 78580.10755360434 840.0
38000.0 39000.0 168821.72409236094 0.0
39000.0 40000.0 79734.2801075102 840.0
40000.0 41000.0 170269.6616031365 0.0
41000.0 42000.0 47406.93043983933 840.0
42000.0 43000.0 191508.77947111646 0.0
43000.0 44000.0 67956.44543296832 840.0
44000.0 45000.0 187496.9013586276 0.0
45000.0 46000.0 52999.32201707588 840.0
46000.0 47000.0 185912.7097615434 0.0
47000.0 48000.0 59799.11310807171 840.0
48000.0 49000.0 159463.56642918184 0.0
49000.0 50000.0 67401.46902708863 840.0
50000.0 51000.0 198788.74124068045 0.0
51000.0 52000.0 53791.91911622353 840.0
52000.0 53000.0 190474.40849247374 0.0
53000.0 54000.0 38880.068422998025 0.0
54000.0 55000.0 24.0 0.0
55000.0 56000.0 0.0 0.0
56000.0 57000.0 735.0270600439873 0.0
57000.0 58000.0 22250.97005667944 480.0
58000.0 59000.0 133103.62063699443 480.0
59000.0 60000.0 200540.1092696713 480.0
60000.0 61000.0 187988.85602251953 480.0
61000.0 62000.0 82336.54535553395 480.0
62000.0 63000.0 134201.8715985574 0.0
63000.0 64000.0 12471.034637269291 480.0
64000.0 65000.0 139801.63220912893 0.0
65000.0 66000.0 13873.798686339573 480.0
66000.0 67000.0 157562.88596541487 480.0
67000.0 68000.0 150030.64850184735 480.0
68000.0 69000.0 159680.0 0.0
69000.0 70000.0 1776.8084231012986 0.0
70000.0 71000.0 1136.1915768987014 0.0
71000.0 72000.0 24685.48994777556 840.0
72000.0 73000.0 217241.63207896336 0.0
73000.0 74000.0 160502.44857363423 840.0
74000.0 75000.0 142932.58376318018 480.0
75000.0 76000.0 125852.89078104416 480.0
76000.0 77000.0 122400.95485540248 0.0
77000.0 78000.0 30975.25220262239 840.0
78000.0 79000.0 171565.1120432544 0.0
79000.0 80000.0 67207.19578266158 840.0
80000.0 81000.0 186475.86966530656 0.0
81000.0 82000.0 55744.94254217991 840.0
82000.0 83000.0 153413.38014672438 0.0
83000.0 84000.0 92431.45110820778 840.0
84000.0 85000.0 190689.64562320698 0.0
85000.0 86000.0 41741.302264858066 840.0
86000.0 87000.0 200881.13170441653 0.0
87000.0 88000.0 56478.58059447253 840.0
88000.0 89000.0 200050.98039545704 0.0
89000.0 90000.0 36463.73739086331 840.0
90000.0 91000.0 183488.06062403417 0.0
91000.0 92000.0 51286.67518694649 840.0
92000.0 93000.0 197142.60407518793 0.0
93000.0 94000.0 25617.351640798985 840.0
94000.0 95000.0 177559.25831877725 0.0
95000.0 96000.0 81677.37965200485 840.0
96000.0 97000.0 179040.04234727452 0.0
97000.0 98000.0 56018.08418188236 840.0
98000.0 99000.0 186019.63297989705 0.0
99000.0 100000.0 55431.83873470563 840.0
100000.0 101000.0 161508.64195246802 0.0
101000.0 102000.0 123864.9135923557 840.0
102000.0 103000.0 179038.4941679728 0.0
103000.0 104000.0 47833.06732695587 840.0
104000.0 105000.0 194356.79198400397 0.0
105000.0 106000.0 34971.37838526488 840.0
106000.0 107000.0 189249.6107992356 0.0
107000.0 108000.0 26988.829980487004 840.0
108000.0 109000.0 185528.75029572228 0.0
109000.0 110000.0 60329.465802420535 840.0
110000.0 111000.0 205776.50617258906 0.0
111000.0 112000.0 52218.79063853263 840.0
112000.0 113000.0 219906.89991406558 0.0
113000.0 114000.0 122873.1674041724 840.0
114000.0 115000.0 170701.90920887308 840.0
115000.0 116000.0 146240.67112714553 0.0
116000.0 117000.0 38267.60204199433 0.0
117000.0 118000.0 21106.78931573677 840.0
118000.0 119000.0 172070.03009790057 0.0
119000.0 120000.0 204046.14741499448 840.0
120000.0 121000.0 159887.9503674936 480.0
121000.0 122000.0 134128.854281926 480.0
122000.0 123000.0 105427.22852194852 0.0
123000.0 124000.0 0.0 0.0
124000.0 125000.0 156866.6528619203 840.0
125000.0 126000.0 136512.21512661857 840.0
126000.0 127000.0 159475.84276993218 0.0
127000.0 128000.0 71046.59124101406 840.0
128000.0 129000.0 184484.93704185306 0.0
129000.0 130000.0 71092.51801259494 840.0
130000.0 131000.0 159999.46660712434 0.0
131000.0 132000.0 88226.5379738948 840.0
132000.0 133000.0 186911.8820452725 0.0
133000.0 134000.0 45607.35531303671 840.0
134000.0 135000.0 172557.68093175435 0.0
135000.0 136000.0 45370.14427895366 840.0
136000.0 137000.0 200837.0597498968 0.0
137000.0 138000.0 47837.47812754673 840.0
138000.0 139000.0 187031.42103358958 0.0
139000.0 140000.0 49441.56680516206 840.0
140000.0 141000.0 203265.25980394642 0.0
141000.0 142000.0 53713.49025882194 840.0
142000.0 143000.0 210058.0781920278 0.0
143000.0 144000.0 24981.994118228416 840.0
144000.0 145000.0 193247.70496266533 0.0
145000.0 146000.0 75667.69045409406 840.0
146000.0 147000.0 198236.9293577762 0.0
147000.0 148000.0 28662.67838648866 840.0
148000.0 149000.0 201574.83477173588 0.0
149000.0 150000.0 53690.58635088289 840.0
150000.0 151000.0 184340.59159361434 0.0
151000.0 152000.0 45373.023738439835 840.0
152000.0 153000.0 195776.96322074407 0.0
153000.0 154000.0 52105.03417802857 840.0
154000.0 155000.0 185361.81508767148 0.0
155000.0 156000.0 47978.14125386914 840.0
156000.0 157000.0 193649.8698720014 0.0
157000.0 158000.0 40273.27618819656 840.0
158000.0 159000.0 180907.53161310375 0.0
159000.0 160000.0 67264.72434862405 840.0
160000.0 161000.0 202505.30901936864 0.0
161000.0 162000.0 56941.544522879216 840.0
162000.0 163000.0 213916.66613091243 0.0
163000.0 164000.0 134088.98041080165 840.0
164000.0 165000.0 121619.07296248472 840.0
165000.0 166000.0 188592.5914655195 0.0
166000.0 167000.0 153286.45899404012 840.0
167000.0 168000.0 158475.41307807306 840.0
168000.0 169000.0 149297.7395939202 0.0
169000.0 170000.0 46625.49771904117 840.0
170000.0 171000.0 178578.8158412751 0.0
171000.0 172000.0 31626.414163102265 840.0
172000.0 173000.0 189058.92137536727 0.0
173000.0 174000.0 62077.701370519215 840.0
174000.0 175000.0 188447.89826689087 0.0
175000.0 176000.0 53159.3704645049 840.0
176000.0 177000.0 204942.96463080397 0.0
177000.0 178000.0 48765.83051321948 840.0
178000.0 179000.0 187620.0487703263 0.0
179000.0 180000.0 48395.39867610931 840.0
180000.0 181000.0 189761.4279608208 0.0
181000.0 182000.0 52907.60217003567 840.0
182000.0 183000.0 190538.72333167755 0.0
183000.0 184000.0 47913.20013385115 840.0
184000.0 185000.0 176800.5116090348 0.0
185000.0 186000.0 72390.6179182224 840.0
186000.0 187000.0 200413.15527912707 0.0
187000.0 188000.0 57419.81503323959 840.0
188000.0 189000.0 173639.18024404193 0.0
189000.0 190000.0 65809.68915174722 840.0
190000.0 191000.0 171058.42274694482 0.0
191000.0 192000.0 29745.44878097205 0.0
192000.0 193000.0 0.0 0.0
193000.0 194000.0 0.0 0.0
194000.0 195000.0 77385.55607669323 480.0
195000.0 196000.0 173516.82759278824 480.0
196000.0 197000.0 159217.82049064143 480.0
197000.0 198000.0 128839.81895904473 480.0
198000.0 199000.0 133661.97688083237 0.0
199000.0 200000.0 0.0 0.0
200000.0 201000.0 147880.3648673031 480.0
201000.0 202000.0 29270.09781019973 0.0
202000.0 203000.0 117399.58478528257 480.0
203000.0 204000.0 33709.69827804221 480.0
204000.0 205000.0 138664.25425917236 0.0
205000.0 206000.0 24381.64175849661 480.0
206000.0 207000.0 133956.3582415034 0.0
207000.0 208000.0 24136.109268116565 480.0
208000.0 209000.0 131194.89073188344 0.0
209000.0 210000.0 16311.58271682995 480.0
210000.0 211000.0 113554.41728317004 0.0
211000.0 212000.0 24016.458697652797 480.0
212000.0 213000.0 132878.5413023472 0.0
213000.0 214000.0 20897.84111385976 480.0
214000.0 215000.0 134910.15888614024 0.0
215000.0 216000.0 8307.653546103305 480.0
216000.0 217000.0 131211.51078435435 0.0
217000.0 218000.0 163756.2861622442 480.0
218000.0 219000.0 147280.54950729816 480.0
219000.0 220000.0 34970.265297171696 840.0
220000.0 221000.0 162200.36845074102 0.0
221000.0 222000.0 58579.16629082376 840.0
222000.0 223000.0 166146.1458087957 0.0
223000.0 224000.0 56616.81973751055 840.0
224000.0 225000.0 176495.7347384261 0.0
225000.0 226000.0 59850.166767688184 840.0
226000.0 227000.0 182213.55888853956 0.0
227000.0 228000.0 67819.2979117298 840.0
228000.0 229000.0 195272.21081092587 0.0
229000.0 230000.0 22212.529865077326 840.0
230000.0 231000.0 200428.53040306427 0.0
231000.0 232000.0 55883.99007561347 840.0
232000.0 233000.0 182531.74759873116 0.0
233000.0 234000.0 115814.55125787608 840.0
234000.0 235000.0 155666.5187650459 0.0
235000.0 236000.0 57364.74686409887 840.0
236000.0 237000.0 189181.94174315114 0.0
237000.0 238000.0 43437.59023977713 840.0
238000.0 239000.0 180715.40155807056 0.0
239000.0 240000.0 71654.71034163273 840.0
240000.0 241000.0 200393.7920473224 0.0
241000.0 242000.0 54333.807804174765 840.0
242000.0 243000.0 141830.14361453895 0.0
243000.0 244000.0 105020.74759452272 0.0
244000.0 245000.0 53060.71265816813 288.0
245000.0 246000.0 71397.1115096202 288.0
246000.0 247000.0 91796.69135716197 0.0
247000.0 248000.0 19996.751047294365 288.0
248000.0 249000.0 81827.24895270563 0.0
249000.0 250000.0 21043.98909178309 480.0
250000.0 251000.0 129902.01090821691 0.0
251000.0 252000.0 24109.546331395453 480.0
252000.0 253000.0 138816.45366860455 0.0
253000.0 254000.0 25307.282488538367 480.0
254000.0 255000.0 132247.7175114616 0.0
255000.0 256000.0 12317.81760140303 0.0
256000.0 257000.0 134144.18239859698 480.0
257000.0 258000.0 20943.215287260187 480.0
258000.0 259000.0 181637.08125408815 480.0
259000.0 260000.0 125036.43680803619 480.0
260000.0 261000.0 151155.2666506155 0.0
261000.0 262000.0 0.0 0.0
262000.0 263000.0 2458.3346431201508 0.0
263000.0 264000.0 179797.63179938987 840.0
264000.0 265000.0 176032.68415451923 840.0
265000.0 266000.0 124476.97485164122 840.0
266000.0 267000.0 177762.09315062565 0.0
267000.0 268000.0 83783.77081750953 840.0
268000.0 269000.0 148575.77689512054 0.0
269000.0 270000.0 87173.05890281386 840.0
270000.0 271000.0 205743.61672732327 0.0
271000.0 272000.0 44008.79297826501 840.0
272000.0 273000.0 189260.8447076205 0.0
273000.0 274000.0 51333.524927204715 840.0
274000.0 275000.0 186411.30956792188 0.0
275000.0 276000.0 41428.0210887171 840.0
276000.0 277000.0 189542.89373201152 0.0
277000.0 278000.0 48204.48172260542 840.0
278000.0 279000.0 156947.657715486 0.0
279000.0 280000.0 93813.11468803251 840.0
280000.0 281000.0 185962.04883034417 0.0
281000.0 282000.0 64273.0526840039 840.0
282000.0 283000.0 210374.31269119744 0.0
283000.0 284000.0 40667.755862557686 840.0
284000.0 285000.0 201119.50226416945 0.0
285000.0 286000.0 60710.74459779932 840.0
286000.0 287000.0 177104.72634477742 0.0
287000.0 288000.0 84799.18238561109 840.0
288000.0 289000.0 182200.06146290543 0.0
289000.0 290000.0 46738.19758024249 840.0
290000.0 291000.0 181164.40883322156 0.0
291000.0 292000.0 89683.32659384828 840.0
292000.0 293000.0 188006.70468270543 0.0
293000.0 294000.0 32980.56276665001 840.0
294000.0 295000.0 164909.19797818654 0.0
295000.0 296000.0 74351.37951116088 840.0
296000.0 297000.0 195206.04993445612 0.0
297000.0 298000.0 69684.61266645364 840.0
298000.0 299000.0 190120.6222796351 0.0
299000.0 300000.0 40327.79234777869 0.0
300000.0 301000.0 65696.17463236739 0.0
