ts te s_bytes_all avg_video_rate
0.0 1000.0 0.0 0.0
1000.0 2000.0 0.0 0.0
2000.0 3000.0 0.0 0.0
3000.0 4000.0 0.0 0.0
4000.0 5000.0 0.0 0.0
5000.0 6000.0 18181.71991186868 288.0
6000.0 7000.0 135638.47804089432 288.0
7000.0 8000.0 156634.70286575973 288.0
8000.0 9000.0 195001.4447113584 288.0
9000.0 10000.0 161402.6656335948 288.0
10000.0 11000.0 179999.40252555025 288.0
11000.0 12000.0 215874.1296166617 288.0
12000.0 13000.0 128957.09128617674 288.0
13000.0 14000.0 3349.033072109412 0.0
14000.0 15000.0 178921.3492906365 840.0
15000.0 16000.0 101912.62378222376 0.0
16000.0 17000.0 168238.9752708258 840.0
17000.0 18000.0 40834.042318003165 0.0
18000.0 19000.0 170084.212332087 840.0
19000.0 20000.0 72081.53940891064 0.0
20000.0 21000.0 157432.22839843293 840.0
21000.0 22000.0 91235.68232616194 0.0
22000.0 23000.0 1495.679208744324 0.0
23000.0 24000.0 203.21823515118686 0.0
24000.0 25000.0 134488.5528173559 480.0
25000.0 26000.0 173115.0407475956 480.0
26000.0 27000.0 145351.2878096837 480.0
27000.0 28000.0 188205.18627216935 480.0
28000.0 29000.0 151116.71411804424 480.0
29000.0 30000.0 0.0 0.0
30000.0 31000.0 207598.0643585762 840.0
31000.0 32000.0 71440.01440952993 0.0
32000.0 33000.0 176803.36354027913 840.0
33000.0 34000.0 35251.00053429059 0.0
34000.0 35000.0 186040.95476044575 840.0
35000.0 36000.0 38094.155765811156 0.0
36000.0 37000.0 187324.06863411303 840.0
37000.0 38000.0 32601.161634546857 0.0
38000.0 39000.0 162042.13665300654 840.0
39000.0 40000.0 102307.3890337764 0.0
40000.0 41000.0 77.69067562441778 0.0
41000.0 42000.0 1976.3396414487972 0.0
42000.0 43000.0 203325.84370295898 840.0
43000.0 44000.0 47901.11390782964 0.0
44000.0 45000.0 90705.70274776257 288.0
45000.0 46000.0 2065.449347311227 0.0
46000.0 47000.0 128640.57686088256 288.0
47000.0 48000.0 116344.9870756876 0.0
48000.0 49000.0 103326.98671611863 288.0
49000.0 50000.0 2822.5360979249467 0.0
50000.0 51000.0 106808.46390207505 288.0
51000.0 52000.0 2864.335104274099 0.0
52000.0 53000.0 155200.27049592824 480.0
53000.0 54000.0 6663.574868838485 0.0
54000.0 55000.0 124720.81953095917 480.0
55000.0 56000.0 3019.141139110894 0.0
56000.0 57000.0 144275.46221665008 480.0
57000.0 58000.0 2911.018976627314 0.0
58000.0 59000.0 154515.08888375547 480.0
59000.0 60000.0 31052.10152154277 0.0
60000.0 61000.0 173412.83145225723 840.0
61000.0 62000.0 22724.355810056266 0.0
62000.0 63000.0 172248.4191831308 840.0
63000.0 64000.0 90532.81806595564 0.0
64000.0 65000.0 171831.05784707036 840.0
65000.0 66000.0 87361.87207506275 0.0
66000.0 67000.0 180995.44415760215 840.0
67000.0 68000.0 48813.58916906973 0.0
68000.0 69000.0 168245.17865594197 840.0
69000.0 70000.0 83523.37782302579 0.0
70000.0 71000.0 145792.2430231408 480.0
71000.0 72000.0 3194.5819560844384 0.0
72000.0 73000.0 150394.41804391556 480.0
73000.0 74000.0 2882.878920216521 0.0
74000.0 75000.0 149677.12107978348 480.0
75000.0 76000.0 3497.6619570128037 0.0
76000.0 77000.0 154803.33804298722 480.0
77000.0 78000.0 3062.9251387476916 0.0
78000.0 79000.0 144954.0748612523 480.0
79000.0 80000.0 0.0 0.0
80000.0 81000.0 145710.0 480.0
81000.0 82000.0 0.0 0.0
82000.0 83000.0 172723.20450275167 480.0
83000.0 84000.0 16632.939127730482 0.0
84000.0 85000.0 139454.85636951786 480.0
85000.0 86000.0 3284.797885585226 0.0
86000.0 87000.0 139535.20211441477 480.0
87000.0 88000.0 3570.2271160917744 0.0
88000.0 89000.0 161564.7728839082 480.0
89000.0 90000.0 0.0 0.0
90000.0 91000.0 135202.0 480.0
91000.0 92000.0 3660.1814667070157 0.0
92000.0 93000.0 159044.81853329297 480.0
93000.0 94000.0 0.0 0.0
94000.0 95000.0 152458.0 480.0
95000.0 96000.0 2869.871608544416 0.0
96000.0 97000.0 151613.85764860647 480.0
97000.0 98000.0 176035.23759435804 0.0
98000.0 99000.0 140395.03314849106 480.0
99000.0 100000.0 3007.6132555442578 0.0
100000.0 101000.0 156138.38674445573 480.0
101000.0 102000.0 2652.4680762437047 0.0
102000.0 103000.0 205185.97210936891 840.0
103000.0 104000.0 34693.5773182132 0.0
104000.0 105000.0 2510.956189437106 0.0
105000.0 106000.0 164567.26165076098 840.0
106000.0 107000.0 136013.76465597606 480.0
107000.0 108000.0 113856.30165005586 0.0
108000.0 109000.0 160153.69834994414 480.0
109000.0 110000.0 3861.163414533183 0.0
110000.0 111000.0 173003.83658546684 480.0
111000.0 112000.0 408.86192666522686 0.0
112000.0 113000.0 149573.13807333476 480.0
113000.0 114000.0 3386.422088494591 0.0
114000.0 115000.0 154732.57791150542 480.0
115000.0 116000.0 3392.6461778189428 0.0
116000.0 117000.0 150893.35382218106 480.0
117000.0 118000.0 0.0 0.0
118000.0 119000.0 147699.0 480.0
119000.0 120000.0 2917.0 0.0
120000.0 121000.0 157534.92475756613 480.0
121000.0 122000.0 4798.253685826894 0.0
122000.0 123000.0 111363.08143123456 480.0
123000.0 124000.0 102201.04659275693 0.0
124000.0 125000.0 110359.2265749929 480.0
125000.0 126000.0 71026.84810553791 0.0
126000.0 127000.0 162084.11078949057 480.0
127000.0 128000.0 9227.50806259412 0.0
128000.0 129000.0 161433.12619084836 480.0
129000.0 130000.0 3067.2590886295184 0.0
130000.0 131000.0 149481.6147205221 480.0
131000.0 132000.0 3924.5694689925213 0.0
132000.0 133000.0 170849.63251247525 480.0
133000.0 134000.0 109825.33848217015 0.0
134000.0 135000.0 156102.02087749605 480.0
135000.0 136000.0 6213.965093826344 0.0
136000.0 137000.0 172133.65657493222 840.0
137000.0 138000.0 76443.66204926273 0.0
138000.0 139000.0 193381.84172707592 840.0
139000.0 140000.0 52445.321909338294 0.0
140000.0 141000.0 181693.8923567388 840.0
141000.0 142000.0 52606.23989497767 0.0
142000.0 143000.0 203100.85039530226 840.0
143000.0 144000.0 33397.61736731224 0.0
144000.0 145000.0 208764.20332416674 840.0
145000.0 146000.0 27392.3577143699 0.0
146000.0 147000.0 192478.0387999199 840.0
147000.0 148000.0 75720.97761872759 0.0
148000.0 149000.0 190984.37864296802 840.0
149000.0 150000.0 40100.12352827404 0.0
150000.0 151000.0 601.3116616733151 0.0
151000.0 152000.0 2470.457156144983 0.0
152000.0 153000.0 200605.47426680697 840.0
153000.0 154000.0 139448.32029443106 288.0
154000.0 155000.0 106434.748282617 288.0
155000.0 156000.0 1533.474259529446 0.0
156000.0 157000.0 100578.33858230579 288.0
157000.0 158000.0 3836.9616770930697 0.0
158000.0 159000.0 156896.59862850234 480.0
159000.0 160000.0 37303.19728687022 0.0
160000.0 161000.0 142207.76180317785 480.0
161000.0 162000.0 5177.7599957830425 0.0
162000.0 163000.0 150304.90776673824 480.0
163000.0 164000.0 2183.193965704843 0.0
164000.0 165000.0 150670.26675708368 480.0
165000.0 166000.0 5253.147172859999 0.0
166000.0 167000.0 175888.85804557655 840.0
167000.0 168000.0 169920.6803525291 840.0
168000.0 169000.0 159579.4108619587 480.0
169000.0 170000.0 141166.8878678066 0.0
170000.0 171000.0 153689.55497648052 480.0
171000.0 172000.0 0.0 0.0
172000.0 173000.0 0.0 0.0
173000.0 174000.0 0.0 0.0
174000.0 175000.0 81442.10782297255 480.0
175000.0 176000.0 164162.91663213176 288.0
176000.0 177000.0 123117.97554489569 288.0
177000.0 178000.0 2308.7316499105727 0.0
178000.0 179000.0 103015.26835008943 288.0
179000.0 180000.0 3102.6416010067455 0.0
180000.0 181000.0 165334.4485745803 480.0
181000.0 182000.0 3667.59252284898 0.0
182000.0 183000.0 2709.317301563982 0.0
183000.0 184000.0 2784.3976116435465 0.0
184000.0 185000.0 133571.60238835646 480.0
185000.0 186000.0 2793.0268709559296 0.0
186000.0 187000.0 157241.97312904405 480.0
187000.0 188000.0 3329.483575208844 0.0
188000.0 189000.0 151035.51642479116 480.0
189000.0 190000.0 0.0 0.0
190000.0 191000.0 151343.0 480.0
191000.0 192000.0 5459.033245401848 0.0
192000.0 193000.0 125476.7373567678 480.0
193000.0 194000.0 36372.6196059497 0.0
194000.0 195000.0 188318.98830760363 480.0
195000.0 196000.0 116943.36871069117 0.0
196000.0 197000.0 156142.25277358585 480.0
197000.0 198000.0 2329.87915663199 0.0
198000.0 199000.0 146593.120843368 480.0
199000.0 200000.0 3017.4241202822564 0.0
200000.0 201000.0 177524.32809590874 840.0
201000.0 202000.0 74054.38435512337 0.0
202000.0 203000.0 183213.1545961118 840.0
203000.0 204000.0 9441.645355130844 0.0
204000.0 205000.0 204176.0918044974 840.0
205000.0 206000.0 25251.938204499533 0.0
206000.0 207000.0 174553.27868007947 840.0
207000.0 208000.0 69511.78991950073 0.0
208000.0 209000.0 211106.66600428117 840.0
209000.0 210000.0 14794.608309860312 0.0
210000.0 211000.0 182588.3140598852 840.0
211000.0 212000.0 68202.08450687303 0.0
212000.0 213000.0 187262.91153961085 840.0
213000.0 214000.0 72164.38044835522 0.0
214000.0 215000.0 148542.72575115933 480.0
215000.0 216000.0 22907.49163823181 0.0
216000.0 217000.0 191491.78378680185 480.0
217000.0 218000.0 117414.68976050886 0.0
218000.0 219000.0 147215.30906329816 480.0
219000.0 220000.0 2943.0883986093604 0.0
220000.0 221000.0 200504.68835243437 840.0
221000.0 222000.0 29997.999653400937 0.0
222000.0 223000.0 181862.4303847667 840.0
223000.0 224000.0 42490.6474439267 0.0
224000.0 225000.0 208258.39790705297 840.0
225000.0 226000.0 48590.57997890087 0.0
226000.0 227000.0 194085.63449795492 840.0
227000.0 228000.0 35854.66567079678 0.0
228000.0 229000.0 204743.7531168331 840.0
229000.0 230000.0 55105.90222769275 0.0
230000.0 231000.0 571.2123676305193 0.0
231000.0 232000.0 0.0 0.0
232000.0 233000.0 0.0 0.0
233000.0 234000.0 1516.3411428272839 0.0
234000.0 235000.0 1405.6588571727161 0.0
235000.0 236000.0 10086.002851829056 480.0
236000.0 237000.0 148077.9811398066 480.0
237000.0 238000.0 165347.25725178784 480.0
238000.0 239000.0 230986.95564229848 480.0
239000.0 240000.0 116389.14625016044 480.0
240000.0 241000.0 163534.5004727172 480.0
241000.0 242000.0 112524.66004729201 0.0
242000.0 243000.0 128964.87666096179 480.0
243000.0 244000.0 90727.27241432742 0.0
244000.0 245000.0 127318.6806709855 480.0
245000.0 246000.0 99473.16896388572 0.0
246000.0 247000.0 105663.7377095905 480.0
247000.0 248000.0 2679.368899580071 0.0
248000.0 249000.0 142987.26715919256 480.0
249000.0 250000.0 13509.158682770785 0.0
250000.0 251000.0 153279.50813689933 840.0
251000.0 252000.0 82193.2502522988 0.0
252000.0 253000.0 150157.98982611223 840.0
253000.0 254000.0 142232.11802897858 0.0
254000.0 255000.0 181637.9628135446 840.0
255000.0 256000.0 66166.91387334038 0.0
256000.0 257000.0 186692.54208092345 840.0
257000.0 258000.0 32081.69313543263 0.0
258000.0 259000.0 146565.1525617014 840.0
259000.0 260000.0 100454.2025001748 0.0
260000.0 261000.0 152644.89063320786 480.0
261000.0 262000.0 162801.25675542356 480.0
262000.0 263000.0 140140.22031138616 480.0
263000.0 264000.0 61605.37106219484 0.0
264000.0 265000.0 151627.63895639798 840.0
265000.0 266000.0 41213.9762653314 0.0
266000.0 267000.0 207041.32906277332 840.0
267000.0 268000.0 32896.94999157391 0.0
268000.0 269000.0 931.9989351187442 0.0
269000.0 270000.0 2516.61562403329 0.0
270000.0 271000.0 184312.5564251973 840.0
271000.0 272000.0 15377.327426848653 0.0
272000.0 273000.0 217013.6521895301 840.0
273000.0 274000.0 137425.93946934416 480.0
274000.0 275000.0 150185.92544764915 480.0
275000.0 276000.0 28869.800843501376 0.0
276000.0 277000.0 139034.16243240936 480.0
277000.0 278000.0 11138.40407557675 0.0
278000.0 279000.0 164672.91828739262 840.0
279000.0 280000.0 79541.86801497077 0.0
280000.0 281000.0 182612.23214978326 840.0
281000.0 282000.0 55375.76940707246 0.0
282000.0 283000.0 1842.8282066907996 0.0
283000.0 284000.0 2465.4229419823137 0.0
284000.0 285000.0 197317.05419073647 840.0
285000.0 286000.0 51665.38093624443 0.0
286000.0 287000.0 132172.42350870598 288.0
287000.0 288000.0 133356.98178090743 0.0
288000.0 289000.0 76486.73664142337 288.0
289000.0 290000.0 2675.9249771388436 0.0
290000.0 291000.0 109239.07502286116 288.0
291000.0 292000.0 2717.1705110766698 0.0
292000.0 293000.0 140204.82948892334 480.0
293000.0 294000.0 1884.8293832154106 0.0
294000.0 295000.0 140423.89957391677 480.0
295000.0 296000.0 10387.246709139861 0.0
296000.0 297000.0 142879.4327832032 480.0
297000.0 298000.0 8147.30366429683 0.0
298000.0 299000.0 146300.12471539795 480.0
299000.0 300000.0 7048.16696637101 0.0
300000.0 301000.0 33367.996204458985 0.0
