ts te s_bytes_all avg_video_rate
0.0 1000.0 0.0 0.0
1000.0 2000.0 0.0 0.0
2000.0 3000.0 0.0 0.0
3000.0 4000.0 0.0 0.0
4000.0 5000.0 0.0 0.0
5000.0 6000.0 0.0 0.0
6000.0 7000.0 53832.71140380925 288.0
7000.0 8000.0 128347.78055456783 288.0
8000.0 9000.0 114168.44475487128 288.0
9000.0 10000.0 139430.47151234697 288.0
10000.0 11000.0 145809.35365732832 288.0
11000.0 12000.0 95815.0118980575 288.0
12000.0 13000.0 161434.75955280755 288.0
13000.0 14000.0 119765.23071008174 288.0
14000.0 15000.0 24981.122389421664 0.0
15000.0 16000.0 53888.54564127541 480.0
16000.0 17000.0 88547.2467667457 0.0
17000.0 18000.0 104689.3211586868 480.0
18000.0 19000.0 13443.470325946377 480.0
19000.0 20000.0 106824.52967405363 0.0
20000.0 21000.0 17829.531976001912 480.0
21000.0 22000.0 107169.4680239981 0.0
22000.0 23000.0 11087.609538120392 0.0
23000.0 24000.0 110592.39046187961 480.0
24000.0 25000.0 14149.046149548425 480.0
25000.0 26000.0 135655.9538504516 0.0
26000.0 27000.0 25006.8731054128 840.0
27000.0 28000.0 165863.59677793263 0.0
28000.0 29000.0 22342.441986458714 840.0
29000.0 30000.0 186897.17243021983 0.0
30000.0 31000.0 39790.1526796818 840.0
31000.0 32000.0 200296.6579353601 0.0
32000.0 33000.0 23719.2298987633 840.0
33000.0 34000.0 185753.90928445535 0.0
34000.0 35000.0 59290.50755567933 840.0
35000.0 36000.0 189588.34408077618 0.0
36000.0 37000.0 3631.1142652599324 0.0
37000.0 38000.0 97978.45937540618 840.0
38000.0 39000.0 135794.66938618638 0.0
39000.0 40000.0 12861.871238407424 0.0
40000.0 41000.0 15733.45588945763 840.0
41000.0 42000.0 165297.6752841377 0.0
42000.0 43000.0 99547.86882640468 288.0
43000.0 44000.0 93915.0 0.0
44000.0 45000.0 26979.099305935055 288.0
45000.0 46000.0 54409.90069406495 0.0
46000.0 47000.0 17483.215012246183 480.0
47000.0 48000.0 143587.10204828184 0.0
48000.0 49000.0 6864.889141980906 480.0
49000.0 50000.0 153122.1342372867 0.0
50000.0 51000.0 7917.1154946779725 480.0
51000.0 52000.0 144927.54406552637 0.0
52000.0 53000.0 17060.93291099767 480.0
53000.0 54000.0 176058.7229764274 480.0
54000.0 55000.0 129136.85361921269 840.0
55000.0 56000.0 157284.24650896704 0.0
56000.0 57000.0 87656.21685187361 0.0
57000.0 58000.0 170089.63206834346 840.0
58000.0 59000.0 80583.32790181377 840.0
59000.0 60000.0 156632.81484693836 0.0
60000.0 61000.0 81851.12865498695 840.0
61000.0 62000.0 177721.45074676367 0.0
62000.0 63000.0 7847.672913675338 0.0
63000.0 64000.0 162517.23088288045 840.0
64000.0 65000.0 128209.0689028167 840.0
65000.0 66000.0 183715.19722880566 0.0
66000.0 67000.0 78686.52913504244 0.0
67000.0 68000.0 157355.97385045476 840.0
68000.0 69000.0 59148.38249243946 840.0
69000.0 70000.0 199372.80366572237 0.0
70000.0 71000.0 47076.72132852124 840.0
71000.0 72000.0 123068.99403171189 0.0
72000.0 73000.0 112111.59903046649 840.0
73000.0 74000.0 193279.78308805425 0.0
74000.0 75000.0 68519.46477662052 840.0
75000.0 76000.0 135467.48635403256 0.0
76000.0 77000.0 54191.909408650834 840.0
77000.0 78000.0 164634.70316463703 0.0
78000.0 79000.0 46938.15265914336 0.0
79000.0 80000.0 144282.84978786085 840.0
80000.0 81000.0 113322.23128708854 840.0
81000.0 82000.0 174206.08558866568 0.0
82000.0 83000.0 49971.100815293015 840.0
83000.0 84000.0 183107.82049685475 0.0
84000.0 85000.0 55005.558892160865 840.0
85000.0 86000.0 163635.34477387447 0.0
86000.0 87000.0 33438.62415321289 840.0
87000.0 88000.0 169497.39574879603 0.0
88000.0 89000.0 79651.59746146749 840.0
89000.0 90000.0 160743.8795581566 0.0
90000.0 91000.0 85006.15901596032 840.0
91000.0 92000.0 176710.84852252447 0.0
92000.0 93000.0 46928.085887034125 840.0
93000.0 94000.0 187979.43009738863 0.0
94000.0 95000.0 62356.60203650872 840.0
95000.0 96000.0 182906.63621744403 0.0
96000.0 97000.0 53088.932454469905 840.0
97000.0 98000.0 187095.4628443618 0.0
98000.0 99000.0 23830.35436087684 0.0
99000.0 100000.0 0.0 0.0
100000.0 101000.0 19505.678795176987 840.0
101000.0 102000.0 239568.27211259247 0.0
102000.0 103000.0 153627.24149542552 480.0
103000.0 104000.0 152765.167316553 480.0
104000.0 105000.0 162379.84922023356 480.0
105000.0 106000.0 162848.56292309362 480.0
106000.0 107000.0 17744.274579703466 0.0
107000.0 108000.0 202722.4448195809 840.0
108000.0 109000.0 61801.97261256785 840.0
109000.0 110000.0 167631.35756785452 0.0
110000.0 111000.0 77938.19059501785 840.0
111000.0 112000.0 180926.92023435302 0.0
112000.0 113000.0 63049.06772784719 0.0
113000.0 114000.0 146499.97125747585 840.0
114000.0 115000.0 104393.98356658315 840.0
115000.0 116000.0 168215.82083863782 0.0
116000.0 117000.0 70944.69043448623 840.0
117000.0 118000.0 168085.0573537742 0.0
118000.0 119000.0 64058.01802215181 840.0
119000.0 120000.0 154913.350316231 0.0
120000.0 121000.0 96042.04373320926 840.0
121000.0 122000.0 132913.0094126068 0.0
122000.0 123000.0 78479.05506484395 0.0
123000.0 124000.0 141064.38046516353 840.0
124000.0 125000.0 126475.31735799991 840.0
125000.0 126000.0 157660.88442920145 0.0
126000.0 127000.0 115777.06063867734 840.0
127000.0 128000.0 145460.6691204872 0.0
128000.0 129000.0 54926.386444905125 840.0
129000.0 130000.0 164673.82900558313 0.0
130000.0 131000.0 93188.04011682706 840.0
131000.0 132000.0 162243.6835829034 0.0
132000.0 133000.0 55931.08543196596 840.0
133000.0 134000.0 176606.43708973558 0.0
134000.0 135000.0 76102.53131827584 840.0
135000.0 136000.0 187717.2941793184 0.0
136000.0 137000.0 58965.04153160944 840.0
137000.0 138000.0 202647.90927482067 0.0
138000.0 139000.0 59697.45001252589 840.0
139000.0 140000.0 163168.88536354108 0.0
140000.0 141000.0 113790.23591119821 840.0
141000.0 142000.0 179826.86777465232 0.0
142000.0 143000.0 71812.28913541608 840.0
143000.0 144000.0 152338.7468310575 0.0
144000.0 145000.0 77434.37270552827 840.0
145000.0 146000.0 166383.73815597902 0.0
146000.0 147000.0 83256.62106789077 840.0
147000.0 148000.0 196388.3990823205 0.0
148000.0 149000.0 89893.09814199136 840.0
149000.0 150000.0 197314.61677923956 0.0
150000.0 151000.0 230517.46972145807 840.0
151000.0 152000.0 149172.0232734565 840.0
152000.0 153000.0 197630.58171877966 0.0
153000.0 154000.0 160811.63428348766 840.0
154000.0 155000.0 80508.21105043494 840.0
155000.0 156000.0 184185.6191879714 0.0
156000.0 157000.0 128748.1035234145 840.0
157000.0 158000.0 155317.5620057486 0.0
158000.0 159000.0 70229.73838370605 840.0
159000.0 160000.0 134758.73698946845 0.0
160000.0 161000.0 68792.50911900013 840.0
161000.0 162000.0 176081.982217633 0.0
162000.0 163000.0 34251.37395990837 840.0
163000.0 164000.0 149710.69554402228 0.0
164000.0 165000.0 97711.78031191356 840.0
165000.0 166000.0 169683.22942605594 0.0
166000.0 167000.0 74706.41035159052 840.0
167000.0 168000.0 190779.9753660545 0.0
168000.0 169000.0 62349.27755825135 840.0
169000.0 170000.0 152140.69689530326 0.0
170000.0 171000.0 81918.90658082883 840.0
171000.0 172000.0 164797.9645245716 0.0
172000.0 173000.0 75238.43981534604 840.0
173000.0 174000.0 157537.90918242783 0.0
174000.0 175000.0 59956.74993652332 840.0
175000.0 176000.0 172955.92024161946 0.0
176000.0 177000.0 55553.53249076626 840.0
177000.0 178000.0 170837.04280144456 0.0
178000.0 179000.0 44303.04694837176 840.0
179000.0 180000.0 206432.56894755788 0.0
180000.0 181000.0 60323.37708979413 840.0
181000.0 182000.0 168763.14847293732 0.0
182000.0 183000.0 58595.079061287215 840.0
183000.0 184000.0 181186.58025011665 0.0
184000.0 185000.0 57631.19451956535 840.0
185000.0 186000.0 237887.6615230654 0.0
186000.0 187000.0 53422.18763048796 840.0
187000.0 188000.0 178035.65524060625 0.0
188000.0 189000.0 69775.26529084484 840.0
189000.0 190000.0 160807.24859382675 0.0
190000.0 191000.0 78571.73860588146 840.0
191000.0 192000.0 169849.74937001054 0.0
192000.0 193000.0 68476.8966710918 840.0
193000.0 194000.0 166432.44435059375 0.0
194000.0 195000.0 69060.21002395973 0.0
195000.0 196000.0 184026.09397740653 840.0
196000.0 197000.0 64690.83955254297 840.0
197000.0 198000.0 154727.27737906 0.0
198000.0 199000.0 196919.4111959407 840.0
199000.0 200000.0 162914.5307551348 0.0
200000.0 201000.0 233240.42595447466 840.0
201000.0 202000.0 176952.24908819076 840.0
202000.0 203000.0 137872.06020755068 0.0
203000.0 204000.0 168365.25191467538 840.0
204000.0 205000.0 98488.45027624966 840.0
205000.0 206000.0 138653.84440822323 0.0
206000.0 207000.0 108261.19742858033 840.0
207000.0 208000.0 122695.37819120701 0.0
208000.0 209000.0 93381.16502209716 840.0
209000.0 210000.0 167533.28465600414 0.0
210000.0 211000.0 38620.53999266204 0.0
211000.0 212000.0 166979.09807699706 840.0
212000.0 213000.0 89999.29083556228 840.0
213000.0 214000.0 173358.61108744066 0.0
214000.0 215000.0 54149.11798649918 840.0
215000.0 216000.0 173372.3331471604 0.0
216000.0 217000.0 70914.27583643222 840.0
217000.0 218000.0 183973.11642680352 0.0
218000.0 219000.0 52732.36412781166 840.0
219000.0 220000.0 176789.2463051838 0.0
220000.0 221000.0 48009.19569225586 840.0
221000.0 222000.0 171904.58641022551 0.0
222000.0 223000.0 59233.67546525104 840.0
223000.0 224000.0 197679.310540492 0.0
224000.0 225000.0 37910.255953814194 840.0
225000.0 226000.0 152965.36375402735 0.0
226000.0 227000.0 93816.7201253032 840.0
227000.0 228000.0 184648.798229102 0.0
228000.0 229000.0 30850.31229952297 0.0
229000.0 230000.0 196755.9783702639 840.0
230000.0 231000.0 70988.78177522782 840.0
231000.0 232000.0 177829.6951205783 0.0
232000.0 233000.0 60384.95884646549 840.0
233000.0 234000.0 187716.61603387707 0.0
234000.0 235000.0 62285.616960225954 840.0
235000.0 236000.0 162370.45701392792 0.0
236000.0 237000.0 77986.05624394615 840.0
237000.0 238000.0 178216.24701896094 0.0
238000.0 239000.0 63708.05758650309 840.0
239000.0 240000.0 166714.8984081518 0.0
240000.0 241000.0 67299.59121272284 840.0
241000.0 242000.0 196462.27355731017 0.0
242000.0 243000.0 45253.099551953645 0.0
243000.0 244000.0 51660.85061070432 840.0
244000.0 245000.0 201117.66404454593 0.0
245000.0 246000.0 122202.40563469523 840.0
246000.0 247000.0 187810.95228284594 480.0
247000.0 248000.0 181867.47587988313 480.0
248000.0 249000.0 63504.65154732543 0.0
249000.0 250000.0 0.0 0.0
250000.0 251000.0 19155.385001566858 840.0
251000.0 252000.0 185981.9061920908 0.0
252000.0 253000.0 145559.73744007183 840.0
253000.0 254000.0 143414.97136627056 840.0
254000.0 255000.0 173193.11783701976 0.0
255000.0 256000.0 192430.42168072914 840.0
256000.0 257000.0 74282.82196145176 0.0
257000.0 258000.0 7317.638520799312 0.0
258000.0 259000.0 1585.7860321154174 0.0
259000.0 260000.0 1331.2139678845826 0.0
260000.0 261000.0 1278.2367344104819 0.0
261000.0 262000.0 1638.7632655895184 0.0
262000.0 263000.0 111648.71613244407 288.0
263000.0 264000.0 164890.62442471163 288.0
264000.0 265000.0 116744.30854381135 288.0
265000.0 266000.0 156959.54627974448 288.0
266000.0 267000.0 45558.31703589241 288.0
267000.0 268000.0 87199.4875833961 0.0
268000.0 269000.0 24842.687393146683 840.0
269000.0 270000.0 168389.89040419643 0.0
270000.0 271000.0 45277.22825376722 840.0
271000.0 272000.0 171098.14323530058 0.0
272000.0 273000.0 59886.114714991985 0.0
273000.0 274000.0 198438.5396319582 840.0
274000.0 275000.0 20969.37413974652 840.0
275000.0 276000.0 177292.80794009674 0.0
276000.0 277000.0 72365.21428679563 0.0
277000.0 278000.0 162161.99879042245 840.0
278000.0 279000.0 75871.40349081728 840.0
279000.0 280000.0 202794.33254886483 0.0
280000.0 281000.0 33491.265169895465 0.0
281000.0 282000.0 198693.90411836843 840.0
282000.0 283000.0 87916.47988274839 840.0
283000.0 284000.0 178804.63588930859 0.0
284000.0 285000.0 36634.419683642845 840.0
285000.0 286000.0 192144.68301764037 0.0
286000.0 287000.0 41056.03799023968 840.0
287000.0 288000.0 141781.0287447996 0.0
288000.0 289000.0 136598.97667307302 840.0
289000.0 290000.0 128033.83400017902 0.0
290000.0 291000.0 13278.113717515096 840.0
291000.0 292000.0 180232.29141060472 0.0
292000.0 293000.0 182791.53637395616 840.0
293000.0 294000.0 156560.96728674587 840.0
294000.0 295000.0 67020.09121117815 0.0
295000.0 296000.0 151192.02296234213 840.0
296000.0 297000.0 70535.83825503402 840.0
297000.0 298000.0 186087.40036151928 0.0
298000.0 299000.0 40499.09159993542 840.0
299000.0 300000.0 158734.72164179754 0.0
