ts te s_bytes_all avg_video_rate
0.0 1000.0 0.0 0.0
1000.0 2000.0 0.0 0.0
2000.0 3000.0 0.0 0.0
3000.0 4000.0 0.0 0.0
4000.0 5000.0 0.0 0.0
5000.0 6000.0 38730.706055143186 288.0
6000.0 7000.0 95392.25191321195 288.0
7000.0 8000.0 202846.26955987044 288.0
8000.0 9000.0 138431.94224149594 288.0
9000.0 10000.0 147968.17393474895 288.0
10000.0 11000.0 108819.59521042931 288.0
11000.0 12000.0 148060.6478752404 288.0
12000.0 13000.0 169942.51687709877 288.0
13000.0 14000.0 79101.82167248799 0.0
14000.0 15000.0 26296.310054243415 480.0
15000.0 16000.0 161083.40418067455 0.0
16000.0 17000.0 101291.07111195147 480.0
17000.0 18000.0 43567.866955270656 0.0
18000.0 19000.0 145359.42235813296 480.0
19000.0 20000.0 8600.74044092106 0.0
20000.0 21000.0 148883.64017566806 480.0
21000.0 22000.0 3219.6193834108853 480.0
22000.0 23000.0 151011.0 480.0
23000.0 24000.0 3721.6577813331605 480.0
24000.0 25000.0 151858.34221866686 0.0
25000.0 26000.0 10278.597625913677 480.0
26000.0 27000.0 148795.40237408632 0.0
27000.0 28000.0 9998.936822019761 480.0
28000.0 29000.0 146720.9271516874 0.0
29000.0 30000.0 4129.845684901304 480.0
30000.0 31000.0 149531.44578579924 0.0
31000.0 32000.0 14327.814891850867 480.0
32000.0 33000.0 144328.0296637414 0.0
33000.0 34000.0 12401.807562757316 480.0
34000.0 35000.0 140298.3999484654 0.0
35000.0 36000.0 3879.0932546071103 480.0
36000.0 37000.0 170853.69923417017 0.0
37000.0 38000.0 5480.2259994689275 0.0
38000.0 39000.0 162.77400053107309 0.0
39000.0 40000.0 10470.689738472061 0.0
40000.0 41000.0 148263.57557016262 288.0
41000.0 42000.0 87376.79199143054 288.0
42000.0 43000.0 72714.9426999348 0.0
43000.0 44000.0 10374.991998857624 288.0
44000.0 45000.0 91702.00800114239 0.0
45000.0 46000.0 10385.842828866298 0.0
46000.0 47000.0 97517.1571711337 288.0
47000.0 48000.0 12728.916789516752 288.0
48000.0 49000.0 87701.08321048325 0.0
49000.0 50000.0 10195.014911955264 0.0
50000.0 51000.0 91038.98508804473 288.0
51000.0 52000.0 9945.17552762569 0.0
52000.0 53000.0 91769.82447237431 288.0
53000.0 54000.0 11178.43436509544 288.0
54000.0 55000.0 89941.56563490455 0.0
55000.0 56000.0 10481.661080337224 288.0
56000.0 57000.0 93873.35209606875 0.0
57000.0 58000.0 14612.172011917502 288.0
58000.0 59000.0 144545.14339549656 288.0
59000.0 60000.0 39572.27959236262 0.0
60000.0 61000.0 438.3918238173483 0.0
61000.0 62000.0 9429.483998929129 0.0
62000.0 63000.0 144631.29494509523 288.0
63000.0 64000.0 48683.18766239725 288.0
64000.0 65000.0 98178.35545892306 0.0
65000.0 66000.0 2804.2200366486377 0.0
66000.0 67000.0 1625.4578980066944 0.0
67000.0 68000.0 11297.833760981379 288.0
68000.0 69000.0 96138.16623901861 0.0
69000.0 70000.0 11517.662667493942 288.0
70000.0 71000.0 97297.33733250605 0.0
71000.0 72000.0 4492.258402317583 0.0
72000.0 73000.0 46049.71624421318 288.0
73000.0 74000.0 64856.37849306933 288.0
74000.0 75000.0 134099.26231541554 288.0
75000.0 76000.0 67169.15319907693 0.0
76000.0 77000.0 95338.2313459074 288.0
77000.0 78000.0 1650.4146835713254 0.0
78000.0 79000.0 101353.58531642868 288.0
79000.0 80000.0 10058.18939304699 0.0
80000.0 81000.0 90169.81060695302 288.0
81000.0 82000.0 8834.689795112721 288.0
82000.0 83000.0 95428.31020488728 288.0
83000.0 84000.0 9500.139639095252 288.0
84000.0 85000.0 91881.86036090474 0.0
85000.0 86000.0 12085.821057183597 288.0
86000.0 87000.0 87988.1789428164 0.0
87000.0 88000.0 10209.987434186205 288.0
88000.0 89000.0 92487.0125658138 0.0
89000.0 90000.0 13716.388772858865 288.0
90000.0 91000.0 100590.50962936695 0.0
91000.0 92000.0 15312.471908320576 288.0
92000.0 93000.0 90120.6296894536 0.0
93000.0 94000.0 10842.102293015327 288.0
94000.0 95000.0 90755.89770698467 0.0
95000.0 96000.0 15757.920149061774 288.0
96000.0 97000.0 164491.28430678922 288.0
97000.0 98000.0 42568.02369276902 288.0
98000.0 99000.0 100263.77185137996 0.0
99000.0 100000.0 1483.5509458784597 0.0
100000.0 101000.0 1431.44905412154 0.0
101000.0 102000.0 5555.00649637164 288.0
102000.0 103000.0 141155.04513297195 288.0
103000.0 104000.0 60883.94837065641 0.0
104000.0 105000.0 103874.0 288.0
105000.0 106000.0 6744.083191778484 288.0
106000.0 107000.0 95644.91680822152 0.0
107000.0 108000.0 1541.331594122287 0.0
108000.0 109000.0 1378.668405877713 0.0
109000.0 110000.0 13620.604148074666 480.0
110000.0 111000.0 150859.08815450707 480.0
111000.0 112000.0 126685.55666255357 480.0
112000.0 113000.0 161931.42526575018 0.0
113000.0 114000.0 20968.209074801638 480.0
114000.0 115000.0 108090.8148219784 0.0
115000.0 116000.0 35038.88056722141 480.0
116000.0 117000.0 125671.79728653113 0.0
117000.0 118000.0 27555.277402296688 480.0
118000.0 119000.0 135366.16799564086 0.0
119000.0 120000.0 21887.25158026545 480.0
120000.0 121000.0 85049.10737515157 0.0
121000.0 122000.0 61690.87042311609 0.0
122000.0 123000.0 1733.9492421113196 0.0
123000.0 124000.0 10181.881047898818 0.0
124000.0 125000.0 105896.56968138147 480.0
125000.0 126000.0 40448.137690997835 0.0
126000.0 127000.0 111488.36121751484 480.0
127000.0 128000.0 158754.91679988295 0.0
128000.0 129000.0 149605.92320997268 480.0
129000.0 130000.0 54758.83371884278 0.0
130000.0 131000.0 140793.65606552165 480.0
131000.0 132000.0 22765.488392895888 480.0
132000.0 133000.0 116649.30380199398 0.0
133000.0 134000.0 30219.60685105582 480.0
134000.0 135000.0 119480.90138946561 0.0
135000.0 136000.0 36077.64487669089 480.0
136000.0 137000.0 137731.7752558848 0.0
137000.0 138000.0 6608.691427500587 480.0
138000.0 139000.0 155645.77984917766 0.0
139000.0 140000.0 15647.294833406002 480.0
140000.0 141000.0 154103.27551221917 0.0
141000.0 142000.0 21580.950645624012 480.0
142000.0 143000.0 114215.41088301722 0.0
143000.0 144000.0 35305.172849805196 480.0
144000.0 145000.0 156709.3823095208 480.0
145000.0 146000.0 147594.2002950201 0.0
146000.0 147000.0 1739.841394709273 0.0
147000.0 148000.0 15024.061269297334 480.0
148000.0 149000.0 167819.5331930916 480.0
149000.0 150000.0 126751.57660432323 480.0
150000.0 151000.0 138081.77826097826 0.0
151000.0 152000.0 34741.06767938519 480.0
152000.0 153000.0 156632.7145845372 480.0
153000.0 154000.0 29139.484452760655 480.0
154000.0 155000.0 130493.7839556266 0.0
155000.0 156000.0 324.97424769051344 0.0
156000.0 157000.0 2589.0257523094865 0.0
157000.0 158000.0 14343.79528425521 480.0
158000.0 159000.0 121227.37552108336 0.0
159000.0 160000.0 39007.2820704468 480.0
160000.0 161000.0 151834.1178445177 0.0
161000.0 162000.0 16878.092095506265 480.0
162000.0 163000.0 102059.97349824142 0.0
163000.0 164000.0 51126.62633689923 480.0
164000.0 165000.0 125271.00837945472 0.0
165000.0 166000.0 15059.050755532813 480.0
166000.0 167000.0 151544.32916808105 0.0
167000.0 168000.0 2885.3490459814334 0.0
168000.0 169000.0 155182.7195776588 480.0
169000.0 170000.0 7094.280422341184 480.0
170000.0 171000.0 165942.44248231416 0.0
171000.0 172000.0 19901.69045037955 480.0
172000.0 173000.0 156126.35376668224 480.0
173000.0 174000.0 158629.6551085836 480.0
174000.0 175000.0 120001.8919708568 0.0
175000.0 176000.0 29362.862624908455 480.0
176000.0 177000.0 138044.3107999804 0.0
177000.0 178000.0 21032.60433379548 480.0
178000.0 179000.0 132117.86910731785 0.0
179000.0 180000.0 27938.079981335693 480.0
180000.0 181000.0 112226.80975806752 0.0
181000.0 182000.0 38100.06658991688 480.0
182000.0 183000.0 120858.8435272553 0.0
183000.0 184000.0 36782.51900124147 480.0
184000.0 185000.0 114223.79291007335 0.0
185000.0 186000.0 32345.58401486164 480.0
186000.0 187000.0 128664.98860209816 0.0
187000.0 188000.0 39434.81131831618 480.0
188000.0 189000.0 159896.88914841044 0.0
189000.0 190000.0 25265.646927878806 480.0
190000.0 191000.0 129422.84389240513 0.0
191000.0 192000.0 29939.525237473194 480.0
192000.0 193000.0 107723.27701130086 0.0
193000.0 194000.0 38135.55043923946 480.0
194000.0 195000.0 113198.91139978681 0.0
195000.0 196000.0 195108.16353022767 480.0
196000.0 197000.0 151208.28910433152 480.0
197000.0 198000.0 18548.075256661905 480.0
198000.0 199000.0 137586.7500337348 0.0
199000.0 200000.0 9628.901670564703 480.0
200000.0 201000.0 145792.5007817493 0.0
201000.0 202000.0 4838.731732281145 480.0
202000.0 203000.0 133901.14700789205 0.0
203000.0 204000.0 33063.65524102281 480.0
204000.0 205000.0 122355.33584929601 0.0
205000.0 206000.0 31418.969524579814 480.0
206000.0 207000.0 141345.4601902747 480.0
207000.0 208000.0 27693.20800180144 480.0
208000.0 209000.0 122988.36973942428 0.0
209000.0 210000.0 24175.095693131712 480.0
210000.0 211000.0 128403.22492772352 0.0
211000.0 212000.0 20130.65985686229 480.0
212000.0 213000.0 127209.80017587425 0.0
213000.0 214000.0 8145.033870013913 0.0
214000.0 215000.0 2001.8074080727858 0.0
215000.0 216000.0 16513.452870534835 480.0
216000.0 217000.0 140660.00736371026 480.0
217000.0 218000.0 21151.746252547244 480.0
218000.0 219000.0 123376.55747700512 0.0
219000.0 220000.0 18774.649412538547 480.0
220000.0 221000.0 181277.40022427635 480.0
221000.0 222000.0 108058.87879434906 0.0
222000.0 223000.0 132348.08433190893 480.0
223000.0 224000.0 32823.24752307958 480.0
224000.0 225000.0 133229.6034279624 0.0
225000.0 226000.0 18214.48225173869 480.0
226000.0 227000.0 153359.48858766272 0.0
227000.0 228000.0 12179.57668321376 480.0
228000.0 229000.0 97180.5942592608 0.0
229000.0 230000.0 59521.32788680958 480.0
230000.0 231000.0 142231.47597001994 0.0
231000.0 232000.0 13765.550988604351 0.0
232000.0 233000.0 111179.17286266178 480.0
233000.0 234000.0 44833.08004577106 480.0
234000.0 235000.0 134485.25329277338 0.0
235000.0 236000.0 3026.7145878431934 480.0
236000.0 237000.0 149819.65490572847 0.0
237000.0 238000.0 0.0 0.0
238000.0 239000.0 135569.43354151864 480.0
239000.0 240000.0 15902.566458481353 480.0
240000.0 241000.0 153317.56665490774 0.0
241000.0 242000.0 147196.9779439974 480.0
242000.0 243000.0 21699.455401094852 0.0
243000.0 244000.0 14973.651150883661 480.0
244000.0 245000.0 126230.40006009488 0.0
245000.0 246000.0 43000.739448511755 480.0
246000.0 247000.0 140393.86985785468 0.0
247000.0 248000.0 24362.773129910856 480.0
248000.0 249000.0 131822.56635274418 0.0
249000.0 250000.0 12293.249259510749 0.0
250000.0 251000.0 138983.69070147685 480.0
251000.0 252000.0 16507.258441455353 480.0
252000.0 253000.0 134950.1463137222 0.0
253000.0 254000.0 8406.655283834863 480.0
254000.0 255000.0 121538.4086732661 0.0
255000.0 256000.0 73504.47801354661 480.0
256000.0 257000.0 129268.11331318729 0.0
257000.0 258000.0 12008.353470081349 0.0
258000.0 259000.0 107133.61196840904 480.0
259000.0 260000.0 27025.483610043826 480.0
260000.0 261000.0 119983.55095146578 0.0
261000.0 262000.0 6271.147501677295 480.0
262000.0 263000.0 127584.24156075876 0.0
263000.0 264000.0 14612.713285836086 480.0
264000.0 265000.0 141242.3885720093 0.0
265000.0 266000.0 18226.222126915127 0.0
266000.0 267000.0 107606.20335433328 480.0
267000.0 268000.0 22123.998774042142 0.0
268000.0 269000.0 143529.21256527948 480.0
269000.0 270000.0 109052.04872706524 480.0
270000.0 271000.0 154161.8235320833 0.0
271000.0 272000.0 12252.353136793601 480.0
272000.0 273000.0 102858.6468632064 0.0
273000.0 274000.0 12681.119901922433 480.0
274000.0 275000.0 103901.88009807757 0.0
275000.0 276000.0 10768.454006192336 480.0
276000.0 277000.0 97091.19235950781 0.0
277000.0 278000.0 21022.08904994125 480.0
278000.0 279000.0 111035.26458435859 0.0
279000.0 280000.0 3345.8609496436084 480.0
280000.0 281000.0 143660.0938254386 0.0
281000.0 282000.0 23573.120044812953 480.0
282000.0 283000.0 107167.72508141636 0.0
283000.0 284000.0 22167.160695189377 480.0
284000.0 285000.0 106846.46423240536 0.0
285000.0 286000.0 8635.485101721444 0.0
286000.0 287000.0 2188.0900693722965 0.0
287000.0 288000.0 12383.080512781346 0.0
288000.0 289000.0 104692.99333291152 480.0
289000.0 290000.0 106664.93420154646 480.0
290000.0 291000.0 131773.99195276067 0.0
291000.0 292000.0 4498.287232668204 480.0
292000.0 293000.0 126461.11479438498 0.0
293000.0 294000.0 12794.153762713418 480.0
294000.0 295000.0 121007.44421023339 0.0
295000.0 296000.0 11752.621114636027 0.0
296000.0 297000.0 102329.37888536397 480.0
297000.0 298000.0 12681.442560274614 480.0
298000.0 299000.0 99714.55743972538 0.0
299000.0 300000.0 4688.3505463029505 0.0
300000.0 301000.0 18888.64945369705 0.0
