ts te s_bytes_all avg_video_rate
0.0 1000.0 0.0 0.0
1000.0 2000.0 0.0 0.0
2000.0 3000.0 0.0 0.0
3000.0 4000.0 0.0 0.0
4000.0 5000.0 0.0 0.0
5000.0 6000.0 0.0 0.0
6000.0 7000.0 0.0 0.0
7000.0 8000.0 0.0 0.0
8000.0 9000.0 0.0 0.0
9000.0 10000.0 0.0 0.0
10000.0 11000.0 0.0 0.0
11000.0 12000.0 0.0 0.0
12000.0 13000.0 0.0 0.0
13000.0 14000.0 0.0 0.0
14000.0 15000.0 0.0 0.0
15000.0 16000.0 0.0 0.0
16000.0 17000.0 0.0 0.0
17000.0 18000.0 0.0 0.0
18000.0 19000.0 0.0 0.0
19000.0 20000.0 6912.0 0.0
20000.0 21000.0 9020.70422130457 288.0
21000.0 22000.0 50105.097407002584 0.0
22000.0 23000.0 89698.71315181426 0.0
23000.0 24000.0 22385.485219878596 0.0
24000.0 25000.0 3816.437487260356 0.0
25000.0 26000.0 75771.24170635418 288.0
26000.0 27000.0 74020.960061666 0.0
27000.0 28000.0 38829.8936780871 0.0
28000.0 29000.0 78468.5443430001 288.0
29000.0 30000.0 140396.05883436892 288.0
30000.0 31000.0 72787.43210554835 288.0
31000.0 32000.0 93742.08078740473 288.0
32000.0 33000.0 87689.71868435267 0.0
33000.0 34000.0 48814.171012461185 0.0
34000.0 35000.0 29742.65874796308 0.0
35000.0 36000.0 72716.71362014492 288.0
36000.0 37000.0 59093.22125535621 0.0
37000.0 38000.0 48763.874367861965 288.0
38000.0 39000.0 58820.70997059279 288.0
39000.0 40000.0 58322.76685345691 0.0
40000.0 41000.0 66624.09114553685 288.0
41000.0 42000.0 59155.152426709414 0.0
42000.0 43000.0 69874.82343041533 288.0
43000.0 44000.0 60255.02618049897 288.0
44000.0 45000.0 66014.15357122749 0.0
45000.0 46000.0 33072.76062331072 0.0
46000.0 47000.0 57407.573019800366 288.0
47000.0 48000.0 69956.03787786134 288.0
48000.0 49000.0 38431.71761291249 0.0
49000.0 50000.0 49607.111708911965 0.0
50000.0 51000.0 50905.157135505855 288.0
51000.0 52000.0 43331.92059412792 0.0
52000.0 53000.0 37522.75284470306 288.0
53000.0 54000.0 40948.52668430917 0.0
54000.0 55000.0 33511.70589735782 0.0
55000.0 56000.0 32650.84516436077 0.0
56000.0 57000.0 37743.48517948923 288.0
57000.0 58000.0 42928.68805002493 0.0
58000.0 59000.0 46306.784276596765 0.0
59000.0 60000.0 47384.572449544634 0.0
60000.0 61000.0 52996.996886912835 288.0
61000.0 62000.0 72635.0371683322 0.0
62000.0 63000.0 75452.82726850949 288.0
63000.0 64000.0 75599.88443476032 0.0
64000.0 65000.0 44760.99330389533 0.0
65000.0 66000.0 34007.20881525156 288.0
66000.0 67000.0 31923.31379297279 0.0
67000.0 68000.0 56668.536324141765 288.0
68000.0 69000.0 41169.31581784664 0.0
69000.0 70000.0 15295.446744273408 288.0
70000.0 71000.0 41854.31327318728 0.0
71000.0 72000.0 42126.73657229565 0.0
72000.0 73000.0 20425.933295193583 0.0
73000.0 74000.0 36619.213293013316 288.0
74000.0 75000.0 23368.47409721377 0.0
75000.0 76000.0 50962.12991148493 288.0
76000.0 77000.0 48273.70120340138 0.0
77000.0 78000.0 25037.50676496039 0.0
78000.0 79000.0 23410.78846676914 0.0
79000.0 80000.0 18756.273176499657 0.0
80000.0 81000.0 30915.0 0.0
81000.0 82000.0 33326.98404736196 288.0
82000.0 83000.0 43326.37108115041 0.0
83000.0 84000.0 39691.75250115954 0.0
84000.0 85000.0 38823.07897484617 288.0
85000.0 86000.0 61908.66334843108 0.0
86000.0 87000.0 57137.42159395722 0.0
87000.0 88000.0 41939.321752823635 0.0
88000.0 89000.0 64761.7389745658 288.0
89000.0 90000.0 63687.622869494364 0.0
90000.0 91000.0 41556.49242737441 0.0
91000.0 92000.0 35840.74490504149 0.0
92000.0 93000.0 47790.34270245004 288.0
93000.0 94000.0 51384.82267695921 0.0
94000.0 95000.0 48222.22062362292 0.0
95000.0 96000.0 36624.20457190807 0.0
96000.0 97000.0 25694.627280118933 288.0
97000.0 98000.0 62539.881990212 0.0
98000.0 99000.0 50209.13127691702 0.0
99000.0 100000.0 33016.79666294585 288.0
100000.0 101000.0 69502.29675282056 0.0
101000.0 102000.0 39890.424424238954 0.0
102000.0 103000.0 34581.8237066742 288.0
103000.0 104000.0 57199.93701685342 0.0
104000.0 105000.0 37814.73524368148 0.0
105000.0 106000.0 32113.57352641556 288.0
106000.0 107000.0 61698.89860479193 0.0
107000.0 108000.0 57452.49741373453 0.0
108000.0 109000.0 33242.387643020644 288.0
109000.0 110000.0 55264.82573882706 0.0
110000.0 111000.0 30930.565368376734 288.0
111000.0 112000.0 36122.52154071466 0.0
112000.0 113000.0 11949.089615155219 0.0
113000.0 114000.0 15927.392827547992 0.0
114000.0 115000.0 15610.143603874907 0.0
115000.0 116000.0 16307.650214410947 0.0
116000.0 117000.0 15042.198303811301 0.0
117000.0 118000.0 7689.143169285828 0.0
118000.0 119000.0 39773.28592482984 288.0
119000.0 120000.0 44412.1039124844 0.0
120000.0 121000.0 23330.998569086958 0.0
121000.0 122000.0 21447.49470520008 0.0
122000.0 123000.0 19745.835873280204 0.0
123000.0 124000.0 20223.277948703817 0.0
124000.0 125000.0 42846.05432027391 288.0
125000.0 126000.0 43572.237759439704 0.0
126000.0 127000.0 33517.69992732647 0.0
127000.0 128000.0 13385.686083798544 0.0
128000.0 129000.0 8863.437149495301 0.0
129000.0 130000.0 4614.525378774089 0.0
130000.0 131000.0 48731.91803714069 288.0
131000.0 132000.0 56088.32662678537 0.0
132000.0 133000.0 42726.53461320226 288.0
133000.0 134000.0 50111.646399881254 0.0
134000.0 135000.0 53972.92341764931 0.0
135000.0 136000.0 53527.38236867275 288.0
136000.0 137000.0 58450.06874535886 0.0
137000.0 138000.0 44182.03063986303 288.0
138000.0 139000.0 53044.502786473044 0.0
139000.0 140000.0 46912.10172693756 0.0
140000.0 141000.0 30369.84405182065 0.0
141000.0 142000.0 49654.43603685162 0.0
142000.0 143000.0 39160.31035680995 288.0
143000.0 144000.0 30048.82887727186 0.0
144000.0 145000.0 31573.712983521655 0.0
145000.0 146000.0 30944.70038425675 288.0
146000.0 147000.0 101538.98369173038 0.0
147000.0 148000.0 38639.33272563422 0.0
148000.0 149000.0 17758.681070734237 0.0
149000.0 150000.0 11606.796708868997 288.0
150000.0 151000.0 73257.7009687579 0.0
151000.0 152000.0 43200.78103234019 0.0
152000.0 153000.0 20832.722019054487 288.0
153000.0 154000.0 46650.494380714656 0.0
154000.0 155000.0 25867.149280795016 0.0
155000.0 156000.0 40989.781786859574 288.0
156000.0 157000.0 64461.7288809938 0.0
157000.0 158000.0 30660.61436418616 0.0
158000.0 159000.0 62325.11740956395 288.0
159000.0 160000.0 64107.98393608939 0.0
160000.0 161000.0 43294.87726798027 288.0
161000.0 162000.0 57709.9214095371 0.0
162000.0 163000.0 54634.50328856004 0.0
163000.0 164000.0 73023.00602501728 288.0
164000.0 165000.0 51389.30008579634 0.0
165000.0 166000.0 48075.98973226007 288.0
166000.0 167000.0 67031.8573140161 0.0
167000.0 168000.0 23935.79660618493 0.0
168000.0 169000.0 71820.06648815858 288.0
169000.0 170000.0 62291.754958602105 0.0
170000.0 171000.0 36317.254809200975 288.0
171000.0 172000.0 45610.223644593796 0.0
172000.0 173000.0 59006.57295187116 0.0
173000.0 174000.0 99216.56431265722 288.0
174000.0 175000.0 89713.49738187842 0.0
175000.0 176000.0 25765.199815002743 288.0
176000.0 177000.0 56531.226487422224 0.0
177000.0 178000.0 39377.47371114927 288.0
178000.0 179000.0 67139.10606588199 0.0
179000.0 180000.0 59226.52229433189 0.0
180000.0 181000.0 15577.663232695759 0.0
181000.0 182000.0 35943.106421492776 288.0
182000.0 183000.0 50724.16957597282 0.0
183000.0 184000.0 40636.07390107817 0.0
184000.0 185000.0 46979.12321464772 288.0
185000.0 186000.0 51813.553048009824 0.0
186000.0 187000.0 31399.490578215184 288.0
187000.0 188000.0 37875.388344527186 0.0
188000.0 189000.0 38446.93907696785 0.0
189000.0 190000.0 32471.99284936427 0.0
190000.0 191000.0 32328.981460816878 0.0
191000.0 192000.0 36583.82218667811 0.0
192000.0 193000.0 29772.63752736866 0.0
193000.0 194000.0 47693.814091908695 288.0
194000.0 195000.0 38513.218788418846 0.0
195000.0 196000.0 51314.95752094759 0.0
196000.0 197000.0 29479.048148123424 0.0
197000.0 198000.0 21949.77214034535 0.0
198000.0 199000.0 68523.2603069941 288.0
199000.0 200000.0 42632.3427869235 0.0
200000.0 201000.0 50519.24769444292 288.0
201000.0 202000.0 80605.21417462277 0.0
202000.0 203000.0 30753.732204291926 0.0
203000.0 204000.0 39296.582677645376 288.0
204000.0 205000.0 72203.71569217782 0.0
205000.0 206000.0 63169.952642277436 0.0
206000.0 207000.0 8555.78370074452 0.0
207000.0 208000.0 114894.42058256279 288.0
208000.0 209000.0 33479.82626530112 0.0
209000.0 210000.0 47704.456557207835 288.0
210000.0 211000.0 91437.83371496384 0.0
211000.0 212000.0 91766.20993699097 288.0
212000.0 213000.0 73755.12416730293 0.0
213000.0 214000.0 41333.06833724673 0.0
214000.0 215000.0 30294.793001070288 288.0
215000.0 216000.0 94110.19543005861 0.0
216000.0 217000.0 48568.4881599321 288.0
217000.0 218000.0 76687.4696105032 0.0
218000.0 219000.0 38999.43000759884 0.0
219000.0 220000.0 48060.62485572974 288.0
220000.0 221000.0 69854.03120934273 0.0
221000.0 222000.0 33665.49300653927 0.0
222000.0 223000.0 64283.17215918283 288.0
223000.0 224000.0 58909.30212915922 0.0
224000.0 225000.0 104524.33383953692 288.0
225000.0 226000.0 74114.3275040032 0.0
226000.0 227000.0 96655.61444228617 288.0
227000.0 228000.0 47753.72612244579 0.0
228000.0 229000.0 29825.621146625683 0.0
229000.0 230000.0 26224.83573858316 0.0
230000.0 231000.0 51961.72774283907 288.0
231000.0 232000.0 73124.29357661061 288.0
232000.0 233000.0 100507.27078472634 288.0
233000.0 234000.0 128502.23831789073 0.0
234000.0 235000.0 97512.78195441903 288.0
235000.0 236000.0 82762.85055166864 288.0
236000.0 237000.0 72222.6571869939 288.0
237000.0 238000.0 107337.193067864 0.0
238000.0 239000.0 85311.60744061695 288.0
239000.0 240000.0 95336.76881421074 288.0
240000.0 241000.0 119353.63922968342 0.0
241000.0 242000.0 51114.26946075825 288.0
242000.0 243000.0 126169.38021483965 288.0
243000.0 244000.0 88730.7613205495 288.0
244000.0 245000.0 76044.30108042558 288.0
245000.0 246000.0 101834.64962595819 0.0
246000.0 247000.0 79052.61048515397 0.0
247000.0 248000.0 105113.92469309707 288.0
248000.0 249000.0 44786.72037723768 0.0
249000.0 250000.0 35001.69612083732 0.0
250000.0 251000.0 11661.359091032587 0.0
251000.0 252000.0 12879.810367150487 0.0
252000.0 253000.0 23163.693096371248 0.0
253000.0 254000.0 13668.944862517379 288.0
254000.0 255000.0 24094.319677502437 0.0
255000.0 256000.0 35144.68007322237 288.0
256000.0 257000.0 37087.85462614328 0.0
257000.0 258000.0 42626.55648226927 0.0
258000.0 259000.0 33106.15336800932 0.0
259000.0 260000.0 30600.447266881332 288.0
260000.0 261000.0 65856.66856087428 0.0
261000.0 262000.0 34342.61044551108 0.0
262000.0 263000.0 28117.27860784963 0.0
263000.0 264000.0 74969.82637159311 288.0
264000.0 265000.0 117110.96793597369 288.0
265000.0 266000.0 125803.59097123072 288.0
266000.0 267000.0 125236.31437808149 288.0
267000.0 268000.0 82865.70425886229 288.0
268000.0 269000.0 64601.63538007254 288.0
269000.0 270000.0 96887.13926198924 0.0
270000.0 271000.0 44866.95306815916 0.0
271000.0 272000.0 53100.871447240206 288.0
272000.0 273000.0 59441.248494925174 0.0
273000.0 274000.0 53314.844389275175 288.0
274000.0 275000.0 87549.01207021887 0.0
275000.0 276000.0 86472.57515369654 288.0
276000.0 277000.0 60353.121833491234 288.0
277000.0 278000.0 80099.35744893957 288.0
278000.0 279000.0 90106.57711599159 0.0
279000.0 280000.0 107923.9080550277 288.0
280000.0 281000.0 170764.14205860218 288.0
281000.0 282000.0 154105.54797171635 288.0
282000.0 283000.0 152458.98232522138 288.0
283000.0 284000.0 42755.166038911324 0.0
284000.0 285000.0 23362.96160757453 480.0
285000.0 286000.0 132240.03839242546 0.0
286000.0 287000.0 91211.30956555641 480.0
287000.0 288000.0 70358.69043444359 0.0
288000.0 289000.0 84108.76679619476 480.0
289000.0 290000.0 55175.23320380525 0.0
290000.0 291000.0 89216.63371963243 480.0
291000.0 292000.0 57788.366280367576 0.0
292000.0 293000.0 91934.95857455264 480.0
293000.0 294000.0 68412.04142544737 0.0
294000.0 295000.0 97297.13203022983 480.0
295000.0 296000.0 77996.86796977017 0.0
296000.0 297000.0 155954.8284673472 480.0
297000.0 298000.0 6945.17153265282 0.0
298000.0 299000.0 137831.0 480.0
299000.0 300000.0 0.0 0.0
300000.0 301000.0 0.0 0.0
