ts te s_bytes_all avg_video_rate
0.0 1000.0 0.0 0.0
1000.0 2000.0 0.0 0.0
2000.0 3000.0 0.0 0.0
3000.0 4000.0 0.0 0.0
4000.0 5000.0 0.0 0.0
5000.0 6000.0 0.0 0.0
6000.0 7000.0 0.0 0.0
7000.0 8000.0 123996.22053949817 288.0
8000.0 9000.0 111641.82788137047 288.0
9000.0 10000.0 106942.62378744644 288.0
10000.0 11000.0 139017.26710174134 288.0
11000.0 12000.0 135315.98090792753 288.0
12000.0 13000.0 87155.4422606699 288.0
13000.0 14000.0 137276.35842001025 288.0
14000.0 15000.0 110072.27910133591 0.0
15000.0 16000.0 83887.86575269228 480.0
16000.0 17000.0 44076.134247307724 0.0
17000.0 18000.0 86822.26278571814 480.0
18000.0 19000.0 70008.51712894847 0.0
19000.0 20000.0 97251.08354222348 840.0
20000.0 21000.0 98829.50892984123 0.0
21000.0 22000.0 117119.62490647924 840.0
22000.0 23000.0 103990.22867201534 0.0
23000.0 24000.0 151097.35646486876 840.0
24000.0 25000.0 104038.43621767088 0.0
25000.0 26000.0 131417.6403148026 840.0
26000.0 27000.0 104985.3699552946 0.0
27000.0 28000.0 141768.52315544977 840.0
28000.0 29000.0 150042.36150090647 0.0
29000.0 30000.0 50384.59210548476 288.0
30000.0 31000.0 57919.494320296275 0.0
31000.0 32000.0 67547.01947781455 288.0
32000.0 33000.0 34529.98052218543 0.0
33000.0 34000.0 78576.03833116505 288.0
34000.0 35000.0 27641.96166883495 0.0
35000.0 36000.0 71461.49185744862 288.0
36000.0 37000.0 26369.508142551378 0.0
37000.0 38000.0 82672.64875087657 288.0
38000.0 39000.0 23632.351249123436 0.0
39000.0 40000.0 83084.37684045102 288.0
40000.0 41000.0 28026.623159548977 0.0
41000.0 42000.0 94819.83533130845 288.0
42000.0 43000.0 37044.16466869154 0.0
43000.0 44000.0 64367.37183567247 288.0
44000.0 45000.0 54153.62816432753 0.0
45000.0 46000.0 81442.10966209532 288.0
46000.0 47000.0 26886.890337904686 0.0
47000.0 48000.0 82491.0814583946 288.0
48000.0 49000.0 22967.918541605395 0.0
49000.0 50000.0 72981.8421644301 288.0
50000.0 51000.0 28462.157835569895 0.0
51000.0 52000.0 77520.12296802775 288.0
52000.0 53000.0 133382.76162290724 288.0
53000.0 54000.0 64888.87752750005 288.0
54000.0 55000.0 36926.237881564964 0.0
55000.0 56000.0 90559.16572436123 288.0
56000.0 57000.0 40530.83427563878 0.0
57000.0 58000.0 106821.75762452172 840.0
58000.0 59000.0 102683.28746139925 0.0
59000.0 60000.0 124224.11826723904 840.0
60000.0 61000.0 109907.25736554143 0.0
61000.0 62000.0 149828.00114905156 840.0
62000.0 63000.0 106085.96941292752 0.0
63000.0 64000.0 109175.46739046686 840.0
64000.0 65000.0 125149.20696243733 0.0
65000.0 66000.0 113092.54528942199 840.0
66000.0 67000.0 153807.2586366612 0.0
67000.0 68000.0 55845.5726845443 288.0
68000.0 69000.0 75621.55775578781 0.0
69000.0 70000.0 66487.28677655537 288.0
70000.0 71000.0 39980.71322344463 0.0
71000.0 72000.0 59705.09984012275 288.0
72000.0 73000.0 52122.90015987726 0.0
73000.0 74000.0 64321.05625585838 288.0
74000.0 75000.0 41033.94374414162 0.0
75000.0 76000.0 79859.28465440884 288.0
76000.0 77000.0 22381.715345591158 0.0
77000.0 78000.0 71267.15108802798 288.0
78000.0 79000.0 41533.84891197202 0.0
79000.0 80000.0 59748.43504066294 288.0
80000.0 81000.0 42927.56495933706 0.0
81000.0 82000.0 60012.903465206924 288.0
82000.0 83000.0 43625.096534793076 0.0
83000.0 84000.0 86061.29712756575 288.0
84000.0 85000.0 17739.70287243424 0.0
85000.0 86000.0 74699.66174900692 288.0
86000.0 87000.0 41152.33825099309 0.0
87000.0 88000.0 67235.67293782033 288.0
88000.0 89000.0 39654.32706217967 0.0
89000.0 90000.0 57181.99149031982 288.0
90000.0 91000.0 42612.26958952993 0.0
91000.0 92000.0 45368.033703273024 288.0
92000.0 93000.0 65057.70521687722 0.0
93000.0 94000.0 72726.42719839157 288.0
94000.0 95000.0 33077.57280160843 0.0
95000.0 96000.0 54106.270277495874 288.0
96000.0 97000.0 45289.63494408632 0.0
97000.0 98000.0 66626.83913239368 288.0
98000.0 99000.0 45136.25564602414 0.0
99000.0 100000.0 61720.706704773875 288.0
100000.0 101000.0 44836.29329522612 0.0
101000.0 102000.0 2913.0 0.0
102000.0 103000.0 0.0 0.0
103000.0 104000.0 79276.66285365933 288.0
104000.0 105000.0 114536.58582036197 0.0
105000.0 106000.0 79608.56213970413 288.0
106000.0 107000.0 45110.189186274576 0.0
107000.0 108000.0 71973.41729846946 288.0
108000.0 109000.0 32580.582701530537 0.0
109000.0 110000.0 76400.47490920899 288.0
110000.0 111000.0 35336.52509079101 0.0
111000.0 112000.0 76718.48276257566 288.0
112000.0 113000.0 121019.6310491447 288.0
113000.0 114000.0 76336.16545806878 288.0
114000.0 115000.0 58033.72073021087 0.0
115000.0 116000.0 76047.07401279753 288.0
116000.0 117000.0 50910.13437070146 0.0
117000.0 118000.0 8174.791616501004 0.0
118000.0 119000.0 0.0 0.0
119000.0 120000.0 67418.40469848886 288.0
120000.0 121000.0 14505.595301511139 0.0
121000.0 122000.0 60308.15960354217 288.0
122000.0 123000.0 24879.840396457836 0.0
123000.0 124000.0 43022.54901338807 288.0
124000.0 125000.0 112360.8035765449 4400.0
125000.0 126000.0 192273.77934221676 0.0
126000.0 127000.0 191078.41435958206 0.0
127000.0 128000.0 187234.89786231887 0.0
128000.0 129000.0 229609.1485460606 4400.0
129000.0 130000.0 208632.51368968436 0.0
130000.0 131000.0 218795.94846867461 0.0
131000.0 132000.0 187447.56216496832 0.0
132000.0 133000.0 158468.76336716278 480.0
133000.0 134000.0 178665.78321622426 480.0
134000.0 135000.0 155107.95201986982 480.0
135000.0 136000.0 180535.63199380445 480.0
136000.0 137000.0 125251.71139225678 480.0
137000.0 138000.0 114151.26204507785 480.0
138000.0 139000.0 29874.106290963748 0.0
139000.0 140000.0 104561.12204074308 480.0
140000.0 141000.0 39758.0506104588 0.0
141000.0 142000.0 68427.3360328799 480.0
142000.0 143000.0 47043.6639671201 0.0
143000.0 144000.0 76758.93046525521 480.0
144000.0 145000.0 44957.06953474479 0.0
145000.0 146000.0 71874.6827071127 480.0
146000.0 147000.0 66026.31729288731 0.0
147000.0 148000.0 73560.05951938876 480.0
148000.0 149000.0 42205.94048061125 0.0
149000.0 150000.0 74970.23655149942 480.0
150000.0 151000.0 62562.763448500584 0.0
151000.0 152000.0 84921.83281949164 480.0
152000.0 153000.0 68407.16718050838 0.0
153000.0 154000.0 91756.94425576586 480.0
154000.0 155000.0 34091.05574423413 0.0
155000.0 156000.0 86184.33414346701 480.0
156000.0 157000.0 30706.665856532978 0.0
157000.0 158000.0 73185.12027942177 480.0
158000.0 159000.0 39236.87972057823 0.0
159000.0 160000.0 85592.3295276679 480.0
160000.0 161000.0 44766.67047233209 0.0
161000.0 162000.0 82457.4967734369 480.0
162000.0 163000.0 50502.5032265631 0.0
163000.0 164000.0 69799.17600163407 480.0
164000.0 165000.0 73525.82399836593 0.0
165000.0 166000.0 91437.04097616092 480.0
166000.0 167000.0 36940.95902383908 0.0
167000.0 168000.0 89273.60857588457 480.0
168000.0 169000.0 34816.39142411543 0.0
169000.0 170000.0 71612.96249462836 480.0
170000.0 171000.0 65265.03750537164 0.0
171000.0 172000.0 76989.08255324862 480.0
172000.0 173000.0 47563.91744675137 0.0
173000.0 174000.0 74701.43007271434 480.0
174000.0 175000.0 137649.52791433388 480.0
175000.0 176000.0 91451.88751731267 480.0
176000.0 177000.0 78540.15449563907 0.0
177000.0 178000.0 86320.59379814044 480.0
178000.0 179000.0 32976.40620185956 0.0
179000.0 180000.0 98426.43807464984 840.0
180000.0 181000.0 95092.55920578298 0.0
181000.0 182000.0 14520.002719567188 0.0
182000.0 183000.0 0.0 0.0
183000.0 184000.0 129603.38409342668 840.0
184000.0 185000.0 160964.7765146132 480.0
185000.0 186000.0 80238.83939196017 0.0
186000.0 187000.0 0.0 0.0
187000.0 188000.0 84002.88840095405 480.0
188000.0 189000.0 156384.2778264029 480.0
189000.0 190000.0 44102.92580599191 480.0
190000.0 191000.0 123751.41100616485 0.0
191000.0 192000.0 45344.500342563275 480.0
192000.0 193000.0 100489.99661792305 0.0
193000.0 194000.0 88976.95441192927 480.0
194000.0 195000.0 74958.04558807073 0.0
195000.0 196000.0 88867.56248461113 480.0
196000.0 197000.0 58023.43751538886 0.0
197000.0 198000.0 87311.48385044163 480.0
198000.0 199000.0 95263.18726598713 480.0
199000.0 200000.0 157456.13908933225 480.0
200000.0 201000.0 122726.18979423898 0.0
201000.0 202000.0 104421.04627255196 840.0
202000.0 203000.0 115124.1792101318 0.0
203000.0 204000.0 126530.94662020213 840.0
204000.0 205000.0 111141.99574517962 0.0
205000.0 206000.0 102011.4505305366 840.0
206000.0 207000.0 129374.17621358146 0.0
207000.0 208000.0 160372.69082609448 840.0
208000.0 209000.0 110701.70903559135 0.0
209000.0 210000.0 133082.08937901305 840.0
210000.0 211000.0 108879.66062722227 0.0
211000.0 212000.0 147789.85693666193 840.0
212000.0 213000.0 88598.62299865608 0.0
213000.0 214000.0 127513.0389774713 840.0
214000.0 215000.0 108266.17260081443 0.0
215000.0 216000.0 138408.86251273457 840.0
216000.0 217000.0 103997.26606356271 0.0
217000.0 218000.0 143735.2177219715 840.0
218000.0 219000.0 120562.92839492546 0.0
219000.0 220000.0 140378.9708698057 840.0
220000.0 221000.0 178802.1547513365 0.0
221000.0 222000.0 105980.01383533234 840.0
222000.0 223000.0 101145.83595885975 0.0
223000.0 224000.0 26620.113917763025 0.0
224000.0 225000.0 0.0 0.0
225000.0 226000.0 115604.95378594246 840.0
226000.0 227000.0 109982.88701800267 0.0
227000.0 228000.0 66278.0487834412 288.0
228000.0 229000.0 92191.48806464602 288.0
229000.0 230000.0 119982.98098093197 288.0
230000.0 231000.0 77893.64136703567 0.0
231000.0 232000.0 0.0 0.0
232000.0 233000.0 0.0 0.0
233000.0 234000.0 2939.0 0.0
234000.0 235000.0 0.0 0.0
235000.0 236000.0 0.0 0.0
236000.0 237000.0 0.0 0.0
237000.0 238000.0 2915.0 0.0
238000.0 239000.0 0.0 0.0
239000.0 240000.0 163333.5435953475 288.0
240000.0 241000.0 135215.166995744 288.0
241000.0 242000.0 123934.32309872337 288.0
242000.0 243000.0 90071.57650128611 288.0
243000.0 244000.0 98893.11733135115 0.0
244000.0 245000.0 109576.51384734841 288.0
245000.0 246000.0 131078.0799039251 288.0
246000.0 247000.0 47949.67872627439 0.0
247000.0 248000.0 81377.71925980903 840.0
248000.0 249000.0 114237.7558151262 0.0
249000.0 250000.0 104753.43822672393 840.0
250000.0 251000.0 140764.50199935547 0.0
251000.0 252000.0 137625.52127167277 840.0
252000.0 253000.0 93712.7406963737 0.0
253000.0 254000.0 145182.57925101288 840.0
254000.0 255000.0 104500.4930399658 0.0
255000.0 256000.0 106059.29038555326 840.0
256000.0 257000.0 120968.18146967368 0.0
257000.0 258000.0 43705.77858473328 0.0
258000.0 259000.0 0.0 0.0
259000.0 260000.0 124758.74600170118 840.0
260000.0 261000.0 98488.72552721182 0.0
261000.0 262000.0 113685.14302636989 480.0
262000.0 263000.0 69085.13343014881 0.0
263000.0 264000.0 77526.94104364447 480.0
264000.0 265000.0 174464.35986361612 480.0
265000.0 266000.0 102335.55805456765 480.0
266000.0 267000.0 77562.39305274007 0.0
267000.0 268000.0 2913.0 0.0
268000.0 269000.0 0.0 0.0
269000.0 270000.0 84984.42528456115 480.0
270000.0 271000.0 121544.19420144876 288.0
271000.0 272000.0 110483.3858400858 288.0
272000.0 273000.0 6599.994673904302 0.0
273000.0 274000.0 78598.41733034482 288.0
274000.0 275000.0 19906.582669655178 0.0
275000.0 276000.0 99395.83396096129 480.0
276000.0 277000.0 56343.166039038704 0.0
277000.0 278000.0 84437.32976431715 480.0
278000.0 279000.0 78801.34034453846 0.0
279000.0 280000.0 81233.22504867881 480.0
280000.0 281000.0 59783.10484246558 0.0
281000.0 282000.0 102606.51602879616 840.0
282000.0 283000.0 109016.00936978405 0.0
283000.0 284000.0 105421.01634690825 840.0
284000.0 285000.0 106281.48198089952 0.0
285000.0 286000.0 91457.33126104496 0.0
286000.0 287000.0 5513.645012567056 0.0
287000.0 288000.0 79661.21675610698 480.0
288000.0 289000.0 142654.10373740818 480.0
289000.0 290000.0 163061.38227655512 480.0
290000.0 291000.0 39528.29722992974 0.0
291000.0 292000.0 76104.79705165439 480.0
292000.0 293000.0 133736.5379759512 480.0
293000.0 294000.0 180510.9917813153 480.0
294000.0 295000.0 36315.6731910791 0.0
295000.0 296000.0 99432.41108763329 840.0
296000.0 297000.0 77822.49872050056 0.0
297000.0 298000.0 113038.09904741067 840.0
298000.0 299000.0 75413.26091803965 0.0
299000.0 300000.0 123230.5738822288 840.0
300000.0 301000.0 95321.15634418702 0.0
