ts te s_bytes_all avg_video_rate
0.0 1000.0 0.0 0.0
1000.0 2000.0 0.0 0.0
2000.0 3000.0 0.0 0.0
3000.0 4000.0 0.0 0.0
4000.0 5000.0 1256.3596262523624 0.0
5000.0 6000.0 42070.12163174586 288.0
6000.0 7000.0 100363.9164983171 288.0
7000.0 8000.0 203857.83817481008 288.0
8000.0 9000.0 122286.76406887456 288.0
9000.0 10000.0 172139.80837526024 288.0
10000.0 11000.0 159840.7355806222 288.0
11000.0 12000.0 155994.71562945074 288.0
12000.0 13000.0 201266.17891840043 288.0
13000.0 14000.0 118752.96527696906 288.0
14000.0 15000.0 113215.64949490658 840.0
15000.0 16000.0 192180.084216322 0.0
16000.0 17000.0 51888.754652216325 840.0
17000.0 18000.0 203576.13188777675 0.0
18000.0 19000.0 171126.8354130891 840.0
19000.0 20000.0 70962.02410919442 840.0
20000.0 21000.0 171866.52409925175 0.0
21000.0 22000.0 72091.17501634934 840.0
22000.0 23000.0 190652.25721865665 0.0
23000.0 24000.0 46941.63866014899 840.0
24000.0 25000.0 164534.91190658128 0.0
25000.0 26000.0 72335.75982006367 840.0
26000.0 27000.0 157827.0182150722 0.0
27000.0 28000.0 16430.458035346277 840.0
28000.0 29000.0 160104.6021518039 0.0
29000.0 30000.0 22072.090058227175 840.0
30000.0 31000.0 205800.42481877946 0.0
31000.0 32000.0 30175.31616597667 840.0
32000.0 33000.0 174581.38865100234 840.0
33000.0 34000.0 180957.58398452835 0.0
34000.0 35000.0 3546.9676440041017 0.0
35000.0 36000.0 26728.98006545934 840.0
36000.0 37000.0 174772.80574151783 840.0
37000.0 38000.0 149248.59691550652 0.0
38000.0 39000.0 144686.59514110538 840.0
39000.0 40000.0 85516.0221364109 0.0
40000.0 41000.0 92270.03942021704 840.0
41000.0 42000.0 112823.78359306084 0.0
42000.0 43000.0 100750.71468357193 840.0
43000.0 44000.0 102057.19843014408 0.0
44000.0 45000.0 92903.24469917107 840.0
45000.0 46000.0 96627.21819799714 0.0
46000.0 47000.0 95504.40525651912 840.0
47000.0 48000.0 104523.3550936556 0.0
48000.0 49000.0 87975.42987322097 840.0
49000.0 50000.0 147250.36335963334 0.0
50000.0 51000.0 123791.26433657785 840.0
51000.0 52000.0 75466.18817356789 0.0
52000.0 53000.0 88130.3611749394 840.0
53000.0 54000.0 110929.18030568562 0.0
54000.0 55000.0 152482.69381669103 840.0
55000.0 56000.0 66646.86507995246 840.0
56000.0 57000.0 143794.74295327815 0.0
57000.0 58000.0 23661.392876268437 840.0
58000.0 59000.0 176429.79455741655 0.0
59000.0 60000.0 21392.98410830005 840.0
60000.0 61000.0 193061.44762227408 0.0
61000.0 62000.0 19896.110969150002 840.0
62000.0 63000.0 182596.35594564947 0.0
63000.0 64000.0 54421.8021606029 840.0
64000.0 65000.0 177698.78086858857 0.0
65000.0 66000.0 7048.906914764815 840.0
66000.0 67000.0 201726.30182866383 0.0
67000.0 68000.0 60765.62256193437 840.0
68000.0 69000.0 153431.36706187364 0.0
69000.0 70000.0 18258.727816255046 840.0
70000.0 71000.0 197405.47443683812 0.0
71000.0 72000.0 4809.881823536609 0.0
72000.0 73000.0 0.0 0.0
73000.0 74000.0 0.0 0.0
74000.0 75000.0 103467.60233447359 840.0
75000.0 76000.0 141372.4407812988 288.0
76000.0 77000.0 116646.5588301251 288.0
77000.0 78000.0 63353.57339944922 288.0
78000.0 79000.0 66838.82465465335 0.0
79000.0 80000.0 13003.767297302065 0.0
80000.0 81000.0 128086.23270269793 480.0
81000.0 82000.0 22403.43236021749 480.0
82000.0 83000.0 96196.5676397825 0.0
83000.0 84000.0 129812.6847096377 480.0
84000.0 85000.0 2050.3152903622968 0.0
85000.0 86000.0 118749.0 480.0
86000.0 87000.0 76591.73301330552 480.0
87000.0 88000.0 54177.406125319496 0.0
88000.0 89000.0 95415.90268643734 840.0
89000.0 90000.0 116923.81677948998 0.0
90000.0 91000.0 94931.16423691667 840.0
91000.0 92000.0 122588.1395912935 0.0
92000.0 93000.0 90182.85585374146 840.0
93000.0 94000.0 112901.40774197367 0.0
94000.0 95000.0 91338.21007331277 840.0
95000.0 96000.0 125045.0968969906 0.0
96000.0 97000.0 47613.21410873959 840.0
97000.0 98000.0 138903.3263597716 0.0
98000.0 99000.0 190674.71229401336 840.0
99000.0 100000.0 20913.01423869445 0.0
100000.0 101000.0 96465.0851329873 840.0
101000.0 102000.0 115815.14200252456 0.0
102000.0 103000.0 162746.51373900208 840.0
103000.0 104000.0 57308.515463320764 840.0
104000.0 105000.0 184972.26351705426 0.0
105000.0 106000.0 15650.671957959607 840.0
106000.0 107000.0 157299.34838611764 0.0
107000.0 108000.0 31778.893285027858 840.0
108000.0 109000.0 174758.8451152099 0.0
109000.0 110000.0 12185.479331149709 840.0
110000.0 111000.0 207061.18275894673 0.0
111000.0 112000.0 8404.63869501387 840.0
112000.0 113000.0 192296.71987827375 0.0
113000.0 114000.0 3367.4326721401776 840.0
114000.0 115000.0 181043.26806527175 840.0
115000.0 116000.0 26774.30573870022 0.0
116000.0 117000.0 206992.2984036805 840.0
117000.0 118000.0 77533.3620732331 840.0
118000.0 119000.0 157935.27625228162 0.0
119000.0 120000.0 14499.15105022473 840.0
120000.0 121000.0 203658.7511806279 0.0
121000.0 122000.0 23787.57692668879 840.0
122000.0 123000.0 133746.07956907302 0.0
123000.0 124000.0 104119.42052533333 0.0
124000.0 125000.0 157777.85643058553 840.0
125000.0 126000.0 86087.61380733189 840.0
126000.0 127000.0 154847.12102486964 0.0
127000.0 128000.0 39761.839911192634 840.0
128000.0 129000.0 180969.15794754977 0.0
129000.0 130000.0 14388.081361294397 840.0
130000.0 131000.0 182889.9010349662 0.0
131000.0 132000.0 22483.07273848534 840.0
132000.0 133000.0 183496.21952200725 840.0
133000.0 134000.0 177569.27196697815 0.0
134000.0 135000.0 108885.87378948092 840.0
135000.0 136000.0 97537.07040456402 0.0
136000.0 137000.0 93022.82102824387 840.0
137000.0 138000.0 99526.95478967343 0.0
138000.0 139000.0 86526.9875520767 840.0
139000.0 140000.0 110645.87677032159 0.0
140000.0 141000.0 42375.181603037934 840.0
141000.0 142000.0 131067.87005979176 0.0
142000.0 143000.0 95565.32920505088 840.0
143000.0 144000.0 104830.67733265496 0.0
144000.0 145000.0 83544.58386203088 840.0
145000.0 146000.0 108449.76007430081 0.0
146000.0 147000.0 180342.61564336895 840.0
147000.0 148000.0 22688.040420299345 0.0
148000.0 149000.0 101286.46763200327 840.0
149000.0 150000.0 160618.35455449813 0.0
150000.0 151000.0 123885.7011716716 840.0
151000.0 152000.0 46331.29828095547 840.0
152000.0 153000.0 161057.27470107234 0.0
153000.0 154000.0 27668.787053135307 840.0
154000.0 155000.0 207593.8515217241 0.0
155000.0 156000.0 13788.467053312394 840.0
156000.0 157000.0 181908.05130377118 0.0
157000.0 158000.0 11289.387781662781 840.0
158000.0 159000.0 197848.94625840578 0.0
159000.0 160000.0 2795.4126877876433 0.0
160000.0 161000.0 183127.30789541377 840.0
161000.0 162000.0 60736.83685105633 840.0
162000.0 163000.0 185697.8356864375 0.0
163000.0 164000.0 114811.67690085279 840.0
164000.0 165000.0 103206.89995468737 0.0
165000.0 166000.0 94505.0765423997 840.0
166000.0 167000.0 102145.65110745115 0.0
167000.0 168000.0 107622.4168877675 840.0
168000.0 169000.0 103972.29817393389 0.0
169000.0 170000.0 89825.67776697731 840.0
170000.0 171000.0 114661.91384115421 0.0
171000.0 172000.0 116128.52094842502 840.0
172000.0 173000.0 60851.887443443455 0.0
173000.0 174000.0 1486.4635582080402 0.0
174000.0 175000.0 1426.5364417919595 0.0
175000.0 176000.0 0.0 0.0
176000.0 177000.0 130185.40148634606 840.0
177000.0 178000.0 163296.06405039557 480.0
178000.0 179000.0 172353.23067025287 480.0
179000.0 180000.0 130517.19250701058 480.0
180000.0 181000.0 89937.70133121335 840.0
181000.0 182000.0 100027.00924816116 0.0
182000.0 183000.0 13329.955624648619 840.0
183000.0 184000.0 193286.281682617 0.0
184000.0 185000.0 42592.12370261329 840.0
185000.0 186000.0 166671.94679971665 0.0
186000.0 187000.0 83790.39939743567 840.0
187000.0 188000.0 88981.63598153106 0.0
188000.0 189000.0 91532.93361013159 840.0
189000.0 190000.0 92305.85106768976 0.0
190000.0 191000.0 976.2728402367454 0.0
191000.0 192000.0 21092.29033395425 840.0
192000.0 193000.0 153021.02520781392 0.0
193000.0 194000.0 12092.071057451274 840.0
194000.0 195000.0 164896.91211555235 0.0
195000.0 196000.0 5794.179464977526 840.0
196000.0 197000.0 172135.52182025067 0.0
197000.0 198000.0 7780.758078097071 840.0
198000.0 199000.0 171389.41771266106 0.0
199000.0 200000.0 30157.608794418113 840.0
200000.0 201000.0 158648.2154148238 0.0
201000.0 202000.0 1641.9012292947102 0.0
202000.0 203000.0 220726.97927248874 840.0
203000.0 204000.0 192845.9339200384 0.0
204000.0 205000.0 141797.25717611617 840.0
205000.0 206000.0 56915.00691338858 840.0
206000.0 207000.0 174286.30732713398 0.0
207000.0 208000.0 21624.311705052463 840.0
208000.0 209000.0 166522.96240096897 0.0
209000.0 210000.0 5562.814964515666 840.0
210000.0 211000.0 179344.68851234758 0.0
211000.0 212000.0 9111.101669293625 840.0
212000.0 213000.0 212520.92323065636 0.0
213000.0 214000.0 45830.81167870471 840.0
214000.0 215000.0 159481.7260925765 0.0
215000.0 216000.0 3820.0797896547865 0.0
216000.0 217000.0 1311.1941177687354 0.0
217000.0 218000.0 1322.3358640393108 0.0
218000.0 219000.0 1597.6641359606892 0.0
219000.0 220000.0 8543.210495774683 0.0
220000.0 221000.0 179984.67331379335 480.0
221000.0 222000.0 185866.45293769788 480.0
222000.0 223000.0 136149.94612848514 480.0
223000.0 224000.0 133651.65154825148 0.0
224000.0 225000.0 2566.0655759975007 0.0
225000.0 226000.0 150350.36209065106 840.0
226000.0 227000.0 132645.53109222653 840.0
227000.0 228000.0 168014.1047085339 0.0
228000.0 229000.0 22960.002108588513 0.0
229000.0 230000.0 168164.21287420372 840.0
230000.0 231000.0 64389.78712579627 0.0
231000.0 232000.0 32803.585739649185 840.0
232000.0 233000.0 167627.22269766673 0.0
233000.0 234000.0 50495.19142912909 840.0
234000.0 235000.0 216686.07416829438 0.0
235000.0 236000.0 167055.09813123755 840.0
236000.0 237000.0 180316.72328828246 840.0
237000.0 238000.0 138654.89427436638 0.0
238000.0 239000.0 159585.07233066726 840.0
239000.0 240000.0 118797.89206193545 0.0
240000.0 241000.0 38665.53572167303 840.0
241000.0 242000.0 210680.4625739674 0.0
242000.0 243000.0 139958.25761496744 840.0
243000.0 244000.0 88567.82295980176 0.0
244000.0 245000.0 702.1670083618792 0.0
245000.0 246000.0 27020.429692049904 840.0
246000.0 247000.0 176125.70772718865 0.0
247000.0 248000.0 59018.76057781741 840.0
248000.0 249000.0 213781.33743343558 0.0
249000.0 250000.0 180927.05674890662 840.0
250000.0 251000.0 192829.93475882083 840.0
251000.0 252000.0 160857.5706618051 0.0
252000.0 253000.0 148482.95038262566 840.0
253000.0 254000.0 110126.0545656169 840.0
254000.0 255000.0 168330.97240323227 0.0
255000.0 256000.0 54726.69091943586 840.0
256000.0 257000.0 154340.28233868725 0.0
257000.0 258000.0 94718.86732537005 840.0
258000.0 259000.0 153352.48656254404 0.0
259000.0 260000.0 95138.88137206722 840.0
260000.0 261000.0 192543.33758632495 0.0
261000.0 262000.0 53462.58461216174 840.0
262000.0 263000.0 156856.62866097625 0.0
263000.0 264000.0 67046.46567093366 0.0
264000.0 265000.0 0.0 0.0
265000.0 266000.0 1404.1624571119053 0.0
266000.0 267000.0 1509.8375428880947 0.0
267000.0 268000.0 1098.2951926134715 0.0
268000.0 269000.0 1815.7048073865285 0.0
269000.0 270000.0 10881.131548993422 0.0
270000.0 271000.0 188414.40711727954 480.0
271000.0 272000.0 211429.66843167171 480.0
272000.0 273000.0 170355.20431499704 480.0
273000.0 274000.0 187481.82185446032 480.0
274000.0 275000.0 125971.45286160478 480.0
275000.0 276000.0 176582.37613596785 480.0
276000.0 277000.0 114832.93272716261 840.0
277000.0 278000.0 150666.07837616673 0.0
278000.0 279000.0 809.9266316960848 0.0
279000.0 280000.0 159472.9218314025 840.0
280000.0 281000.0 184234.1148877542 840.0
281000.0 282000.0 128583.40311148652 0.0
282000.0 283000.0 59155.9350187082 840.0
283000.0 284000.0 205408.23759985904 0.0
284000.0 285000.0 83824.77613768393 840.0
285000.0 286000.0 149939.74167874505 0.0
286000.0 287000.0 29704.86973436058 840.0
287000.0 288000.0 218373.98028590993 0.0
288000.0 289000.0 83383.22457180684 840.0
289000.0 290000.0 180898.69051964648 0.0
290000.0 291000.0 73011.99469396319 840.0
291000.0 292000.0 168987.42019133244 0.0
292000.0 293000.0 178572.11642740841 840.0
293000.0 294000.0 47595.556237662946 0.0
294000.0 295000.0 196358.01707226978 840.0
295000.0 296000.0 42871.0 0.0
296000.0 297000.0 194368.28145562974 840.0
297000.0 298000.0 89422.82102197017 840.0
298000.0 299000.0 151471.85638677378 0.0
299000.0 300000.0 72235.3409778795 840.0
300000.0 301000.0 194410.70015774676 0.0
