ts te s_bytes_all avg_video_rate
0.0 1000.0 0.0 0.0
1000.0 2000.0 0.0 0.0
2000.0 3000.0 0.0 0.0
3000.0 4000.0 0.0 0.0
4000.0 5000.0 0.0 0.0
5000.0 6000.0 0.0 0.0
6000.0 7000.0 0.0 0.0
7000.0 8000.0 0.0 0.0
8000.0 9000.0 0.0 0.0
9000.0 10000.0 0.0 0.0
10000.0 11000.0 0.0 0.0
11000.0 12000.0 0.0 0.0
12000.0 13000.0 0.0 0.0
13000.0 14000.0 0.0 0.0
14000.0 15000.0 0.0 0.0
15000.0 16000.0 0.0 0.0
16000.0 17000.0 0.0 0.0
17000.0 18000.0 8487.833262568556 0.0
18000.0 19000.0 9949.11103233515 0.0
19000.0 20000.0 2492.0345031747656 0.0
20000.0 21000.0 21829.33240776263 288.0
21000.0 22000.0 93585.12423700112 0.0
22000.0 23000.0 76535.20656721511 0.0
23000.0 24000.0 78195.6081845991 288.0
24000.0 25000.0 114904.72652222218 0.0
25000.0 26000.0 88172.15202306103 288.0
26000.0 27000.0 94504.55406118314 288.0
27000.0 28000.0 117078.96460113776 288.0
28000.0 29000.0 105402.19680016839 0.0
29000.0 30000.0 117707.8741286256 288.0
30000.0 31000.0 141146.56943876267 288.0
31000.0 32000.0 107665.1265198616 288.0
32000.0 33000.0 126317.68473287413 0.0
33000.0 34000.0 93529.9407997662 288.0
34000.0 35000.0 124239.82122506693 0.0
35000.0 36000.0 129700.69081410793 288.0
36000.0 37000.0 107157.37362112578 288.0
37000.0 38000.0 125704.69636352868 0.0
38000.0 39000.0 145709.58880889625 288.0
39000.0 40000.0 120129.60337009249 288.0
40000.0 41000.0 128616.37927265286 0.0
41000.0 42000.0 128917.45840129291 288.0
42000.0 43000.0 124808.5066729693 288.0
43000.0 44000.0 132795.88743482588 288.0
44000.0 45000.0 122044.43488477002 0.0
45000.0 46000.0 108808.53447700867 288.0
46000.0 47000.0 137553.05382266344 0.0
47000.0 48000.0 121575.17289147995 288.0
48000.0 49000.0 87837.80251951597 288.0
49000.0 50000.0 115344.23289424954 288.0
50000.0 51000.0 101136.48545614813 288.0
51000.0 52000.0 151198.66549068238 0.0
52000.0 53000.0 163462.12721222633 288.0
53000.0 54000.0 159187.9145957618 288.0
54000.0 55000.0 58237.52994861573 0.0
55000.0 56000.0 74191.32858492437 480.0
56000.0 57000.0 80228.67141507563 0.0
57000.0 58000.0 130862.49594070377 480.0
58000.0 59000.0 77188.19134420528 480.0
59000.0 60000.0 81497.31271509097 0.0
60000.0 61000.0 76340.77940636076 480.0
61000.0 62000.0 108465.55223027522 0.0
62000.0 63000.0 131070.85484822452 480.0
63000.0 64000.0 11915.81351513949 0.0
64000.0 65000.0 139944.43840012516 480.0
65000.0 66000.0 2570.561599874833 0.0
66000.0 67000.0 145695.3457695176 480.0
67000.0 68000.0 85315.55691581778 840.0
68000.0 69000.0 147994.4836049914 0.0
69000.0 70000.0 161026.53581609402 840.0
70000.0 71000.0 83914.07789357917 0.0
71000.0 72000.0 174798.37034650423 840.0
72000.0 73000.0 61292.62965349578 0.0
73000.0 74000.0 0.0 0.0
74000.0 75000.0 157857.89876872697 840.0
75000.0 76000.0 119731.86973116203 0.0
76000.0 77000.0 288638.3814911631 840.0
77000.0 78000.0 122626.39381601338 840.0
78000.0 79000.0 156827.93072922362 0.0
79000.0 80000.0 8804.090417912661 0.0
80000.0 81000.0 1820.4350457982214 0.0
81000.0 82000.0 0.0 0.0
82000.0 83000.0 2918.0 0.0
83000.0 84000.0 149883.70346971633 480.0
84000.0 85000.0 203182.57366917326 480.0
85000.0 86000.0 189795.16280185943 480.0
86000.0 87000.0 129495.56005925097 0.0
87000.0 88000.0 0.0 0.0
88000.0 89000.0 168516.29006381525 480.0
89000.0 90000.0 122264.02545547293 0.0
90000.0 91000.0 161726.31461285302 480.0
91000.0 92000.0 61711.87754403906 840.0
92000.0 93000.0 146310.38856192588 0.0
93000.0 94000.0 11904.103761893832 0.0
94000.0 95000.0 175381.6952116735 840.0
95000.0 96000.0 157748.7478154224 840.0
96000.0 97000.0 145141.03345790107 0.0
97000.0 98000.0 18803.52351500303 0.0
98000.0 99000.0 183454.3319659713 840.0
99000.0 100000.0 46008.82835820105 0.0
100000.0 101000.0 185641.47544750513 840.0
101000.0 102000.0 55398.03188679549 0.0
102000.0 103000.0 174793.1061533126 840.0
103000.0 104000.0 61936.62245495991 0.0
104000.0 105000.0 198153.63657522865 840.0
105000.0 106000.0 43709.94286187875 0.0
106000.0 107000.0 199073.52980073457 840.0
107000.0 108000.0 177448.98216898262 840.0
108000.0 109000.0 183171.46113059437 840.0
109000.0 110000.0 133882.02572259904 0.0
110000.0 111000.0 114741.31069550398 840.0
111000.0 112000.0 137760.84738078603 0.0
112000.0 113000.0 71718.28918822348 840.0
113000.0 114000.0 201850.0077950728 0.0
114000.0 115000.0 90246.39001039902 840.0
115000.0 116000.0 169593.17884268938 0.0
116000.0 117000.0 153289.22327257454 840.0
117000.0 118000.0 82206.23901623534 0.0
118000.0 119000.0 39705.63744876355 840.0
119000.0 120000.0 169630.84276420722 0.0
120000.0 121000.0 73798.28784336039 840.0
121000.0 122000.0 213476.4622951259 0.0
122000.0 123000.0 241539.8153988879 840.0
123000.0 124000.0 106505.26884684723 0.0
124000.0 125000.0 157547.31982702724 840.0
125000.0 126000.0 40889.1075239357 0.0
126000.0 127000.0 2597.797323596749 0.0
127000.0 128000.0 0.0 0.0
128000.0 129000.0 209454.65730543688 840.0
129000.0 130000.0 70421.72404391645 0.0
130000.0 131000.0 240212.38121633296 840.0
131000.0 132000.0 143897.63208230658 840.0
132000.0 133000.0 103275.58029827819 0.0
133000.0 134000.0 87164.76012580411 0.0
134000.0 135000.0 112501.02590314213 288.0
135000.0 136000.0 156177.71117441714 288.0
136000.0 137000.0 63665.52785036556 0.0
137000.0 138000.0 0.0 0.0
138000.0 139000.0 149820.77303722518 480.0
139000.0 140000.0 12649.571205814987 0.0
140000.0 141000.0 140979.6557569598 480.0
141000.0 142000.0 0.0 0.0
142000.0 143000.0 0.0 0.0
143000.0 144000.0 1026.7135881314484 0.0
144000.0 145000.0 1890.2864118685513 0.0
145000.0 146000.0 0.0 0.0
146000.0 147000.0 148152.51424995 480.0
147000.0 148000.0 132820.65931129793 480.0
148000.0 149000.0 172995.82036282157 480.0
149000.0 150000.0 173980.78362212598 480.0
150000.0 151000.0 42771.22245380448 0.0
151000.0 152000.0 32401.490904334656 480.0
152000.0 153000.0 246002.00581255107 480.0
153000.0 154000.0 160684.03354042902 480.0
154000.0 155000.0 123813.54351184603 480.0
155000.0 156000.0 83374.11294519775 0.0
156000.0 157000.0 72531.04606049729 840.0
157000.0 158000.0 130295.15155453878 0.0
158000.0 159000.0 114705.25905254413 840.0
159000.0 160000.0 145850.773716841 0.0
160000.0 161000.0 99654.25615208397 840.0
161000.0 162000.0 170261.15963244278 0.0
162000.0 163000.0 56347.77421910973 840.0
163000.0 164000.0 172606.5128307842 0.0
164000.0 165000.0 88798.1475662561 840.0
165000.0 166000.0 146118.36562943453 0.0
166000.0 167000.0 164736.1889796975 840.0
167000.0 168000.0 74165.21700381684 0.0
168000.0 169000.0 9270.960887594665 0.0
169000.0 170000.0 0.0 0.0
170000.0 171000.0 173562.93272447804 840.0
171000.0 172000.0 170908.8643826866 840.0
172000.0 173000.0 160034.16898395785 0.0
173000.0 174000.0 135054.96882658603 840.0
174000.0 175000.0 215864.25238842872 840.0
175000.0 176000.0 104311.32128734603 0.0
176000.0 177000.0 167621.959435425 840.0
177000.0 178000.0 66364.36742592056 0.0
178000.0 179000.0 191820.96393527795 840.0
179000.0 180000.0 44229.42044756167 0.0
180000.0 181000.0 173503.53096197176 840.0
181000.0 182000.0 49386.39656823756 0.0
182000.0 183000.0 195902.2694184064 840.0
183000.0 184000.0 44994.29868590026 0.0
184000.0 185000.0 190290.1779886617 840.0
185000.0 186000.0 47234.227993077264 0.0
186000.0 187000.0 512.8785460766164 0.0
187000.0 188000.0 0.0 0.0
188000.0 189000.0 216000.31573385958 840.0
189000.0 190000.0 173969.84672962694 480.0
190000.0 191000.0 170505.58759991208 480.0
191000.0 192000.0 57418.263904396495 0.0
192000.0 193000.0 107782.45804911725 480.0
193000.0 194000.0 46211.655525978545 0.0
194000.0 195000.0 155675.13444856164 840.0
195000.0 196000.0 67489.52540998143 0.0
196000.0 197000.0 6817.212598566037 0.0
197000.0 198000.0 1076.0676206709634 0.0
198000.0 199000.0 1866.9323793290364 0.0
199000.0 200000.0 72355.99053961679 480.0
200000.0 201000.0 167361.67866720847 480.0
201000.0 202000.0 93250.63174271409 480.0
202000.0 203000.0 149269.6553133647 480.0
203000.0 204000.0 151857.76891104036 0.0
204000.0 205000.0 165134.1678533927 480.0
205000.0 206000.0 135352.80780505307 0.0
206000.0 207000.0 100078.73623497844 840.0
207000.0 208000.0 156365.00596536556 0.0
208000.0 209000.0 60283.86298099444 840.0
209000.0 210000.0 178820.36012440373 0.0
210000.0 211000.0 31109.333861867573 840.0
211000.0 212000.0 181080.94911474377 0.0
212000.0 213000.0 169397.95426982443 840.0
213000.0 214000.0 114981.20221229448 0.0
214000.0 215000.0 103589.24686455312 840.0
215000.0 216000.0 129434.4512986519 0.0
216000.0 217000.0 155418.45717560156 840.0
217000.0 218000.0 104336.32170683735 0.0
218000.0 219000.0 105677.94522242612 840.0
219000.0 220000.0 141140.46885115263 0.0
220000.0 221000.0 194760.63222674455 840.0
221000.0 222000.0 76909.19342388246 0.0
222000.0 223000.0 145459.38691895033 840.0
223000.0 224000.0 72943.25698507293 0.0
224000.0 225000.0 136431.67509472347 840.0
225000.0 226000.0 113089.07869124535 0.0
226000.0 227000.0 3571.779943295641 0.0
227000.0 228000.0 0.0 0.0
228000.0 229000.0 149029.6913337785 840.0
229000.0 230000.0 126225.53917526994 480.0
230000.0 231000.0 183890.88782562254 480.0
231000.0 232000.0 83608.49825492577 0.0
232000.0 233000.0 90477.02106159725 480.0
233000.0 234000.0 126352.48477282067 840.0
234000.0 235000.0 166238.87757598536 0.0
235000.0 236000.0 0.0 0.0
236000.0 237000.0 186550.6646552602 840.0
237000.0 238000.0 92735.0863435287 0.0
238000.0 239000.0 161635.01759413444 840.0
239000.0 240000.0 45788.0144613322 0.0
240000.0 241000.0 175818.08902014632 840.0
241000.0 242000.0 76356.43190960589 0.0
242000.0 243000.0 145374.84830163277 840.0
243000.0 244000.0 60441.08756544311 0.0
244000.0 245000.0 168551.62121188434 840.0
245000.0 246000.0 179960.3257047488 840.0
246000.0 247000.0 193046.76728141741 840.0
247000.0 248000.0 154605.48480917804 0.0
248000.0 249000.0 33922.56114168775 0.0
249000.0 250000.0 0.0 0.0
250000.0 251000.0 166387.547302077 840.0
251000.0 252000.0 167953.52073630237 840.0
252000.0 253000.0 107183.36036444682 0.0
253000.0 254000.0 84825.3463427987 0.0
254000.0 255000.0 109960.41022160836 840.0
255000.0 256000.0 212913.41245172935 840.0
256000.0 257000.0 189300.20845241612 0.0
257000.0 258000.0 33825.498493726394 840.0
258000.0 259000.0 202095.06915536427 0.0
259000.0 260000.0 194271.00298366102 840.0
260000.0 261000.0 169872.10648266115 840.0
261000.0 262000.0 139294.03238695333 0.0
262000.0 263000.0 73101.78432901402 840.0
263000.0 264000.0 103673.18615197681 0.0
264000.0 265000.0 162903.76401301354 840.0
265000.0 266000.0 158436.7442964252 0.0
266000.0 267000.0 5451.005835825585 0.0
267000.0 268000.0 0.0 0.0
268000.0 269000.0 172763.32085743494 840.0
269000.0 270000.0 74069.6604548137 0.0
270000.0 271000.0 174595.57655396298 840.0
271000.0 272000.0 178393.33714888248 840.0
272000.0 273000.0 170369.55040684735 840.0
273000.0 274000.0 10262.554578058538 0.0
274000.0 275000.0 237711.3071250812 0.0
275000.0 276000.0 157077.12864024861 840.0
276000.0 277000.0 186245.2726410877 840.0
277000.0 278000.0 94492.89031912955 0.0
278000.0 279000.0 155975.46192950127 840.0
279000.0 280000.0 70691.3134004603 0.0
280000.0 281000.0 8359.625944491336 0.0
281000.0 282000.0 0.0 0.0
282000.0 283000.0 199689.49976134318 840.0
283000.0 284000.0 138551.10759684915 288.0
284000.0 285000.0 123344.39264180766 288.0
285000.0 286000.0 0.0 0.0
286000.0 287000.0 141782.9312261477 480.0
287000.0 288000.0 17243.068773852297 0.0
288000.0 289000.0 147515.0 480.0
289000.0 290000.0 0.0 0.0
290000.0 291000.0 149774.55116001196 480.0
291000.0 292000.0 9346.448839988048 0.0
292000.0 293000.0 130277.37131844179 480.0
293000.0 294000.0 17360.62868155821 0.0
294000.0 295000.0 189850.76396773875 840.0
295000.0 296000.0 185036.4929935381 840.0
296000.0 297000.0 159303.5112838581 840.0
297000.0 298000.0 139167.79907436966 0.0
298000.0 299000.0 49676.432680495425 0.0
299000.0 300000.0 0.0 0.0
300000.0 301000.0 0.0 0.0
