ts te s_bytes_all avg_video_rate
0.0 1000.0 0.0 0.0
1000.0 2000.0 0.0 0.0
2000.0 3000.0 0.0 0.0
3000.0 4000.0 0.0 0.0
4000.0 5000.0 0.0 0.0
5000.0 6000.0 22269.663933876167 0.0
6000.0 7000.0 124391.20564503982 288.0
7000.0 8000.0 162298.4920236119 288.0
8000.0 9000.0 222054.7186733678 288.0
9000.0 10000.0 123218.79637741129 288.0
10000.0 11000.0 185129.59365090006 288.0
11000.0 12000.0 145117.84344965566 288.0
12000.0 13000.0 144506.44267720036 288.0
13000.0 14000.0 135259.07650134107 288.0
14000.0 15000.0 38202.71526856655 0.0
15000.0 16000.0 1077.4517990292813 0.0
16000.0 17000.0 0.0 0.0
17000.0 18000.0 147314.650461182 840.0
18000.0 19000.0 157993.57951407484 480.0
19000.0 20000.0 98361.17518680649 0.0
20000.0 21000.0 88638.31148472667 480.0
21000.0 22000.0 197154.05590175447 0.0
22000.0 23000.0 143161.47664828718 480.0
23000.0 24000.0 6567.750803168347 0.0
24000.0 25000.0 157840.62903872156 840.0
25000.0 26000.0 89869.40801198888 0.0
26000.0 27000.0 157969.09917885117 840.0
27000.0 28000.0 92894.10066373256 0.0
28000.0 29000.0 169756.49824035037 840.0
29000.0 30000.0 75058.38191468004 0.0
30000.0 31000.0 155311.16105811798 840.0
31000.0 32000.0 111909.26181308893 0.0
32000.0 33000.0 178647.8179476525 840.0
33000.0 34000.0 81157.75800991425 0.0
34000.0 35000.0 147490.10223424167 840.0
35000.0 36000.0 91076.6293574806 0.0
36000.0 37000.0 177151.2351883757 840.0
37000.0 38000.0 91577.10281347529 0.0
38000.0 39000.0 170169.01216972945 840.0
39000.0 40000.0 85835.08328176216 0.0
40000.0 41000.0 169012.17119367028 840.0
41000.0 42000.0 116634.30169617156 0.0
42000.0 43000.0 2454.056237063517 0.0
43000.0 44000.0 1158.1899509315429 0.0
44000.0 45000.0 0.0 0.0
45000.0 46000.0 2199.9373294679253 0.0
46000.0 47000.0 2540.716528352622 0.0
47000.0 48000.0 1093.3461421794525 0.0
48000.0 49000.0 94019.09963012308 480.0
49000.0 50000.0 165093.4975388521 480.0
50000.0 51000.0 216630.99633494226 0.0
51000.0 52000.0 152495.27986881384 480.0
52000.0 53000.0 201859.5317490982 480.0
53000.0 54000.0 135408.58953022922 480.0
54000.0 55000.0 160081.32792110823 480.0
55000.0 56000.0 90975.29186692952 0.0
56000.0 57000.0 167282.27253032048 840.0
57000.0 58000.0 90801.49137987166 0.0
58000.0 59000.0 140113.63649203652 840.0
59000.0 60000.0 90040.7982697263 0.0
60000.0 61000.0 163604.0521083359 840.0
61000.0 62000.0 83128.01956068794 0.0
62000.0 63000.0 162967.71706875006 840.0
63000.0 64000.0 84509.74749851585 0.0
64000.0 65000.0 173892.07315723115 840.0
65000.0 66000.0 105030.8297902369 0.0
66000.0 67000.0 169663.33468380608 840.0
67000.0 68000.0 109688.55640710777 0.0
68000.0 69000.0 128961.28082679043 840.0
69000.0 70000.0 132666.82627788265 0.0
70000.0 71000.0 127232.25025370959 840.0
71000.0 72000.0 89626.93344559034 0.0
72000.0 73000.0 169272.80643627179 840.0
73000.0 74000.0 91765.40813121118 0.0
74000.0 75000.0 15003.020246745824 0.0
75000.0 76000.0 1104.33099507523 0.0
76000.0 77000.0 0.0 0.0
77000.0 78000.0 2210.3160166803855 0.0
78000.0 79000.0 83159.92362506145 480.0
79000.0 80000.0 170628.27159536516 480.0
80000.0 81000.0 159377.47937243117 480.0
81000.0 82000.0 158467.75979407533 480.0
82000.0 83000.0 160831.7018249456 480.0
83000.0 84000.0 50712.54777144092 0.0
84000.0 85000.0 120007.61466516717 480.0
85000.0 86000.0 37453.89817062942 0.0
86000.0 87000.0 142989.95537576987 840.0
87000.0 88000.0 79479.0157417507 0.0
88000.0 89000.0 152544.43665381294 840.0
89000.0 90000.0 81953.51255702476 0.0
90000.0 91000.0 167243.23653918784 840.0
91000.0 92000.0 78067.86560846603 0.0
92000.0 93000.0 11910.41948842313 0.0
93000.0 94000.0 1204.0451997681196 0.0
94000.0 95000.0 0.0 0.0
95000.0 96000.0 149532.93222241596 480.0
96000.0 97000.0 222238.03138964417 480.0
97000.0 98000.0 116999.51709559055 0.0
98000.0 99000.0 133416.20309018533 480.0
99000.0 100000.0 24668.316202164013 0.0
100000.0 101000.0 135147.5547795198 480.0
101000.0 102000.0 134798.26549282577 480.0
102000.0 103000.0 94894.40118889029 840.0
103000.0 104000.0 155410.85479930235 0.0
104000.0 105000.0 177030.48793699057 840.0
105000.0 106000.0 103201.43580247124 0.0
106000.0 107000.0 98645.52833303354 840.0
107000.0 108000.0 123589.73364766757 0.0
108000.0 109000.0 203372.14707262276 840.0
109000.0 110000.0 82879.62226717919 0.0
110000.0 111000.0 131399.27124886576 840.0
111000.0 112000.0 105560.3171472513 0.0
112000.0 113000.0 125481.3400477132 840.0
113000.0 114000.0 125822.2746161975 0.0
114000.0 115000.0 156721.872818698 840.0
115000.0 116000.0 73648.46502738389 0.0
116000.0 117000.0 148411.75513617575 840.0
117000.0 118000.0 90841.55190927148 0.0
118000.0 119000.0 168834.86947126864 840.0
119000.0 120000.0 82114.35622944527 0.0
120000.0 121000.0 159533.55034248275 840.0
121000.0 122000.0 73194.26801792391 0.0
122000.0 123000.0 101957.70423463034 840.0
123000.0 124000.0 138223.89667153513 0.0
124000.0 125000.0 38644.47576065407 0.0
125000.0 126000.0 3971.7377855812824 0.0
126000.0 127000.0 137504.48533140766 840.0
127000.0 128000.0 86000.20412836563 0.0
128000.0 129000.0 157777.24179592382 480.0
129000.0 130000.0 158260.01875385965 0.0
130000.0 131000.0 130589.97043775501 480.0
131000.0 132000.0 39006.34176710693 0.0
132000.0 133000.0 124501.78465990642 480.0
133000.0 134000.0 31141.215340093582 0.0
134000.0 135000.0 153203.2316650284 840.0
135000.0 136000.0 62838.37033941993 0.0
136000.0 137000.0 4834.397995551655 0.0
137000.0 138000.0 0.0 0.0
138000.0 139000.0 166970.32977545902 840.0
139000.0 140000.0 138970.8886720168 288.0
140000.0 141000.0 164865.55215045466 288.0
141000.0 142000.0 4781.229402069512 0.0
142000.0 143000.0 112505.0 288.0
143000.0 144000.0 0.0 0.0
144000.0 145000.0 128527.27566046086 480.0
145000.0 146000.0 21735.724339539134 0.0
146000.0 147000.0 130384.88751158702 480.0
147000.0 148000.0 20876.11248841299 0.0
148000.0 149000.0 2918.0 0.0
149000.0 150000.0 0.0 0.0
150000.0 151000.0 120212.7612486341 480.0
151000.0 152000.0 151015.39511384122 480.0
152000.0 153000.0 122700.53447429676 480.0
153000.0 154000.0 86013.30916322791 0.0
154000.0 155000.0 122648.063192919 480.0
155000.0 156000.0 138821.66736231418 480.0
156000.0 157000.0 160127.77330399136 480.0
157000.0 158000.0 40928.77347177164 0.0
158000.0 159000.0 134480.51627640912 840.0
159000.0 160000.0 107202.31530922285 0.0
160000.0 161000.0 156695.51354082674 840.0
161000.0 162000.0 102279.6398851868 0.0
162000.0 163000.0 127155.6563030547 840.0
163000.0 164000.0 118462.67615064354 0.0
164000.0 165000.0 159736.8815266018 840.0
165000.0 166000.0 78524.1352879808 0.0
166000.0 167000.0 142062.99755471587 840.0
167000.0 168000.0 121063.55641840275 0.0
168000.0 169000.0 187999.1867344544 840.0
169000.0 170000.0 74379.48960667083 0.0
170000.0 171000.0 140283.54560856856 840.0
171000.0 172000.0 96470.47333500942 0.0
172000.0 173000.0 14991.139131255706 0.0
173000.0 174000.0 0.0 0.0
174000.0 175000.0 145727.25676726073 840.0
175000.0 176000.0 80003.63771679936 0.0
176000.0 177000.0 126978.60458979558 480.0
177000.0 178000.0 144056.64702690838 480.0
178000.0 179000.0 163268.24029371492 480.0
179000.0 180000.0 29586.61360552105 0.0
180000.0 181000.0 136086.4602272851 480.0
181000.0 182000.0 30887.539772714874 0.0
182000.0 183000.0 160885.63718981302 840.0
183000.0 184000.0 75977.0573702087 0.0
184000.0 185000.0 170018.8898237939 840.0
185000.0 186000.0 72895.08966645284 0.0
186000.0 187000.0 168383.09637259517 840.0
187000.0 188000.0 70605.86083656394 0.0
188000.0 189000.0 160671.55411289821 840.0
189000.0 190000.0 84632.2800338825 0.0
190000.0 191000.0 181853.4580409488 840.0
191000.0 192000.0 86051.27825168583 0.0
192000.0 193000.0 147380.88297027454 840.0
193000.0 194000.0 79443.48280486892 0.0
194000.0 195000.0 174428.88557040988 840.0
195000.0 196000.0 182691.73362394463 840.0
196000.0 197000.0 167390.509030501 840.0
197000.0 198000.0 190080.40289480326 0.0
198000.0 199000.0 46887.85127278165 840.0
199000.0 200000.0 180510.44515505573 0.0
200000.0 201000.0 55583.604978517425 0.0
201000.0 202000.0 0.0 0.0
202000.0 203000.0 132574.73756133646 840.0
203000.0 204000.0 161798.92779400214 840.0
204000.0 205000.0 217482.33335009604 840.0
205000.0 206000.0 183095.72294729398 0.0
206000.0 207000.0 150218.34600002415 840.0
207000.0 208000.0 148084.0307409399 0.0
208000.0 209000.0 145939.1476127022 840.0
209000.0 210000.0 94032.42199729451 0.0
210000.0 211000.0 13493.331996310642 0.0
211000.0 212000.0 0.0 0.0
212000.0 213000.0 143192.54406550148 840.0
213000.0 214000.0 89191.32390985577 0.0
214000.0 215000.0 130021.21259413523 840.0
215000.0 216000.0 130831.13476455957 0.0
216000.0 217000.0 119599.19594469065 480.0
217000.0 218000.0 20030.588721257307 0.0
218000.0 219000.0 131300.9363864984 480.0
219000.0 220000.0 21475.06361350163 0.0
220000.0 221000.0 144586.84774490225 480.0
221000.0 222000.0 119026.24911290884 480.0
222000.0 223000.0 164843.3787873379 480.0
223000.0 224000.0 35029.524354851004 0.0
224000.0 225000.0 145114.3135520604 840.0
225000.0 226000.0 79922.66116981927 0.0
226000.0 227000.0 174091.47364432394 840.0
227000.0 228000.0 57261.29378363072 0.0
228000.0 229000.0 152420.87754186473 840.0
229000.0 230000.0 97620.31866064956 0.0
230000.0 231000.0 179338.31327836856 840.0
231000.0 232000.0 56912.389190149064 0.0
232000.0 233000.0 169423.82195886568 840.0
233000.0 234000.0 69453.3912199387 0.0
234000.0 235000.0 166765.02933805744 840.0
235000.0 236000.0 74097.86776907858 0.0
236000.0 237000.0 172915.79124070576 840.0
237000.0 238000.0 80103.8895507335 0.0
238000.0 239000.0 179458.60947034333 840.0
239000.0 240000.0 76853.14971965393 0.0
240000.0 241000.0 175052.7228230499 840.0
241000.0 242000.0 75454.61433294842 0.0
242000.0 243000.0 88332.42750614801 840.0
243000.0 244000.0 136103.89216149895 0.0
244000.0 245000.0 187725.20797961866 840.0
245000.0 246000.0 202477.8160593186 840.0
246000.0 247000.0 189355.55651911703 0.0
247000.0 248000.0 140327.27367818716 840.0
248000.0 249000.0 176800.56607407518 840.0
249000.0 250000.0 144461.10935875354 0.0
250000.0 251000.0 141352.05902414824 840.0
251000.0 252000.0 104433.03032413607 0.0
252000.0 253000.0 137207.35561403155 840.0
253000.0 254000.0 101011.07643543511 0.0
254000.0 255000.0 180728.7300390917 840.0
255000.0 256000.0 99442.95933717705 0.0
256000.0 257000.0 173909.07251139724 840.0
257000.0 258000.0 71917.31962693136 0.0
258000.0 259000.0 163675.6681625992 840.0
259000.0 260000.0 107508.03707596936 0.0
260000.0 261000.0 142291.78837925312 840.0
261000.0 262000.0 101053.47685764435 0.0
262000.0 263000.0 146799.92031283613 840.0
263000.0 264000.0 87117.28821289344 0.0
264000.0 265000.0 152403.62215763057 840.0
265000.0 266000.0 99904.0374809618 0.0
266000.0 267000.0 184383.1635266048 840.0
267000.0 268000.0 78100.58113747154 0.0
268000.0 269000.0 163773.19201646963 840.0
269000.0 270000.0 98345.89812470469 0.0
270000.0 271000.0 19242.34606165442 0.0
271000.0 272000.0 0.0 0.0
272000.0 273000.0 0.0 0.0
273000.0 274000.0 4056.4808819455484 0.0
274000.0 275000.0 90743.77199444668 480.0
275000.0 276000.0 224609.2823504097 480.0
276000.0 277000.0 166901.50671069688 480.0
277000.0 278000.0 109387.54323281688 0.0
278000.0 279000.0 137497.30717841332 480.0
279000.0 280000.0 10828.107651271032 0.0
280000.0 281000.0 116237.34729360281 840.0
281000.0 282000.0 99235.69443705243 0.0
282000.0 283000.0 178931.22157616034 840.0
283000.0 284000.0 95878.06041852458 0.0
284000.0 285000.0 181715.22690466407 840.0
285000.0 286000.0 64609.42180989914 0.0
286000.0 287000.0 159290.48279023392 840.0
287000.0 288000.0 88738.74280862403 0.0
288000.0 289000.0 165041.73751549367 840.0
289000.0 290000.0 66738.6578470311 0.0
290000.0 291000.0 135172.82577044814 840.0
291000.0 292000.0 68825.55379014116 0.0
292000.0 293000.0 55970.556438191845 840.0
293000.0 294000.0 157914.16941569746 0.0
294000.0 295000.0 70200.0812279452 840.0
295000.0 296000.0 169595.89484864307 0.0
296000.0 297000.0 133424.21262771267 840.0
297000.0 298000.0 134141.90316815223 0.0
298000.0 299000.0 134558.61648937038 840.0
299000.0 300000.0 64173.84116470181 0.0
300000.0 301000.0 7127.751657709907 0.0
