ts te s_bytes_all avg_video_rate
0.0 1000.0 0.0 0.0
1000.0 2000.0 0.0 0.0
2000.0 3000.0 0.0 0.0
3000.0 4000.0 0.0 0.0
4000.0 5000.0 0.0 0.0
5000.0 6000.0 13767.434757556159 0.0
6000.0 7000.0 120413.6446368103 288.0
7000.0 8000.0 144143.84477702773 288.0
8000.0 9000.0 146875.0758286058 288.0
9000.0 10000.0 197969.08171094113 4400.0
10000.0 11000.0 187898.1781822953 0.0
11000.0 12000.0 123636.951527344 0.0
12000.0 13000.0 168819.51025205964 0.0
13000.0 14000.0 211072.56192870476 4400.0
14000.0 15000.0 283703.0078611644 0.0
15000.0 16000.0 213594.83858918905 288.0
16000.0 17000.0 118647.53759555846 288.0
17000.0 18000.0 180253.27517099606 288.0
18000.0 19000.0 143403.98497316058 288.0
19000.0 20000.0 85167.45042950769 288.0
20000.0 21000.0 129447.16792952291 288.0
21000.0 22000.0 128135.4429803449 288.0
22000.0 23000.0 27204.24778574033 0.0
23000.0 24000.0 163757.51178761933 840.0
24000.0 25000.0 44750.14073520393 840.0
25000.0 26000.0 158277.26068379785 0.0
26000.0 27000.0 91683.05198949593 840.0
27000.0 28000.0 143977.45181364543 840.0
28000.0 29000.0 172074.7683266228 840.0
29000.0 30000.0 96537.22377933272 0.0
30000.0 31000.0 119843.38807131781 840.0
31000.0 32000.0 132212.96589643502 0.0
32000.0 33000.0 102858.14003584799 840.0
33000.0 34000.0 119782.05244820962 0.0
34000.0 35000.0 101523.73601612076 840.0
35000.0 36000.0 98082.8499416421 0.0
36000.0 37000.0 161034.75236280967 840.0
37000.0 38000.0 38488.38421051799 0.0
38000.0 39000.0 147805.4765482787 840.0
39000.0 40000.0 90941.89927325622 840.0
40000.0 41000.0 184068.70916331693 0.0
41000.0 42000.0 17179.977019721784 0.0
42000.0 43000.0 194230.88166992695 840.0
43000.0 44000.0 29898.094191984164 0.0
44000.0 45000.0 217513.0471183671 840.0
45000.0 46000.0 5761.883321200559 840.0
46000.0 47000.0 140160.11667879944 0.0
47000.0 48000.0 95861.22709891746 840.0
48000.0 49000.0 174379.4789259176 0.0
49000.0 50000.0 81005.74355082877 840.0
50000.0 51000.0 137978.55042433616 0.0
51000.0 52000.0 49139.11053357257 840.0
52000.0 53000.0 172742.21965040112 0.0
53000.0 54000.0 164922.45288886185 840.0
54000.0 55000.0 128072.21692716445 0.0
55000.0 56000.0 89067.49791372045 840.0
56000.0 57000.0 116157.23502718593 0.0
57000.0 58000.0 129738.45003661196 840.0
58000.0 59000.0 102962.81702248166 0.0
59000.0 60000.0 109869.73597576044 840.0
60000.0 61000.0 154436.1615319106 840.0
61000.0 62000.0 118163.42367866983 0.0
62000.0 63000.0 70375.67881365912 0.0
63000.0 64000.0 78635.46050097112 840.0
64000.0 65000.0 130443.57939917449 840.0
65000.0 66000.0 162909.38311237958 0.0
66000.0 67000.0 55451.95729956067 0.0
67000.0 68000.0 164290.18685880356 840.0
68000.0 69000.0 89279.01105422253 840.0
69000.0 70000.0 145603.30746992325 840.0
70000.0 71000.0 73431.88611705048 0.0
71000.0 72000.0 139779.63886062187 840.0
72000.0 73000.0 43330.71009531056 0.0
73000.0 74000.0 142979.35060985986 840.0
74000.0 75000.0 68673.39507636061 840.0
75000.0 76000.0 166578.95333214017 840.0
76000.0 77000.0 178899.15368937995 840.0
77000.0 78000.0 70360.94082259762 0.0
78000.0 79000.0 125941.61494569099 840.0
79000.0 80000.0 98117.48387762999 0.0
80000.0 81000.0 139683.07343216203 840.0
81000.0 82000.0 122081.40222863748 0.0
82000.0 83000.0 110024.51608007234 840.0
83000.0 84000.0 105454.95756802565 0.0
84000.0 85000.0 137182.6036280449 840.0
85000.0 86000.0 96304.45200954212 0.0
86000.0 87000.0 168812.5479078097 840.0
87000.0 88000.0 65679.2793900446 840.0
88000.0 89000.0 177748.15463398385 0.0
89000.0 90000.0 0.0 840.0
90000.0 91000.0 202146.28729074972 0.0
91000.0 92000.0 38542.617137163244 840.0
92000.0 93000.0 171905.69403969383 0.0
93000.0 94000.0 89237.4104533259 840.0
94000.0 95000.0 170171.99107906732 0.0
95000.0 96000.0 0.0 840.0
96000.0 97000.0 196788.0 840.0
97000.0 98000.0 109462.13885272726 840.0
98000.0 99000.0 85036.12853013135 0.0
99000.0 100000.0 68698.8334311049 840.0
100000.0 101000.0 138949.56204201872 0.0
101000.0 102000.0 102319.92361299857 840.0
102000.0 103000.0 127741.4135310192 0.0
103000.0 104000.0 95171.30508962995 840.0
104000.0 105000.0 114979.91373510429 0.0
105000.0 106000.0 121612.67518720044 840.0
106000.0 107000.0 105279.38993526716 0.0
107000.0 108000.0 109287.83207898815 840.0
108000.0 109000.0 170060.91182765903 840.0
109000.0 110000.0 143353.32742674512 0.0
110000.0 111000.0 45557.64471940585 0.0
111000.0 112000.0 100688.55419395899 840.0
112000.0 113000.0 166403.74046867114 0.0
113000.0 114000.0 134599.77141301474 840.0
114000.0 115000.0 66815.61478860896 840.0
115000.0 116000.0 153519.6065010823 0.0
116000.0 117000.0 39212.67550730937 840.0
117000.0 118000.0 157284.5721556449 0.0
118000.0 119000.0 154868.82626101648 840.0
119000.0 120000.0 137467.40863724568 0.0
120000.0 121000.0 48199.26443858643 840.0
121000.0 122000.0 131341.965634861 0.0
122000.0 123000.0 37384.0 0.0
123000.0 124000.0 136247.25703556498 840.0
124000.0 125000.0 125975.35645530118 0.0
125000.0 126000.0 136632.29279417748 840.0
126000.0 127000.0 197052.58601173284 840.0
127000.0 128000.0 65763.99890489336 0.0
128000.0 129000.0 106330.83112529096 840.0
129000.0 130000.0 104136.26297836965 0.0
130000.0 131000.0 158905.42841096286 840.0
131000.0 132000.0 47769.07743451592 0.0
132000.0 133000.0 150196.32986997825 840.0
133000.0 134000.0 69792.81607897635 0.0
134000.0 135000.0 182269.66304606604 840.0
135000.0 136000.0 40876.099854170156 0.0
136000.0 137000.0 141040.9449264357 840.0
137000.0 138000.0 101766.85051095561 840.0
138000.0 139000.0 210716.20456260868 840.0
139000.0 140000.0 1183.0 0.0
140000.0 141000.0 196114.0 840.0
141000.0 142000.0 131.46267231125515 840.0
142000.0 143000.0 207859.53732768874 0.0
143000.0 144000.0 16437.730846811475 840.0
144000.0 145000.0 222914.90071069336 0.0
145000.0 146000.0 16124.892983327467 840.0
146000.0 147000.0 202916.4754591677 0.0
147000.0 148000.0 4512.0 0.0
148000.0 149000.0 2916.0 0.0
149000.0 150000.0 0.0 0.0
150000.0 151000.0 175468.7105436823 840.0
151000.0 152000.0 137243.95255199098 840.0
152000.0 153000.0 137852.3369043267 288.0
153000.0 154000.0 67323.2549352051 288.0
154000.0 155000.0 32920.7450647949 0.0
155000.0 156000.0 80200.6651969671 480.0
156000.0 157000.0 38409.3348030329 0.0
157000.0 158000.0 74622.68941414068 480.0
158000.0 159000.0 34948.240984483076 480.0
159000.0 160000.0 123697.3241504727 0.0
160000.0 161000.0 21245.745450903538 0.0
161000.0 162000.0 199017.5879067587 840.0
162000.0 163000.0 50838.30535558675 840.0
163000.0 164000.0 183154.77580670358 0.0
164000.0 165000.0 40733.61491685558 840.0
165000.0 166000.0 123676.28907631245 0.0
166000.0 167000.0 45451.981116326795 840.0
167000.0 168000.0 112736.2994546324 0.0
168000.0 169000.0 68051.8682147221 840.0
169000.0 170000.0 155077.04405799822 0.0
170000.0 171000.0 69083.64179455022 840.0
171000.0 172000.0 132594.59229955322 0.0
172000.0 173000.0 107275.0 840.0
173000.0 174000.0 113878.0 0.0
174000.0 175000.0 99284.80496756485 840.0
175000.0 176000.0 105986.53393572639 0.0
176000.0 177000.0 165994.8711867006 840.0
177000.0 178000.0 41959.09047989677 0.0
178000.0 179000.0 114405.7693435773 840.0
179000.0 180000.0 102079.1580546332 0.0
180000.0 181000.0 137134.5190240047 840.0
181000.0 182000.0 32058.80468612184 0.0
182000.0 183000.0 112054.74241395626 840.0
183000.0 184000.0 95375.24818677238 840.0
184000.0 185000.0 176867.4577210457 0.0
185000.0 186000.0 8619.24619482903 840.0
186000.0 187000.0 183789.06469420576 0.0
187000.0 188000.0 65711.2847528214 840.0
188000.0 189000.0 133005.75870288766 0.0
189000.0 190000.0 39860.41331805104 840.0
190000.0 191000.0 211209.23233720512 0.0
191000.0 192000.0 38819.52909174068 840.0
192000.0 193000.0 189757.47090825933 0.0
193000.0 194000.0 147186.71786498668 840.0
194000.0 195000.0 98456.28213501332 0.0
195000.0 196000.0 321.77830480451604 840.0
196000.0 197000.0 191915.22169519548 840.0
197000.0 198000.0 119588.4532218378 840.0
198000.0 199000.0 82995.5467781622 0.0
199000.0 200000.0 99017.43068798646 840.0
200000.0 201000.0 98880.53175047581 0.0
201000.0 202000.0 57566.13646487367 840.0
202000.0 203000.0 140875.19333991833 0.0
203000.0 204000.0 71698.60618575127 840.0
204000.0 205000.0 161223.06776796453 0.0
205000.0 206000.0 88955.12979685611 840.0
206000.0 207000.0 100268.30600504045 840.0
207000.0 208000.0 144864.88917723807 0.0
208000.0 209000.0 71760.38079323142 840.0
209000.0 210000.0 145400.3280306639 840.0
210000.0 211000.0 3001.2005182793796 840.0
211000.0 212000.0 196951.79948172063 0.0
212000.0 213000.0 36380.70014301738 840.0
213000.0 214000.0 137315.03395100002 0.0
214000.0 215000.0 57539.06239398865 840.0
215000.0 216000.0 144242.73403445928 0.0
216000.0 217000.0 70096.49941671091 840.0
217000.0 218000.0 157887.4849784444 0.0
218000.0 219000.0 119469.48508237937 840.0
219000.0 220000.0 55718.0 0.0
220000.0 221000.0 3133.7466957497754 840.0
221000.0 222000.0 168607.2173720313 0.0
222000.0 223000.0 38904.0359322189 840.0
223000.0 224000.0 197458.95016659488 0.0
224000.0 225000.0 119593.34670793747 840.0
225000.0 226000.0 89888.61830991239 0.0
226000.0 227000.0 171774.55341454892 840.0
227000.0 228000.0 29255.531401006323 0.0
228000.0 229000.0 137626.951885366 840.0
229000.0 230000.0 57752.85363406274 840.0
230000.0 231000.0 156923.19448057128 0.0
231000.0 232000.0 1250.0 0.0
232000.0 233000.0 158601.07692365127 840.0
233000.0 234000.0 65364.046756566306 840.0
234000.0 235000.0 108261.87631978243 0.0
235000.0 236000.0 79156.74905108385 840.0
236000.0 237000.0 182667.25094891616 0.0
237000.0 238000.0 447.231729983652 840.0
238000.0 239000.0 187682.76827001636 0.0
239000.0 240000.0 639.8222458579722 840.0
240000.0 241000.0 180844.17775414203 0.0
241000.0 242000.0 9043.0 0.0
242000.0 243000.0 120908.7180550222 840.0
243000.0 244000.0 189245.30531597653 840.0
244000.0 245000.0 105148.24622667214 0.0
245000.0 246000.0 180677.85069294897 840.0
246000.0 247000.0 118155.73137780966 0.0
247000.0 248000.0 65783.09783010876 840.0
248000.0 249000.0 84640.17338011647 0.0
249000.0 250000.0 106469.31962739993 840.0
250000.0 251000.0 101226.75895550544 0.0
251000.0 252000.0 91072.74227083146 840.0
252000.0 253000.0 162118.53665823734 0.0
253000.0 254000.0 81162.56221213224 840.0
254000.0 255000.0 114761.24918804431 0.0
255000.0 256000.0 138516.01257700048 840.0
256000.0 257000.0 99208.77215033447 840.0
257000.0 258000.0 164608.92348185962 0.0
258000.0 259000.0 2832.042549293099 840.0
259000.0 260000.0 184389.41670338533 0.0
260000.0 261000.0 38715.48266638457 840.0
261000.0 262000.0 122081.76606254379 0.0
262000.0 263000.0 55906.53289225401 840.0
263000.0 264000.0 174457.9332915501 840.0
264000.0 265000.0 43666.11930709993 840.0
265000.0 266000.0 140845.69888800458 0.0
266000.0 267000.0 105232.93814822986 840.0
267000.0 268000.0 74703.32870548608 0.0
268000.0 269000.0 117557.59724326347 840.0
269000.0 270000.0 88752.8467583553 0.0
270000.0 271000.0 107001.14212853754 840.0
271000.0 272000.0 79070.51822692715 0.0
272000.0 273000.0 81333.33523169266 840.0
273000.0 274000.0 118567.37400877889 0.0
274000.0 275000.0 175217.8073918739 840.0
275000.0 276000.0 97625.57001651978 0.0
276000.0 277000.0 127045.61480502263 840.0
277000.0 278000.0 71510.32871958191 840.0
278000.0 279000.0 167224.1302670933 0.0
279000.0 280000.0 35987.47598812206 0.0
280000.0 281000.0 151645.9322971977 840.0
281000.0 282000.0 58276.40852664475 840.0
282000.0 283000.0 169503.2062289202 0.0
283000.0 284000.0 10820.136688772549 840.0
284000.0 285000.0 173355.31625846482 0.0
285000.0 286000.0 44673.032853614444 840.0
286000.0 287000.0 184422.96714638555 0.0
287000.0 288000.0 33609.0 840.0
288000.0 289000.0 179944.0 0.0
289000.0 290000.0 3827.3153396364337 840.0
290000.0 291000.0 163368.68466036356 0.0
291000.0 292000.0 125283.16584699691 840.0
292000.0 293000.0 79397.2888304362 0.0
293000.0 294000.0 88609.56540214346 840.0
294000.0 295000.0 104410.76924032498 0.0
295000.0 296000.0 115132.47738369042 840.0
296000.0 297000.0 88561.73329640804 0.0
297000.0 298000.0 93242.18359706813 840.0
298000.0 299000.0 90361.81640293187 0.0
299000.0 300000.0 59576.14740941304 840.0
300000.0 301000.0 130100.85259058696 0.0
