ts te s_bytes_all avg_video_rate
0.0 1000.0 0.0 0.0
1000.0 2000.0 0.0 0.0
2000.0 3000.0 0.0 0.0
3000.0 4000.0 0.0 0.0
4000.0 5000.0 0.0 0.0
5000.0 6000.0 0.0 0.0
6000.0 7000.0 44424.23386530892 288.0
7000.0 8000.0 173873.18818248675 288.0
8000.0 9000.0 133231.55440939558 288.0
9000.0 10000.0 81840.49798342638 288.0
10000.0 11000.0 163792.86838146215 288.0
11000.0 12000.0 96916.43092714666 288.0
12000.0 13000.0 106904.0436871436 0.0
13000.0 14000.0 128057.18256362993 288.0
14000.0 15000.0 8318.867958216542 288.0
15000.0 16000.0 71226.13204178346 0.0
16000.0 17000.0 10723.726369320682 840.0
17000.0 18000.0 188923.11775893945 0.0
18000.0 19000.0 28828.58571040163 840.0
19000.0 20000.0 175136.7293540199 0.0
20000.0 21000.0 3865.740056564524 840.0
21000.0 22000.0 191745.10075075383 0.0
22000.0 23000.0 5227.840154073596 840.0
23000.0 24000.0 187435.25058957533 0.0
24000.0 25000.0 2913.90925635105 0.0
25000.0 26000.0 198409.0 840.0
26000.0 27000.0 2913.0 840.0
27000.0 28000.0 207203.0 840.0
28000.0 29000.0 0.0 0.0
29000.0 30000.0 2896.4482442621397 0.0
30000.0 31000.0 16.551755737860233 0.0
31000.0 32000.0 6665.318339324342 480.0
32000.0 33000.0 211127.93851222465 480.0
33000.0 34000.0 166741.98494301538 480.0
34000.0 35000.0 128676.02127547648 480.0
35000.0 36000.0 126288.73692995917 0.0
36000.0 37000.0 17250.656828172054 840.0
37000.0 38000.0 163101.6236201159 0.0
38000.0 39000.0 6318.601003323111 840.0
39000.0 40000.0 171430.11854838897 0.0
40000.0 41000.0 10326.944377327123 0.0
41000.0 42000.0 170994.54854662978 840.0
42000.0 43000.0 3264.255817788402 0.0
43000.0 44000.0 190645.5057107714 840.0
44000.0 45000.0 34273.74554748326 0.0
45000.0 46000.0 188616.6533263842 840.0
46000.0 47000.0 51338.20540295782 840.0
47000.0 48000.0 165071.021600852 0.0
48000.0 49000.0 5904.81948592422 0.0
49000.0 50000.0 199049.3001838818 840.0
50000.0 51000.0 2900.7207799964285 0.0
51000.0 52000.0 182479.27922000358 840.0
52000.0 53000.0 6004.312851191338 840.0
53000.0 54000.0 174052.6594004655 0.0
54000.0 55000.0 3598.692070651002 840.0
55000.0 56000.0 184056.83847542692 0.0
56000.0 57000.0 38865.497202265244 0.0
57000.0 58000.0 228814.27917102995 840.0
58000.0 59000.0 119654.45438239185 840.0
59000.0 60000.0 191774.77613264145 840.0
60000.0 61000.0 95926.80495512541 840.0
61000.0 62000.0 167542.1764154048 0.0
62000.0 63000.0 120258.37205363988 840.0
63000.0 64000.0 174944.5172877547 0.0
64000.0 65000.0 23612.619602011968 840.0
65000.0 66000.0 187020.0 840.0
66000.0 67000.0 98009.0 0.0
67000.0 68000.0 165798.6351320638 840.0
68000.0 69000.0 85142.89977295554 840.0
69000.0 70000.0 151393.87531016063 0.0
70000.0 71000.0 68991.97758916802 840.0
71000.0 72000.0 164383.98308400647 0.0
72000.0 73000.0 58296.816529024436 840.0
73000.0 74000.0 202994.49356044477 0.0
74000.0 75000.0 41612.04524759571 0.0
75000.0 76000.0 209324.55985377778 840.0
76000.0 77000.0 74616.71919129744 840.0
77000.0 78000.0 203082.6690728589 0.0
78000.0 79000.0 55902.518614595014 840.0
79000.0 80000.0 296314.8070420515 0.0
80000.0 81000.0 84298.5253213802 840.0
81000.0 82000.0 262045.4746786198 0.0
82000.0 83000.0 94764.0 0.0
83000.0 84000.0 205856.00794753977 840.0
84000.0 85000.0 72160.3798089632 840.0
85000.0 86000.0 177238.61224349702 0.0
86000.0 87000.0 1386.433317329209 0.0
87000.0 88000.0 215794.2846188147 840.0
88000.0 89000.0 46185.85125316326 0.0
89000.0 90000.0 202999.70642205296 840.0
90000.0 91000.0 48032.72438863988 0.0
91000.0 92000.0 179450.03450132828 840.0
92000.0 93000.0 78603.05265386695 0.0
93000.0 94000.0 178148.27134766497 840.0
94000.0 95000.0 39023.14629564958 840.0
95000.0 96000.0 196931.10309673595 0.0
96000.0 97000.0 37400.39210475429 0.0
97000.0 98000.0 201019.18338605636 840.0
98000.0 99000.0 12181.875334768623 840.0
99000.0 100000.0 199066.5214216413 0.0
100000.0 101000.0 59917.73569534417 840.0
101000.0 102000.0 179019.38167704394 0.0
102000.0 103000.0 53065.302485145636 0.0
103000.0 104000.0 177468.5813484082 840.0
104000.0 105000.0 153363.93872373903 840.0
105000.0 106000.0 163440.03059950683 0.0
106000.0 107000.0 53173.60453033505 0.0
107000.0 108000.0 193870.19594642252 288.0
108000.0 109000.0 38674.41097586923 840.0
109000.0 110000.0 167335.42729188036 0.0
110000.0 111000.0 83403.11619077322 840.0
111000.0 112000.0 159131.54181673183 0.0
112000.0 113000.0 71228.96143020011 840.0
113000.0 114000.0 187763.19114613367 0.0
114000.0 115000.0 47844.0 0.0
115000.0 116000.0 182295.79496461104 840.0
116000.0 117000.0 69745.41277880168 0.0
117000.0 118000.0 196156.16035206596 840.0
118000.0 119000.0 68658.43324569611 840.0
119000.0 120000.0 202749.57900706408 0.0
120000.0 121000.0 25202.207291328534 840.0
121000.0 122000.0 181816.91721936426 0.0
122000.0 123000.0 58308.49514106832 0.0
123000.0 124000.0 90569.34907854501 840.0
124000.0 125000.0 121682.9410906496 0.0
125000.0 126000.0 112774.99335169721 840.0
126000.0 127000.0 220477.00782300363 0.0
127000.0 128000.0 150051.3142508914 840.0
128000.0 129000.0 79450.19754165896 0.0
129000.0 130000.0 175539.60336067597 840.0
130000.0 131000.0 78103.5227669519 840.0
131000.0 132000.0 189375.10531777688 0.0
132000.0 133000.0 52911.47609192753 840.0
133000.0 134000.0 203310.48932622198 0.0
134000.0 135000.0 39910.0 0.0
135000.0 136000.0 212485.6474754191 840.0
136000.0 137000.0 27425.15441394175 840.0
137000.0 138000.0 205944.00260599924 0.0
138000.0 139000.0 29532.195504639916 0.0
139000.0 140000.0 189863.8999779253 840.0
140000.0 141000.0 25699.445843370257 840.0
141000.0 142000.0 214921.65417870443 0.0
142000.0 143000.0 65079.218041334716 840.0
143000.0 144000.0 207829.0160836057 0.0
144000.0 145000.0 37166.97694674931 840.0
145000.0 146000.0 201259.78892831027 0.0
146000.0 147000.0 28845.790320320277 840.0
147000.0 148000.0 200314.74825458362 0.0
148000.0 149000.0 53237.892936439624 840.0
149000.0 150000.0 202253.56848865646 0.0
150000.0 151000.0 13213.41268891466 840.0
151000.0 152000.0 191286.09713620797 0.0
152000.0 153000.0 40317.462374549905 840.0
153000.0 154000.0 206926.15407857933 0.0
154000.0 155000.0 29905.873721748143 0.0
155000.0 156000.0 210612.722765356 840.0
156000.0 157000.0 145041.5022362235 840.0
157000.0 158000.0 143936.01832826863 480.0
158000.0 159000.0 161446.2304284699 0.0
159000.0 160000.0 149546.7172702811 480.0
160000.0 161000.0 2893.8089714008797 0.0
161000.0 162000.0 341479.696147732 840.0
162000.0 163000.0 70860.63823841762 840.0
163000.0 164000.0 142899.70172761913 0.0
164000.0 165000.0 55291.71498641814 840.0
165000.0 166000.0 272937.15649310115 0.0
166000.0 167000.0 36055.09240671196 0.0
167000.0 168000.0 0.0 0.0
168000.0 169000.0 9620.606329660837 840.0
169000.0 170000.0 198580.54667615172 0.0
170000.0 171000.0 163817.56473851862 480.0
171000.0 172000.0 138484.28225566883 480.0
172000.0 173000.0 43080.0 0.0
173000.0 174000.0 65529.7657152351 480.0
174000.0 175000.0 106297.33163150432 840.0
175000.0 176000.0 177661.77223181044 0.0
176000.0 177000.0 62879.162265856874 840.0
177000.0 178000.0 149661.525482628 0.0
178000.0 179000.0 70449.74431599175 0.0
179000.0 180000.0 204453.76230630727 840.0
180000.0 181000.0 81755.51313128116 840.0
181000.0 182000.0 177204.11024121483 0.0
182000.0 183000.0 72718.66315816496 840.0
183000.0 184000.0 166522.75107591687 0.0
184000.0 185000.0 51777.50754713442 0.0
185000.0 186000.0 201836.6839266214 840.0
186000.0 187000.0 106489.31612945083 840.0
187000.0 188000.0 180695.22182179327 0.0
188000.0 189000.0 28656.450590841243 840.0
189000.0 190000.0 186477.3164747151 0.0
190000.0 191000.0 31833.586882752035 840.0
191000.0 192000.0 199025.53277328028 0.0
192000.0 193000.0 61508.73365380202 0.0
193000.0 194000.0 210542.229400862 840.0
194000.0 195000.0 32642.91625561804 840.0
195000.0 196000.0 202146.58571202777 0.0
196000.0 197000.0 44044.733459361414 840.0
197000.0 198000.0 221057.34911128855 0.0
198000.0 199000.0 40890.00457482571 840.0
199000.0 200000.0 197261.00392367094 0.0
200000.0 201000.0 26576.252295478473 840.0
201000.0 202000.0 196678.44686676838 0.0
202000.0 203000.0 61823.89691352346 840.0
203000.0 204000.0 206262.13013027317 0.0
204000.0 205000.0 15317.779100518637 840.0
205000.0 206000.0 242306.8076485321 0.0
206000.0 207000.0 144191.0515284201 840.0
207000.0 208000.0 169743.55458443885 840.0
208000.0 209000.0 175201.41623192225 0.0
209000.0 210000.0 240275.33647644066 840.0
210000.0 211000.0 132768.73185696237 840.0
211000.0 212000.0 176695.74511644332 0.0
212000.0 213000.0 78817.9645844821 0.0
213000.0 214000.0 178031.2197529717 840.0
214000.0 215000.0 37662.375506106786 0.0
215000.0 216000.0 175405.37059971062 840.0
216000.0 217000.0 75045.99709472325 840.0
217000.0 218000.0 210346.6068358861 0.0
218000.0 219000.0 23524.784776198045 840.0
219000.0 220000.0 181372.11371351682 0.0
220000.0 221000.0 36419.144592726225 0.0
221000.0 222000.0 204480.77571472462 840.0
222000.0 223000.0 53032.43161915914 840.0
223000.0 224000.0 201801.48213276776 0.0
224000.0 225000.0 32487.310533348493 0.0
225000.0 226000.0 181414.0 840.0
226000.0 227000.0 60526.818151452346 840.0
227000.0 228000.0 244315.04397259915 0.0
228000.0 229000.0 56302.52710318534 840.0
229000.0 230000.0 183742.8937595919 0.0
230000.0 231000.0 69658.34128276978 840.0
231000.0 232000.0 189023.0405087098 0.0
232000.0 233000.0 35138.52695169817 840.0
233000.0 234000.0 171867.7597092939 0.0
234000.0 235000.0 60211.048560699564 0.0
235000.0 236000.0 190715.90683690467 840.0
236000.0 237000.0 75564.39773133937 840.0
237000.0 238000.0 183731.31407154407 0.0
238000.0 239000.0 39688.87319782594 840.0
239000.0 240000.0 207449.50816238593 0.0
240000.0 241000.0 0.0 0.0
241000.0 242000.0 184625.5733382105 840.0
242000.0 243000.0 84049.4266617895 0.0
243000.0 244000.0 185541.4733633158 840.0
244000.0 245000.0 128825.52292995712 0.0
245000.0 246000.0 189368.50404526273 840.0
246000.0 247000.0 85828.60706933717 0.0
247000.0 248000.0 5849.8925921271575 0.0
248000.0 249000.0 10572.076474788159 0.0
249000.0 250000.0 146368.92352521184 840.0
250000.0 251000.0 76472.0 288.0
251000.0 252000.0 227321.0722072603 288.0
252000.0 253000.0 7768.633502788633 288.0
253000.0 254000.0 98163.29428995107 0.0
254000.0 255000.0 10012.294149729205 288.0
255000.0 256000.0 84543.7058502708 0.0
256000.0 257000.0 14285.83566536371 288.0
257000.0 258000.0 87111.1643346363 0.0
258000.0 259000.0 12689.1607010048 480.0
259000.0 260000.0 136763.2850264574 0.0
260000.0 261000.0 2368.5542725378123 0.0
261000.0 262000.0 138593.0 480.0
262000.0 263000.0 7898.370478457644 840.0
263000.0 264000.0 179902.50938391936 0.0
264000.0 265000.0 139022.04782468066 840.0
265000.0 266000.0 138762.07231294236 840.0
266000.0 267000.0 193286.60985160084 0.0
267000.0 268000.0 180239.25629690933 840.0
268000.0 269000.0 39412.8442814778 840.0
269000.0 270000.0 164519.2029775062 0.0
270000.0 271000.0 60668.543662215365 840.0
271000.0 272000.0 179040.67585187766 0.0
272000.0 273000.0 10895.530525046603 840.0
273000.0 274000.0 182547.38410378844 0.0
274000.0 275000.0 10282.110566667565 840.0
275000.0 276000.0 193038.5027680877 0.0
276000.0 277000.0 15388.811251567011 0.0
277000.0 278000.0 2831.5278632555273 0.0
278000.0 279000.0 15583.588063155948 840.0
279000.0 280000.0 205402.69214656996 0.0
280000.0 281000.0 118901.63075284204 480.0
281000.0 282000.0 128572.08903743204 0.0
282000.0 283000.0 14690.99728916217 480.0
283000.0 284000.0 106712.00271083784 0.0
284000.0 285000.0 12898.349714269087 840.0
285000.0 286000.0 189372.3615166488 0.0
286000.0 287000.0 19391.28876908213 0.0
287000.0 288000.0 150588.2196970034 840.0
288000.0 289000.0 68364.55255887176 840.0
289000.0 290000.0 155496.97826930924 0.0
290000.0 291000.0 7895.4779363517355 840.0
291000.0 292000.0 203677.78629259102 0.0
292000.0 293000.0 24091.803238484325 840.0
293000.0 294000.0 187753.24343086162 0.0
294000.0 295000.0 36869.25982656164 840.0
295000.0 296000.0 202733.94922865636 0.0
296000.0 297000.0 5014.491041602769 840.0
297000.0 298000.0 168376.7382150813 0.0
298000.0 299000.0 32839.65160285742 840.0
299000.0 300000.0 196626.84866176744 0.0
300000.0 301000.0 0.0 0.0
