ts te s_bytes_all avg_video_rate
0.0 1000.0 0.0 0.0
1000.0 2000.0 0.0 0.0
2000.0 3000.0 0.0 0.0
3000.0 4000.0 0.0 0.0
4000.0 5000.0 0.0 0.0
5000.0 6000.0 0.0 0.0
6000.0 7000.0 0.0 0.0
7000.0 8000.0 0.0 0.0
8000.0 9000.0 0.0 0.0
9000.0 10000.0 0.0 0.0
10000.0 11000.0 935.1812465899902 0.0
11000.0 12000.0 4319.8989115133545 0.0
12000.0 13000.0 3680.076680600259 0.0
13000.0 14000.0 1370.8431612963957 0.0
14000.0 15000.0 1037.7773739557783 0.0
15000.0 16000.0 2876.2522088805595 0.0
16000.0 17000.0 20088.250375358934 288.0
17000.0 18000.0 46132.31611107277 0.0
18000.0 19000.0 77821.33327739635 288.0
19000.0 20000.0 65739.94497327544 0.0
20000.0 21000.0 44123.694574039706 288.0
21000.0 22000.0 20474.48594201994 0.0
22000.0 23000.0 41731.564301638384 288.0
23000.0 24000.0 43273.69582755929 0.0
24000.0 25000.0 27298.66078636913 0.0
25000.0 26000.0 36208.24991754881 288.0
26000.0 27000.0 41816.252731786466 0.0
27000.0 28000.0 38162.74866811034 0.0
28000.0 29000.0 39824.6019132801 0.0
29000.0 30000.0 42787.04765430528 0.0
30000.0 31000.0 64790.45985253805 288.0
31000.0 32000.0 63447.36596524834 288.0
32000.0 33000.0 73530.75026760186 0.0
33000.0 34000.0 26101.232468577888 0.0
34000.0 35000.0 82044.7409998061 288.0
35000.0 36000.0 49518.574731914894 0.0
36000.0 37000.0 41987.769129842665 0.0
37000.0 38000.0 11638.71741397792 0.0
38000.0 39000.0 4368.0483187599 0.0
39000.0 40000.0 2349.4534422369543 0.0
40000.0 41000.0 5476.0107728981375 0.0
41000.0 42000.0 2276.6332414481117 0.0
42000.0 43000.0 49859.11125361108 288.0
43000.0 44000.0 37513.05366547107 0.0
44000.0 45000.0 64706.73973364153 288.0
45000.0 46000.0 82785.99351866255 0.0
46000.0 47000.0 93966.34962897582 288.0
47000.0 48000.0 41639.4297351755 0.0
48000.0 49000.0 10899.689223014324 0.0
49000.0 50000.0 2800.0 0.0
50000.0 51000.0 5078.548860726794 0.0
51000.0 52000.0 1720.2537323270803 0.0
52000.0 53000.0 4631.197406946125 0.0
53000.0 54000.0 1435.1261298590077 0.0
54000.0 55000.0 82269.08116444632 288.0
55000.0 56000.0 36725.792705694665 288.0
56000.0 57000.0 43398.28127642929 0.0
57000.0 58000.0 53995.41810466976 288.0
58000.0 59000.0 67563.51366691441 0.0
59000.0 60000.0 49228.37993248573 0.0
60000.0 61000.0 50126.05188006682 288.0
61000.0 62000.0 70904.6311476739 0.0
62000.0 63000.0 56704.17881423093 288.0
63000.0 64000.0 50431.51694678862 0.0
64000.0 65000.0 28756.690699774037 0.0
65000.0 66000.0 800.788824933814 0.0
66000.0 67000.0 9488.856904809207 0.0
67000.0 68000.0 29297.42167512911 288.0
68000.0 69000.0 31274.983216912995 0.0
69000.0 70000.0 18935.609309741714 288.0
70000.0 71000.0 60460.67445430354 0.0
71000.0 72000.0 42142.02812586904 0.0
72000.0 73000.0 33004.730251587636 0.0
73000.0 74000.0 44256.83440882204 288.0
74000.0 75000.0 45307.71541335851 0.0
75000.0 76000.0 25968.659654559204 288.0
76000.0 77000.0 54820.71056128704 0.0
77000.0 78000.0 34376.73954084091 0.0
78000.0 79000.0 45004.723866953114 288.0
79000.0 80000.0 51999.07181327873 0.0
80000.0 81000.0 26461.84259688704 288.0
81000.0 82000.0 60051.94381188431 0.0
82000.0 83000.0 35854.52020838527 288.0
83000.0 84000.0 60502.269736980845 0.0
84000.0 85000.0 28379.422359387343 288.0
85000.0 86000.0 34421.92101933771 0.0
86000.0 87000.0 21058.870498912267 0.0
87000.0 88000.0 26656.37553207266 288.0
88000.0 89000.0 35821.35177960056 0.0
89000.0 90000.0 32848.92875720801 288.0
90000.0 91000.0 43481.37223326463 0.0
91000.0 92000.0 26967.127374700383 288.0
92000.0 93000.0 59543.493819349445 0.0
93000.0 94000.0 36289.312922353805 0.0
94000.0 95000.0 17942.653786019804 0.0
95000.0 96000.0 70838.41585883811 288.0
96000.0 97000.0 80284.97239512585 0.0
97000.0 98000.0 10526.206818462517 0.0
98000.0 99000.0 24559.78857986441 288.0
99000.0 100000.0 58514.90428592458 0.0
100000.0 101000.0 32091.331744147206 0.0
101000.0 102000.0 36745.423496364114 288.0
102000.0 103000.0 52879.52116113188 0.0
103000.0 104000.0 29654.61396739771 0.0
104000.0 105000.0 24741.86471932687 0.0
105000.0 106000.0 40841.66004417636 288.0
106000.0 107000.0 46320.76144868948 0.0
107000.0 108000.0 57800.81143550081 0.0
108000.0 109000.0 22747.57409829081 0.0
109000.0 110000.0 47641.24711931546 288.0
110000.0 111000.0 52987.07044132563 0.0
111000.0 112000.0 28405.336358438577 288.0
112000.0 113000.0 58625.7193581796 0.0
113000.0 114000.0 55895.13426942349 0.0
114000.0 115000.0 44166.33528454688 0.0
115000.0 116000.0 9039.690187765425 0.0
116000.0 117000.0 16142.306466347953 288.0
117000.0 118000.0 52085.978773614326 0.0
118000.0 119000.0 45339.71116190373 0.0
119000.0 120000.0 27932.59775062171 0.0
120000.0 121000.0 72537.53494419403 288.0
121000.0 122000.0 62108.96591022947 0.0
122000.0 123000.0 22941.243302504514 0.0
123000.0 124000.0 74199.53313205615 288.0
124000.0 125000.0 79214.00358590952 0.0
125000.0 126000.0 23554.500928497207 0.0
126000.0 127000.0 3368.2424064898923 0.0
127000.0 128000.0 48082.11409127427 288.0
128000.0 129000.0 75692.53993276968 0.0
129000.0 130000.0 29073.836366258467 0.0
130000.0 131000.0 40584.60915162877 288.0
131000.0 132000.0 65030.219401387054 288.0
132000.0 133000.0 47518.5787639368 0.0
133000.0 134000.0 33854.01638380791 0.0
134000.0 135000.0 18291.41063316785 288.0
135000.0 136000.0 47611.94836698974 0.0
136000.0 137000.0 9045.117149497757 0.0
137000.0 138000.0 18356.208747186953 288.0
138000.0 139000.0 34389.85536349034 0.0
139000.0 140000.0 27283.412084801374 0.0
140000.0 141000.0 37833.94987181373 0.0
141000.0 142000.0 38260.3629745527 0.0
142000.0 143000.0 36519.67964146317 288.0
143000.0 144000.0 43327.05617195058 0.0
144000.0 145000.0 30476.486930617717 0.0
145000.0 146000.0 18262.95948389445 0.0
146000.0 147000.0 52545.44203197637 288.0
147000.0 148000.0 45012.685413999796 0.0
148000.0 149000.0 36973.9268067726 0.0
149000.0 150000.0 42261.26563685748 288.0
150000.0 151000.0 80142.1846820571 0.0
151000.0 152000.0 52800.233424101534 288.0
152000.0 153000.0 77517.55225638287 288.0
153000.0 154000.0 64357.878153131285 0.0
154000.0 155000.0 63015.52846749106 288.0
155000.0 156000.0 56590.323515804965 0.0
156000.0 157000.0 44062.19313174888 288.0
157000.0 158000.0 56270.96046015873 0.0
158000.0 159000.0 69759.6355741097 288.0
159000.0 160000.0 126224.3450747155 0.0
160000.0 161000.0 64683.79864764618 288.0
161000.0 162000.0 76735.34352931887 288.0
162000.0 163000.0 56552.019232722 0.0
163000.0 164000.0 50286.90469765688 0.0
164000.0 165000.0 68337.0398770033 288.0
165000.0 166000.0 63780.0845555854 288.0
166000.0 167000.0 52767.28916688229 0.0
167000.0 168000.0 58902.5737514781 0.0
168000.0 169000.0 71017.60872860486 288.0
169000.0 170000.0 55626.5031565875 0.0
170000.0 171000.0 26318.30816310712 288.0
171000.0 172000.0 59344.360175705195 0.0
172000.0 173000.0 67379.87350967148 288.0
173000.0 174000.0 70421.2090401545 0.0
174000.0 175000.0 63274.48195830746 288.0
175000.0 176000.0 62683.22847157027 0.0
176000.0 177000.0 87581.10295195255 288.0
177000.0 178000.0 56522.94229937111 288.0
178000.0 179000.0 61315.0518354568 0.0
179000.0 180000.0 56296.32029912442 0.0
180000.0 181000.0 82127.18492640904 288.0
181000.0 182000.0 70902.81969186249 288.0
182000.0 183000.0 167462.30236179143 288.0
183000.0 184000.0 158637.3042896085 288.0
184000.0 185000.0 185150.39736523456 288.0
185000.0 186000.0 89108.7572086423 288.0
186000.0 187000.0 44098.253413799284 0.0
187000.0 188000.0 60372.371272491066 480.0
188000.0 189000.0 95163.04333734054 0.0
189000.0 190000.0 60149.72415668907 0.0
190000.0 191000.0 147172.51641997005 0.0
191000.0 192000.0 118260.2646035194 480.0
192000.0 193000.0 74363.41039409394 0.0
193000.0 194000.0 78247.59879340992 288.0
194000.0 195000.0 58794.834067218835 0.0
195000.0 196000.0 35508.13362211727 288.0
196000.0 197000.0 90129.05413873913 288.0
197000.0 198000.0 94652.3210008152 288.0
198000.0 199000.0 70889.44735670116 288.0
199000.0 200000.0 81412.20564334096 0.0
200000.0 201000.0 62085.1113590039 0.0
201000.0 202000.0 64238.30568969322 288.0
202000.0 203000.0 75742.07606605352 288.0
203000.0 204000.0 92821.5641255325 0.0
204000.0 205000.0 79694.41344797048 0.0
205000.0 206000.0 79140.01519047125 288.0
206000.0 207000.0 71052.56043506913 288.0
207000.0 208000.0 89639.41444880054 0.0
208000.0 209000.0 29300.40787941979 288.0
209000.0 210000.0 80514.21388909117 0.0
210000.0 211000.0 41107.47038159664 288.0
211000.0 212000.0 11821.32447343169 0.0
212000.0 213000.0 37370.10405223219 3000.0
213000.0 214000.0 88672.31867351351 0.0
214000.0 215000.0 57128.02241350382 0.0
215000.0 216000.0 77994.86563933326 0.0
216000.0 217000.0 70272.85006008121 288.0
217000.0 218000.0 52810.43470670683 0.0
218000.0 219000.0 40426.46773691924 288.0
219000.0 220000.0 28286.36841737802 0.0
220000.0 221000.0 11147.181744044628 288.0
221000.0 222000.0 19943.973197474887 0.0
222000.0 223000.0 27624.579547160833 0.0
223000.0 224000.0 64935.623730586725 288.0
224000.0 225000.0 60697.34654286405 0.0
225000.0 226000.0 47549.41055700866 288.0
226000.0 227000.0 69015.14068811169 0.0
227000.0 228000.0 33155.934382267966 0.0
228000.0 229000.0 35542.898072139236 288.0
229000.0 230000.0 45596.55778934329 0.0
230000.0 231000.0 67961.56493675032 288.0
231000.0 232000.0 75118.39959682107 0.0
232000.0 233000.0 39946.16016929715 0.0
233000.0 234000.0 35245.08078828959 0.0
234000.0 235000.0 71439.66179096258 288.0
235000.0 236000.0 33015.79460213554 0.0
236000.0 237000.0 50227.14482230541 0.0
237000.0 238000.0 79873.90887734173 288.0
238000.0 239000.0 142845.18225510267 288.0
239000.0 240000.0 148216.40841049247 288.0
240000.0 241000.0 143319.035514472 288.0
241000.0 242000.0 44381.58028535943 0.0
242000.0 243000.0 50704.0718323871 288.0
243000.0 244000.0 23521.9281676129 0.0
244000.0 245000.0 49349.727083709244 480.0
245000.0 246000.0 71230.36075399317 0.0
246000.0 247000.0 52965.44352545256 480.0
247000.0 248000.0 102346.46863684503 0.0
248000.0 249000.0 73382.1775895279 480.0
249000.0 250000.0 68851.8224104721 0.0
250000.0 251000.0 85825.12251833403 480.0
251000.0 252000.0 90833.87748166599 0.0
252000.0 253000.0 117329.0 480.0
253000.0 254000.0 0.0 0.0
254000.0 255000.0 122376.0 480.0
255000.0 256000.0 0.0 0.0
256000.0 257000.0 142248.42404185561 480.0
257000.0 258000.0 3946.575958144363 0.0
258000.0 259000.0 147733.38850459922 840.0
259000.0 260000.0 72890.34792929333 0.0
260000.0 261000.0 181235.17354143295 840.0
261000.0 262000.0 213045.03354504527 840.0
262000.0 263000.0 138129.7822696219 0.0
263000.0 264000.0 91253.5515340133 840.0
264000.0 265000.0 118961.42278981491 0.0
265000.0 266000.0 71871.13783392627 840.0
266000.0 267000.0 143409.53774239405 0.0
267000.0 268000.0 66651.09085185971 840.0
268000.0 269000.0 158092.2143871809 0.0
269000.0 270000.0 57172.8009301499 840.0
270000.0 271000.0 160561.40507758883 0.0
271000.0 272000.0 57213.60155212469 840.0
272000.0 273000.0 192008.5449217434 0.0
273000.0 274000.0 128263.37407083358 840.0
274000.0 275000.0 76972.59251837782 0.0
275000.0 276000.0 80737.3469381331 840.0
276000.0 277000.0 169659.96407905943 0.0
277000.0 278000.0 176113.2715580608 840.0
278000.0 279000.0 78469.5628723505 0.0
279000.0 280000.0 94085.23671871946 840.0
280000.0 281000.0 176400.2294569282 840.0
281000.0 282000.0 134920.39096303383 0.0
282000.0 283000.0 17251.75376882122 0.0
283000.0 284000.0 172104.6551757248 840.0
284000.0 285000.0 88088.9573320447 840.0
285000.0 286000.0 155376.66842207627 0.0
286000.0 287000.0 111846.3748447787 840.0
287000.0 288000.0 137422.07669572937 0.0
288000.0 289000.0 104731.28335078256 840.0
289000.0 290000.0 116709.55958175514 0.0
290000.0 291000.0 91540.97574818376 840.0
291000.0 292000.0 113980.69249381816 0.0
292000.0 293000.0 86812.67750395858 840.0
293000.0 294000.0 125292.97866036637 0.0
294000.0 295000.0 109870.46085120545 840.0
295000.0 296000.0 121562.038041123 0.0
296000.0 297000.0 149720.93875044605 840.0
297000.0 298000.0 34055.8260795646 0.0
298000.0 299000.0 159868.80562675494 840.0
299000.0 300000.0 53505.23655039081 0.0
300000.0 301000.0 1420.0379361902803 0.0
