ts te s_bytes_all avg_video_rate
0.0 1000.0 0.0 0.0
1000.0 2000.0 0.0 0.0
2000.0 3000.0 0.0 0.0
3000.0 4000.0 0.0 0.0
4000.0 5000.0 0.0 0.0
5000.0 6000.0 0.0 0.0
6000.0 7000.0 81179.77968388537 288.0
7000.0 8000.0 120874.6076538596 288.0
8000.0 9000.0 151246.11879696956 288.0
9000.0 10000.0 62505.33390540484 0.0
10000.0 11000.0 126243.25759757494 288.0
11000.0 12000.0 126502.6283589997 288.0
12000.0 13000.0 100197.20593385819 0.0
13000.0 14000.0 94001.09518259375 288.0
14000.0 15000.0 122432.63460864087 0.0
15000.0 16000.0 148695.509995558 288.0
16000.0 17000.0 188845.9777380766 288.0
17000.0 18000.0 138132.699202266 288.0
18000.0 19000.0 56985.88200364298 288.0
19000.0 20000.0 74636.2693386696 0.0
20000.0 21000.0 53126.46777474643 288.0
21000.0 22000.0 161179.58190184302 288.0
22000.0 23000.0 68974.55598555216 288.0
23000.0 24000.0 42301.394337858364 0.0
24000.0 25000.0 66286.44394430291 480.0
25000.0 26000.0 75563.55605569709 0.0
26000.0 27000.0 71931.89552917136 480.0
27000.0 28000.0 99693.51167685543 0.0
28000.0 29000.0 63041.96881861765 480.0
29000.0 30000.0 70510.62397535556 0.0
30000.0 31000.0 64075.198622674994 480.0
31000.0 32000.0 100156.73172782229 0.0
32000.0 33000.0 70786.31859038088 480.0
33000.0 34000.0 70574.75105912183 0.0
34000.0 35000.0 80037.05850546683 840.0
35000.0 36000.0 126788.31406675438 0.0
36000.0 37000.0 96682.49107963097 480.0
37000.0 38000.0 101482.90442877154 0.0
38000.0 39000.0 55799.19531807233 480.0
39000.0 40000.0 72963.03660130393 0.0
40000.0 41000.0 65804.92250627054 480.0
41000.0 42000.0 180698.43888300323 480.0
42000.0 43000.0 75749.63861072625 0.0
43000.0 44000.0 1179.5559950838888 0.0
44000.0 45000.0 147860.10297847513 480.0
45000.0 46000.0 14787.341026440976 0.0
46000.0 47000.0 67635.04305497695 480.0
47000.0 48000.0 71484.95694502305 0.0
48000.0 49000.0 72552.93178232983 480.0
49000.0 50000.0 80092.06821767017 0.0
50000.0 51000.0 59739.78847976684 480.0
51000.0 52000.0 86755.21152023316 0.0
52000.0 53000.0 64660.62097234341 480.0
53000.0 54000.0 138925.47535246203 480.0
54000.0 55000.0 114313.90367519457 0.0
55000.0 56000.0 0.0 0.0
56000.0 57000.0 73464.20459518633 480.0
57000.0 58000.0 79860.79540481367 0.0
58000.0 59000.0 65146.061246912206 480.0
59000.0 60000.0 130752.66773872095 480.0
60000.0 61000.0 185663.13602942065 480.0
61000.0 62000.0 66296.0047744712 0.0
62000.0 63000.0 69782.47809936835 480.0
63000.0 64000.0 100968.65211110658 0.0
64000.0 65000.0 57591.230385691626 480.0
65000.0 66000.0 69483.76961430837 0.0
66000.0 67000.0 76538.28120829088 480.0
67000.0 68000.0 77708.7187917091 0.0
68000.0 69000.0 71973.78166126418 480.0
69000.0 70000.0 74854.21833873582 0.0
70000.0 71000.0 52764.07234855114 480.0
71000.0 72000.0 122415.89213161886 0.0
72000.0 73000.0 24627.42283592985 480.0
73000.0 74000.0 124329.61268390015 0.0
74000.0 75000.0 71642.19653966349 480.0
75000.0 76000.0 65656.80346033651 0.0
76000.0 77000.0 67600.55097250915 480.0
77000.0 78000.0 71127.44902749085 0.0
78000.0 79000.0 77088.18306240377 480.0
79000.0 80000.0 80904.81693759625 0.0
80000.0 81000.0 73614.73504806156 480.0
81000.0 82000.0 81802.26495193844 0.0
82000.0 83000.0 66532.40249301023 480.0
83000.0 84000.0 89221.60415439676 0.0
84000.0 85000.0 53230.17056323342 480.0
85000.0 86000.0 111548.40607205231 0.0
86000.0 87000.0 48260.53336795926 480.0
87000.0 88000.0 140729.21482757796 480.0
88000.0 89000.0 173923.7512549896 480.0
89000.0 90000.0 122067.65191531031 0.0
90000.0 91000.0 28407.536070540176 480.0
91000.0 92000.0 123730.72928092997 0.0
92000.0 93000.0 50752.96834289293 840.0
93000.0 94000.0 125300.34770874193 0.0
94000.0 95000.0 92642.08396080573 840.0
95000.0 96000.0 171337.23315243074 0.0
96000.0 97000.0 108951.79233934279 840.0
97000.0 98000.0 125715.10865558576 0.0
98000.0 99000.0 97860.75930097436 840.0
99000.0 100000.0 136811.96662007968 0.0
100000.0 101000.0 90232.59147604776 840.0
101000.0 102000.0 130088.70120862084 0.0
102000.0 103000.0 106892.7437108755 840.0
103000.0 104000.0 139009.31778382737 0.0
104000.0 105000.0 77185.96301506729 840.0
105000.0 106000.0 172222.23223293058 0.0
106000.0 107000.0 75299.66112204739 840.0
107000.0 108000.0 153504.82447224186 0.0
108000.0 109000.0 85853.30518273523 840.0
109000.0 110000.0 126670.76322302224 0.0
110000.0 111000.0 89772.76048469846 840.0
111000.0 112000.0 138358.56543880983 0.0
112000.0 113000.0 116486.28572253243 840.0
113000.0 114000.0 136002.5257346014 0.0
114000.0 115000.0 105788.80372691527 840.0
115000.0 116000.0 121033.72123298107 0.0
116000.0 117000.0 83244.15424805669 840.0
117000.0 118000.0 147961.9753498543 0.0
118000.0 119000.0 97122.42354754914 840.0
119000.0 120000.0 135430.56185300596 0.0
120000.0 121000.0 94917.35611102368 288.0
121000.0 122000.0 44344.50304170182 0.0
122000.0 123000.0 20786.662903239496 0.0
123000.0 124000.0 71800.87103661813 288.0
124000.0 125000.0 41940.47144231177 288.0
125000.0 126000.0 94900.4317978281 0.0
126000.0 127000.0 62442.948880289194 288.0
127000.0 128000.0 134107.0464189798 288.0
128000.0 129000.0 68025.57359649776 288.0
129000.0 130000.0 55554.99392423578 0.0
130000.0 131000.0 73847.94036259464 840.0
131000.0 132000.0 119602.58033611497 0.0
132000.0 133000.0 100442.7869494652 840.0
133000.0 134000.0 142243.81478915262 0.0
134000.0 135000.0 79444.87756267255 0.0
135000.0 136000.0 0.0 0.0
136000.0 137000.0 86270.02005957425 840.0
137000.0 138000.0 122316.40356875108 0.0
138000.0 139000.0 65378.762120673084 288.0
139000.0 140000.0 154484.99089025988 288.0
140000.0 141000.0 52881.6134312159 288.0
141000.0 142000.0 61759.20992952578 0.0
142000.0 143000.0 64482.044354780664 480.0
143000.0 144000.0 108352.24620321889 0.0
144000.0 145000.0 55996.32433441594 480.0
145000.0 146000.0 69652.3851075845 0.0
146000.0 147000.0 63765.107541333025 480.0
147000.0 148000.0 86066.85787561422 0.0
148000.0 149000.0 65124.57913872007 480.0
149000.0 150000.0 91784.72193969808 0.0
150000.0 151000.0 57212.53712623208 480.0
151000.0 152000.0 99424.9656445244 0.0
152000.0 153000.0 56080.73667621911 480.0
153000.0 154000.0 71687.49405765903 0.0
154000.0 155000.0 56717.068615538476 480.0
155000.0 156000.0 75287.93138446152 0.0
156000.0 157000.0 72230.2995890646 840.0
157000.0 158000.0 126184.12960763002 0.0
158000.0 159000.0 111584.04097168366 840.0
159000.0 160000.0 119586.79184956115 0.0
160000.0 161000.0 63986.841038632236 840.0
161000.0 162000.0 122428.9342218962 0.0
162000.0 163000.0 108454.95666616519 288.0
163000.0 164000.0 45009.00605536693 0.0
164000.0 165000.0 34398.35591577825 288.0
165000.0 166000.0 48383.644084221756 0.0
166000.0 167000.0 38786.30542841338 288.0
167000.0 168000.0 54126.69457158662 0.0
168000.0 169000.0 34810.8011955359 288.0
169000.0 170000.0 41788.198804464104 0.0
170000.0 171000.0 49027.53059077401 288.0
171000.0 172000.0 24408.46940922598 0.0
172000.0 173000.0 50929.911273992315 288.0
173000.0 174000.0 23201.08872600769 0.0
174000.0 175000.0 48817.352157493966 288.0
175000.0 176000.0 66057.64784250603 0.0
176000.0 177000.0 56304.85559306454 288.0
177000.0 178000.0 49245.14440693546 0.0
178000.0 179000.0 44439.0750389308 288.0
179000.0 180000.0 45798.9249610692 0.0
180000.0 181000.0 56294.30667435823 288.0
181000.0 182000.0 38092.693325641776 0.0
182000.0 183000.0 55270.381055303726 288.0
183000.0 184000.0 36889.618944696274 0.0
184000.0 185000.0 47517.61607713367 288.0
185000.0 186000.0 33123.383922866335 0.0
186000.0 187000.0 52935.91724170116 288.0
187000.0 188000.0 123624.81790299561 288.0
188000.0 189000.0 45334.157462323594 288.0
189000.0 190000.0 38844.107392979655 0.0
190000.0 191000.0 0.0 0.0
191000.0 192000.0 0.0 0.0
192000.0 193000.0 2912.0 0.0
193000.0 194000.0 11762.873751395704 288.0
194000.0 195000.0 123990.40992957726 288.0
195000.0 196000.0 36936.71631902703 0.0
196000.0 197000.0 54714.372115485705 288.0
197000.0 198000.0 117838.02102408299 288.0
198000.0 199000.0 45297.43522848542 288.0
199000.0 200000.0 67898.92536187783 0.0
200000.0 201000.0 46796.4116127834 288.0
201000.0 202000.0 33116.83465728466 0.0
202000.0 203000.0 2699.062033001747 0.0
203000.0 204000.0 216.93796699825324 0.0
204000.0 205000.0 29807.35541770677 288.0
205000.0 206000.0 53888.64458229323 0.0
206000.0 207000.0 43172.87696009871 288.0
207000.0 208000.0 46356.12303990129 0.0
208000.0 209000.0 54590.925856928 288.0
209000.0 210000.0 100699.55387431734 288.0
210000.0 211000.0 43080.24807437361 288.0
211000.0 212000.0 42266.27219438106 0.0
212000.0 213000.0 44037.31607443599 288.0
213000.0 214000.0 33655.68392556401 0.0
214000.0 215000.0 37999.755908367515 288.0
215000.0 216000.0 43633.244091632485 0.0
216000.0 217000.0 45604.320008069175 288.0
217000.0 218000.0 31147.679991930832 0.0
218000.0 219000.0 43983.684977369805 288.0
219000.0 220000.0 47611.315022630195 0.0
220000.0 221000.0 52526.23717352977 288.0
221000.0 222000.0 27806.76282647023 0.0
222000.0 223000.0 42646.84709629344 288.0
223000.0 224000.0 42565.15290370656 0.0
224000.0 225000.0 34348.28775275615 288.0
225000.0 226000.0 53089.71224724385 0.0
226000.0 227000.0 37497.27801352734 288.0
227000.0 228000.0 46548.72198647266 0.0
228000.0 229000.0 41156.40631426644 288.0
229000.0 230000.0 48486.59368573356 0.0
230000.0 231000.0 50870.75248436186 288.0
231000.0 232000.0 30540.247515638133 0.0
232000.0 233000.0 55663.35854619101 288.0
233000.0 234000.0 37683.64145380899 0.0
234000.0 235000.0 2911.0 0.0
235000.0 236000.0 0.0 0.0
236000.0 237000.0 41881.99846660688 288.0
237000.0 238000.0 118634.19367158816 288.0
238000.0 239000.0 37966.659101150995 288.0
239000.0 240000.0 59221.14876065396 0.0
240000.0 241000.0 58305.674915909694 288.0
241000.0 242000.0 37131.3250840903 0.0
242000.0 243000.0 3693.546288520467 0.0
243000.0 244000.0 32482.582127414702 288.0
244000.0 245000.0 200971.76831332836 288.0
245000.0 246000.0 40003.10327073645 0.0
246000.0 247000.0 23675.52623431742 288.0
247000.0 248000.0 52192.473765682575 0.0
248000.0 249000.0 79676.87820964861 840.0
249000.0 250000.0 198180.48142954666 0.0
250000.0 251000.0 96855.89609628273 840.0
251000.0 252000.0 261137.8531927035 0.0
252000.0 253000.0 31900.891071818463 0.0
253000.0 254000.0 0.0 0.0
254000.0 255000.0 34176.408350252605 288.0
255000.0 256000.0 105515.17908587701 288.0
256000.0 257000.0 43335.31103019942 288.0
257000.0 258000.0 57849.10153367097 0.0
258000.0 259000.0 2912.0 0.0
259000.0 260000.0 0.0 0.0
260000.0 261000.0 50676.82678778676 288.0
261000.0 262000.0 43456.17321221324 0.0
262000.0 263000.0 18302.135506432776 288.0
263000.0 264000.0 113952.4810560506 288.0
264000.0 265000.0 71599.96106351985 288.0
265000.0 266000.0 39841.42237399677 0.0
266000.0 267000.0 62762.111648035214 288.0
267000.0 268000.0 18235.88835196479 0.0
268000.0 269000.0 42483.32607164221 288.0
269000.0 270000.0 49671.6739283578 0.0
270000.0 271000.0 42517.27518329273 288.0
271000.0 272000.0 42438.72481670727 0.0
272000.0 273000.0 47101.784867002316 288.0
273000.0 274000.0 47507.613664269964 0.0
274000.0 275000.0 29657.5342006816 288.0
275000.0 276000.0 69510.06726804611 0.0
276000.0 277000.0 56937.62865433493 288.0
277000.0 278000.0 115048.15046226008 288.0
278000.0 279000.0 2224.2208834050016 0.0
279000.0 280000.0 0.0 0.0
280000.0 281000.0 57052.0661738559 288.0
281000.0 282000.0 22969.9338261441 0.0
282000.0 283000.0 71037.51749230921 840.0
283000.0 284000.0 117119.71857434846 0.0
284000.0 285000.0 73004.48657817309 288.0
285000.0 286000.0 122347.1150368272 288.0
286000.0 287000.0 43305.48664715757 288.0
287000.0 288000.0 31455.675671184472 0.0
288000.0 289000.0 63777.59397759539 480.0
289000.0 290000.0 42975.40602240461 0.0
290000.0 291000.0 70634.06052552784 480.0
291000.0 292000.0 61701.93947447218 0.0
292000.0 293000.0 71919.70038119818 480.0
293000.0 294000.0 81135.0565281281 0.0
294000.0 295000.0 63898.94749910664 480.0
295000.0 296000.0 63361.29559156708 0.0
296000.0 297000.0 69765.9114854665 480.0
297000.0 298000.0 59476.088514533505 0.0
298000.0 299000.0 71895.57342724592 480.0
299000.0 300000.0 43656.42657275407 0.0
300000.0 301000.0 0.0 0.0
