ts te s_bytes_all avg_video_rate
0.0 1000.0 0.0 0.0
1000.0 2000.0 0.0 0.0
2000.0 3000.0 0.0 0.0
3000.0 4000.0 0.0 0.0
4000.0 5000.0 0.0 0.0
5000.0 6000.0 0.0 0.0
6000.0 7000.0 0.0 0.0
7000.0 8000.0 0.0 0.0
8000.0 9000.0 0.0 0.0
9000.0 10000.0 0.0 0.0
10000.0 11000.0 0.0 0.0
11000.0 12000.0 0.0 0.0
12000.0 13000.0 7041.334209332746 0.0
13000.0 14000.0 168122.23959526682 1500.0
14000.0 15000.0 114174.01524340169 288.0
15000.0 16000.0 11871.691274772153 0.0
16000.0 17000.0 82282.4267190946 288.0
17000.0 18000.0 148007.53276972624 288.0
18000.0 19000.0 84215.58060547977 288.0
19000.0 20000.0 5222.273274507295 0.0
20000.0 21000.0 1643.1146250579354 0.0
21000.0 22000.0 21033.165121598962 288.0
22000.0 23000.0 78967.35241569969 0.0
23000.0 24000.0 66492.16535946043 288.0
24000.0 25000.0 32899.83919329577 0.0
25000.0 26000.0 6278.269593305919 0.0
26000.0 27000.0 4200.0 0.0
27000.0 28000.0 93125.55018970478 288.0
28000.0 29000.0 159224.02309211966 288.0
29000.0 30000.0 192351.7397869108 288.0
30000.0 31000.0 134735.38688700684 288.0
31000.0 32000.0 6704.299399487953 0.0
32000.0 33000.0 1214.4724483437192 0.0
33000.0 34000.0 5468.528196426274 0.0
34000.0 35000.0 2626.2263074244247 0.0
35000.0 36000.0 4115.705468592646 0.0
36000.0 37000.0 1772.0682239829298 0.0
37000.0 38000.0 5716.0 0.0
38000.0 39000.0 77814.50237202246 288.0
39000.0 40000.0 144357.16285473632 288.0
40000.0 41000.0 207612.5902357872 288.0
41000.0 42000.0 41921.744537454004 0.0
42000.0 43000.0 43119.69454247223 288.0
43000.0 44000.0 57576.759508210365 0.0
44000.0 45000.0 131949.5514139164 288.0
45000.0 46000.0 160038.9695222728 288.0
46000.0 47000.0 101922.9401908149 288.0
47000.0 48000.0 110826.08482231332 288.0
48000.0 49000.0 0.0 0.0
49000.0 50000.0 142691.47953675696 480.0
50000.0 51000.0 112422.74824300373 480.0
51000.0 52000.0 58761.7722202393 0.0
52000.0 53000.0 72237.62852485245 480.0
53000.0 54000.0 83807.37147514755 0.0
54000.0 55000.0 100299.06220601522 840.0
55000.0 56000.0 151225.6062669109 0.0
56000.0 57000.0 98345.41929649116 840.0
57000.0 58000.0 131843.18399002994 0.0
58000.0 59000.0 115550.64813154704 840.0
59000.0 60000.0 98495.31866210715 0.0
60000.0 61000.0 103050.00946757072 840.0
61000.0 62000.0 153858.7601265746 0.0
62000.0 63000.0 117973.9705506214 840.0
63000.0 64000.0 115960.02130213179 0.0
64000.0 65000.0 61868.622030505845 840.0
65000.0 66000.0 166522.91097682284 0.0
66000.0 67000.0 158036.3887975667 840.0
67000.0 68000.0 118190.60508962441 0.0
68000.0 69000.0 161542.77645041674 840.0
69000.0 70000.0 64761.84381812491 0.0
70000.0 71000.0 124278.19129318482 840.0
71000.0 72000.0 149646.67518899892 840.0
72000.0 73000.0 151777.73522785807 0.0
73000.0 74000.0 13264.483928874459 0.0
74000.0 75000.0 170345.5319021809 840.0
75000.0 76000.0 47226.37693519349 0.0
76000.0 77000.0 174495.3595004988 840.0
77000.0 78000.0 176787.03455644025 840.0
78000.0 79000.0 109047.52696410587 0.0
79000.0 80000.0 124442.051412841 840.0
80000.0 81000.0 146360.87279583688 0.0
81000.0 82000.0 96873.08249464886 840.0
82000.0 83000.0 108497.64151508636 0.0
83000.0 84000.0 125278.56813355183 840.0
84000.0 85000.0 107251.87254866534 0.0
85000.0 86000.0 133566.20899290778 840.0
86000.0 87000.0 145325.24520585337 0.0
87000.0 88000.0 184983.48172712757 840.0
88000.0 89000.0 47939.977265177986 0.0
89000.0 90000.0 182148.3319999112 840.0
90000.0 91000.0 50457.93261491563 0.0
91000.0 92000.0 180302.59290956293 840.0
92000.0 93000.0 52707.24701265024 0.0
93000.0 94000.0 200011.83747822017 840.0
94000.0 95000.0 21306.30135206398 0.0
95000.0 96000.0 165287.25150118052 840.0
96000.0 97000.0 60456.368936691506 0.0
97000.0 98000.0 178812.3042610182 840.0
98000.0 99000.0 159747.61773380404 840.0
99000.0 100000.0 129160.40905392634 0.0
100000.0 101000.0 80302.79605256271 840.0
101000.0 102000.0 118511.62590804402 0.0
102000.0 103000.0 130381.42544274706 840.0
103000.0 104000.0 141973.33184693803 0.0
104000.0 105000.0 89168.59245684388 840.0
105000.0 106000.0 114253.04731683727 0.0
106000.0 107000.0 136735.6583877366 840.0
107000.0 108000.0 122877.29845095534 0.0
108000.0 109000.0 92885.20621810392 840.0
109000.0 110000.0 146962.28524709746 0.0
110000.0 111000.0 182746.36576188737 840.0
111000.0 112000.0 56160.10730420754 0.0
112000.0 113000.0 83152.23183654851 840.0
113000.0 114000.0 134767.36033201052 0.0
114000.0 115000.0 216196.71696644567 840.0
115000.0 116000.0 25110.6908649953 0.0
116000.0 117000.0 133303.84172367564 840.0
117000.0 118000.0 89982.2974754247 0.0
118000.0 119000.0 151588.68782352307 840.0
119000.0 120000.0 100494.4267754758 0.0
120000.0 121000.0 104160.96320420959 840.0
121000.0 122000.0 91785.04759979618 0.0
122000.0 123000.0 145012.0288916049 840.0
123000.0 124000.0 116020.33930820978 0.0
124000.0 125000.0 83230.14717996735 840.0
125000.0 126000.0 207137.50761109736 0.0
126000.0 127000.0 133021.20767223247 840.0
127000.0 128000.0 215250.15260929748 840.0
128000.0 129000.0 105965.80529573445 0.0
129000.0 130000.0 123340.37735109225 840.0
130000.0 131000.0 155135.77438619183 0.0
131000.0 132000.0 118147.10904818863 840.0
132000.0 133000.0 134244.05117989072 0.0
133000.0 134000.0 142949.58599139616 840.0
134000.0 135000.0 88386.23695114993 0.0
135000.0 136000.0 182143.47534445242 840.0
136000.0 137000.0 53712.19304063352 0.0
137000.0 138000.0 170344.96062838475 840.0
138000.0 139000.0 69911.65806251092 0.0
139000.0 140000.0 186342.57473192038 840.0
140000.0 141000.0 36921.20337612493 0.0
141000.0 142000.0 187307.70599860194 840.0
142000.0 143000.0 38002.901491324774 0.0
143000.0 144000.0 170927.41051168606 840.0
144000.0 145000.0 60721.08609481454 0.0
145000.0 146000.0 177082.63460848996 840.0
146000.0 147000.0 51541.50047308661 0.0
147000.0 148000.0 174640.78780138638 840.0
148000.0 149000.0 146776.078364147 840.0
149000.0 150000.0 115110.53362881974 0.0
150000.0 151000.0 107669.73733852286 840.0
151000.0 152000.0 121660.03375968325 0.0
152000.0 153000.0 113586.92797687979 840.0
153000.0 154000.0 118524.8915797242 0.0
154000.0 155000.0 119223.57500353645 840.0
155000.0 156000.0 120811.42259407342 0.0
156000.0 157000.0 107913.77218823638 840.0
157000.0 158000.0 129193.34732480145 0.0
158000.0 159000.0 86456.14421017736 840.0
159000.0 160000.0 139935.28305969137 0.0
160000.0 161000.0 155652.31202785816 840.0
161000.0 162000.0 74127.40689237202 0.0
162000.0 163000.0 186001.61337220718 840.0
163000.0 164000.0 45477.68584826983 0.0
164000.0 165000.0 153637.35104401642 840.0
165000.0 166000.0 86475.98417019843 0.0
166000.0 167000.0 152240.16277482436 840.0
167000.0 168000.0 104189.86904966047 0.0
168000.0 169000.0 136867.80435075954 840.0
169000.0 170000.0 64253.38319996484 0.0
170000.0 171000.0 141578.36869188183 840.0
171000.0 172000.0 106712.6610740802 840.0
172000.0 173000.0 177841.64098952178 0.0
173000.0 174000.0 36630.03358175233 0.0
174000.0 175000.0 202877.09842417145 840.0
175000.0 176000.0 122398.83304736657 840.0
176000.0 177000.0 130161.90319889173 0.0
177000.0 178000.0 104232.64803495334 840.0
178000.0 179000.0 105996.80635507272 0.0
179000.0 180000.0 111698.9968392414 840.0
180000.0 181000.0 125765.00318876113 0.0
181000.0 182000.0 173397.64819130086 840.0
182000.0 183000.0 68386.2468680706 0.0
183000.0 184000.0 183172.9652999782 840.0
184000.0 185000.0 49596.24239861299 0.0
185000.0 186000.0 165629.3726963656 840.0
186000.0 187000.0 63131.69190534246 0.0
187000.0 188000.0 190680.3864369188 840.0
188000.0 189000.0 32801.729415427966 0.0
189000.0 190000.0 191481.45509692814 840.0
190000.0 191000.0 43465.15930493771 0.0
191000.0 192000.0 184110.46904574527 840.0
192000.0 193000.0 69698.4164631078 840.0
193000.0 194000.0 191973.7281792665 0.0
194000.0 195000.0 19254.094947050846 0.0
195000.0 196000.0 167867.8811742913 840.0
196000.0 197000.0 111761.97739104749 840.0
197000.0 198000.0 176369.0245671401 0.0
198000.0 199000.0 114568.42500626491 840.0
199000.0 200000.0 175486.06059954336 0.0
200000.0 201000.0 94340.71268679311 840.0
201000.0 202000.0 181989.8829974635 0.0
202000.0 203000.0 89587.39568140663 840.0
203000.0 204000.0 111698.63508225325 0.0
204000.0 205000.0 123802.96148627439 840.0
205000.0 206000.0 151928.20800391346 0.0
206000.0 207000.0 69105.25824541188 840.0
207000.0 208000.0 145043.84848751247 0.0
208000.0 209000.0 194074.01949991906 840.0
209000.0 210000.0 57922.61534139592 0.0
210000.0 211000.0 126245.35757470201 840.0
211000.0 212000.0 83242.885332033 0.0
212000.0 213000.0 142673.4896582685 840.0
213000.0 214000.0 66689.14210963625 0.0
214000.0 215000.0 149959.10816569728 840.0
215000.0 216000.0 103734.10271301519 0.0
216000.0 217000.0 168037.03672191055 840.0
217000.0 218000.0 64338.4320506629 840.0
218000.0 219000.0 134869.37331680913 0.0
219000.0 220000.0 180088.55411109581 840.0
220000.0 221000.0 140101.67201707198 0.0
221000.0 222000.0 74618.06166686119 840.0
222000.0 223000.0 148285.08950667724 0.0
223000.0 224000.0 134780.1258249118 840.0
224000.0 225000.0 100828.43319228318 0.0
225000.0 226000.0 110830.99697180744 840.0
226000.0 227000.0 108954.35221685318 0.0
227000.0 228000.0 104354.57027152207 840.0
228000.0 229000.0 106333.75774417154 0.0
229000.0 230000.0 174806.5244591136 840.0
230000.0 231000.0 101378.42844951719 0.0
231000.0 232000.0 89046.77629089614 840.0
232000.0 233000.0 135141.97627828532 0.0
233000.0 234000.0 188944.1985026813 840.0
234000.0 235000.0 48527.002293239275 0.0
235000.0 236000.0 163280.8839030161 840.0
236000.0 237000.0 73740.71887691227 0.0
237000.0 238000.0 175776.36776074528 840.0
238000.0 239000.0 48301.52537067411 0.0
239000.0 240000.0 190925.27131141018 840.0
240000.0 241000.0 58777.736272573224 840.0
241000.0 242000.0 210701.68029170722 0.0
242000.0 243000.0 37544.86284785952 840.0
243000.0 244000.0 173206.1527390205 0.0
244000.0 245000.0 102435.14406303893 0.0
245000.0 246000.0 167338.9280492506 840.0
246000.0 247000.0 141767.64295156967 840.0
247000.0 248000.0 111345.03297209015 0.0
248000.0 249000.0 113918.03049289275 840.0
249000.0 250000.0 133802.1467824749 0.0
250000.0 251000.0 96287.14224883956 840.0
251000.0 252000.0 131545.0669348853 0.0
252000.0 253000.0 86419.69261095265 840.0
253000.0 254000.0 108481.60101679062 0.0
254000.0 255000.0 130775.76128024551 840.0
255000.0 256000.0 141240.89625818675 0.0
256000.0 257000.0 154768.3937213297 840.0
257000.0 258000.0 64383.63677730099 0.0
258000.0 259000.0 190356.98119597454 840.0
259000.0 260000.0 28247.76485667749 0.0
260000.0 261000.0 153697.43841665852 840.0
261000.0 262000.0 91650.30971229337 0.0
262000.0 263000.0 120486.32619119599 840.0
263000.0 264000.0 95927.30502127421 0.0
264000.0 265000.0 119488.85476010057 840.0
265000.0 266000.0 125347.17908264362 840.0
266000.0 267000.0 169459.5085841831 0.0
267000.0 268000.0 90540.20138602424 840.0
268000.0 269000.0 162040.98759009957 0.0
269000.0 270000.0 12409.8743040062 0.0
270000.0 271000.0 131867.35567328782 840.0
271000.0 272000.0 142702.27802816572 840.0
272000.0 273000.0 166712.29914654506 0.0
273000.0 274000.0 126331.29777288064 840.0
274000.0 275000.0 105129.56890767597 0.0
275000.0 276000.0 119716.90848715109 840.0
276000.0 277000.0 116563.86882842745 0.0
277000.0 278000.0 192649.270846786 840.0
278000.0 279000.0 55247.4926174271 0.0
279000.0 280000.0 127497.82049995859 840.0
280000.0 281000.0 167945.0117152029 0.0
281000.0 282000.0 153155.0516769579 840.0
282000.0 283000.0 67070.77579953376 0.0
283000.0 284000.0 177441.9105846643 840.0
284000.0 285000.0 41848.93981594801 0.0
285000.0 286000.0 209163.7683108306 840.0
286000.0 287000.0 28554.200342496842 0.0
287000.0 288000.0 137451.74231041322 840.0
288000.0 289000.0 82831.72271228145 0.0
289000.0 290000.0 180069.99258801978 840.0
290000.0 291000.0 50101.03575772481 0.0
291000.0 292000.0 174532.340007285 840.0
292000.0 293000.0 127172.35416450238 840.0
293000.0 294000.0 119479.88565816623 0.0
294000.0 295000.0 118213.01963725817 840.0
295000.0 296000.0 121052.70581463717 0.0
296000.0 297000.0 87196.72305584859 840.0
297000.0 298000.0 108928.95291007096 0.0
298000.0 299000.0 132940.49339789635 840.0
299000.0 300000.0 141997.21293195616 0.0
300000.0 301000.0 0.0 0.0
