ts te s_bytes_all avg_video_rate
0.0 1000.0 0.0 0.0
1000.0 2000.0 0.0 0.0
2000.0 3000.0 0.0 0.0
3000.0 4000.0 0.0 0.0
4000.0 5000.0 0.0 0.0
5000.0 6000.0 0.0 0.0
6000.0 7000.0 85824.94452571587 288.0
7000.0 8000.0 37633.055474284134 0.0
8000.0 9000.0 4313.0 0.0
9000.0 10000.0 1400.0 0.0
10000.0 11000.0 88073.68643196372 288.0
11000.0 12000.0 69994.26438299606 288.0
12000.0 13000.0 188086.41658348785 288.0
13000.0 14000.0 160675.60335090922 288.0
14000.0 15000.0 195160.81794291915 288.0
15000.0 16000.0 120880.49855585946 288.0
16000.0 17000.0 157647.315466407 288.0
17000.0 18000.0 80099.53083840101 288.0
18000.0 19000.0 87170.82927646278 0.0
19000.0 20000.0 20404.799580079456 288.0
20000.0 21000.0 121309.23759051436 0.0
21000.0 22000.0 2340.4607674440185 0.0
22000.0 23000.0 3993.5392325559815 0.0
23000.0 24000.0 1400.0 0.0
24000.0 25000.0 4484.582163319888 0.0
25000.0 26000.0 1228.417836680112 0.0
26000.0 27000.0 4485.183145682815 0.0
27000.0 28000.0 21271.87122581972 288.0
28000.0 29000.0 195375.96835784498 288.0
29000.0 30000.0 184044.6810578062 288.0
30000.0 31000.0 152138.1223260795 288.0
31000.0 32000.0 98549.28582387952 0.0
32000.0 33000.0 103306.87516614929 288.0
33000.0 34000.0 138669.94785484148 288.0
34000.0 35000.0 82797.40864598387 288.0
35000.0 36000.0 84472.6563959126 0.0
36000.0 37000.0 92528.79218959672 840.0
37000.0 38000.0 100088.21334503885 0.0
38000.0 39000.0 142267.2541965003 840.0
39000.0 40000.0 122404.30851642587 0.0
40000.0 41000.0 12293.43175243828 0.0
41000.0 42000.0 0.0 0.0
42000.0 43000.0 0.0 0.0
43000.0 44000.0 14205.722828656964 0.0
44000.0 45000.0 148916.6463047534 480.0
45000.0 46000.0 135424.1635439099 480.0
46000.0 47000.0 198671.9433855349 480.0
47000.0 48000.0 165302.94870614185 480.0
48000.0 49000.0 106711.50897109459 480.0
49000.0 50000.0 65742.06625990842 0.0
50000.0 51000.0 65465.24671950022 480.0
51000.0 52000.0 85717.75328049978 0.0
52000.0 53000.0 59257.43019060031 480.0
53000.0 54000.0 88306.39247357349 0.0
54000.0 55000.0 58914.21546911774 480.0
55000.0 56000.0 125920.1774264924 480.0
56000.0 57000.0 175089.11030008213 480.0
57000.0 58000.0 92961.43851648452 0.0
58000.0 59000.0 82433.85165438245 480.0
59000.0 60000.0 64004.66940088146 0.0
60000.0 61000.0 115531.9022203254 840.0
61000.0 62000.0 130543.56609151216 0.0
62000.0 63000.0 124107.14797533603 840.0
63000.0 64000.0 108239.3795831674 0.0
64000.0 65000.0 117809.30111983715 840.0
65000.0 66000.0 113640.59525222343 0.0
66000.0 67000.0 126125.75195521896 840.0
67000.0 68000.0 111948.70430495896 0.0
68000.0 69000.0 140930.1086752546 840.0
69000.0 70000.0 112889.82457684532 0.0
70000.0 71000.0 83624.33802173307 840.0
71000.0 72000.0 158856.68907143534 0.0
72000.0 73000.0 134598.9675606127 480.0
73000.0 74000.0 28074.438159924983 0.0
74000.0 75000.0 69799.55516625944 480.0
75000.0 76000.0 92100.44483374056 0.0
76000.0 77000.0 59802.03180057524 480.0
77000.0 78000.0 92987.76452655699 0.0
78000.0 79000.0 59413.51889935159 480.0
79000.0 80000.0 91574.4527758034 0.0
80000.0 81000.0 62741.12762047795 480.0
81000.0 82000.0 95656.19484127683 0.0
82000.0 83000.0 57159.43952981996 480.0
83000.0 84000.0 97729.93191062537 0.0
84000.0 85000.0 55373.81249481408 480.0
85000.0 86000.0 93408.72560069857 0.0
86000.0 87000.0 83538.01553303689 480.0
87000.0 88000.0 138577.9844669631 0.0
88000.0 89000.0 62776.39662679455 480.0
89000.0 90000.0 67010.60337320545 0.0
90000.0 91000.0 56870.05488704395 480.0
91000.0 92000.0 94866.89273584675 0.0
92000.0 93000.0 79098.21984780791 480.0
93000.0 94000.0 82767.3134736185 0.0
94000.0 95000.0 63199.93101587546 480.0
95000.0 96000.0 91733.94623414498 0.0
96000.0 97000.0 55259.91533714508 480.0
97000.0 98000.0 115748.72646851739 0.0
98000.0 99000.0 48426.983345652145 480.0
99000.0 100000.0 78925.76532249407 0.0
100000.0 101000.0 77169.95987177404 480.0
101000.0 102000.0 89091.72750563716 0.0
102000.0 103000.0 58226.563216915645 480.0
103000.0 104000.0 128142.16696118147 480.0
104000.0 105000.0 177957.778786748 480.0
105000.0 106000.0 103857.05498959747 0.0
106000.0 107000.0 60737.232481387306 480.0
107000.0 108000.0 87571.35475779702 0.0
108000.0 109000.0 65790.0589056086 480.0
109000.0 110000.0 90161.67661114033 0.0
110000.0 111000.0 65962.83447813962 480.0
111000.0 112000.0 89390.84632809734 0.0
112000.0 113000.0 64732.95111510031 480.0
113000.0 114000.0 93703.3231366422 0.0
114000.0 115000.0 58599.616114482844 480.0
115000.0 116000.0 94830.48516469436 0.0
116000.0 117000.0 55929.97167917085 480.0
117000.0 118000.0 98695.40491799891 0.0
118000.0 119000.0 28092.64158003941 480.0
119000.0 120000.0 123190.60272970088 0.0
120000.0 121000.0 56717.93439386621 480.0
121000.0 122000.0 90168.25225948589 0.0
122000.0 123000.0 9722.766130012995 0.0
123000.0 124000.0 34771.80967985964 480.0
124000.0 125000.0 154151.0671351774 480.0
125000.0 126000.0 104674.75811619582 0.0
126000.0 127000.0 34892.62724714707 480.0
127000.0 128000.0 118208.78503825495 0.0
128000.0 129000.0 63897.03934799595 480.0
129000.0 130000.0 88617.19703436611 0.0
130000.0 131000.0 52701.110335780555 480.0
131000.0 132000.0 94781.1609657446 0.0
132000.0 133000.0 63131.54839674477 480.0
133000.0 134000.0 97209.62712258573 0.0
134000.0 135000.0 22841.461409721953 480.0
135000.0 136000.0 126460.85538706034 0.0
136000.0 137000.0 65067.066840613545 480.0
137000.0 138000.0 92312.22480422394 0.0
138000.0 139000.0 59829.46996869844 480.0
139000.0 140000.0 91008.44910835243 0.0
140000.0 141000.0 65034.45974897894 480.0
141000.0 142000.0 91195.32952913272 0.0
142000.0 143000.0 59842.36851464083 480.0
143000.0 144000.0 97300.17467583476 0.0
144000.0 145000.0 54941.31934351955 480.0
145000.0 146000.0 89385.09713893014 0.0
146000.0 147000.0 61048.963520856596 480.0
147000.0 148000.0 103923.74285326454 0.0
148000.0 149000.0 50570.27673059875 480.0
149000.0 150000.0 92206.05722235482 0.0
150000.0 151000.0 38665.02169686695 480.0
151000.0 152000.0 122429.41810827976 480.0
152000.0 153000.0 188773.68557891942 480.0
153000.0 154000.0 106085.87461593386 0.0
154000.0 155000.0 70157.04655798082 480.0
155000.0 156000.0 91202.61320042351 0.0
156000.0 157000.0 65559.77085717654 480.0
157000.0 158000.0 88784.56938441911 0.0
158000.0 159000.0 65266.26144899161 480.0
159000.0 160000.0 84033.7385510084 0.0
160000.0 161000.0 64098.54361225311 480.0
161000.0 162000.0 92832.21267704209 0.0
162000.0 163000.0 61713.87124693989 480.0
163000.0 164000.0 92493.37246376491 0.0
164000.0 165000.0 50613.13438349526 480.0
165000.0 166000.0 82655.68700966264 0.0
166000.0 167000.0 77522.14205597345 480.0
167000.0 168000.0 130357.5624428652 480.0
168000.0 169000.0 122399.47410800346 0.0
169000.0 170000.0 0.0 0.0
170000.0 171000.0 92298.8062596406 480.0
171000.0 172000.0 55626.193740359406 0.0
172000.0 173000.0 94945.60101828506 840.0
173000.0 174000.0 108085.64166957472 0.0
174000.0 175000.0 84262.36144489376 480.0
175000.0 176000.0 94165.00316377876 0.0
176000.0 177000.0 29120.55835990876 480.0
177000.0 178000.0 125326.83434355893 0.0
178000.0 179000.0 64572.83188581759 480.0
179000.0 180000.0 85981.1681141824 0.0
180000.0 181000.0 62031.953183317535 480.0
181000.0 182000.0 88727.4065381989 0.0
182000.0 183000.0 55858.13639038784 480.0
183000.0 184000.0 86651.9130677342 0.0
184000.0 185000.0 54117.98774052627 480.0
185000.0 186000.0 100402.60307983524 0.0
186000.0 187000.0 51087.257974540116 480.0
187000.0 188000.0 85055.09662684836 0.0
188000.0 189000.0 82326.19747925886 480.0
189000.0 190000.0 88047.58339661201 0.0
190000.0 191000.0 58538.21707872689 480.0
191000.0 192000.0 93894.94016697694 0.0
192000.0 193000.0 61433.4160051635 480.0
193000.0 194000.0 104078.52586542183 0.0
194000.0 195000.0 34426.00953249242 480.0
195000.0 196000.0 119076.7558739591 0.0
196000.0 197000.0 64812.298420559324 480.0
197000.0 198000.0 86633.70157944068 0.0
198000.0 199000.0 60329.50941150974 480.0
199000.0 200000.0 130714.62717118711 480.0
200000.0 201000.0 169248.39344062045 480.0
201000.0 202000.0 94406.70139710893 0.0
202000.0 203000.0 57217.705162888786 480.0
203000.0 204000.0 96668.63159884144 0.0
204000.0 205000.0 52277.592807123365 480.0
205000.0 206000.0 92272.3490762509 0.0
206000.0 207000.0 16827.169591029877 480.0
207000.0 208000.0 129927.32034343937 0.0
208000.0 209000.0 62953.72746965884 480.0
209000.0 210000.0 92679.30249839355 0.0
210000.0 211000.0 62049.13602572972 480.0
211000.0 212000.0 91012.95227861726 0.0
212000.0 213000.0 21790.76542437434 480.0
213000.0 214000.0 132852.1163032263 0.0
214000.0 215000.0 66311.48650820782 480.0
215000.0 216000.0 87179.51349179218 0.0
216000.0 217000.0 60785.42690839645 480.0
217000.0 218000.0 86348.47314573108 0.0
218000.0 219000.0 58850.50722860397 480.0
219000.0 220000.0 91145.79372699429 0.0
220000.0 221000.0 57395.21025652493 480.0
221000.0 222000.0 93876.69997130986 0.0
222000.0 223000.0 52879.04258349606 480.0
223000.0 224000.0 98455.47468371008 0.0
224000.0 225000.0 55315.546379726744 480.0
225000.0 226000.0 99054.83247671515 0.0
226000.0 227000.0 34067.58520115624 480.0
227000.0 228000.0 109773.4074376351 0.0
228000.0 229000.0 72038.9998851675 480.0
229000.0 230000.0 115431.00011483248 0.0
230000.0 231000.0 65769.66859840526 480.0
231000.0 232000.0 85584.33140159475 0.0
232000.0 233000.0 62821.05836438041 480.0
233000.0 234000.0 91284.35216519912 0.0
234000.0 235000.0 58640.83389136014 480.0
235000.0 236000.0 90965.8309285984 0.0
236000.0 237000.0 61427.12980604639 480.0
237000.0 238000.0 95059.9077697308 0.0
238000.0 239000.0 55090.76272520917 480.0
239000.0 240000.0 97764.16881731083 0.0
240000.0 241000.0 53263.42409869187 480.0
241000.0 242000.0 99644.51420316793 0.0
242000.0 243000.0 36068.99886169137 480.0
243000.0 244000.0 99935.708939503 0.0
244000.0 245000.0 43298.53632734943 480.0
245000.0 246000.0 136809.77310176115 0.0
246000.0 247000.0 42513.67838883342 480.0
247000.0 248000.0 159414.77850636726 480.0
248000.0 249000.0 120243.82658161885 480.0
249000.0 250000.0 122050.64832473328 0.0
250000.0 251000.0 77712.84539926177 480.0
251000.0 252000.0 84893.22279918537 0.0
252000.0 253000.0 42069.23879595196 480.0
253000.0 254000.0 83828.62248595546 0.0
254000.0 255000.0 91179.93118365457 480.0
255000.0 256000.0 91918.59761522486 0.0
256000.0 257000.0 58808.77684168952 480.0
257000.0 258000.0 87474.5188367056 0.0
258000.0 259000.0 58842.76171782323 480.0
259000.0 260000.0 93045.93476128022 0.0
260000.0 261000.0 56292.61244512723 480.0
261000.0 262000.0 91313.34753445603 0.0
262000.0 263000.0 55919.61954218168 480.0
263000.0 264000.0 107180.82522980688 0.0
264000.0 265000.0 23300.429571259607 480.0
265000.0 266000.0 123602.78343888318 0.0
266000.0 267000.0 1933.805623585165 0.0
267000.0 268000.0 91835.78393872439 480.0
268000.0 269000.0 173480.4446797968 480.0
269000.0 270000.0 128946.02895621482 480.0
270000.0 271000.0 122009.06483347961 480.0
271000.0 272000.0 68662.78663780776 0.0
272000.0 273000.0 6256.08533039143 0.0
273000.0 274000.0 2328.3479639822162 0.0
274000.0 275000.0 62337.78577027888 480.0
275000.0 276000.0 63841.86626573889 0.0
276000.0 277000.0 63530.20376912124 480.0
277000.0 278000.0 128889.21526068478 0.0
278000.0 279000.0 130092.78884032842 480.0
279000.0 280000.0 86791.79212986556 0.0
280000.0 281000.0 59477.683004898645 480.0
281000.0 282000.0 88578.34674962302 0.0
282000.0 283000.0 65998.89967416244 480.0
283000.0 284000.0 93128.77938335722 0.0
284000.0 285000.0 57686.775665924295 480.0
285000.0 286000.0 92349.94081492408 0.0
286000.0 287000.0 60707.2433429072 480.0
287000.0 288000.0 97443.54892092993 0.0
288000.0 289000.0 59875.981283943314 480.0
289000.0 290000.0 98496.3684246192 0.0
290000.0 291000.0 53354.79815152402 480.0
291000.0 292000.0 93442.7012555633 0.0
292000.0 293000.0 49985.30019902016 480.0
293000.0 294000.0 126787.7345129986 480.0
294000.0 295000.0 169125.53313506942 480.0
295000.0 296000.0 99278.29204883438 0.0
296000.0 297000.0 36360.71245436685 480.0
297000.0 298000.0 117911.36097733393 0.0
298000.0 299000.0 61965.45170738296 480.0
299000.0 300000.0 83166.54829261704 0.0
300000.0 301000.0 0.0 0.0
