ts te s_bytes_all avg_video_rate
0.0 1000.0 0.0 0.0
1000.0 2000.0 0.0 0.0
2000.0 3000.0 0.0 0.0
3000.0 4000.0 0.0 0.0
4000.0 5000.0 0.0 0.0
5000.0 6000.0 0.0 0.0
6000.0 7000.0 4918.491190183465 0.0
7000.0 8000.0 101546.73430278982 288.0
8000.0 9000.0 143714.12170351227 288.0
9000.0 10000.0 107017.88518832013 288.0
10000.0 11000.0 54975.18304159968 0.0
11000.0 12000.0 121365.03865985002 288.0
12000.0 13000.0 149374.1673661158 288.0
13000.0 14000.0 27216.824946545967 0.0
14000.0 15000.0 9117.553601082811 0.0
15000.0 16000.0 13120.0 0.0
16000.0 17000.0 82214.19422035967 288.0
17000.0 18000.0 83044.9004985278 288.0
18000.0 19000.0 156956.10649140048 288.0
19000.0 20000.0 157196.85609672393 288.0
20000.0 21000.0 150906.21074561018 288.0
21000.0 22000.0 20049.731947377968 0.0
22000.0 23000.0 75795.44638113283 288.0
23000.0 24000.0 14776.553618867174 0.0
24000.0 25000.0 116990.0 480.0
25000.0 26000.0 29749.898331473243 0.0
26000.0 27000.0 108710.10166852675 480.0
27000.0 28000.0 7243.04093237899 0.0
28000.0 29000.0 116667.37528960794 480.0
29000.0 30000.0 36927.75778416542 0.0
30000.0 31000.0 19114.324027272312 0.0
31000.0 32000.0 112716.1528462327 480.0
32000.0 33000.0 48343.12637375957 0.0
33000.0 34000.0 86964.40411179126 288.0
34000.0 35000.0 9767.518317694383 288.0
35000.0 36000.0 146275.3910214242 0.0
36000.0 37000.0 87346.15225737658 288.0
37000.0 38000.0 61750.07254751101 288.0
38000.0 39000.0 53052.58598698001 0.0
39000.0 40000.0 77681.47369242454 288.0
40000.0 41000.0 21093.594151240704 0.0
41000.0 42000.0 61568.256107532725 288.0
42000.0 43000.0 43201.383790104344 0.0
43000.0 44000.0 70027.39076250329 288.0
44000.0 45000.0 0.0 0.0
45000.0 46000.0 100411.95370019521 288.0
46000.0 47000.0 7583.809773420855 0.0
47000.0 48000.0 86451.75178282082 288.0
48000.0 49000.0 5886.484743563123 0.0
49000.0 50000.0 95874.0 288.0
50000.0 51000.0 0.0 0.0
51000.0 52000.0 86605.0 288.0
52000.0 53000.0 2250.6917279383397 0.0
53000.0 54000.0 665.3082720616604 0.0
54000.0 55000.0 15322.045620288405 0.0
55000.0 56000.0 118189.65619724517 480.0
56000.0 57000.0 123526.8457876154 480.0
57000.0 58000.0 33301.36368460521 0.0
58000.0 59000.0 4409.319685927168 0.0
59000.0 60000.0 10766.221552029838 0.0
60000.0 61000.0 146015.31782670203 288.0
61000.0 62000.0 23273.229645586765 0.0
62000.0 63000.0 7950.0 0.0
63000.0 64000.0 4316.0 0.0
64000.0 65000.0 1400.0 0.0
65000.0 66000.0 74342.13184843742 288.0
66000.0 67000.0 30444.86815156258 0.0
67000.0 68000.0 4316.0 0.0
68000.0 69000.0 15868.302485708586 288.0
69000.0 70000.0 195851.35135142322 288.0
70000.0 71000.0 129655.74063713849 288.0
71000.0 72000.0 108851.20307773691 288.0
72000.0 73000.0 160411.70377226098 288.0
73000.0 74000.0 18889.69867573184 0.0
74000.0 75000.0 228299.67769555323 840.0
75000.0 76000.0 95775.70986888884 0.0
76000.0 77000.0 187306.7558991311 840.0
77000.0 78000.0 71885.18863112692 0.0
78000.0 79000.0 173306.14243716776 840.0
79000.0 80000.0 56712.16023794837 0.0
80000.0 81000.0 143313.32416035415 840.0
81000.0 82000.0 144205.6993340192 840.0
82000.0 83000.0 104396.71069258178 0.0
83000.0 84000.0 1080.631043228689 0.0
84000.0 85000.0 176875.9063434115 840.0
85000.0 86000.0 129166.58752448265 840.0
86000.0 87000.0 85354.50613210585 0.0
87000.0 88000.0 99848.89429959262 840.0
88000.0 89000.0 126269.75228223976 0.0
89000.0 90000.0 169800.727696405 840.0
90000.0 91000.0 70394.02509486231 0.0
91000.0 92000.0 154163.56647610935 840.0
92000.0 93000.0 12885.034150790938 0.0
93000.0 94000.0 160585.74464807147 840.0
94000.0 95000.0 63942.33434730286 0.0
95000.0 96000.0 171518.09533909208 840.0
96000.0 97000.0 21586.49738840799 0.0
97000.0 98000.0 192978.06487489262 840.0
98000.0 99000.0 15562.263402232966 0.0
99000.0 100000.0 187636.14266420147 840.0
100000.0 101000.0 14770.857335798528 0.0
101000.0 102000.0 184083.47718216732 840.0
102000.0 103000.0 27106.465497790625 0.0
103000.0 104000.0 174965.57282311184 840.0
104000.0 105000.0 12906.48449693025 0.0
105000.0 106000.0 167698.3006703329 840.0
106000.0 107000.0 128679.62079736135 840.0
107000.0 108000.0 88965.07853230574 0.0
108000.0 109000.0 0.0 0.0
109000.0 110000.0 147153.22401270946 840.0
110000.0 111000.0 199022.14668482592 840.0
111000.0 112000.0 106951.6293024646 0.0
112000.0 113000.0 97639.92980938005 840.0
113000.0 114000.0 130050.07019061994 0.0
114000.0 115000.0 61354.37618260914 840.0
115000.0 116000.0 100037.03216783311 0.0
116000.0 117000.0 109255.34382717342 840.0
117000.0 118000.0 101473.24782238434 0.0
118000.0 119000.0 82633.60846607285 840.0
119000.0 120000.0 144879.53999536717 0.0
120000.0 121000.0 126182.68334265571 840.0
121000.0 122000.0 44560.18290915052 0.0
122000.0 123000.0 175415.26932242286 840.0
123000.0 124000.0 154355.30587460168 0.0
124000.0 125000.0 29550.798696833936 0.0
125000.0 126000.0 175275.13742901472 840.0
126000.0 127000.0 148003.818459271 840.0
127000.0 128000.0 55113.80410685844 0.0
128000.0 129000.0 175161.70286357112 840.0
129000.0 130000.0 87214.01066660021 840.0
130000.0 131000.0 131671.13786757973 0.0
131000.0 132000.0 6060.7019418664595 0.0
132000.0 133000.0 175428.3602635066 840.0
133000.0 134000.0 126360.80184307703 840.0
134000.0 135000.0 111004.1359515499 0.0
135000.0 136000.0 115794.5979062108 840.0
136000.0 137000.0 120034.64136500926 0.0
137000.0 138000.0 106586.06324783358 840.0
138000.0 139000.0 117889.6577385654 0.0
139000.0 140000.0 166956.3766551741 840.0
140000.0 141000.0 48725.75012602618 0.0
141000.0 142000.0 144492.16092368227 840.0
142000.0 143000.0 49728.23285089476 0.0
143000.0 144000.0 149191.2501059069 840.0
144000.0 145000.0 62458.13995222184 0.0
145000.0 146000.0 142148.43571679117 840.0
146000.0 147000.0 79843.83435194232 0.0
147000.0 148000.0 153311.41373645124 840.0
148000.0 149000.0 68345.3863715307 0.0
149000.0 150000.0 149480.57306171377 840.0
150000.0 151000.0 46869.918900626944 0.0
151000.0 152000.0 136709.74043231786 840.0
152000.0 153000.0 44972.0761685617 0.0
153000.0 154000.0 151024.90178573364 840.0
154000.0 155000.0 49118.169848636855 0.0
155000.0 156000.0 137755.47202502517 840.0
156000.0 157000.0 129654.3552844109 840.0
157000.0 158000.0 106893.87186649375 0.0
158000.0 159000.0 91398.03140276884 840.0
159000.0 160000.0 103286.00609090934 0.0
160000.0 161000.0 83360.68280540833 840.0
161000.0 162000.0 110044.25927915247 0.0
162000.0 163000.0 87876.73461083429 840.0
163000.0 164000.0 123163.72318158433 0.0
164000.0 165000.0 98439.46896246096 840.0
165000.0 166000.0 146175.33904288308 0.0
166000.0 167000.0 191551.7733802532 840.0
167000.0 168000.0 37447.88492165931 0.0
168000.0 169000.0 180674.96215397015 840.0
169000.0 170000.0 34424.8919214368 0.0
170000.0 171000.0 162825.25102546994 840.0
171000.0 172000.0 36154.03847824689 0.0
172000.0 173000.0 148470.10302711494 840.0
173000.0 174000.0 51206.8456590204 0.0
174000.0 175000.0 140504.72748807422 840.0
175000.0 176000.0 18101.44636460018 0.0
176000.0 177000.0 225202.47518814367 840.0
177000.0 178000.0 129438.93717043108 840.0
178000.0 179000.0 96881.39742381658 0.0
179000.0 180000.0 8392.37537389727 0.0
180000.0 181000.0 161181.35860705096 840.0
181000.0 182000.0 114648.11343602656 840.0
182000.0 183000.0 97555.87907210688 0.0
183000.0 184000.0 110449.01286062378 840.0
184000.0 185000.0 127228.09361076885 0.0
185000.0 186000.0 123159.24263766037 840.0
186000.0 187000.0 72376.85865583067 0.0
187000.0 188000.0 156566.9846303205 840.0
188000.0 189000.0 45587.22279601173 0.0
189000.0 190000.0 145363.99926017347 840.0
190000.0 191000.0 47456.97464277173 0.0
191000.0 192000.0 147933.0728296333 840.0
192000.0 193000.0 45265.23577106878 0.0
193000.0 194000.0 135814.22314179988 840.0
194000.0 195000.0 68419.24781572583 0.0
195000.0 196000.0 140064.9795994484 840.0
196000.0 197000.0 66225.30829062313 0.0
197000.0 198000.0 148898.4092293803 840.0
198000.0 199000.0 50948.283236896576 0.0
199000.0 200000.0 134661.90942122566 840.0
200000.0 201000.0 37817.15733943203 0.0
201000.0 202000.0 138751.5956081439 840.0
202000.0 203000.0 42115.208193141836 0.0
203000.0 204000.0 133396.01083233676 840.0
204000.0 205000.0 122039.17626667426 840.0
205000.0 206000.0 103698.9888966854 0.0
206000.0 207000.0 106093.42085577476 840.0
207000.0 208000.0 128416.67291223918 0.0
208000.0 209000.0 85016.94139420686 840.0
209000.0 210000.0 104592.04278232036 0.0
210000.0 211000.0 82477.66877729396 840.0
211000.0 212000.0 114272.33122270604 0.0
212000.0 213000.0 88118.01047864696 840.0
213000.0 214000.0 139999.11341668922 0.0
214000.0 215000.0 163439.23634894643 840.0
215000.0 216000.0 16740.639755717417 0.0
216000.0 217000.0 89039.90237819974 840.0
217000.0 218000.0 138887.9893548375 0.0
218000.0 219000.0 153724.8439256407 840.0
219000.0 220000.0 16302.228764962338 0.0
220000.0 221000.0 175850.47244761468 840.0
221000.0 222000.0 14726.759679592786 0.0
222000.0 223000.0 192540.7183517373 840.0
223000.0 224000.0 108017.69256413745 840.0
224000.0 225000.0 126507.39253327754 0.0
225000.0 226000.0 2915.0 0.0
226000.0 227000.0 0.0 0.0
227000.0 228000.0 172523.930004835 840.0
228000.0 229000.0 97766.39962909363 840.0
229000.0 230000.0 162187.6049486149 840.0
230000.0 231000.0 120621.10894082209 0.0
231000.0 232000.0 130947.79248578969 840.0
232000.0 233000.0 117857.62991156749 0.0
233000.0 234000.0 150805.9636112274 840.0
234000.0 235000.0 44922.30048369516 0.0
235000.0 236000.0 100798.54925277104 840.0
236000.0 237000.0 107594.67568092776 0.0
237000.0 238000.0 125420.53055528329 840.0
238000.0 239000.0 48058.361300766985 0.0
239000.0 240000.0 144676.78437088398 840.0
240000.0 241000.0 44506.36882372161 0.0
241000.0 242000.0 80238.43777854095 840.0
242000.0 243000.0 111505.51361798146 0.0
243000.0 244000.0 95645.42790543288 840.0
244000.0 245000.0 139454.59666817065 0.0
245000.0 246000.0 147473.609020638 840.0
246000.0 247000.0 51000.063379381834 0.0
247000.0 248000.0 153918.75285295263 840.0
248000.0 249000.0 72849.14708676875 0.0
249000.0 250000.0 151844.80010650196 840.0
250000.0 251000.0 178403.84950994235 840.0
251000.0 252000.0 135005.80207368857 0.0
252000.0 253000.0 79616.93644016335 840.0
253000.0 254000.0 112489.06355983665 0.0
254000.0 255000.0 80683.26563498104 840.0
255000.0 256000.0 109574.27729394371 0.0
256000.0 257000.0 89583.81412496865 840.0
257000.0 258000.0 117921.33386096952 0.0
258000.0 259000.0 86936.79278778839 840.0
259000.0 260000.0 123364.14323026781 0.0
260000.0 261000.0 154603.2498347666 840.0
261000.0 262000.0 15653.874075693606 0.0
262000.0 263000.0 164875.91609253775 840.0
263000.0 264000.0 56116.37812975604 0.0
264000.0 265000.0 201548.17549041344 840.0
265000.0 266000.0 35983.40705058021 0.0
266000.0 267000.0 161201.89246518674 840.0
267000.0 268000.0 78974.69062718052 0.0
268000.0 269000.0 172660.6032428419 840.0
269000.0 270000.0 32778.204212382254 0.0
270000.0 271000.0 183704.67900253343 840.0
271000.0 272000.0 48100.98335999332 0.0
272000.0 273000.0 176853.69935672777 840.0
273000.0 274000.0 54046.0867884029 0.0
274000.0 275000.0 169437.87808572105 840.0
275000.0 276000.0 148720.46403301213 840.0
276000.0 277000.0 78415.35140894963 0.0
277000.0 278000.0 96326.17210653031 840.0
278000.0 279000.0 106455.91301622121 0.0
279000.0 280000.0 149061.18196690545 840.0
280000.0 281000.0 120196.02832324078 0.0
281000.0 282000.0 129766.02013083661 840.0
282000.0 283000.0 66241.52426666729 0.0
283000.0 284000.0 102430.71735609736 840.0
284000.0 285000.0 112028.39012171768 0.0
285000.0 286000.0 167726.70602130675 840.0
286000.0 287000.0 70679.99039364433 0.0
287000.0 288000.0 150402.22194715808 840.0
288000.0 289000.0 31921.974160075828 0.0
289000.0 290000.0 176799.9171699352 840.0
290000.0 291000.0 51100.08283006482 0.0
291000.0 292000.0 146504.6909013185 840.0
292000.0 293000.0 45284.89548762467 0.0
293000.0 294000.0 161253.63703747967 840.0
294000.0 295000.0 58730.97598258809 0.0
295000.0 296000.0 131037.24071094811 840.0
296000.0 297000.0 34822.55988004093 0.0
297000.0 298000.0 135822.35443466154 840.0
298000.0 299000.0 108747.39036499974 840.0
299000.0 300000.0 102249.25520033872 0.0
300000.0 301000.0 0.0 0.0
