ts te s_bytes_all avg_video_rate
0.0 1000.0 0.0 0.0
1000.0 2000.0 0.0 0.0
2000.0 3000.0 0.0 0.0
3000.0 4000.0 0.0 0.0
4000.0 5000.0 0.0 0.0
5000.0 6000.0 0.0 0.0
6000.0 7000.0 0.0 0.0
7000.0 8000.0 0.0 0.0
8000.0 9000.0 0.0 0.0
9000.0 10000.0 0.0 0.0
10000.0 11000.0 0.0 0.0
11000.0 12000.0 0.0 0.0
12000.0 13000.0 0.0 0.0
13000.0 14000.0 0.0 0.0
14000.0 15000.0 0.0 0.0
15000.0 16000.0 0.0 0.0
16000.0 17000.0 0.0 0.0
17000.0 18000.0 0.0 0.0
18000.0 19000.0 0.0 0.0
19000.0 20000.0 1055.5141298846513 0.0
20000.0 21000.0 5855.485870115348 0.0
21000.0 22000.0 2800.0 0.0
22000.0 23000.0 100.83747497592591 0.0
23000.0 24000.0 3351.162525024074 288.0
24000.0 25000.0 103202.38730177574 0.0
25000.0 26000.0 87004.13164257415 288.0
26000.0 27000.0 58299.21981043755 0.0
27000.0 28000.0 58734.41883428084 288.0
28000.0 29000.0 82025.08344282645 288.0
29000.0 30000.0 144082.6436324387 0.0
30000.0 31000.0 87756.14674507618 288.0
31000.0 32000.0 84856.38907063869 288.0
32000.0 33000.0 89415.5285107388 288.0
33000.0 34000.0 54062.64119937829 288.0
34000.0 35000.0 52093.69626072955 0.0
35000.0 36000.0 38393.94320597328 0.0
36000.0 37000.0 88956.99463880264 288.0
37000.0 38000.0 74022.4594928752 0.0
38000.0 39000.0 39634.72501906143 288.0
39000.0 40000.0 56773.82890342797 0.0
40000.0 41000.0 52499.38958284556 0.0
41000.0 42000.0 82612.42096533823 288.0
42000.0 43000.0 56527.61051689976 288.0
43000.0 44000.0 70642.77614710253 0.0
44000.0 45000.0 79407.18364640391 0.0
45000.0 46000.0 70648.29738453537 0.0
46000.0 47000.0 59916.303599631836 288.0
47000.0 48000.0 55625.39928709396 0.0
48000.0 49000.0 64614.121130136 0.0
49000.0 50000.0 58554.838094334766 0.0
50000.0 51000.0 30349.0611460872 288.0
51000.0 52000.0 59115.471589646986 0.0
52000.0 53000.0 32286.868881672563 0.0
53000.0 54000.0 32308.54314561429 0.0
54000.0 55000.0 34002.96031355998 288.0
55000.0 56000.0 42395.90980691141 0.0
56000.0 57000.0 27298.77118151962 288.0
57000.0 58000.0 61427.39217660513 0.0
58000.0 59000.0 53316.16197756714 0.0
59000.0 60000.0 58670.57728924719 288.0
60000.0 61000.0 43900.01149770944 0.0
61000.0 62000.0 34652.754579074164 288.0
62000.0 63000.0 58861.64805849583 0.0
63000.0 64000.0 71767.72587463463 0.0
64000.0 65000.0 58133.508038384214 288.0
65000.0 66000.0 74580.07389009758 0.0
66000.0 67000.0 72485.81591406393 288.0
67000.0 68000.0 70381.71279839937 0.0
68000.0 69000.0 72783.89910005599 288.0
69000.0 70000.0 76244.07129037078 0.0
70000.0 71000.0 63331.9150888248 288.0
71000.0 72000.0 76677.09583526978 0.0
72000.0 73000.0 55808.537301442884 288.0
73000.0 74000.0 53822.8404854745 0.0
74000.0 75000.0 27991.40930027771 0.0
75000.0 76000.0 26402.179425040726 0.0
76000.0 77000.0 60848.375034882956 288.0
77000.0 78000.0 49114.525519589784 0.0
78000.0 79000.0 33129.116573873354 0.0
79000.0 80000.0 29932.590258101078 288.0
80000.0 81000.0 78709.98022786657 0.0
81000.0 82000.0 49394.938205032144 0.0
82000.0 83000.0 7280.839281935693 0.0
83000.0 84000.0 17591.713837462208 288.0
84000.0 85000.0 41090.954455737585 0.0
85000.0 86000.0 45630.82875115543 0.0
86000.0 87000.0 24776.442247666986 288.0
87000.0 88000.0 44391.19827055961 0.0
88000.0 89000.0 77573.22375183206 0.0
89000.0 90000.0 48297.11794850018 288.0
90000.0 91000.0 53500.5622552641 0.0
91000.0 92000.0 79375.35628925805 0.0
92000.0 93000.0 106925.03143293163 288.0
93000.0 94000.0 43535.90963784611 0.0
94000.0 95000.0 58807.86051822655 0.0
95000.0 96000.0 52759.81132304726 0.0
96000.0 97000.0 44228.86093790829 0.0
97000.0 98000.0 18566.304213541513 0.0
98000.0 99000.0 13696.915326062252 0.0
99000.0 100000.0 40727.72655813797 288.0
100000.0 101000.0 48491.283072567814 0.0
101000.0 102000.0 42002.37049182119 0.0
102000.0 103000.0 49639.529621858564 288.0
103000.0 104000.0 63579.907047805915 0.0
104000.0 105000.0 48897.196541365454 0.0
105000.0 106000.0 44275.69498059132 288.0
106000.0 107000.0 35757.57830478329 288.0
107000.0 108000.0 26644.330572903553 0.0
108000.0 109000.0 32270.86356931349 0.0
109000.0 110000.0 34069.843815336 288.0
110000.0 111000.0 64669.1405966979 0.0
111000.0 112000.0 37722.676333039024 288.0
112000.0 113000.0 62660.876238435696 0.0
113000.0 114000.0 51007.19794847625 288.0
114000.0 115000.0 43222.987852423976 0.0
115000.0 116000.0 56337.53819048921 288.0
116000.0 117000.0 59613.877181264965 0.0
117000.0 118000.0 36140.88787774698 288.0
118000.0 119000.0 57958.84060273404 0.0
119000.0 120000.0 52567.99759880397 0.0
120000.0 121000.0 38619.75509878784 0.0
121000.0 122000.0 78654.71522149762 288.0
122000.0 123000.0 75625.3077040792 0.0
123000.0 124000.0 39492.057863292845 288.0
124000.0 125000.0 58585.21242805621 0.0
125000.0 126000.0 70490.58258576476 288.0
126000.0 127000.0 40965.21393978381 288.0
127000.0 128000.0 66029.59108069015 0.0
128000.0 129000.0 63398.34798493138 0.0
129000.0 130000.0 43299.79879292062 288.0
130000.0 131000.0 48876.45078143395 0.0
131000.0 132000.0 47822.67117247836 0.0
132000.0 133000.0 3531.380973022966 0.0
133000.0 134000.0 92654.70356761453 288.0
134000.0 135000.0 66034.91583433915 0.0
135000.0 136000.0 49423.38570559361 288.0
136000.0 137000.0 25637.941314997715 0.0
137000.0 138000.0 5392.1749080626305 0.0
138000.0 139000.0 14738.156778410925 0.0
139000.0 140000.0 21229.54084820046 0.0
140000.0 141000.0 23598.800069758017 0.0
141000.0 142000.0 6960.912137399858 0.0
142000.0 143000.0 1415.0878626001427 0.0
143000.0 144000.0 17680.97798815345 288.0
144000.0 145000.0 32157.344439058812 0.0
145000.0 146000.0 32392.260905428913 0.0
146000.0 147000.0 119132.44588404374 288.0
147000.0 148000.0 28018.14265434884 0.0
148000.0 149000.0 13180.808403182798 0.0
149000.0 150000.0 10772.633998196463 0.0
150000.0 151000.0 13532.572860326203 0.0
151000.0 152000.0 13791.322986597503 0.0
152000.0 153000.0 4552.636561739985 0.0
153000.0 154000.0 23572.336988585485 0.0
154000.0 155000.0 38064.30580678757 288.0
155000.0 156000.0 44143.41206263576 0.0
156000.0 157000.0 35600.95580844209 0.0
157000.0 158000.0 28756.56012445392 0.0
158000.0 159000.0 4814.44132760943 0.0
159000.0 160000.0 3320.572116835804 0.0
160000.0 161000.0 1699.2398870112283 0.0
161000.0 162000.0 5547.355975220858 0.0
162000.0 163000.0 27856.25751497869 288.0
163000.0 164000.0 53384.61602036517 0.0
164000.0 165000.0 39681.11900270963 288.0
165000.0 166000.0 39556.459193842034 0.0
166000.0 167000.0 37746.79523462665 0.0
167000.0 168000.0 36837.29963880345 288.0
168000.0 169000.0 117139.69900857871 0.0
169000.0 170000.0 53996.59790260662 0.0
170000.0 171000.0 33367.5819282241 0.0
171000.0 172000.0 23311.28349364576 288.0
172000.0 173000.0 45701.21947400717 0.0
173000.0 174000.0 42892.43945172003 0.0
174000.0 175000.0 57158.1539382645 288.0
175000.0 176000.0 59238.078418086436 0.0
176000.0 177000.0 64247.16569428104 288.0
177000.0 178000.0 61188.189375683694 288.0
178000.0 179000.0 91056.63928081606 0.0
179000.0 180000.0 125858.20272495908 288.0
180000.0 181000.0 70146.4528329071 288.0
181000.0 182000.0 103859.64450772117 288.0
182000.0 183000.0 106056.19289697656 0.0
183000.0 184000.0 69096.68488542906 288.0
184000.0 185000.0 63667.56658278179 288.0
185000.0 186000.0 93918.38257339793 0.0
186000.0 187000.0 45761.23262591351 288.0
187000.0 188000.0 61768.33514931436 0.0
188000.0 189000.0 27923.20580087913 0.0
189000.0 190000.0 24633.8407815709 0.0
190000.0 191000.0 14927.74964226831 0.0
191000.0 192000.0 12523.509329204035 0.0
192000.0 193000.0 29786.995172575487 288.0
193000.0 194000.0 62809.927222952276 0.0
194000.0 195000.0 70467.7276108721 288.0
195000.0 196000.0 133695.8194273242 288.0
196000.0 197000.0 91566.6043336289 288.0
197000.0 198000.0 101845.93092712965 288.0
198000.0 199000.0 98291.55803632419 0.0
199000.0 200000.0 93871.46266074506 288.0
200000.0 201000.0 49644.807132809074 0.0
201000.0 202000.0 102902.77141638851 288.0
202000.0 203000.0 97747.31443662557 288.0
203000.0 204000.0 82435.54647865027 288.0
204000.0 205000.0 80637.40977231931 288.0
205000.0 206000.0 81432.1778964109 288.0
206000.0 207000.0 85492.09896835971 0.0
207000.0 208000.0 75500.52913349 288.0
208000.0 209000.0 34911.04400310833 0.0
209000.0 210000.0 72387.26178677822 288.0
210000.0 211000.0 69790.007175405 0.0
211000.0 212000.0 67852.08295049137 288.0
212000.0 213000.0 75951.15058490098 0.0
213000.0 214000.0 28850.639706398917 288.0
214000.0 215000.0 81148.6056018003 0.0
215000.0 216000.0 108715.82862424811 288.0
216000.0 217000.0 21977.841616365244 288.0
217000.0 218000.0 81903.93564067676 0.0
218000.0 219000.0 61038.63639814094 288.0
219000.0 220000.0 97095.0204030906 0.0
220000.0 221000.0 11000.277265442668 288.0
221000.0 222000.0 148951.5170074086 0.0
222000.0 223000.0 9313.54892591719 0.0
223000.0 224000.0 40724.58886371698 288.0
224000.0 225000.0 39079.227495627354 288.0
225000.0 226000.0 104924.10555205794 0.0
226000.0 227000.0 72413.0374607597 288.0
227000.0 228000.0 97217.74036244786 0.0
228000.0 229000.0 46040.93665923265 288.0
229000.0 230000.0 123152.1656887071 0.0
230000.0 231000.0 49829.73249238187 0.0
231000.0 232000.0 55465.604913249466 288.0
232000.0 233000.0 29300.87543688522 0.0
233000.0 234000.0 10036.024854316764 288.0
234000.0 235000.0 78002.2089049604 0.0
235000.0 236000.0 46619.73883544489 288.0
236000.0 237000.0 75014.43790699092 0.0
237000.0 238000.0 87573.57457322085 288.0
238000.0 239000.0 31991.25001861107 288.0
239000.0 240000.0 138111.19414612115 0.0
240000.0 241000.0 110691.9532560288 288.0
241000.0 242000.0 88322.60257923897 0.0
242000.0 243000.0 68569.28648382013 288.0
243000.0 244000.0 71566.71351617987 0.0
244000.0 245000.0 62513.5423259194 288.0
245000.0 246000.0 31236.457674080597 0.0
246000.0 247000.0 3451.823085407573 288.0
247000.0 248000.0 102021.17691459243 0.0
248000.0 249000.0 79476.3773068596 480.0
249000.0 250000.0 53310.6226931404 0.0
250000.0 251000.0 84006.28129018049 480.0
251000.0 252000.0 37666.71870981951 0.0
252000.0 253000.0 87983.65049506073 480.0
253000.0 254000.0 70226.34950493925 0.0
254000.0 255000.0 82456.72836639996 480.0
255000.0 256000.0 93409.917204807 0.0
256000.0 257000.0 40342.8674727374 0.0
257000.0 258000.0 79894.32862268106 480.0
258000.0 259000.0 184900.55181160299 480.0
259000.0 260000.0 48342.4056060531 480.0
260000.0 261000.0 121052.20091571848 0.0
261000.0 262000.0 8548.463191367257 480.0
262000.0 263000.0 167719.53680863275 0.0
263000.0 264000.0 31001.576722246955 840.0
264000.0 265000.0 191694.69194935018 0.0
265000.0 266000.0 58055.87709121775 840.0
266000.0 267000.0 138759.8247869982 0.0
267000.0 268000.0 180134.3320337413 840.0
268000.0 269000.0 130340.96841023702 0.0
269000.0 270000.0 20522.89334349469 840.0
270000.0 271000.0 181176.73416905483 0.0
271000.0 272000.0 150988.86608032638 840.0
272000.0 273000.0 71532.15756929335 0.0
273000.0 274000.0 89463.1973172702 840.0
274000.0 275000.0 118616.0900307033 0.0
275000.0 276000.0 214273.1251932959 840.0
276000.0 277000.0 47001.80703031669 0.0
277000.0 278000.0 133268.4697956778 840.0
278000.0 279000.0 115199.69448222214 0.0
279000.0 280000.0 168238.69531769145 840.0
280000.0 281000.0 55687.0245191533 840.0
281000.0 282000.0 191903.80632936978 0.0
282000.0 283000.0 3192.8422433500355 840.0
283000.0 284000.0 212680.32558498872 0.0
284000.0 285000.0 47660.59454607345 840.0
285000.0 286000.0 202100.94507669602 0.0
286000.0 287000.0 23515.47194734953 840.0
287000.0 288000.0 210589.89844029775 0.0
288000.0 289000.0 20392.00269802388 840.0
289000.0 290000.0 201163.00567128343 0.0
290000.0 291000.0 21807.939823113677 840.0
291000.0 292000.0 193825.48351160926 0.0
292000.0 293000.0 151691.486483659 840.0
293000.0 294000.0 106150.34560446788 0.0
294000.0 295000.0 122034.8959354763 840.0
295000.0 296000.0 116892.59414102194 0.0
296000.0 297000.0 114334.44484468717 840.0
297000.0 298000.0 100834.37440784558 0.0
298000.0 299000.0 117063.4181742221 840.0
299000.0 300000.0 91775.09869417308 0.0
