ts te s_bytes_all avg_video_rate
0.0 1000.0 0.0 0.0
1000.0 2000.0 0.0 0.0
2000.0 3000.0 0.0 0.0
3000.0 4000.0 0.0 0.0
4000.0 5000.0 0.0 0.0
5000.0 6000.0 0.0 0.0
6000.0 7000.0 66551.92785701553 288.0
7000.0 8000.0 97882.80551589234 288.0
8000.0 9000.0 99272.23045196736 288.0
9000.0 10000.0 155930.8400416005 288.0
10000.0 11000.0 167528.295246015 288.0
11000.0 12000.0 153060.1421873837 288.0
12000.0 13000.0 151896.64591110934 288.0
13000.0 14000.0 163617.4121416516 288.0
14000.0 15000.0 96388.22968566828 288.0
15000.0 16000.0 34139.470961696396 0.0
16000.0 17000.0 98709.0093755814 840.0
17000.0 18000.0 86743.01055235774 0.0
18000.0 19000.0 118699.35209019583 840.0
19000.0 20000.0 132944.69480457142 0.0
20000.0 21000.0 176512.17105886652 840.0
21000.0 22000.0 68496.31828387186 840.0
22000.0 23000.0 137093.21374925136 0.0
23000.0 24000.0 65670.83806699928 840.0
24000.0 25000.0 105411.80356107785 0.0
25000.0 26000.0 140486.13690344122 840.0
26000.0 27000.0 78121.45155378555 0.0
27000.0 28000.0 200257.25554151137 840.0
28000.0 29000.0 82923.47655257914 840.0
29000.0 30000.0 160102.26790590948 0.0
30000.0 31000.0 113515.440451334 840.0
31000.0 32000.0 107785.559548666 0.0
32000.0 33000.0 106418.38078952822 840.0
33000.0 34000.0 140575.74165512266 840.0
34000.0 35000.0 134050.14186735504 0.0
35000.0 36000.0 62427.735687994085 0.0
36000.0 37000.0 35537.0 840.0
37000.0 38000.0 190221.7671023435 0.0
38000.0 39000.0 160533.81196473603 840.0
39000.0 40000.0 196511.00170365616 840.0
40000.0 41000.0 103719.10861844334 0.0
41000.0 42000.0 84643.53712268466 840.0
42000.0 43000.0 77668.09372411598 0.0
43000.0 44000.0 69830.50913791366 840.0
44000.0 45000.0 130586.60371647034 0.0
45000.0 46000.0 74215.51923760599 840.0
46000.0 47000.0 216926.5559429695 0.0
47000.0 48000.0 112355.21130679475 840.0
48000.0 49000.0 97816.26078430672 0.0
49000.0 50000.0 149049.9751581216 840.0
50000.0 51000.0 36620.59697932756 0.0
51000.0 52000.0 190767.2040815107 840.0
52000.0 53000.0 10500.482639685359 0.0
53000.0 54000.0 169965.5106412621 840.0
54000.0 55000.0 119304.6271041361 840.0
55000.0 56000.0 139758.38466265253 0.0
56000.0 57000.0 24220.25405520922 0.0
57000.0 58000.0 164017.97367930098 840.0
58000.0 59000.0 114670.61482045127 840.0
59000.0 60000.0 185173.29734336887 0.0
60000.0 61000.0 81549.33378565189 840.0
61000.0 62000.0 84646.4085773393 0.0
62000.0 63000.0 61299.64044980121 840.0
63000.0 64000.0 145218.5555813706 0.0
64000.0 65000.0 83544.20181489669 840.0
65000.0 66000.0 131526.35654497577 0.0
66000.0 67000.0 121369.31342223292 840.0
67000.0 68000.0 169248.43988167102 0.0
68000.0 69000.0 25642.421316674394 0.0
69000.0 70000.0 184028.03321311512 840.0
70000.0 71000.0 116514.47987877688 840.0
71000.0 72000.0 131057.00635520938 0.0
72000.0 73000.0 23357.907651217833 0.0
73000.0 74000.0 0.0 0.0
74000.0 75000.0 59355.43422197133 840.0
75000.0 76000.0 169565.11718444608 0.0
76000.0 77000.0 145609.62250487448 480.0
77000.0 78000.0 169155.22908188988 480.0
78000.0 79000.0 58946.166541726554 480.0
79000.0 80000.0 105097.33218375946 480.0
80000.0 81000.0 140746.09828133226 0.0
81000.0 82000.0 0.0 0.0
82000.0 83000.0 1550.2733390120559 0.0
83000.0 84000.0 1337.1045524773258 0.0
84000.0 85000.0 143827.62210851064 480.0
85000.0 86000.0 105896.41817281021 840.0
86000.0 87000.0 130181.01191694732 0.0
87000.0 88000.0 120056.75436800759 840.0
88000.0 89000.0 201176.65769047505 840.0
89000.0 90000.0 154130.3216570245 0.0
90000.0 91000.0 226329.53778002883 840.0
91000.0 92000.0 130568.01754787032 840.0
92000.0 93000.0 81719.88945889157 0.0
93000.0 94000.0 103434.26104288622 840.0
94000.0 95000.0 101756.48623107247 0.0
95000.0 96000.0 97961.45480149277 840.0
96000.0 97000.0 148902.65553829825 0.0
97000.0 98000.0 153001.3590357068 840.0
98000.0 99000.0 123880.03595447795 0.0
99000.0 100000.0 88601.55005055199 840.0
100000.0 101000.0 156581.84090439728 840.0
101000.0 102000.0 107421.62398784199 0.0
102000.0 103000.0 95102.81702980929 0.0
103000.0 104000.0 137524.90703642467 840.0
104000.0 105000.0 90523.39979498493 0.0
105000.0 106000.0 126580.05447547244 840.0
106000.0 107000.0 164184.3506162754 840.0
107000.0 108000.0 151020.1747510621 0.0
108000.0 109000.0 81043.80904178448 840.0
109000.0 110000.0 108453.41896371356 0.0
110000.0 111000.0 66635.19215169207 0.0
111000.0 112000.0 0.0 0.0
112000.0 113000.0 55619.98577866153 840.0
113000.0 114000.0 188298.88993928093 0.0
114000.0 115000.0 144160.39585805262 480.0
115000.0 116000.0 100346.23393733687 480.0
116000.0 117000.0 115398.48131823883 480.0
117000.0 118000.0 82919.01316842923 0.0
118000.0 119000.0 6309.301898993505 0.0
119000.0 120000.0 106477.39189989283 840.0
120000.0 121000.0 149162.35517948805 840.0
121000.0 122000.0 189056.5953923866 0.0
122000.0 123000.0 35239.355629239035 0.0
123000.0 124000.0 118759.87017443331 840.0
124000.0 125000.0 160449.5947907831 840.0
125000.0 126000.0 136302.9000812365 0.0
126000.0 127000.0 143707.12571654934 840.0
127000.0 128000.0 119893.68765621212 0.0
128000.0 129000.0 107744.22391228983 840.0
129000.0 130000.0 144724.03822278092 0.0
130000.0 131000.0 84854.37564803782 840.0
131000.0 132000.0 144171.35093837872 0.0
132000.0 133000.0 95296.22919989577 840.0
133000.0 134000.0 151079.45323798273 0.0
134000.0 135000.0 96076.4189811772 840.0
135000.0 136000.0 145221.00225183973 0.0
136000.0 137000.0 88223.13227805431 840.0
137000.0 138000.0 196705.41295122376 0.0
138000.0 139000.0 234914.51978982962 840.0
139000.0 140000.0 139787.82087248852 840.0
140000.0 141000.0 147101.4711147906 0.0
141000.0 142000.0 175855.01615840374 840.0
142000.0 143000.0 27599.35602361239 0.0
143000.0 144000.0 114362.33632580964 840.0
144000.0 145000.0 165051.41182982258 0.0
145000.0 146000.0 130926.97909841049 840.0
146000.0 147000.0 83683.61885114196 0.0
147000.0 148000.0 178187.71286326734 840.0
148000.0 149000.0 107399.73510628159 0.0
149000.0 150000.0 155267.67967166853 840.0
150000.0 151000.0 62348.774017360156 0.0
151000.0 152000.0 183877.01233045972 840.0
152000.0 153000.0 92168.3092276293 840.0
153000.0 154000.0 132571.4652182796 0.0
154000.0 155000.0 129481.17013225071 840.0
155000.0 156000.0 141392.91078050455 0.0
156000.0 157000.0 83705.33949505881 840.0
157000.0 158000.0 131838.49903878753 0.0
158000.0 159000.0 54257.68384156337 840.0
159000.0 160000.0 182409.2181116126 0.0
160000.0 161000.0 113208.35379215136 840.0
161000.0 162000.0 107025.2386672792 0.0
162000.0 163000.0 123155.27762514152 840.0
163000.0 164000.0 121273.44345533368 0.0
164000.0 165000.0 122322.35344775688 840.0
165000.0 166000.0 128454.26417740583 0.0
166000.0 167000.0 52239.82257077918 840.0
167000.0 168000.0 133791.2272551647 0.0
168000.0 169000.0 140784.46649101435 840.0
169000.0 170000.0 184765.69657806476 0.0
170000.0 171000.0 1512.569559535344 0.0
171000.0 172000.0 209109.28230737295 840.0
172000.0 173000.0 122898.9406550007 840.0
173000.0 174000.0 132420.47751977138 0.0
174000.0 175000.0 97566.56846324969 840.0
175000.0 176000.0 105892.22716274974 0.0
176000.0 177000.0 79433.91915413403 840.0
177000.0 178000.0 149364.16276876756 0.0
178000.0 179000.0 32304.852409418636 0.0
179000.0 180000.0 0.0 0.0
180000.0 181000.0 2009.3653139105145 0.0
181000.0 182000.0 908.6346860894856 0.0
182000.0 183000.0 0.0 0.0
183000.0 184000.0 2918.0 0.0
184000.0 185000.0 370.0133831359083 0.0
185000.0 186000.0 159332.45277014535 480.0
186000.0 187000.0 131747.63783660904 0.0
187000.0 188000.0 162971.99103799817 480.0
188000.0 189000.0 108045.86969532678 480.0
189000.0 190000.0 130519.17734615075 480.0
190000.0 191000.0 169973.33716328006 0.0
191000.0 192000.0 14621.52076735393 0.0
192000.0 193000.0 14170.59560672134 480.0
193000.0 194000.0 61838.50438766142 0.0
194000.0 195000.0 208456.52690052398 480.0
195000.0 196000.0 178265.86587846914 1500.0
196000.0 197000.0 191579.62638731877 0.0
197000.0 198000.0 139970.26367370627 1500.0
198000.0 199000.0 175135.6149768954 0.0
199000.0 200000.0 182223.62265027993 1500.0
200000.0 201000.0 150676.37179817067 0.0
201000.0 202000.0 166023.93078555368 0.0
202000.0 203000.0 198566.46714717423 1500.0
203000.0 204000.0 183746.41382777347 0.0
204000.0 205000.0 131537.2210486194 840.0
205000.0 206000.0 199597.59006357208 840.0
206000.0 207000.0 134746.60845924215 0.0
207000.0 208000.0 72658.77640831805 0.0
208000.0 209000.0 19639.116342452904 840.0
209000.0 210000.0 169870.06812409533 0.0
210000.0 211000.0 213707.23695967003 840.0
211000.0 212000.0 75522.11677473366 0.0
212000.0 213000.0 16361.611223512115 0.0
213000.0 214000.0 35400.27704353136 288.0
214000.0 215000.0 159185.5735320046 288.0
215000.0 216000.0 75974.0 0.0
216000.0 217000.0 59722.00005729583 840.0
217000.0 218000.0 136018.69512694393 0.0
218000.0 219000.0 94411.01914142314 840.0
219000.0 220000.0 179516.20166353718 0.0
220000.0 221000.0 69664.05487738198 840.0
221000.0 222000.0 214941.3635208856 0.0
222000.0 223000.0 7930.969694282885 0.0
223000.0 224000.0 90.69591824949258 0.0
224000.0 225000.0 53976.477537903294 840.0
225000.0 226000.0 133571.7129988984 0.0
226000.0 227000.0 173066.70576863355 480.0
227000.0 228000.0 179703.32884562088 480.0
228000.0 229000.0 63604.21746198959 480.0
229000.0 230000.0 141129.13610306242 480.0
230000.0 231000.0 98571.42128389189 0.0
231000.0 232000.0 0.0 0.0
232000.0 233000.0 51193.25405070819 840.0
233000.0 234000.0 175446.31238762356 840.0
234000.0 235000.0 91952.40368417966 0.0
235000.0 236000.0 148016.6061464996 0.0
236000.0 237000.0 45719.5345692542 840.0
237000.0 238000.0 67070.88916173475 0.0
238000.0 239000.0 30627.19781504899 840.0
239000.0 240000.0 307066.5721071223 3000.0
240000.0 241000.0 614991.0532488225 0.0
241000.0 242000.0 454060.290157562 0.0
242000.0 243000.0 302441.56880733225 0.0
243000.0 244000.0 291411.3788875166 1500.0
244000.0 245000.0 226830.0886468752 0.0
245000.0 246000.0 208395.32266027955 0.0
246000.0 247000.0 194036.20306547408 1500.0
247000.0 248000.0 178834.75576078804 0.0
248000.0 249000.0 203325.16160173842 0.0
249000.0 250000.0 214795.1217660989 840.0
250000.0 251000.0 217341.78501921034 840.0
251000.0 252000.0 165764.50168057808 0.0
252000.0 253000.0 169461.62514514255 840.0
253000.0 254000.0 208806.40102077645 480.0
254000.0 255000.0 114992.76119750518 0.0
255000.0 256000.0 157724.5307288814 480.0
256000.0 257000.0 182532.5332476982 480.0
257000.0 258000.0 68973.14743554912 0.0
258000.0 259000.0 84022.3200979347 840.0
259000.0 260000.0 130531.73948503575 0.0
260000.0 261000.0 95510.71400853779 840.0
261000.0 262000.0 127731.48493472944 0.0
262000.0 263000.0 125860.23845615025 840.0
263000.0 264000.0 137195.6661376362 0.0
264000.0 265000.0 96140.2699343471 840.0
265000.0 266000.0 147871.40709304335 0.0
266000.0 267000.0 21706.159852585413 0.0
267000.0 268000.0 150257.35186324693 840.0
268000.0 269000.0 63273.64813675305 0.0
269000.0 270000.0 0.0 0.0
270000.0 271000.0 86333.71945381662 840.0
271000.0 272000.0 198182.2456456006 0.0
272000.0 273000.0 145884.61841167515 480.0
273000.0 274000.0 120967.15777569247 480.0
274000.0 275000.0 127161.13117029746 480.0
275000.0 276000.0 82314.12754291763 0.0
276000.0 277000.0 73930.35288864096 840.0
277000.0 278000.0 187791.0436221453 840.0
278000.0 279000.0 141030.03407689134 0.0
279000.0 280000.0 77349.56941232242 0.0
280000.0 281000.0 82470.24789854897 840.0
281000.0 282000.0 119392.53991284494 0.0
282000.0 283000.0 20305.31588483846 0.0
283000.0 284000.0 192778.72953325976 840.0
284000.0 285000.0 171110.9048878505 840.0
285000.0 286000.0 143594.376786064 0.0
286000.0 287000.0 90619.08271857044 840.0
287000.0 288000.0 117593.83359682155 0.0
288000.0 289000.0 80125.75513435935 840.0
289000.0 290000.0 183149.39085132073 0.0
290000.0 291000.0 158263.42734225612 840.0
291000.0 292000.0 61781.39545326516 0.0
292000.0 293000.0 81241.1400712431 840.0
293000.0 294000.0 122776.6158942472 0.0
294000.0 295000.0 113922.96244520966 840.0
295000.0 296000.0 104828.28158930002 0.0
296000.0 297000.0 0.0 0.0
297000.0 298000.0 0.0 0.0
298000.0 299000.0 139037.4298931755 840.0
299000.0 300000.0 86410.57010682454 0.0
300000.0 301000.0 0.0 0.0
