ts te s_bytes_all avg_video_rate
0.0 1000.0 0.0 0.0
1000.0 2000.0 0.0 0.0
2000.0 3000.0 0.0 0.0
3000.0 4000.0 0.0 0.0
4000.0 5000.0 0.0 0.0
5000.0 6000.0 0.0 0.0
6000.0 7000.0 0.0 0.0
7000.0 8000.0 0.0 0.0
8000.0 9000.0 0.0 0.0
9000.0 10000.0 0.0 0.0
10000.0 11000.0 0.0 0.0
11000.0 12000.0 0.0 0.0
12000.0 13000.0 0.0 0.0
13000.0 14000.0 6.320900413936679 0.0
14000.0 15000.0 6186.679099586063 0.0
15000.0 16000.0 4915.0 0.0
16000.0 17000.0 0.0 0.0
17000.0 18000.0 0.0 0.0
18000.0 19000.0 1077.862881970674 0.0
19000.0 20000.0 4253.4195275192615 0.0
20000.0 21000.0 33757.88890769616 288.0
21000.0 22000.0 68757.91900209109 0.0
22000.0 23000.0 81425.23418399092 288.0
23000.0 24000.0 56017.52804349085 0.0
24000.0 25000.0 40933.16761466309 288.0
25000.0 26000.0 67703.93452535715 0.0
26000.0 27000.0 75254.96495369778 288.0
27000.0 28000.0 103313.54462343841 288.0
28000.0 29000.0 84438.52584070414 0.0
29000.0 30000.0 45233.57422247908 0.0
30000.0 31000.0 94168.80178201312 288.0
31000.0 32000.0 38480.13006146337 288.0
32000.0 33000.0 66330.00024383825 288.0
33000.0 34000.0 83891.56609231442 0.0
34000.0 35000.0 61749.51038458172 288.0
35000.0 36000.0 73895.88086501881 0.0
36000.0 37000.0 22484.598692081887 0.0
37000.0 38000.0 18669.801369616434 0.0
38000.0 39000.0 6787.859955865217 0.0
39000.0 40000.0 10171.78216674993 0.0
40000.0 41000.0 21332.188442495135 0.0
41000.0 42000.0 69664.86169415989 288.0
42000.0 43000.0 53134.221857894336 0.0
43000.0 44000.0 34904.0493161539 0.0
44000.0 45000.0 25545.45711434963 0.0
45000.0 46000.0 8897.355640838005 0.0
46000.0 47000.0 30244.012573563898 288.0
47000.0 48000.0 89833.24251931986 0.0
48000.0 49000.0 41645.012608487654 0.0
49000.0 50000.0 52057.87620168307 288.0
50000.0 51000.0 56813.94631239704 0.0
51000.0 52000.0 20435.126119342905 0.0
52000.0 53000.0 79219.03717974693 288.0
53000.0 54000.0 42786.27394708067 0.0
54000.0 55000.0 27390.386326425458 0.0
55000.0 56000.0 43106.00136695032 288.0
56000.0 57000.0 57527.314035829695 0.0
57000.0 58000.0 31582.987180788456 0.0
58000.0 59000.0 66198.73367927078 288.0
59000.0 60000.0 47684.326165857725 0.0
60000.0 61000.0 48138.38465586786 288.0
61000.0 62000.0 53251.855063350435 0.0
62000.0 63000.0 48208.3375554866 0.0
63000.0 64000.0 65621.41950476886 288.0
64000.0 65000.0 62779.43312738734 0.0
65000.0 66000.0 9465.830797126255 288.0
66000.0 67000.0 63997.6293164919 0.0
67000.0 68000.0 46894.3027871591 288.0
68000.0 69000.0 45318.811072061486 0.0
69000.0 70000.0 45279.05313389674 0.0
70000.0 71000.0 43025.80913926805 0.0
71000.0 72000.0 40411.22762385829 0.0
72000.0 73000.0 65117.586561111064 288.0
73000.0 74000.0 27548.181216241705 0.0
74000.0 75000.0 27581.937313786206 0.0
75000.0 76000.0 25424.810493686746 0.0
76000.0 77000.0 29779.82311687006 288.0
77000.0 78000.0 54393.86955382159 0.0
78000.0 79000.0 32739.07328308703 0.0
79000.0 80000.0 15456.127811356659 0.0
80000.0 81000.0 23427.347424267333 288.0
81000.0 82000.0 59140.60939052967 0.0
82000.0 83000.0 80586.06669399726 288.0
83000.0 84000.0 47851.76869255195 0.0
84000.0 85000.0 60653.662049253704 0.0
85000.0 86000.0 57357.50501156493 288.0
86000.0 87000.0 89088.7452959121 0.0
87000.0 88000.0 67083.2504588163 288.0
88000.0 89000.0 61117.21281503979 0.0
89000.0 90000.0 59069.87392421117 288.0
90000.0 91000.0 63491.84636110503 0.0
91000.0 92000.0 27953.16155536623 288.0
92000.0 93000.0 58231.45665993308 0.0
93000.0 94000.0 29555.771615508034 0.0
94000.0 95000.0 29902.46062293212 0.0
95000.0 96000.0 40659.31273338125 288.0
96000.0 97000.0 70270.40513197766 0.0
97000.0 98000.0 23316.043585538413 288.0
98000.0 99000.0 47023.42497780516 0.0
99000.0 100000.0 19200.1204157655 0.0
100000.0 101000.0 24644.214241886948 0.0
101000.0 102000.0 27944.121588774266 0.0
102000.0 103000.0 30637.61782975758 0.0
103000.0 104000.0 9772.819109472732 0.0
104000.0 105000.0 24433.58754822063 288.0
105000.0 106000.0 36104.55467623556 0.0
106000.0 107000.0 22964.164702374015 0.0
107000.0 108000.0 14219.104861393029 0.0
108000.0 109000.0 17628.1734661461 0.0
109000.0 110000.0 15125.052030519839 0.0
110000.0 111000.0 18373.964379202476 288.0
111000.0 112000.0 33785.22522369981 0.0
112000.0 113000.0 34442.75790369632 0.0
113000.0 114000.0 27553.479292284046 0.0
114000.0 115000.0 25058.642602636442 0.0
115000.0 116000.0 6048.065778282414 0.0
116000.0 117000.0 43982.57375145937 288.0
117000.0 118000.0 58102.17944336935 0.0
118000.0 119000.0 47772.87309481749 288.0
119000.0 120000.0 90659.25168554665 0.0
120000.0 121000.0 60168.33485727212 288.0
121000.0 122000.0 71171.56302187277 0.0
122000.0 123000.0 47448.812767744195 288.0
123000.0 124000.0 69204.87713325543 0.0
124000.0 125000.0 57328.661559855136 0.0
125000.0 126000.0 10871.022659002767 288.0
126000.0 127000.0 51047.25549250644 0.0
127000.0 128000.0 51959.33388909377 0.0
128000.0 129000.0 52318.52704131775 0.0
129000.0 130000.0 46151.32126183908 288.0
130000.0 131000.0 35421.11096199272 0.0
131000.0 132000.0 20332.20286099801 0.0
132000.0 133000.0 19564.619040884514 0.0
133000.0 134000.0 18274.725260898183 0.0
134000.0 135000.0 14659.180531007625 0.0
135000.0 136000.0 13619.624307437973 288.0
136000.0 137000.0 26809.73645529824 0.0
137000.0 138000.0 49497.023644424255 0.0
138000.0 139000.0 47303.24626993817 0.0
139000.0 140000.0 48008.79654726976 288.0
140000.0 141000.0 60009.42944720732 0.0
141000.0 142000.0 48660.48103537667 0.0
142000.0 143000.0 25582.890926252632 288.0
143000.0 144000.0 60466.9402668079 0.0
144000.0 145000.0 62225.34443090326 0.0
145000.0 146000.0 35740.48749714467 288.0
146000.0 147000.0 49120.741185595536 0.0
147000.0 148000.0 31461.19998036986 288.0
148000.0 149000.0 58862.25007083674 0.0
149000.0 150000.0 59369.75848282852 0.0
150000.0 151000.0 33350.387863878095 288.0
151000.0 152000.0 67651.15204265858 0.0
152000.0 153000.0 105261.63782040766 288.0
153000.0 154000.0 59531.580518361254 0.0
154000.0 155000.0 69562.61787027243 0.0
155000.0 156000.0 71063.94141200355 0.0
156000.0 157000.0 107584.26119531848 288.0
157000.0 158000.0 86952.56542627636 0.0
158000.0 159000.0 50089.568019751816 288.0
159000.0 160000.0 51691.28365014339 288.0
160000.0 161000.0 64222.2940750102 0.0
161000.0 162000.0 46115.69331257894 0.0
162000.0 163000.0 27262.993600047314 288.0
163000.0 164000.0 72938.27512518811 0.0
164000.0 165000.0 90871.811327448 0.0
165000.0 166000.0 67974.00023039269 288.0
166000.0 167000.0 63061.277347723546 0.0
167000.0 168000.0 81350.09528892669 288.0
168000.0 169000.0 56097.69299197901 0.0
169000.0 170000.0 62097.69048112285 288.0
170000.0 171000.0 53365.98341220698 0.0
171000.0 172000.0 63165.207186196116 0.0
172000.0 173000.0 67095.89350475767 288.0
173000.0 174000.0 87499.15768710633 288.0
174000.0 175000.0 108747.38889027435 0.0
175000.0 176000.0 85212.39715575165 288.0
176000.0 177000.0 82993.76951334471 0.0
177000.0 178000.0 69288.03728466053 288.0
178000.0 179000.0 82457.03611791022 288.0
179000.0 180000.0 100977.25079369637 288.0
180000.0 181000.0 87977.49963311673 0.0
181000.0 182000.0 56773.776870913105 288.0
182000.0 183000.0 83628.79946472775 288.0
183000.0 184000.0 77284.50041446184 0.0
184000.0 185000.0 70625.05360715267 288.0
185000.0 186000.0 86800.2428112061 288.0
186000.0 187000.0 64514.535607834 0.0
187000.0 188000.0 45795.440308649166 0.0
188000.0 189000.0 90318.60141348174 288.0
189000.0 190000.0 75322.52551080774 288.0
190000.0 191000.0 75820.05508718219 0.0
191000.0 192000.0 52615.78354258875 288.0
192000.0 193000.0 55338.61735673014 0.0
193000.0 194000.0 34627.82449813944 288.0
194000.0 195000.0 80585.79013719723 0.0
195000.0 196000.0 72905.48454902852 288.0
196000.0 197000.0 52717.81453036073 288.0
197000.0 198000.0 53701.358751265674 0.0
198000.0 199000.0 32713.855229389388 288.0
199000.0 200000.0 46318.30330610174 0.0
200000.0 201000.0 56819.57378193042 288.0
201000.0 202000.0 57482.19289307925 0.0
202000.0 203000.0 48394.394182360935 288.0
203000.0 204000.0 67662.03650716392 0.0
204000.0 205000.0 71512.97598689445 288.0
205000.0 206000.0 73976.25097218095 0.0
206000.0 207000.0 63748.93333054782 288.0
207000.0 208000.0 76419.83252510348 0.0
208000.0 209000.0 49600.43997444601 288.0
209000.0 210000.0 54686.639315582914 0.0
210000.0 211000.0 57356.30575923625 288.0
211000.0 212000.0 57650.68905514149 0.0
212000.0 213000.0 70937.197221447 288.0
213000.0 214000.0 65263.4903080557 0.0
214000.0 215000.0 80051.24518964963 288.0
215000.0 216000.0 53808.766048152895 0.0
216000.0 217000.0 36286.66705403708 0.0
217000.0 218000.0 68428.27827248767 288.0
218000.0 219000.0 63071.185625033795 288.0
219000.0 220000.0 56743.54246454128 288.0
220000.0 221000.0 80333.14623531085 0.0
221000.0 222000.0 45782.19893260417 288.0
222000.0 223000.0 73209.4250149343 0.0
223000.0 224000.0 30075.904530415843 288.0
224000.0 225000.0 66935.51506124766 0.0
225000.0 226000.0 28610.954174426228 288.0
226000.0 227000.0 72391.28087744945 0.0
227000.0 228000.0 32532.439220400403 288.0
228000.0 229000.0 91623.7167294826 0.0
229000.0 230000.0 106355.4909821409 288.0
230000.0 231000.0 36112.384145624106 0.0
231000.0 232000.0 143953.31483686806 1500.0
232000.0 233000.0 181045.642584764 0.0
233000.0 234000.0 169711.15604052055 8000.0
234000.0 235000.0 210755.715374323 0.0
235000.0 236000.0 228325.61458874523 0.0
236000.0 237000.0 187479.1535495357 0.0
237000.0 238000.0 158901.34276748728 840.0
238000.0 239000.0 183026.10178375838 840.0
239000.0 240000.0 189778.16799726072 840.0
240000.0 241000.0 199190.3777109555 840.0
241000.0 242000.0 189308.2283735944 0.0
242000.0 243000.0 165094.5011508782 840.0
243000.0 244000.0 173433.4542395261 480.0
244000.0 245000.0 117183.93072837524 480.0
245000.0 246000.0 110604.02526414466 0.0
246000.0 247000.0 89770.28562864295 840.0
247000.0 248000.0 133416.2224687918 0.0
248000.0 249000.0 58930.90539537064 840.0
249000.0 250000.0 154558.85595118123 0.0
250000.0 251000.0 113993.57719597257 840.0
251000.0 252000.0 131560.52906048464 0.0
252000.0 253000.0 161836.6954547706 840.0
253000.0 254000.0 126797.84790731844 0.0
254000.0 255000.0 70989.83184909969 840.0
255000.0 256000.0 101422.36137695868 0.0
256000.0 257000.0 164980.33460094483 840.0
257000.0 258000.0 85440.3014995227 0.0
258000.0 259000.0 152783.5920924058 840.0
259000.0 260000.0 91783.4394467002 0.0
260000.0 261000.0 174104.67083025808 840.0
261000.0 262000.0 64041.007116823246 0.0
262000.0 263000.0 151761.60587623547 840.0
263000.0 264000.0 122479.98794869217 840.0
264000.0 265000.0 193747.9574729931 0.0
265000.0 266000.0 2586.990826833252 0.0
266000.0 267000.0 150047.62632566225 840.0
267000.0 268000.0 118061.10301857544 840.0
268000.0 269000.0 150208.12154164104 0.0
269000.0 270000.0 35157.71220828894 840.0
270000.0 271000.0 176595.66409085062 0.0
271000.0 272000.0 69173.25932846662 840.0
272000.0 273000.0 177680.47220380747 0.0
273000.0 274000.0 35842.01577004265 840.0
274000.0 275000.0 178562.8095703576 0.0
275000.0 276000.0 36792.8878340534 840.0
276000.0 277000.0 167545.32810825392 0.0
277000.0 278000.0 33569.644736482034 840.0
278000.0 279000.0 175873.26218181953 0.0
279000.0 280000.0 157314.9980796357 840.0
280000.0 281000.0 102441.97459305979 0.0
281000.0 282000.0 132984.1070370988 840.0
282000.0 283000.0 61895.99260127483 0.0
283000.0 284000.0 151366.98946612724 840.0
284000.0 285000.0 103304.90389056427 0.0
285000.0 286000.0 152758.5396538612 840.0
286000.0 287000.0 91266.31108134185 0.0
287000.0 288000.0 141149.4508309638 840.0
288000.0 289000.0 145850.9977720878 840.0
289000.0 290000.0 140741.17737412118 0.0
290000.0 291000.0 101788.02578265186 840.0
291000.0 292000.0 156430.98290832544 0.0
292000.0 293000.0 84440.1931546401 840.0
293000.0 294000.0 167045.1847267263 0.0
294000.0 295000.0 97495.46382249348 840.0
295000.0 296000.0 130152.39453220795 0.0
296000.0 297000.0 118172.51336014229 840.0
297000.0 298000.0 175819.19827526712 0.0
298000.0 299000.0 92137.32440558862 840.0
299000.0 300000.0 158111.36973351875 0.0
300000.0 301000.0 0.0 0.0
