ts te s_bytes_all avg_video_rate
0.0 10000.0 759933.164738309 1208.0
10000.0 20000.0 2619662.7113272175 844.0
20000.0 30000.0 2704489.1356813363 1570.0
30000.0 40000.0 4070409.486796302 3600.0
40000.0 50000.0 5484371.539186012 4400.0
50000.0 60000.0 5714206.72978385 4400.0
60000.0 70000.0 5618266.300357996 4400.0
70000.0 80000.0 6603017.405680169 5000.0
80000.0 90000.0 8204317.226011726 6500.0
90000.0 100000.0 7932937.532289913 5800.0
100000.0 110000.0 7806431.331413017 5240.0
110000.0 120000.0 6604491.146209683 5240.0
120000.0 130000.0 7799376.788567565 6080.0
130000.0 140000.0 5589742.49730423 5240.0
140000.0 150000.0 6650814.910062138 4400.0
150000.0 160000.0 6293530.3669359805 5100.0
160000.0 170000.0 7403412.875405882 4750.0
170000.0 180000.0 5898277.97661792 4925.0
180000.0 190000.0 5336591.301597298 4400.0
190000.0 200000.0 6858235.574033459 4400.0
200000.0 210000.0 5850400.733014198 4400.0
210000.0 220000.0 6829465.493202639 4750.0
220000.0 230000.0 8198707.490214931 6500.0
230000.0 240000.0 8462295.65772318 6500.0
240000.0 250000.0 6884086.625845053 5100.0
250000.0 260000.0 5607682.0 4400.0
260000.0 270000.0 6836917.433492814 4400.0
270000.0 280000.0 7540797.629276996 5660.0
280000.0 290000.0 8213442.721870968 6500.0
290000.0 300000.0 7283936.4581509875 4750.0
