ts te s_bytes_all avg_video_rate
0.0 10000.0 1189234.8529061985 2300.0
10000.0 20000.0 6395352.317178495 2681.818181818182
20000.0 30000.0 3640341.094509419 1567.5
30000.0 40000.0 3859420.1131894663 2883.3333333333335
40000.0 50000.0 5257135.190259736 4400.0
50000.0 60000.0 4890568.2825285345 3560.0
60000.0 70000.0 5550236.724012164 3933.3333333333335
70000.0 80000.0 5513807.018753139 4400.0
80000.0 90000.0 5624306.241401667 4400.0
90000.0 100000.0 7964578.270014454 6500.0
100000.0 110000.0 8689431.305768037 6500.0
110000.0 120000.0 8577248.373473618 6500.0
120000.0 130000.0 6058265.216005072 4225.0
130000.0 140000.0 6242155.3148672525 4750.0
140000.0 150000.0 8147552.125630453 6500.0
150000.0 160000.0 8620608.131047564 6080.0
160000.0 170000.0 6651026.436304321 5100.0
170000.0 180000.0 7829982.608152596 6500.0
180000.0 190000.0 6611681.542818885 4820.0
190000.0 200000.0 5610144.067933205 4820.0
200000.0 210000.0 8767895.445680123 5800.0
210000.0 220000.0 5899861.472280004 4820.0
220000.0 230000.0 6070602.101970009 4400.0
230000.0 240000.0 6528546.067382976 4400.0
240000.0 250000.0 6568530.5694783935 5100.0
250000.0 260000.0 6935041.62312069 5800.0
260000.0 270000.0 8145075.575684838 6500.0
270000.0 280000.0 6765301.818982659 5975.0
280000.0 290000.0 6704298.394014222 4750.0
290000.0 300000.0 7227255.786749467 5660.0
300000.0 310000.0 606187.9179023408 0.0
