ts te s_bytes_all avg_video_rate
0.0 10000.0 1548808.6296458119 2300.0
10000.0 20000.0 7299545.657296428 3350.0
20000.0 30000.0 7683161.585645741 5240.0
30000.0 40000.0 8300663.135292806 6500.0
40000.0 50000.0 8691677.247877588 6500.0
50000.0 60000.0 8318504.877445353 6500.0
60000.0 70000.0 8209940.902936215 6500.0
70000.0 80000.0 7093869.503446994 6500.0
80000.0 90000.0 7542700.846922257 5450.0
90000.0 100000.0 7085823.265332665 6500.0
100000.0 110000.0 6698566.179461243 4750.0
110000.0 120000.0 6336215.350813571 4820.0
120000.0 130000.0 5627383.8178833295 5450.0
130000.0 140000.0 3815602.8363200277 4925.0
140000.0 150000.0 7596934.899675797 4400.0
150000.0 160000.0 8015348.284306415 4400.0
160000.0 170000.0 7897787.213528656 6500.0
170000.0 180000.0 7735610.064371603 6500.0
180000.0 190000.0 6681477.2416498475 3900.0
190000.0 200000.0 5752828.74352545 4400.0
200000.0 210000.0 6174539.707656349 4820.0
210000.0 220000.0 7754700.4270427935 6500.0
220000.0 230000.0 8530246.651116118 6500.0
230000.0 240000.0 8966269.178728916 6500.0
240000.0 250000.0 8580296.687083142 6500.0
250000.0 260000.0 8405220.163266107 6500.0
260000.0 270000.0 8042768.645463684 6500.0
270000.0 280000.0 7840460.9611169305 5100.0
280000.0 290000.0 8767141.819758935 6500.0
290000.0 300000.0 8401564.646169564 6500.0
300000.0 310000.0 38217.82921966398 0.0
