ts te s_bytes_all avg_video_rate
0.0 10000.0 1130461.9517636832 1424.0
10000.0 20000.0 2900706.663765972 1080.0
20000.0 30000.0 1647572.384470345 692.0
30000.0 40000.0 3629665.484324745 2371.4285714285716
40000.0 50000.0 3012975.1094360696 3560.0
50000.0 60000.0 4694535.943795507 3280.0
60000.0 70000.0 4818049.637333739 3000.0
70000.0 80000.0 3987892.5223960206 3000.0
80000.0 90000.0 3904780.9762953073 3000.0
90000.0 100000.0 2764981.9721404025 3000.0
100000.0 110000.0 5837667.921168983 3000.0
110000.0 120000.0 4786318.7618001215 3000.0
120000.0 130000.0 7328280.668401351 6500.0
130000.0 140000.0 6824503.119067471 5240.0
140000.0 150000.0 6271566.595369681 4400.0
150000.0 160000.0 6854117.3566181995 4400.0
160000.0 170000.0 3587751.779355779 5450.0
170000.0 180000.0 6115054.463147625 3175.0
180000.0 190000.0 5822984.337096495 4820.0
190000.0 200000.0 5991529.666483168 5450.0
200000.0 210000.0 7986561.080851161 4700.0
210000.0 220000.0 6797986.778812544 6500.0
220000.0 230000.0 6238535.790462885 4400.0
230000.0 240000.0 5529231.26012478 4400.0
240000.0 250000.0 7183111.585698529 4400.0
250000.0 260000.0 6011354.506287649 5240.0
260000.0 270000.0 6634292.683531785 4400.0
270000.0 280000.0 5802340.381985122 4400.0
280000.0 290000.0 6246257.385685505 4400.0
290000.0 300000.0 5784809.069136458 4400.0
