ts te s_bytes_all avg_video_rate
0.0 10000.0 1132351.979503302 1086.6666666666667
10000.0 20000.0 2102942.996178152 888.0
20000.0 30000.0 2400934.024318546 1660.0
30000.0 40000.0 3707392.245468902 2883.3333333333335
40000.0 50000.0 5053924.068625236 3600.0
50000.0 60000.0 6355693.812629327 5450.0
60000.0 70000.0 6609912.718768362 4820.0
70000.0 80000.0 5653435.23176984 4400.0
80000.0 90000.0 5703316.691637734 4400.0
90000.0 100000.0 6742573.565030229 4400.0
100000.0 110000.0 5518564.096751401 4400.0
110000.0 120000.0 6216680.896579494 4400.0
120000.0 130000.0 5599715.102627054 4400.0
130000.0 140000.0 6763223.771900844 4400.0
140000.0 150000.0 7425039.592031028 6080.0
150000.0 160000.0 8035166.754384641 6080.0
160000.0 170000.0 5983199.867569607 4400.0
170000.0 180000.0 5767164.005772498 4400.0
180000.0 190000.0 6726549.576658711 4400.0
190000.0 200000.0 7293017.5432328 6080.0
200000.0 210000.0 7011494.012232586 5240.0
210000.0 220000.0 5721755.814674392 4400.0
220000.0 230000.0 5669327.072846737 4400.0
230000.0 240000.0 6626264.742589188 4400.0
240000.0 250000.0 5741692.872025195 4400.0
250000.0 260000.0 5598751.608030831 4400.0
260000.0 270000.0 5573998.997637835 4400.0
270000.0 280000.0 5624819.621791559 4400.0
280000.0 290000.0 6835840.343319325 4400.0
290000.0 300000.0 5959386.035162586 4400.0
300000.0 310000.0 177755.3382520573 0.0
