ts te s_bytes_all avg_video_rate
0.0 10000.0 2012702.9031818525 2033.3333333333333
10000.0 20000.0 4788457.292496394 2466.6666666666665
20000.0 30000.0 6188961.841599297 4400.0
30000.0 40000.0 6104196.163428886 4400.0
40000.0 50000.0 6399097.146395516 5800.0
50000.0 60000.0 7722454.552050589 6500.0
60000.0 70000.0 8663517.84133684 5100.0
70000.0 80000.0 7434136.259510625 6500.0
80000.0 90000.0 7968050.381093507 6500.0
90000.0 100000.0 8933751.887580493 6500.0
100000.0 110000.0 8145114.183090095 6500.0
110000.0 120000.0 8723705.663191142 6500.0
120000.0 130000.0 5245742.630511077 3400.0
130000.0 140000.0 6156166.012984926 4400.0
140000.0 150000.0 5739846.257161297 4400.0
150000.0 160000.0 5449763.937780554 4400.0
160000.0 170000.0 7395841.456020897 6080.0
170000.0 180000.0 6873030.2279891 6500.0
180000.0 190000.0 8242229.119510896 5000.0
190000.0 200000.0 8006395.220377023 6500.0
200000.0 210000.0 8243225.525833835 6500.0
210000.0 220000.0 8321432.159941933 5800.0
220000.0 230000.0 8197534.540886155 6500.0
230000.0 240000.0 8234295.957685678 6500.0
240000.0 250000.0 8286675.110882663 6500.0
250000.0 260000.0 8474897.284710176 6300.0
260000.0 270000.0 8119758.442768553 6080.0
270000.0 280000.0 6714440.881151363 4750.0
280000.0 290000.0 7425007.464515746 6500.0
290000.0 300000.0 8353881.370322348 6500.0
300000.0 310000.0 442160.28401054395 0.0
