ts te s_bytes_all avg_video_rate
0.0 10000.0 484478.18896724854 1092.8
10000.0 20000.0 1294251.8110327516 288.0
20000.0 30000.0 1909114.0 1331.4285714285713
30000.0 40000.0 4263062.744064322 3350.0
40000.0 50000.0 5456595.296361398 4400.0
50000.0 60000.0 6001212.5563735515 4400.0
60000.0 70000.0 5927772.608356183 4400.0
70000.0 80000.0 5806823.095141584 4400.0
80000.0 90000.0 7719889.066047818 6200.0
90000.0 100000.0 8661958.747791022 6500.0
100000.0 110000.0 8355330.9749884885 6500.0
110000.0 120000.0 8891548.112865007 6500.0
120000.0 130000.0 8552420.06694439 6500.0
130000.0 140000.0 8890659.320996275 7000.0
140000.0 150000.0 9200094.233039225 7100.0
150000.0 160000.0 7472022.235455704 5450.0
160000.0 170000.0 8495541.937303772 6500.0
170000.0 180000.0 9215034.992277266 6500.0
180000.0 190000.0 8430238.04402796 6500.0
190000.0 200000.0 6433310.869019176 5625.0
200000.0 210000.0 6179507.633663742 3700.0
210000.0 220000.0 5543324.273294456 4400.0
220000.0 230000.0 6131139.838192566 4400.0
230000.0 240000.0 6513164.234603612 5660.0
240000.0 250000.0 8624560.876440117 6500.0
250000.0 260000.0 7657493.91742047 5660.0
260000.0 270000.0 8997478.173939032 6500.0
270000.0 280000.0 8208180.401097959 6500.0
280000.0 290000.0 8432719.088762905 6500.0
290000.0 300000.0 8750876.905517314 6500.0
300000.0 310000.0 158473.75601468663 0.0
