ts te s_bytes_all avg_video_rate
0.0 10000.0 1002944.277011127 1570.0
10000.0 20000.0 1157353.1535947977 326.4
20000.0 30000.0 2163371.4972322173 1540.0
30000.0 40000.0 4220306.072161858 3000.0
40000.0 50000.0 6555906.944646159 4400.0
50000.0 60000.0 6438575.636407764 4400.0
60000.0 70000.0 6295582.654956595 4400.0
70000.0 80000.0 6515225.4813270485 4400.0
80000.0 90000.0 6571866.691149692 4400.0
90000.0 100000.0 5556733.688154856 4400.0
100000.0 110000.0 6041412.130900289 5100.0
110000.0 120000.0 5601774.398276694 4400.0
120000.0 130000.0 5779698.330386689 4400.0
130000.0 140000.0 7399568.310246995 4700.0
140000.0 150000.0 8679744.82578747 6500.0
150000.0 160000.0 7951140.471128697 6500.0
160000.0 170000.0 8843494.475790972 6500.0
170000.0 180000.0 8013436.278379318 6500.0
180000.0 190000.0 8633630.446801495 6500.0
190000.0 200000.0 8131025.791827916 6500.0
200000.0 210000.0 7959827.19464543 5800.0
210000.0 220000.0 8184566.682711497 6500.0
220000.0 230000.0 6253983.97905202 4400.0
230000.0 240000.0 5465750.252911386 4400.0
240000.0 250000.0 5986820.884294341 4400.0
250000.0 260000.0 6827515.529277732 6080.0
260000.0 270000.0 4255395.464028106 2323.3333333333335
270000.0 280000.0 5131237.732621982 3466.6666666666665
280000.0 290000.0 5936537.724288858 4400.0
290000.0 300000.0 5382898.0 4400.0
