ts te s_bytes_all avg_video_rate
0.0 10000.0 815145.0073362367 958.6666666666666
10000.0 20000.0 2022166.8842330866 1020.0
20000.0 30000.0 2387453.108430677 1660.0
30000.0 40000.0 3838913.4278228385 3000.0
40000.0 50000.0 4642130.663996985 3000.0
50000.0 60000.0 7260961.075095124 5900.0
60000.0 70000.0 5405928.743266361 4400.0
70000.0 80000.0 5701143.2278495915 4400.0
80000.0 90000.0 5760627.8505311385 4400.0
90000.0 100000.0 6355820.087330878 4400.0
100000.0 110000.0 5665595.068610085 4400.0
110000.0 120000.0 5677926.287037557 4400.0
120000.0 130000.0 5847088.355497395 4400.0
130000.0 140000.0 5567711.780504484 4400.0
140000.0 150000.0 6913016.450639049 4400.0
150000.0 160000.0 5568403.725717569 4400.0
160000.0 170000.0 5627903.421637818 4400.0
170000.0 180000.0 4892623.834463127 4400.0
180000.0 190000.0 6381164.690524329 4400.0
190000.0 200000.0 6374112.090837318 4400.0
200000.0 210000.0 6579054.996517906 5240.0
210000.0 220000.0 5694219.527827762 4400.0
220000.0 230000.0 5701432.506901866 4400.0
230000.0 240000.0 6251479.457408615 4400.0
240000.0 250000.0 6384089.46116691 4400.0
250000.0 260000.0 5617775.1424622005 4400.0
260000.0 270000.0 5369416.664698139 4400.0
270000.0 280000.0 5747773.62532663 4400.0
280000.0 290000.0 6181437.1578068305 4400.0
290000.0 300000.0 6240254.0865670545 4400.0
