ts te s_bytes_all avg_video_rate
0.0 10000.0 950754.1419612551 890.6666666666666
10000.0 20000.0 1749387.0254225277 1022.6666666666666
20000.0 30000.0 6009609.832616217 4228.571428571428
30000.0 40000.0 3792741.050736193 3000.0
40000.0 50000.0 5069058.48666057 4000.0
50000.0 60000.0 7888472.257211489 5800.0
60000.0 70000.0 5866603.8541771695 4400.0
70000.0 80000.0 6219922.8453989625 4820.0
80000.0 90000.0 7408471.621128658 5100.0
90000.0 100000.0 6127557.105643229 4400.0
100000.0 110000.0 5615401.797237567 4400.0
110000.0 120000.0 5779405.757841036 4400.0
120000.0 130000.0 5602989.587127333 4400.0
130000.0 140000.0 6268122.13536051 4400.0
140000.0 150000.0 6908902.908716185 5240.0
150000.0 160000.0 7502757.065007388 5660.0
160000.0 170000.0 5737803.386432209 4400.0
170000.0 180000.0 5763646.746639505 4400.0
180000.0 190000.0 5804664.3792926315 4400.0
190000.0 200000.0 6458428.502802124 4820.0
200000.0 210000.0 6459860.871398384 4820.0
210000.0 220000.0 5817707.472690169 4400.0
220000.0 230000.0 5753969.740740987 4400.0
230000.0 240000.0 6694008.495502193 4400.0
240000.0 250000.0 6663361.244330145 5660.0
250000.0 260000.0 5861033.840315569 4400.0
260000.0 270000.0 4627967.847609796 3280.0
270000.0 280000.0 3898772.1177834296 3000.0
280000.0 290000.0 5068442.438708175 3583.3333333333335
290000.0 300000.0 7300233.166139902 5240.0
