ts te s_bytes_all avg_video_rate
0.0 10000.0 2295128.319502986 2300.0
10000.0 20000.0 6445984.244689414 2930.0
20000.0 30000.0 6726570.633722494 5000.0
30000.0 40000.0 7956552.451589187 6500.0
40000.0 50000.0 8417083.72631245 6080.0
50000.0 60000.0 7970182.082161711 6080.0
60000.0 70000.0 8477412.377469111 6500.0
70000.0 80000.0 8525695.53220589 6500.0
80000.0 90000.0 8595450.309962343 6500.0
90000.0 100000.0 8571036.649495386 6500.0
100000.0 110000.0 7669478.179531641 4820.0
110000.0 120000.0 8072961.478823722 6500.0
120000.0 130000.0 6524233.917568781 4400.0
130000.0 140000.0 5283049.047137741 4400.0
140000.0 150000.0 7774149.822268485 5100.0
150000.0 160000.0 8150202.560911183 6500.0
160000.0 170000.0 8470205.433965296 5800.0
170000.0 180000.0 6209675.64926119 5240.0
180000.0 190000.0 8381064.321460768 6500.0
190000.0 200000.0 7713856.261960215 4100.0
200000.0 210000.0 4991962.214213522 4400.0
210000.0 220000.0 5217616.024155394 4400.0
220000.0 230000.0 5128552.512907262 4400.0
230000.0 240000.0 6236744.29762675 5240.0
240000.0 250000.0 8790412.282469016 6500.0
250000.0 260000.0 8440918.327434553 6500.0
260000.0 270000.0 8004664.694303859 6500.0
270000.0 280000.0 8410587.522847522 6500.0
280000.0 290000.0 8624768.12798274 6080.0
290000.0 300000.0 8055267.760421174 5800.0
300000.0 310000.0 128612.23563821048 0.0
