ts te s_bytes_all avg_video_rate
0.0 10000.0 1079598.2292340817 1326.6666666666667
10000.0 20000.0 2193130.4072141126 732.0
20000.0 30000.0 1248539.63638139 820.0
30000.0 40000.0 3654279.0497270054 2685.714285714286
40000.0 50000.0 7389374.534490543 6500.0
50000.0 60000.0 5318931.136819087 4120.0
60000.0 70000.0 3750263.9886156935 3000.0
70000.0 80000.0 4296723.017518085 3000.0
80000.0 90000.0 4362969.465209366 3583.3333333333335
90000.0 100000.0 7306617.34736044 4400.0
100000.0 110000.0 5487238.159396321 4400.0
110000.0 120000.0 5876502.083393073 4400.0
120000.0 130000.0 5716521.434266516 4400.0
130000.0 140000.0 5588441.153255515 4820.0
140000.0 150000.0 7319551.169209124 4400.0
150000.0 160000.0 5543833.448891244 4400.0
160000.0 170000.0 5671422.6853109095 4400.0
170000.0 180000.0 5924090.298075922 4400.0
180000.0 190000.0 7806659.715730139 5450.0
190000.0 200000.0 8230353.204180238 6500.0
200000.0 210000.0 5662433.587377099 4925.0
210000.0 220000.0 6875489.9609039575 4400.0
220000.0 230000.0 6941942.138754228 4400.0
230000.0 240000.0 7635207.607429935 6500.0
240000.0 250000.0 7144343.36222104 5240.0
250000.0 260000.0 5606025.728345557 4400.0
260000.0 270000.0 5452138.990913318 4400.0
270000.0 280000.0 6012651.988966133 4400.0
280000.0 290000.0 7160128.081679858 5100.0
290000.0 300000.0 6593575.873112237 5975.0
