ts te s_bytes_all avg_video_rate
0.0 10000.0 2161072.328342079 2157.1428571428573
10000.0 20000.0 4336915.362344934 1666.6666666666667
20000.0 30000.0 2535997.309312987 1242.857142857143
30000.0 40000.0 3715446.0 2860.0
40000.0 50000.0 5545798.166835871 4400.0
50000.0 60000.0 6289226.861488364 4400.0
60000.0 70000.0 5712835.579384206 5100.0
70000.0 80000.0 7446942.248681188 5660.0
80000.0 90000.0 7043406.9269527625 5240.0
90000.0 100000.0 8147717.417544443 6500.0
100000.0 110000.0 6408140.741709025 4820.0
110000.0 120000.0 6550249.360971209 4820.0
120000.0 130000.0 6968337.012322002 4750.0
130000.0 140000.0 8498927.777838545 6500.0
140000.0 150000.0 8260472.996327139 6500.0
150000.0 160000.0 6115065.7959731165 4400.0
160000.0 170000.0 6622005.372262105 4750.0
170000.0 180000.0 6948155.18180414 5240.0
180000.0 190000.0 8443854.982362883 6500.0
190000.0 200000.0 7068491.574194467 5240.0
200000.0 210000.0 6411718.715421066 4820.0
210000.0 220000.0 6552427.384444637 4400.0
220000.0 230000.0 7155654.679958689 5660.0
230000.0 240000.0 7833453.556899553 6500.0
240000.0 250000.0 6486849.298232706 4400.0
250000.0 260000.0 6231641.368391883 4820.0
260000.0 270000.0 6836307.95887658 4750.0
270000.0 280000.0 7222178.04112342 5240.0
280000.0 290000.0 7561603.397594742 6500.0
290000.0 300000.0 6957535.602405258 4820.0
