ts te s_bytes_all avg_video_rate
0.0 10000.0 805396.913464822 791.0
10000.0 20000.0 1643140.63670431 594.6666666666666
20000.0 30000.0 1964180.3982477637 1331.4285714285713
30000.0 40000.0 4198660.051583104 2883.3333333333335
40000.0 50000.0 4375146.172805073 3025.1428571428573
50000.0 60000.0 2892532.5119815846 2177.6
60000.0 70000.0 4885370.315722272 3840.0
70000.0 80000.0 6770943.810037933 4400.0
80000.0 90000.0 7930993.368248529 6500.0
90000.0 100000.0 8400526.737570452 6500.0
100000.0 110000.0 7987819.671221489 6500.0
110000.0 120000.0 5992032.055436814 4400.0
120000.0 130000.0 7431281.412325537 5428.571428571428
130000.0 140000.0 7617878.32965759 5840.0
140000.0 150000.0 5698329.400395028 4400.0
150000.0 160000.0 6121200.579413389 4400.0
160000.0 170000.0 7768265.864696831 5660.0
170000.0 180000.0 8665284.44062943 6500.0
180000.0 190000.0 8209793.300771335 6500.0
190000.0 200000.0 8307383.927423933 6500.0
200000.0 210000.0 7901881.153214088 5100.0
210000.0 220000.0 8229015.010496634 6500.0
220000.0 230000.0 8032958.966823833 6500.0
230000.0 240000.0 7787620.943341083 6080.0
240000.0 250000.0 5462040.528275383 4400.0
250000.0 260000.0 6288501.871631887 4400.0
260000.0 270000.0 6487709.706969792 4400.0
270000.0 280000.0 6905731.521880707 5660.0
280000.0 290000.0 8113514.925831134 5660.0
290000.0 300000.0 5822316.23096204 4400.0
300000.0 310000.0 15437.24223620072 0.0
