ts te s_bytes_all avg_video_rate
0.0 10000.0 2673346.9879952315 3000.0
10000.0 20000.0 7500922.263360229 3000.0
20000.0 30000.0 3778316.8243522933 3466.6666666666665
30000.0 40000.0 4379753.924292246 3000.0
40000.0 50000.0 3813127.5642105606 3000.0
50000.0 60000.0 4572946.34343463 3000.0
60000.0 70000.0 5492571.53482725 4866.666666666667
70000.0 80000.0 5650088.646213122 4400.0
80000.0 90000.0 5401575.806967435 4400.0
90000.0 100000.0 4715894.104347002 4400.0
100000.0 110000.0 7356859.414558977 4400.0
110000.0 120000.0 5961799.202811378 4400.0
120000.0 130000.0 5700345.7154978085 4400.0
130000.0 140000.0 5628675.342859824 4400.0
140000.0 150000.0 5767979.591711522 4400.0
150000.0 160000.0 6533312.469798596 4400.0
160000.0 170000.0 4512486.262761895 4400.0
170000.0 180000.0 5284007.970433844 4400.0
180000.0 190000.0 6728184.358525414 4400.0
190000.0 200000.0 6161937.270223968 4400.0
200000.0 210000.0 5820117.459869551 4400.0
210000.0 220000.0 5780184.714313763 4400.0
220000.0 230000.0 5387028.867493693 4400.0
230000.0 240000.0 5523025.037953761 4400.0
240000.0 250000.0 6633544.34478596 4400.0
250000.0 260000.0 5626989.30292817 4400.0
260000.0 270000.0 5554645.515971489 4400.0
270000.0 280000.0 5631841.178617159 4400.0
280000.0 290000.0 5710288.638112383 4400.0
290000.0 300000.0 6718206.340770844 4400.0
