ts te s_bytes_all avg_video_rate
0.0 10000.0 1790603.2026062738 2300.0
10000.0 20000.0 3564608.0125005147 2071.4285714285716
20000.0 30000.0 2787142.784893212 972.0
30000.0 40000.0 3468924.294561846 2883.3333333333335
40000.0 50000.0 4915602.222416955 4166.666666666667
50000.0 60000.0 6240116.344101192 4400.0
60000.0 70000.0 7147379.415200895 5800.0
70000.0 80000.0 8761241.06661097 6500.0
80000.0 90000.0 8789152.81833337 6500.0
90000.0 100000.0 8423392.717188288 6500.0
100000.0 110000.0 6893852.688703787 6500.0
110000.0 120000.0 8348580.462722097 6500.0
120000.0 130000.0 7206985.9843652565 6500.0
130000.0 140000.0 8015159.111885029 5100.0
140000.0 150000.0 8378511.233014661 6500.0
150000.0 160000.0 8571976.187723668 6500.0
160000.0 170000.0 8610521.619611595 6500.0
170000.0 180000.0 7627180.949765008 6500.0
180000.0 190000.0 9006201.722800259 6150.0
190000.0 200000.0 4914488.51290492 6080.0
200000.0 210000.0 8739868.91623757 6500.0
210000.0 220000.0 8425870.847930454 6500.0
220000.0 230000.0 7874605.303779162 6080.0
230000.0 240000.0 6903272.972614886 4400.0
240000.0 250000.0 6937946.672354311 5450.0
250000.0 260000.0 7892500.3847365 6500.0
260000.0 270000.0 9173952.935656868 6500.0
270000.0 280000.0 6006215.692468078 4925.0
280000.0 290000.0 7057560.591928039 4400.0
290000.0 300000.0 4899787.39952121 4400.0
300000.0 310000.0 313354.9308631284 0.0
