ts te s_bytes_all avg_video_rate
0.0 10000.0 3259681.48762873 2300.0
10000.0 20000.0 5781771.3516834 3233.3333333333335
20000.0 30000.0 5435254.424128159 4400.0
30000.0 40000.0 5648474.902588282 4400.0
40000.0 50000.0 6796203.4370092545 4400.0
50000.0 60000.0 5543703.817523381 4400.0
60000.0 70000.0 5769004.196026124 4400.0
70000.0 80000.0 5758665.130250529 4400.0
80000.0 90000.0 5531699.127928958 4400.0
90000.0 100000.0 6832717.309516435 4400.0
100000.0 110000.0 5573222.286077372 4400.0
110000.0 120000.0 5757739.646916343 4400.0
120000.0 130000.0 5479496.487172791 4400.0
130000.0 140000.0 6334020.7168899 4400.0
140000.0 150000.0 7035753.986313936 5600.0
150000.0 160000.0 5008296.859913807 4400.0
160000.0 170000.0 8030771.229057923 4400.0
170000.0 180000.0 5017883.090054366 2457.1428571428573
180000.0 190000.0 3397708.4245505407 3233.3333333333335
190000.0 200000.0 5592512.686846722 4400.0
200000.0 210000.0 4880810.490905516 4400.0
210000.0 220000.0 5946265.7840300035 4400.0
220000.0 230000.0 5774894.422175253 4400.0
230000.0 240000.0 6772629.8689815765 4400.0
240000.0 250000.0 4619735.305187149 4400.0
250000.0 260000.0 4205496.530643548 4400.0
260000.0 270000.0 7334352.39699923 4400.0
270000.0 280000.0 7644255.603000769 4400.0
280000.0 290000.0 5676861.0 4400.0
290000.0 300000.0 3719787.1508755633 4400.0
300000.0 310000.0 328126.84912443673 0.0
