ts te s_bytes_all avg_video_rate
0.0 10000.0 685010.0554155775 894.0
10000.0 20000.0 1258603.3128565678 472.0
20000.0 30000.0 2649527.9821904134 2175.0
30000.0 40000.0 4597999.024361594 3466.6666666666665
40000.0 50000.0 6641093.224007012 4400.0
50000.0 60000.0 6098173.113205156 4400.0
60000.0 70000.0 6834726.418939385 4400.0
70000.0 80000.0 5921797.279105786 4400.0
80000.0 90000.0 5651859.544308706 4400.0
90000.0 100000.0 6121856.988116102 4400.0
100000.0 110000.0 6174633.656075178 4400.0
110000.0 120000.0 2335664.316316579 2225.0
120000.0 130000.0 3557862.2970625255 1500.0
130000.0 140000.0 3047076.4203953976 2300.0
140000.0 150000.0 3429876.5592819564 2300.0
150000.0 160000.0 4487289.7602731595 3980.0
160000.0 170000.0 5565508.12408874 4400.0
170000.0 180000.0 5757345.602182591 4400.0
180000.0 190000.0 5457222.4534605425 4400.0
190000.0 200000.0 6575539.187536942 4400.0
200000.0 210000.0 5717626.256852661 4400.0
210000.0 220000.0 5862299.2139694765 4400.0
220000.0 230000.0 5390132.243897784 4400.0
230000.0 240000.0 5648347.450077345 4400.0
240000.0 250000.0 6853023.39879326 4400.0
250000.0 260000.0 5392798.65405937 4400.0
260000.0 270000.0 5669325.026553425 4400.0
270000.0 280000.0 5644243.94476359 4400.0
280000.0 290000.0 5701353.071286738 4400.0
290000.0 300000.0 6503005.627607072 4400.0
