ts te s_bytes_all avg_video_rate
0.0 10000.0 722309.7564130754 958.6666666666666
10000.0 20000.0 1721783.2073249994 538.9090909090909
20000.0 30000.0 1868027.036261925 1311.4285714285713
30000.0 40000.0 4191850.28208211 3600.0
40000.0 50000.0 5685571.11477137 4400.0
50000.0 60000.0 5671056.184380757 4400.0
60000.0 70000.0 5493538.189519827 4400.0
70000.0 80000.0 5519939.188032504 3840.0
80000.0 90000.0 5605797.543033322 3933.3333333333335
90000.0 100000.0 5367141.601793864 4400.0
100000.0 110000.0 6842690.1094467435 5450.0
110000.0 120000.0 5644567.6711036265 4400.0
120000.0 130000.0 7079437.730924714 4400.0
130000.0 140000.0 7270185.498368284 6080.0
140000.0 150000.0 8019171.260095269 6500.0
150000.0 160000.0 6614283.336680499 4400.0
160000.0 170000.0 5745356.301567527 4400.0
170000.0 180000.0 7047871.762832258 4400.0
180000.0 190000.0 7562129.858300464 6500.0
190000.0 200000.0 8629333.390417766 6080.0
200000.0 210000.0 5868025.946855383 4400.0
210000.0 220000.0 6054247.032680307 4400.0
220000.0 230000.0 6851425.2729992885 4400.0
230000.0 240000.0 4079162.7241141195 6500.0
240000.0 250000.0 4628233.494140355 2329.3333333333335
250000.0 260000.0 6246233.045482168 4820.0
260000.0 270000.0 5746936.831654534 4400.0
270000.0 280000.0 6832626.520210346 4750.0
280000.0 290000.0 8097393.134648297 6500.0
290000.0 300000.0 7016630.707909049 5240.0
300000.0 310000.0 153744.26595525202 0.0
