ts te s_bytes_all avg_video_rate
0.0 10000.0 2142831.422877662 2300.0
10000.0 20000.0 6855158.583176271 3140.0
20000.0 30000.0 8139542.601885442 6500.0
30000.0 40000.0 6062188.077852144 4400.0
40000.0 50000.0 6705130.281677345 5240.0
50000.0 60000.0 8388135.605617858 6500.0
60000.0 70000.0 8055198.925748 5800.0
70000.0 80000.0 4228109.931297845 4400.0
80000.0 90000.0 6663592.01200828 4400.0
90000.0 100000.0 6269957.118464419 4400.0
100000.0 110000.0 6098844.462442236 4820.0
110000.0 120000.0 4891087.842782989 4400.0
120000.0 130000.0 6731836.2179296445 4750.0
130000.0 140000.0 7741792.589761079 6500.0
140000.0 150000.0 7694124.093198709 6500.0
150000.0 160000.0 6945891.184857828 5660.0
160000.0 170000.0 5955840.002566815 4400.0
170000.0 180000.0 7939207.151380127 5450.0
180000.0 190000.0 6654696.649251414 6500.0
190000.0 200000.0 8294724.733041334 4700.0
200000.0 210000.0 7600038.695264218 6500.0
210000.0 220000.0 6862851.256825042 6500.0
220000.0 230000.0 6859417.560093296 4820.0
230000.0 240000.0 6651599.829599058 4750.0
240000.0 250000.0 6585165.440307685 5660.0
250000.0 260000.0 8320445.688044505 5450.0
260000.0 270000.0 7814184.051369602 6500.0
270000.0 280000.0 7949509.034703083 6500.0
280000.0 290000.0 7315973.065003628 5240.0
290000.0 300000.0 6885653.242651749 4750.0
300000.0 310000.0 635534.6483206885 0.0
