s_bytes_all avg_video_rate s_bytes_all_#1 s_bytes_all_#2 s_bytes_all_#3 s_bytes_all_#4 s_bytes_all_#5 s_bytes_all_#6 s_bytes_all_#7 s_bytes_all_#8 s_bytes_all_#9 s_bytes_all_#10
811888.8682562945 453.3333333333333 0.0 0.0 0.0 0.0 0.0 195965.99700759217 76052.01925060894 109153.32028819733 143589.73572541188 287127.7959844842
1342019.7624039173 742.5 89104.05402206638 32774.45321371485 151407.9660957973 199315.26336865168 115736.07597694991 48231.319066525306 103727.99071641912 279253.42275171913 1072.5865318617643 321396.6306602118
2332420.9394856635 1390.0 249850.1845189608 275793.6721031051 360407.559627437 277532.3572784696 35288.595811815656 258942.3081431397 180386.9757136857 317703.78669111105 135255.72603222507 241259.7735657136
1362609.532540693 1500.0 215083.9629627962 297904.8321291078 273333.1353572706 144881.4994049502 0.0 2914.0 0.0 2914.0 103737.98204972169 321840.1206368466
1728848.781257745 1005.0 534193.2217844226 327642.6057746706 331495.7002598335 377697.4889646565 105600.88052984855 0.0 0.0 2912.0 0.0 49306.88394431322
2896994.0156233483 1500.0 223378.950461487 410594.65244662354 312359.43152658944 360884.5759673317 239081.30265456357 340660.7261765156 225810.55691410496 302171.1210610737 211650.26298444453 270402.4354306138
2790614.100432339 2033.3333333333333 266050.9670498734 428019.8389967808 213166.8658569612 235975.60462758696 287012.1701431749 313641.77450991824 340542.61002519535 205872.6425296152 264790.04192015354 235541.5847730793
1841696.0 1424.0 0.0 151931.4143507923 349112.729174015 364871.391868334 152546.24995794042 124559.64989138732 89472.56475753098 154743.73512413795 293423.7646923514 161034.50018351062
2780699.4283466744 1766.6666666666667 0.0 167308.97327039743 338412.9256501286 288103.70451170346 385834.2431194201 388524.7410380774 317960.7958029665 274531.5038799403 295549.2433778732 324473.2976961674
2998106.0185408546 2300.0 303545.366063711 317510.1524192383 252160.3118810865 355969.8595379103 318896.8294335641 275811.36373277666 169216.38319095143 370009.4938327039 260807.51924539093 374178.7392035216
3154688.778626846 2300.0 288079.5672160841 391035.3064963972 317741.1422643553 302129.5795728031 151100.52982304938 345197.6949034995 273294.322631742 389731.3757526832 354271.0209896128 342108.2389766197
3136760.653579475 2300.0 332009.72152056574 293844.3483245235 230679.3001641006 357675.08793486364 338208.04780571663 408014.0919906541 299179.5623807094 272375.61436449084 357751.7646984048 247023.1143954457
3204955.9211324304 2300.0 387389.7968442893 214920.65645762967 406255.3718763864 240471.94663219445 380777.2928103204 249663.5309773688 377144.2350365983 313403.0492388505 299785.892517888 335144.1487409046
3226153.2457127287 2300.0 281614.5417612893 292925.9503841688 326098.9328591397 277306.2861106382 297576.83902781986 404870.2251101458 300146.0525973004 337905.3430095141 323114.134089248 384594.9407634643
3429922.2496808493 2300.0 330468.74131058203 305793.8817922666 332623.6830379654 367278.9042092231 384202.79706592025 333625.35416572803 340362.39706362126 284892.32349597884 423977.4963068688 326696.6712326952
3283421.275622518 2300.0 371518.826990625 388962.39938318246 303813.41714829765 269993.3527515641 379920.6849396681 233882.9045518181 385212.4655280716 334666.2001626967 363947.77565245976 251503.248514134
1624828.1900048477 1700.0 354089.2158650839 274812.1489360435 333600.9306375495 243817.13331894684 0.0 4318.0 0.0 1174.0118144217329 68452.14703386113 344564.60239894106
2831585.804113616 1900.0 365176.7650849345 337148.9879265389 288754.83818096225 242306.3401745807 213306.9521083382 189200.94786647373 287747.8189031435 302585.0443313949 303561.34483723866 301796.7647000111
3037643.8385935365 2300.0 282894.1517141556 318603.78198392375 291263.8387034575 303413.2707523577 279842.99118619226 361138.8783089613 292088.22700043867 311473.1534081946 293906.4862752197 303019.05926063564
2918055.4458173886 2300.0 278343.4497377149 258493.0161309747 272377.3616210894 303088.4062155183 278557.85697608534 332906.3534997569 239694.58849447212 301463.60326027335 306049.6276201708 347081.1822613327
3141564.656771155 1900.0 295225.91029937443 292388.5723974274 294576.7539662905 208292.91356514223 388717.0806873629 225353.8758720181 326784.3061197893 396403.8450756862 364330.8192819869 349490.5795060772
2807041.511096657 2300.0 174417.22805359832 206944.67449135275 290889.5489678205 323727.1094430264 283515.38763659 329274.9225759428 273286.4442394635 284517.8157296288 280046.61484717345 360421.7651120604
2933480.2480473598 2300.0 280213.6750236844 233674.16581540724 279077.4481854065 242267.69333592465 413846.7916614199 199731.3066745629 403069.6647419794 255936.00918139907 300082.44407123385 325581.04935634165
3036053.1260234783 2300.0 269863.7040824206 313109.9849708204 334138.75177519367 221024.29348462855 368033.5828916965 256503.67048794567 405734.2442060378 245575.28920937987 261441.488683982 360628.1162313729
2213337.608289585 2300.0 292688.6180931312 296232.8322414238 288418.8296702777 316181.37525219563 272386.50909294473 292437.90362402087 258049.3320786058 186096.60293820704 5134.605298778416 5711.0
1746694.8612489705 1087.5 2800.0 259386.6240177697 217865.27738629392 290345.73574141914 105934.3628545172 146107.40613367938 193880.10802404003 187079.44277062683 185707.4532947614 157588.45102586254
1850964.9403540827 1500.0 173021.836241437 201535.3636385741 222339.751886663 158949.31887928984 206312.85631136684 172626.1604492364 198060.557654521 182317.39664227693 168915.89704766477 166885.80160305268
1880733.73706554 1660.0 182643.452954239 188190.22474506128 157315.12845982873 199143.2040082517 204060.13014323605 156976.5783931307 209717.94196457404 211061.3092144392 198592.149439468 173033.61774331125
3088862.1349924705 2300.0 296025.70516342635 289122.2074377709 254844.2633926976 315334.6514674789 279113.4391501728 289599.8728081594 327284.49095003353 418357.47021230473 369089.3804972415 250090.65391318468
3160959.809148689 2300.0 327365.0082875457 334985.48409713944 436913.1601877693 398875.0619325524 338493.6777402755 229178.70559458312 375067.9543135447 166896.1171994225 258194.6520940931 294989.9877017633
