s_bytes_all avg_video_rate s_bytes_all_#1 s_bytes_all_#2 s_bytes_all_#3 s_bytes_all_#4 s_bytes_all_#5 s_bytes_all_#6 s_bytes_all_#7 s_bytes_all_#8 s_bytes_all_#9 s_bytes_all_#10
596714.9507331062 508.8 0.0 0.0 0.0 24961.31744649506 147157.00244000874 103946.36701344204 78216.23905558075 155200.07404447335 67649.38125999976 19584.56947310637
473388.7768054214 288.0 7423.232297725252 5392.905945607723 7539.72219875591 5535.362340883207 40089.82648392177 95226.737409078 100587.76305229924 43754.30080662231 85301.224953155 82537.70131737298
798909.3394341192 288.0 99260.31477375368 76433.23647204379 48093.07699327939 72395.35986061706 56192.067110371056 98030.59868972957 50367.373367138025 80656.8082356662 109791.7756099003 107688.72832162002
647417.6644605094 288.0 47371.147701467264 82682.93095259495 78107.94027884297 61433.36181465942 76896.15798031703 95271.67132823232 109294.02455190582 30659.809540960538 24862.82851728872 40837.791794240366
740679.2685668439 288.0 66949.7847126455 100401.6390837093 75832.273375785 98294.57139470414 44477.65076855162 106057.7618471568 34084.77043405988 102479.0215832348 55601.2967151262 56500.49865187071
688932.0862172067 288.0 15426.534600787589 92516.2770173913 105539.00218017289 58726.3370150831 103262.7980736431 49860.70610158786 69995.74006316623 79399.29727544947 91411.75805721448 22793.635832710672
678319.430791463 288.0 109922.95269887662 52901.96505594086 120921.21358782334 14362.216238959889 94460.99877224516 20965.272763620145 76924.43851846922 45878.68052833437 64660.70220908553 77320.99041810785
761558.3730129127 352.0 145156.68001661732 87557.51061713124 21198.292357581828 51432.62193555037 82463.37806444963 0.0 105746.0 99241.18953577551 9333.810464224483 159428.89002158245
1106830.9723890095 768.0 19902.10997841759 136458.6724439797 37766.58617264548 215796.7413833748 2910.0 190911.3747626795 95041.9559402349 201518.6692970856 37368.457667393246 169156.40474319863
1932354.2246781173 1390.0 69168.35742259426 192960.2157341024 70035.39294271986 167965.10986056388 198576.43594255968 386041.1971377453 276950.0064241469 140573.92850144143 262146.59496591217 167936.98574633166
2081548.9129112903 1500.0 270332.4411259321 155610.8820247219 264761.23507730075 174670.96153537967 319105.97258539 81867.53290782802 353951.29688891536 102273.31312019368 324905.347128886 34069.93051674319
2377951.472067256 1728.571428571429 308185.8397542025 148432.57169093145 332464.19084519806 83140.73737137993 366119.8687473084 17851.79159097953 287224.3400472733 395502.8222967449 266381.4108133226 172647.8989099152
3139866.8988484563 2300.0 296004.7536130826 361090.76879734185 260316.28350051117 297066.82755831745 310722.4081504594 387166.29229757655 322756.19401545497 227878.40697842036 275590.44199737336 401274.5219399186
3264173.6236533723 2300.0 368095.537655894 338476.57717908 263021.00426571415 408248.3488948055 221280.1610887941 241696.535971252 348053.6531356684 391568.2726280517 314124.65144948056 369608.881384632
3108563.924993905 2300.0 277596.34186774085 415371.8042531084 285959.6907652443 393796.316059061 295976.831112972 328678.5059468823 89952.96727322554 346999.2933101068 272794.4833509181 401437.6910546459
3280040.707645484 2300.0 361643.6103113449 335608.3629188392 399465.5592238882 325836.91155994136 342551.6482292227 200019.90582341165 385824.1423910418 343295.423143778 395485.70869341627 190309.4353505992
3174256.77442823 2300.0 296181.2098483276 400551.4184471067 315954.8706289928 171853.31229939283 275944.57980754826 410706.7681369744 318701.4532263254 316099.5254490008 356720.4898714543 311543.1467131065
3342440.039382881 2300.0 319554.63618442655 332309.3154274277 403720.2406293399 313612.08805038175 375723.8442116812 309581.3928312678 301882.08102877246 220600.67450305173 349154.69903275825 416301.0674837743
3106252.974189202 2300.0 264378.5589804157 399673.5969298605 331085.7255981477 355492.5329393141 207461.26876891687 402496.4455009316 319252.84453416785 386584.85405777086 150429.733537011 289397.41334266594
3351260.766453749 2300.0 318722.5847912136 387348.6259650158 345572.3985650378 369917.622641036 369255.8110636637 370505.703075193 328140.00314229284 266628.10944661463 344633.94091985974 250535.96684382216
3152385.808718494 2300.0 226535.1137972422 312033.4897041288 406317.9835680406 312283.88091755577 397314.1936470456 261846.49381838008 301413.0252302496 303040.36317124777 398095.5541425176 233505.7107220865
3459364.974970622 2300.0 196216.73181704053 314952.9436555312 484604.2270371528 415913.9039219258 310538.3408140985 456217.3486933105 313279.5217869895 287326.54081127583 362624.9815585355 317690.4348747616
3155040.7687803973 2300.0 308388.676577729 323636.3879777324 263776.4244633525 395596.7821815541 310953.33743705694 366179.592133017 368979.5624252929 339107.870397549 215961.40105506437 262460.7341320489
3032699.4113543723 2300.0 375868.0499054405 366134.428120341 320484.7878421696 389943.7618273092 97391.41879861368 379113.53208875225 270463.6828919224 311577.1411263184 369910.6131373746 151811.99561613024
3520208.080594457 2140.0 410626.0420107574 400633.5205987405 376265.08207553625 405607.2441633933 448169.48134303954 325862.6774955996 335804.9016521583 212718.30007624504 341733.05516690784 262787.7760120796
3445594.814493495 2300.0 330298.087739537 355785.1139634154 435033.5601114407 251069.01210472884 349636.0052480612 359847.8144524927 415090.9863230338 351691.5513099347 253860.8193876014 343281.8638532494
3513868.554314284 2300.0 390232.0464384149 294729.3896726481 404780.8221579076 207625.04101551973 391306.53074118 346644.7184696924 345464.69025588536 419970.5659369032 316371.3907156194 396743.3589105133
3256683.811303763 2300.0 315916.47910007194 235180.5996743633 314140.30643038923 406931.8974594582 287596.12244706013 228302.6611802808 366777.4892478451 402140.302247489 355926.98610420595 343770.9674125997
3362640.680898755 2300.0 386594.1131562223 419193.0111022344 336099.94149617094 298170.6856334973 302915.5472449666 428544.2302589597 328597.6615722849 392274.7852927589 89998.07144937536 380252.6336922844
48693.91290882472 2300.0 48693.91290882472         
