s_bytes_all avg_video_rate s_bytes_all_#1 s_bytes_all_#2 s_bytes_all_#3 s_bytes_all_#4 s_bytes_all_#5 s_bytes_all_#6 s_bytes_all_#7 s_bytes_all_#8 s_bytes_all_#9 s_bytes_all_#10
31253.587195407257 840.0 0.0 0.0 0.0 0.0 0.0 0.0 0.0 0.0 0.0 31253.587195407257
318674.82867720624 840.0 93762.98967401612 27347.7026187283 15268.180984447125 17098.29392395226 13785.431979032364 16697.969532372015 28666.001165581714 42704.15665795259 25614.01714574717 37730.084995376565
845406.6181688041 288.0 66606.5489303911 76954.20199220447 69320.41389724202 129445.74087790652 89509.05881937768 63148.606463534605 63831.36919642004 89159.37195553664 72443.54841722966 124987.75761896136
836556.0050649683 288.0 76689.40396867391 75640.80960156806 121164.9522109203 65100.9944347629 65884.86417390252 48100.60858353188 83571.30983000917 101907.99647925596 81649.17413297016 116845.8916493734
878476.7944956804 288.0 118680.05764574144 73972.09735828725 79315.72677542521 94280.12364527404 120141.10258316062 38933.82513111159 115964.50052217036 25082.237874552546 102283.37447543212 109823.74848452528
755926.0072773985 370.2857142857143 43467.2989324958 71501.49787186562 86946.16090278783 64831.07512139806 19029.50482979612 120875.11946028922 119988.35223432376 87726.94607955476 72808.2804681689 68751.77137671842
802504.943388446 288.0 107429.33734945965 53810.25899666742 104702.2265675712 79817.84708715406 54795.88064962816 99530.37806421972 70139.36724527738 76683.20326175925 104041.32274524074 51555.121421468495
606272.7407585843 288.0 59992.57331350593 90909.70448581823 75232.3525834503 33073.73067414519 59474.35000796711 49232.504667202425 0.0 80061.94967584452 76060.04288660822 82235.53246404238
713551.3497049653 288.0 70823.25008954207 49329.51845860983 78147.20142570243 91888.97651001671 64540.09986816006 77771.87678444503 81284.06636278238 57578.6477445799 97868.3873013499 44319.32515977696
817623.3947227031 288.0 104739.86195586804 87666.14810787719 33285.115204794376 83902.64638171915 87693.63761262936 83673.70101594029 121220.53097389164 71829.80711194346 88335.72985903437 55276.21649900531
805706.7305458364 444.0 97796.7305458364 39430.44788667944 62646.55211332057 42202.59829909027 47319.40170090973 150436.0 0.0 139097.0 38630.46144758626 188147.53855241372
1599664.7674434355 1122.857142857143 174117.77665451675 75211.95908118493 176321.18594547088 85119.78770055994 229017.67289253976 66846.1863424063 170320.43138332138 45485.05005620609 188244.0603864236 388980.657000806
2374614.1501049576 1500.0 234920.23255656436 189643.3282313263 203486.04239504307 319865.9739938829 266487.1441609365 228813.4443227193 309441.38600108406 182781.6808950079 235105.01801765183 204069.89953074115
2391132.082451607 1500.0 325102.745933741 266565.1042885243 152118.10442270222 235967.85854566452 229432.3249364948 329580.15874464926 69636.53693273434 366626.9971953712 245287.3408185881 170814.91063313722
2381899.300005693 1500.0 241353.39665059888 225097.4788065537 327159.7505245838 88871.0180128543 333975.1998496559 178305.5957899292 348923.56036582415 272393.57562041114 123539.42437958885 242280.30000569293
2447488.221588529 1500.0 321738.99073771515 214500.527583022 261882.22815676604 144155.95836656223 273427.06586775044 256040.9901107882 317454.0366035346 97497.48197964352 331911.9258215172 228879.0163612299
2384784.2948410376 1500.0 117292.47840577785 229981.35565189293 242134.89539678628 344092.8830477749 47588.16781907824 374614.857330388 156686.8744765497 209123.96627753 280316.5028033677 382952.3136318921
3126939.6446889183 2300.0 317934.1835647402 42377.867997795845 333416.90666038945 388018.1038115754 289738.02523193543 363641.6755981756 356146.5187954474 292381.234158068 299627.90705427754 443657.2218165133
3342668.618694138 2300.0 362421.9746419788 405044.82519903936 355564.3649120386 388595.4437312625 388295.154370755 338602.02780902706 261526.00941068176 422371.7342846801 217207.95938735476 203039.1249473196
2645758.4692809675 1425.7142857142858 397012.3663285053 342445.38704116497 312477.1809517866 345009.509730625 215776.9936763556 177145.48245324692 239756.61304661835 221450.40457326244 322208.8803442852 72475.65113511693
2426749.614862935 1500.0 317611.3704445274 252345.70960334555 151192.01189076927 247190.977955579 198468.2107279173 331898.1051306131 164699.74335814835 267311.61423662945 247655.68944978085 248376.1820656244
2304971.8227509432 1500.0 310723.38970290887 62654.95854527839 328590.8545656799 78201.22156362118 335491.4290880832 236821.46436861035 168495.31503129093 257784.8206772636 213614.44453731723 312593.92467088945
2806370.240807627 1980.0 31677.737641018422 356300.391173169 253937.82435385045 239988.0601188013 203899.19512271756 393571.948173638 322675.0825657308 307955.7307344018 370488.3029349357 325875.967989364
3503106.340300801 2300.0 374868.5117298016 301862.2461322014 275790.82384503 348403.8440961175 314668.4308547382 386005.4371145028 348013.3189666057 386243.02327283984 372656.2187791197 394594.4855098445
3544066.697696698 2300.0 402362.7306946424 312758.9274782209 337557.00713511044 280287.01484532555 375974.7200824245 399032.54095811816 376160.5163965965 338243.0583204611 401739.7015718947 319950.4802139037
3116876.0950997137 2300.0 267220.3129078248 350747.5920085165 304338.2699199443 379012.0352779955 340753.4453757462 283212.4695854455 333478.664342537 287373.7123491547 343593.28520922124 227146.3081233279
3060805.6999825328 2300.0 307664.0663391664 333738.9963025797 413647.5077376869 290868.1978267585 297152.28007742873 276330.5666398598 324491.20989788783 303646.67998396634 258335.64860521295 254930.54657198532
2499397.650978322 2300.0 291674.7641060522 336651.74871333106 350134.95790981886 251703.25449657964 302721.5086602052 258134.64743777132 352243.3544080978 303494.7036676109 67.8008733075519 52570.910705547874
3211321.598646622 1766.6666666666667 421416.972671985 359435.2532736008 359176.1350059613 328345.1641803809 312612.2290683478 314920.76560937223 341742.3506637801 335023.55143471074 46233.94158523568 392415.2351532476
3099359.0817164727 2300.0 151586.6897745226 59269.28460309056 393802.8806465517 314748.12458960724 349279.62905868306 340878.59342365514 343817.8363086248 395335.9501073456 364559.8269880918 386080.2662163005
