s_bytes_all avg_video_rate s_bytes_all_#1 s_bytes_all_#2 s_bytes_all_#3 s_bytes_all_#4 s_bytes_all_#5 s_bytes_all_#6 s_bytes_all_#7 s_bytes_all_#8 s_bytes_all_#9 s_bytes_all_#10
171186.22895314428 480.0 0.0 0.0 0.0 0.0 593.918345450711 4793.081654549289 1994.0 7510.926770724158 4305.412467009806 151988.8897154103
1744202.9846362297 288.0 77144.39115686642 237706.62276696236 159968.9817771255 245331.16783575123 182271.5573661116 216176.695129816 176019.28081501785 166781.7729893524 129787.78761993509 153014.7271792909
1150890.158035356 564.0 106764.0180467307 160586.86321584883 43866.905148046826 0.0 290.9215543976646 131518.89791130138 183662.9096050088 165256.43158876614 206000.5700563164 152942.64090893924
1326882.8099712592 444.0 168009.4396734417 199662.63180744217 109588.95856511052 52349.59832927604 98554.6441959671 157950.74362794225 76107.86145874675 29169.750717343944 183270.21981975588 252218.96177623284
1456957.7331271523 840.0 153873.7890506713 215596.28147246907 150372.74788087088 64.88001508527734 269144.4040897104 216574.71589520437 132805.7171724725 99240.28282752748 138028.43321453544 81256.4815086058
1913972.397341425 1390.0 268842.0852768588 31049.86007648125 198704.1399235188 31305.750938003544 266681.5002709464 226289.0335614269 272893.7152296231 236397.87211804363 134363.0591986267 247445.3807478958
2036774.5512392088 1500.0 138875.03639171217 252005.49145056307 172582.87139535043 268563.10921185365 159877.8487498434 239007.1077600454 151333.99458473455 255930.3769375056 150241.9102190727 248356.80453852788
1980657.422355821 1500.0 146919.97758649 262216.32191871136 148792.73752907233 249594.80743266075 151432.83336712304 248449.5388903165 142516.33047371492 65786.61662807385 272260.7114741668 292687.54705549125
2276292.455200088 1900.0 183903.71434040432 298971.77023333096 322524.4025742231 190684.5163588181 209281.7722852638 236538.8914155281 245551.56222128816 139248.3486223971 160209.89053367983 289377.5866151542
2901888.978456714 2300.0 334618.1433295452 286952.95840690937 328908.6331079564 227351.74942888983 345238.1585385029 296267.74457258714 327878.83326906775 312915.2490891985 306721.3238149644 135036.18489909297
2941480.280683602 2300.0 295265.44454588176 429461.80638961575 307972.10548530065 321328.7244923096 318838.64732146764 297208.19782636635 284215.43389768945 329312.4923324849 287722.75546076224 70154.67293172365
2856522.2153682886 2300.0 0.0 257033.45216615297 297200.91908794467 284898.64651667245 323593.41458914033 343319.7260212074 380820.05150406953 346671.54106436233 304624.6629286014 318359.8014901378
2301500.008726936 1396.0 332913.457939455 403384.72134531854 241956.7449094336 242151.16528478908 166839.9445544295 274125.96936687065 45562.78123141477 234476.8191527884 133533.44883520226 226554.9561072344
2143900.7759047747 1500.0 297674.7753115959 236512.95644192665 236583.42303243707 192481.2687820753 201102.3547242007 160063.99761253924 172160.48899953152 255591.35552606176 337106.1554744067 54624.0
1913085.0 1500.0 175701.4684944287 227398.53169917903 332383.6392321254 107334.36011369491 266623.05690272374 101858.32836566766 269100.6151921805 116087.61760030754 309638.9982999337 6958.384099758852
2529407.520527824 1766.6666666666667 334198.610384118 320424.7741561474 193103.443332151 236580.60217680965 191962.2684699424 219426.3203774396 165583.3728553859 267895.6011631155 263763.75714507315 336468.7704676406
2899852.236986441 2300.0 267626.707789465 303748.81762341945 258019.276620798 311361.5050943879 308504.35745595495 313732.3480569456 241496.57053562143 273842.11699733714 288914.08607739594 332606.45073511585
2933077.056232362 2300.0 267714.1812630515 303826.2534900602 306168.77190374275 263026.402092489 263642.46010443807 316041.4078022827 291046.02815845533 344585.3086291046 255246.98461137552 321779.2581773624
3751942.925970828 2300.0 385319.3531723016 347476.2513111028 326647.28696671134 320288.5488054734 398812.1888851723 462013.7129891278 380063.2278528061 403754.2288717408 364684.8237320131 362883.3033843793
3024310.407938418 2300.0 321685.52748501906 216541.7720585937 316217.34796550224 341916.47817234043 312087.76511426736 308086.97552416346 323593.1824196434 319171.2352981653 335841.2926624847 229168.83123823837
2956422.4095368683 2300.0 311980.73942690104 249447.98228172705 321552.1007212803 345008.83726282505 303167.73700254067 269135.2181886055 303304.3241934972 234981.62289489096 310690.49709145585 307153.3504731447
2965179.770675353 2300.0 333811.8708293955 307971.4379525034 229412.29838864223 293758.535304357 297231.7848500083 334122.46793200064 277688.8943873201 312400.3429037821 280010.98595060746 298771.1521767365
2941710.359698099 2300.0 248872.61891505137 255318.06762798253 283616.9151317045 301878.1085554034 235358.7037716953 328453.06084509846 347077.3127203642 386052.3616674549 326250.24096555164 228832.9694977931
3411174.631405268 2300.0 339324.5256302436 366544.6100221088 437146.0634576995 269877.21039820847 320588.9292541436 340350.66298572 288007.183954054 328278.1557930518 391361.4661288905 329695.82378114795
3027408.446237553 2300.0 342107.0440832381 284856.8944884283 236220.67909694635 279040.8230335016 267470.1149635445 321701.2215054119 364483.14847687975 342735.2167034147 314909.3732013735 273883.9306848147
3003121.3815383203 2300.0 327612.921930536 327796.7961273449 306971.81672341266 313284.78239988897 234030.73150042584 301667.0029145272 290886.9078667839 269232.5369773268 285257.06210880383 346380.82298927027
2877852.880293665 2300.0 256934.88900685732 279898.7855281489 299134.67372450646 314739.74250966194 308779.56318476127 259231.20272910103 287277.4135104685 308611.91337881144 262279.0651726717 300965.6315486771
2104418.724914371 1500.0 304254.3071867031 98548.66577229522 0.0 2919.0 6563.874778833006 365474.0708611278 306779.755528659 344856.97464008094 314660.43397669814 360361.6421699736
2657209.794091528 2140.0 176204.31043635018 259464.13140909187 165823.73350384645 245633.9925631045 296988.93259475497 337548.6941649744 276765.2534254387 317138.17454897007 256228.0905750857 325414.4808699102
2937705.8736125976 2300.0 375328.5940396126 350467.90564786 202192.1201135987 259798.5165844442 270609.8668140196 319648.8935015248 301356.4875571327 349362.1196957028 239770.7637382156 269170.6059204868
