s_bytes_all avg_video_rate s_bytes_all_#1 s_bytes_all_#2 s_bytes_all_#3 s_bytes_all_#4 s_bytes_all_#5 s_bytes_all_#6 s_bytes_all_#7 s_bytes_all_#8 s_bytes_all_#9 s_bytes_all_#10
823419.2573282875 564.0 0.0 0.0 0.0 0.0 0.0 0.0 1405.0118880862974 239179.800152236 375451.4042068249 207383.04108114025
2852148.400210036 1272.3636363636365 160242.8661965173 269955.6180710294 287244.37274393655 191904.4129156797 278358.1276845342 418743.13637189096 302351.18015327124 343085.61087266647 274156.72305278 326106.3521477306
2975152.590126924 2300.0 303434.7547603366 364682.470015962 253100.66910166072 334231.7595986134 260739.84485104543 335841.1040355998 261878.99931845916 313402.5726385955 251780.0728650373 296060.34294161433
1610244.145286918 840.0 321786.44066627783 308375.55526838603 85145.75640008798 193769.88215490003 23331.11784509997 196915.16693900357 57794.83306099645 154682.48910627983 95316.8592483942 173126.0445974921
1764210.5438250457 1237.142857142857 67751.60704783388 212182.329238545 28482.670761455 228681.5984313239 265429.40156867605 222009.24782109956 13953.752178900477 87768.27369488165 282542.77510829945 355408.88797403063
2155559.8733109613 1500.0 245427.56548169584 186146.00029061484 272729.4952071811 144467.3602670069 224100.6419762895 232240.8883721697 183116.6691650702 244749.46050231188 169775.92843659935 252805.863612022
2118353.625236539 1500.0 183617.45071918255 230178.67486513883 179440.57720967435 189930.302948948 209707.28529048755 258126.28830381797 197644.63980728676 237616.84085887505 199663.3181953967 232428.24703773155
2162163.558800323 1500.0 213553.30934184676 179650.2705099472 251919.42241262173 162983.84763409334 285145.0253484728 152149.61344197174 238649.07193634723 194728.62529038088 223926.3787596059 259457.99412503556
2220528.0058749644 1500.0 123700.00587496452 220643.70879228815 178295.6748350508 244210.3488648127 197954.95681520307 280658.6960664644 205169.61462618088 148797.82592248268 298040.63896814943 323056.5351093679
2301040.9668128705 1500.0 0.0 202097.361325343 350786.35530122195 426268.1745481989 301462.7403837573 177472.4445134377 193740.9239280412 200729.25494679523 167094.56717163022 281389.1446944447
2790997.87062274 2300.0 146353.16736282123 247377.27263685808 271413.99010246515 339722.99441309023 295782.6627493362 329200.251815108 265659.64219427155 362985.7761704429 246534.7497162987 285967.36346204806
2513565.4149315883 1660.0 270339.9827960606 341254.5690162752 264664.03438069817 302927.2844979605 212698.31483815255 248945.25404430128 219373.5692226716 242266.92941110488 217205.22435716455 193890.25236719908
2060588.007626696 1500.0 184873.66483193924 235086.24642940183 187154.83637145988 0.0 245497.595554526 280666.27750903583 276093.1269364382 212742.66139553956 199339.85047196152 239133.7481263942
2347905.8802690133 1500.0 170824.983102416 246164.32279915424 147908.78119383377 221954.98362773823 294044.42277904553 341402.2465039171 0.0 235455.39357664715 375797.87374366337 314352.87294259784
2370562.405813701 1980.0 207159.4742842986 243437.0664291321 224321.58803927625 212795.22887478277 127959.6573510286 245409.7145080952 296698.3976232693 333093.2627293362 212595.9156080841 267092.10036639805
2560188.014428552 1660.0 299004.4332738023 342253.6365443929 307299.47086582973 292394.4886070202 194361.8691467192 264718.6930118557 144963.78887401396 166598.3938284302 240939.24458505647 307653.9956914305
2004625.6069622084 1500.0 158779.8770237288 211880.07946778525 174018.60780576186 220756.1297505282 163726.59427069785 239061.47623853548 187635.07026833232 205495.3051002728 262699.9616724174 180572.50536414864
2068477.4269009775 1500.0 210824.28861772123 184323.26156393884 193892.4274113476 174416.446600543 245586.70222855025 165293.41972319776 282608.5873777114 161036.8598362781 248490.6254055905 202004.80813609908
2747164.2624697923 1500.0 246560.15542844887 167975.9087651163 203676.28941671824 165776.5646957772 316392.8624997637 447611.32737537625 367018.3640470983 406498.3213117749 110050.61209157931 315603.85683813936
2692553.297437968 2300.0 151970.05399770683 239167.99521284 244133.9942488977 325069.1648637253 254166.89786606052 326525.33999549825 232450.6532064585 303663.1302266546 297825.4098415333 317580.6579785929
2076334.8457238928 2300.0 285619.3420516323 340557.9272734984 269450.653767884 322147.27839437284 200281.21185350744 295132.47826266586 287102.29639290203 74650.65199198274 1393.0057354471248 0.0
2228841.090871427 1500.0 1139.5901740562422 1769.4098259437576 20312.91856785416 197472.9981904121 341621.82873050217 255538.90834445757 301014.36987414456 379177.8806938268 384753.9306161005 346039.25585412973
2509221.29934539 1500.0 330316.9901457273 329832.45591485605 329812.80366922915 234409.78290746085 175927.87649129934 233295.43187983145 168204.89582571536 249237.2160465233 191663.4361707513 266520.4102939959
2235103.225392504 1500.0 297157.76099698525 448515.04612856 220262.48321492464 50900.31944271274 0.0 261846.56020089024 123086.5215731618 188152.12323311975 288467.8585963126 356714.55200583715
2205354.9653647826 1500.0 356015.38439067843 238741.31554582083 182903.6844541792 54911.69804347285 277106.0418016245 348340.40855041984 193888.85160448283 222388.5204846319 159087.47951536812 171971.580974104
1799061.199796814 1700.0 347540.75071058027 328064.1580176233 294826.2974066761 23330.212891016254 0.0 121554.27083165072 305906.9897549808 168950.7394133685 0.0 208887.780770918
2466297.4562501363 1500.0 244748.50701343868 441638.4972237248 261270.2934732506 285187.03864192846 173216.51037579353 219554.052811787 223943.78724209868 269622.1186454591 146243.3157487905 200873.33507386476
1998553.2988253995 1500.0 163996.70025563744 220523.17659591744 210814.69268601583 194959.43384104816 221728.18305358023 155866.97392061827 260167.96986177395 176407.417183507 230237.29690167675 163851.45452562443
2637352.287855231 1766.6666666666667 273170.15506588115 190753.0785710918 331574.2914659819 379277.2150932556 288968.5750655968 242855.3943056779 138644.4273736324 189023.71128296055 276932.9320606929 326152.50757046056
2981146.8273603604 2300.0 295732.6794401569 334034.9271913122 285538.0327565636 341790.64905518 263519.2095175665 290963.45310289453 272502.06907716405 333565.3741179765 252010.87417436496 311489.5589271815
