s_bytes_all avg_video_rate s_bytes_all_#1 s_bytes_all_#2 s_bytes_all_#3 s_bytes_all_#4 s_bytes_all_#5 s_bytes_all_#6 s_bytes_all_#7 s_bytes_all_#8 s_bytes_all_#9 s_bytes_all_#10
285775.2489041359 384.0 0.0 0.0 0.0 0.0 0.0 0.0 194.68231426762432 23916.4035431849 121065.68939024018 140598.47365644324
1486719.6247319651 288.0 113123.7762512518 121837.28222357546 203015.3920244204 139261.96542685453 174819.54511955185 147988.087466052 153954.69920859116 180226.505427988 131843.0742663896 120649.29731729056
1318026.2172763376 840.0 30651.126363898737 133040.2984836296 138165.24385042523 156035.6005927095 136370.45173184344 100530.25048816772 173491.73433558436 193125.7593910336 127727.05525498222 128888.69678406342
1338306.3655369102 840.0 165973.67290690384 218466.64335645465 168744.0295913847 169459.02646683695 144870.37030918733 96955.2687117545 137974.1277643127 201574.36543620456 32866.40454452181 1422.456449349292
943279.737935472 288.0 69606.55200681264 223138.18400392504 111405.97670514524 132622.65598361578 459.1748511520249 10940.53265831415 153807.46734168584 26397.806317596056 206625.193682404 8276.194384821178
3725699.6307777376 4400.0 81146.69144237794 309997.3982849077 402517.5327810914 499911.605557441 462703.5889907448 356518.68645267206 438343.8249503024 398278.75052892027 360081.75445253274 416199.7973367476
3483759.4663719344 2264.0 403525.1187294877 395839.5786795771 428118.43192989833 390273.2901968223 351814.7351137163 381905.0664755649 389437.9537123743 217484.74929777655 307734.8537424784 217625.6884942385
2413303.1794102285 1272.0 390981.5716121324 375184.95213906746 372166.7911029627 292557.8427169134 95411.33853678532 231193.41563646065 77496.1341528564 174834.8806111554 85167.30652443659 318308.94637745834
3281105.06822634 1890.0 377149.0004301536 382706.7024735783 324186.2007855914 92003.62536595463 269607.9783944647 361585.09760557016 477272.95268594136 305940.6346463634 520335.28900712606 170317.58683159665
2534556.750254004 1882.857142857143 309285.0534717332 216666.2254800751 182270.1818771295 61595.0837954988 331001.94993845554 263412.29866915644 327962.2646430101 232557.35885995143 345878.33327333874 263928.00024565455
2977365.095639057 2300.0 301850.87553153024 355825.60848516703 319446.8163712776 252854.30890849704 301151.0628336126 254301.78539668256 229876.39101800803 292757.73951711383 355949.5982223448 313350.90935482347
1910876.4712338648 1570.0 3612.614935877268 132395.23941690897 249547.4660692041 161036.35556652435 204191.58657037208 32619.779564858152 157173.48135951208 279710.12673280976 391209.0433183668 299380.77769943135
1514692.5280019045 1570.0 356394.16676899657 229454.55180500256 38938.19856964561 159593.72986412264 291783.18843050714 381453.4502031205 54152.85806061737 0.0 261.2411292972614 2661.1431705948257
1762150.6638926612 735.0 194946.52351920877 340014.3890703224 313988.61386180134 37351.55791206178 457.5313367136391 37742.80112577099 103077.198874229 53149.47536510596 340010.9842602768 341411.5885671705
1681759.5004156 1900.0 356545.58251634426 194623.04869024808 276915.1495858827 277712.361521883 330075.8901959404 208214.9192971484 2913.0 0.0 547.8931609299959 34211.65544722303
3066178.240429514 1728.571428571429 386730.24413270986 385710.74425805616 347149.39433438005 332975.01883138355 380987.1860082521 301929.43700085685 256986.42682620845 56344.0475575587 334219.19375265 283146.5477274584
2980230.782678676 2300.0 308930.61829853174 303451.8704685116 345312.1787888226 242705.1204719075 329043.68767308426 278486.19841204904 303666.7822169237 312116.6158377759 331576.9170126458 224940.79349842347
3156058.4936508867 2300.0 357024.3019541598 339497.36382023623 312930.2406368005 237450.73138553908 311106.83442222094 232601.28184281624 308952.2318411551 350650.04253074474 309426.30661837675 396419.15859883727
2745068.363411408 1820.0 338376.84290111734 365889.030459248 283109.215687844 2583.845584561199 73112.33421406036 349218.06483870326 357053.0583946996 356037.7830038512 297422.19359437824 322265.99473294464
2391751.434014514 2140.0 314032.77607723523 281776.43197743874 303165.4115473075 259736.0215982783 330942.07023335056 292773.84499612387 346842.1552458055 210591.8595458231 0.0 51890.86279315136
2954179.743216991 1900.0 333115.3971552365 402348.7543211791 333728.1109906703 365075.91227355663 250441.66088342425 104259.84822746254 320318.87123152835 280043.6865715564 344821.29135307955 220026.2102092972
3276523.3055192726 2300.0 293591.4853413052 330072.01864085946 376402.1403676256 254748.2197700444 305158.0103461238 382245.9587784423 376320.1568767929 295859.0066644529 310049.4391959676 352076.86953765847
3441380.4789053127 2300.0 373482.80626458034 285205.86926640675 413793.5119571141 386818.8997968829 308423.9372601682 354598.07278538315 299762.631573571 343603.436289835 318892.171508297 356799.1422030741
2411164.71662879 2300.0 320137.9271800885 300800.8680018409 219512.00019922783 367006.84204895457 294481.0425509311 352464.72171483544 276712.9105822425 244707.33100623783 935.9662809139256 34405.10706351754
2807002.8929364826 1660.0 266494.1041972534 343205.8305153881 411914.3974639439 243497.5607598969 161572.0 391859.938595448 325038.1239533989 134567.8974426082 301874.630957108 226978.4090514369
2243582.438822156 1633.3333333333333 0.0 51354.5321471037 338661.17285034055 299529.3335420504 331865.3994723216 369701.8923028046 230747.2311845986 244371.51077929317 280112.7850637215 97238.58147992133
3106128.4152972195 2300.0 315433.8260652779 90720.68890401797 347009.2629160847 330080.95726538124 378857.8639323079 275058.79670564784 360353.8721302398 306067.13509100885 354629.8569954401 347916.1552918133
3245658.4286626214 2300.0 347804.1286808291 362486.8814462281 393953.9447459552 305127.6460297241 338380.7095074139 217806.86691294657 269856.59504471306 340831.2962500951 338902.6082211914 330507.7518235248
3159743.494495224 2300.0 397309.0510823379 273980.4968155061 331208.24158471345 247446.74680984503 392108.9427918136 310422.29435704555 343335.5972249736 242203.4766696145 314519.2740369436 307209.373122431
3009006.795299778 2300.0 291169.5750009967 316068.4861151204 348344.5941509023 209311.6347045491 324214.6269128003 307107.7486133371 327203.2143264269 252027.18144953912 295027.8955463026 338531.8384798034
