s_bytes_all avg_video_rate s_bytes_all_#1 s_bytes_all_#2 s_bytes_all_#3 s_bytes_all_#4 s_bytes_all_#5 s_bytes_all_#6 s_bytes_all_#7 s_bytes_all_#8 s_bytes_all_#9 s_bytes_all_#10
977506.8159654352 570.0 0.0 0.0 0.0 0.0 7761.568912066743 124657.52929897646 204940.09045436056 331359.24907243217 154514.95030924026 154273.42791835885
861944.1734427932 357.0 8399.184034564949 7114.0 3939.1112932086407 6068.899464467357 77579.38622702031 219409.64941866865 238567.17398908932 44116.99164977394 147462.5488118271 109287.22855417298
1699459.933489872 1280.0 145587.510701833 76600.71132271523 138682.1363992468 75851.44459799535 356983.353201406 107468.17415725371 345793.166426082 63324.79954137298 233312.91561362968 155855.7215283372
2185472.675333782 1500.0 258252.56078787884 249625.2705154242 202460.24522830703 138961.2831886068 105271.04693088072 391507.82703705056 247916.72326225188 217706.73821145605 198291.6451000562 175479.33507186986
2088596.1795814105 1500.0 179457.36767065368 167990.6143555867 266735.4197418771 151812.86327866797 217297.9104521884 222113.9195364453 222450.4979152997 319988.7227833825 39265.95111657755 301482.91273073165
1329088.676925364 1500.0 84766.41315547562 309487.7643609647 85385.4015510065 331786.65291181795 103075.31872627095 315352.71271150536 84345.95876966581 2915.0 0.0 11973.454738656998
2306681.985324321 1170.0 360507.6924513871 222234.4431973686 392507.5739885713 98875.8356240161 129623.25393223892 201127.61203851752 174262.82970569853 338348.84354758024 202070.99627751645 187122.9045614264
2035624.1462123904 1500.0 122763.97868291248 264017.3516357932 336354.1663666269 84750.38303321761 309272.4060931897 82011.61456849282 291777.62369056745 109892.03642217742 320398.5836910824 114386.00202833064
2614170.05289108 2033.3333333333333 317136.24834190786 68010.16538272357 261752.4988284772 130646.5011715228 94440.09786337806 371147.2503721371 312699.51032139704 416854.9026211996 247805.4811087552 393677.3968795812
3393494.044716959 2300.0 292499.9151352442 421738.0419246371 293652.3692519492 377234.47918264696 324364.10250847816 390876.0469855947 293637.31827180705 323968.44031969854 325666.06173973094 349857.26939717226
2950887.957107956 2300.0 317663.5636912288 336145.7049911878 273164.034836749 299051.4630350671 307443.54956236004 84382.27716076409 306676.0404640166 381431.8969805416 300294.4414332289 344634.98495281214
3513844.3220419274 2300.0 321256.64397602447 294538.3508326007 414241.5189834138 380212.0449100506 378437.44934936194 253724.66491411108 428013.0768092022 322053.04680142854 391476.98610036215 329890.5393653718
3169275.046384775 2300.0 308466.80078102986 308561.74603114964 235554.3359982595 378994.66490649024 366068.6694110646 325811.62629321055 273130.4300163721 301435.2268953325 343196.8523856364 328054.6936662296
3304159.167580932 2300.0 212112.2642497173 347714.3828242593 261938.68011225117 347336.78542122524 313173.7681016765 386516.0874189271 235960.182865249 403178.9784675597 354622.585556485 441605.4525635815
1485484.2615339202 2300.0 291194.6072482999 233769.28940056416 358061.46064728743 162722.4657048511 0.0 299952.5643427732 119180.43565722684 2910.0 0.0 17693.438532917648
2453745.812463813 1331.428571428571 231737.6299611696 326552.2573736848 389163.0035806182 292991.34146158246 87065.63187675863 360358.6972132687 0.0 272920.11730377027 251136.30543683504 241820.82825612533
2371178.131581406 1820.0 182218.938493146 245631.3196538138 118362.11933090704 273050.3209348173 299757.5769895771 183716.0777214883 72780.25266532785 282433.4979374696 407660.0606719764 305567.9671828826
3305766.1726097786 2300.0 361611.2201530944 326265.21029233915 362445.2713158903 323965.62854393764 331346.309789228 374403.74111727264 289000.9736969893 373876.67299495696 293924.8532123086 268926.2914937611
3235878.7830247157 2300.0 388715.4904072837 245938.6334544993 285852.7845950173 282398.90919654485 309494.45800676546 406026.4683758352 299613.3463464774 249816.85184144948 332627.89753938507 435393.9432614575
3113518.295184833 2300.0 313369.950111001 125369.65090474438 252564.8564966431 321106.6952407524 316496.6462293478 422508.7774161546 341418.8268239096 417601.8990650724 261820.3594997448 341260.6333974634
3201025.583170165 2300.0 360982.8732739543 275789.19507454115 244341.8576498632 412170.7736939342 206986.66691024377 380938.7510649957 271277.4014045487 387049.488348405 288280.885625533 373207.69012414623
3111492.6495308247 2300.0 215064.7294275993 380772.0518464416 173043.21312048857 394811.7588290524 339898.0409740226 313815.98687154974 328115.9057059846 349898.571528258 232349.9949120516 383722.396315376
3243659.811621622 2300.0 306326.3648665594 363750.7781250834 264461.5814305912 361247.0944370754 290634.3599500129 277099.7779353774 301982.047457158 269849.1296996893 442223.13506798446 366085.5426520912
3051068.9630239764 2300.0 314504.5051154636 370661.3514155093 304473.192491948 347773.64311042824 306829.4423675033 87009.54199916577 206400.23142013515 379520.78799688665 324299.44730792136 409596.8197990154
3510675.4803839023 2300.0 235700.00145090025 381734.2808819724 362390.2861402711 420832.1760911952 304297.0101643192 313216.8496147733 390720.3605742268 378659.87998999015 233613.3610087385 489511.2744675157
3099041.6102133472 2300.0 151520.8788720452 329622.5328696045 352945.7612302076 124039.11405218286 278984.7613498468 380310.0430970177 345279.1319375636 380729.3528755624 398714.583816408 356895.45011290896
3418557.3867877186 2300.0 302367.33745910827 216297.88834724788 381319.3401389728 387730.83855363866 417406.7534424759 336563.8032019899 404639.34438870737 337509.7393491191 391215.7565545255 243506.58535193355
3115285.738839307 2300.0 272497.815046255 284676.1910573765 347064.4020985996 391776.1708737457 296781.3617726067 303035.4296135681 351524.33447848127 298522.6076696971 307198.97523250646 262208.45099647087
3355403.4795726878 2300.0 412565.01785232686 263166.38386940886 364044.3625413913 285476.8762953692 368676.6361157317 286609.2841201363 365699.8182151992 249828.41750552 384460.7063603493 374875.97669725446
3011543.937917174 2300.0 217825.07476608417 347595.038632884 373999.7080183478 327837.9177480586 334321.88238244905 331332.6325632818 124928.4093478793 301518.84129934333 354901.4572579311 297282.9759009143
