s_bytes_all avg_video_rate s_bytes_all_#1 s_bytes_all_#2 s_bytes_all_#3 s_bytes_all_#4 s_bytes_all_#5 s_bytes_all_#6 s_bytes_all_#7 s_bytes_all_#8 s_bytes_all_#9 s_bytes_all_#10
879570.5046400828 480.0 0.0 0.0 0.0 0.0 0.0 8632.885506031535 159928.11449396846 248994.16463648668 221587.6817542035 240427.65824939255
1726189.987696286 862.5 280215.1962410912 167957.60050204687 317801.3091984413 10787.389418337878 155508.0 0.0 308464.45329580765 97065.44589018736 294136.43876717816 94254.1543831957
1323953.73869649 1500.0 8004.507663631166 0.0 0.0 2910.0 0.0 2178.3578445491275 348776.6421554509 332304.3087233957 300728.38467738754 329051.53763207566
3104195.000260042 1500.0 338496.9952575783 295293.1412041589 309878.77682568686 308911.2527374988 308122.88023012126 338080.6073941826 330641.7041826695 335093.44114429323 358707.2161066558 180968.98517719677
2752524.719534068 2166.6666666666665 286540.39394704043 125754.55517672804 292278.1375564079 265546.7422360129 331275.40030218137 310031.97172663495 329978.40213779785 271868.63221927977 312345.012800947 226905.4714310376
2973989.8357668384 2300.0 298721.03636797407 335152.7444070128 269677.0689212569 314870.73764909984 361615.7519977127 273384.6786836736 332679.6478440041 177449.67631474684 307557.6689786725 302880.82460268505
2145946.213406193 1500.0 335732.4401605205 118669.75886482172 243515.90987995264 174262.5523681389 289732.36634115124 137602.56363625513 256051.94051523128 384695.29161475634 205683.39002536537 0.0
3127810.93122983 2033.3333333333333 249009.34785217373 276410.24850989063 355602.403261647 316884.28327443526 334244.39767037565 234322.8928501125 352725.6210205966 339425.81966859626 375274.33324582607 293911.5838761763
1841559.0687701704 1424.0 288266.5164911207 271155.93889867305 140435.6133803763 0.0 270433.15220064897 306466.0882919061 299459.31619842886 21364.443309016053 226054.81957548857 17923.180424511418
1763160.702694514 1083.3333333333333 233219.40134429213 21892.598655707887 274707.0840284972 199325.91597150284 226831.57403674556 23822.42596325447 238513.0 0.0 278667.9821359995 266180.7205585146
3011776.117191989 2300.0 329616.2187985869 282342.8307645217 340560.25868871214 262908.14201799664 323866.04165533354 237806.02608755592 342926.3584885372 303894.0006573814 340721.4353442463 247134.80468911692
2482683.525756041 1820.0 380557.7343884331 239316.7070921981 329257.69864542416 288393.7901588409 264978.033311707 144422.26793812512 243787.51075756192 185339.43782120687 217616.0989649813 189014.246677563
1160688.7927842226 1500.0 290065.27147754334 121555.38287991234 0.0 0.0 0.0 2913.0 0.0 182845.376995114 266867.5391092584 296442.22232239455
2894320.8615732333 1500.0 354085.1217850123 283029.58436130977 369316.3237483778 296639.55063350947 346323.03245340724 341040.6436894158 386721.356819588 329219.1388947152 187946.1091878976 0.0
2505582.0 1500.0 232703.30057709545 306911.5373293212 421439.8440588336 234497.5305653604 267495.8568676586 158598.6303956946 263679.76450892026 166385.28198712194 287122.31259372475 166747.94111626924
2027223.3916101784 1500.0 260036.00143615823 139523.99856384177 251312.25589463563 126594.54873322089 258286.2806923197 157163.63180495298 284935.6640872 129542.90067528324 275704.21512706 144123.89459550582
2613013.076809947 1633.3333333333333 299875.7084461405 140253.16243326906 264765.622829707 141042.96982536415 308638.86392202193 292230.7628770858 427386.4803261927 199905.12941237376 273075.9826989609 265838.3940388308
3031576.5608439893 2300.0 329776.2504685196 283249.6661977756 388454.3653581069 252120.33945937053 343786.6614951225 201810.18892741684 328899.9136319991 303688.74485591945 282881.0103361942 316909.4201135648
2973157.245225436 2300.0 378200.4826444285 186991.72410624084 322153.2633256679 262716.4847091031 307504.4336329714 303908.6738086862 286280.4319415525 288322.02655742003 320600.05387961946 316479.67061974586
2445100.0777881253 2140.0 313224.5061278806 274879.4967169921 355008.7094074681 309786.754484118 349065.5745556133 208425.660629558 28639.02358881973 0.0 288419.449434244 317650.9028434312
2506426.1218164684 1500.0 363997.9435671753 362335.3315350263 306269.72738637263 169610.16138450455 325091.14509337506 157913.23049461975 302120.4585814204 105211.05055205135 238690.81725736693 175186.25596455604
2565095.498284409 1633.3333333333333 283043.6168254327 147875.30044428303 246773.4179800459 322647.0630797945 406490.1228467523 209939.2438710356 244642.67575400704 142587.18711766013 225184.04396861963 335912.8263967778
3049293.027621448 2300.0 327012.2922044407 305977.2941949138 339121.0545122266 299057.3357583811 340483.4728751939 291670.29355483945 276332.4506292007 323434.01438849006 311960.9003385112 234243.9191652502
3560478.608241859 2300.0 241587.88278855945 347725.6845152532 419875.92927264486 390819.446334302 479201.9851366725 436712.14339475706 316432.2071183964 314475.1344720275 298182.1170423863 315466.0781668597
2705976.0216252245 1980.0 343140.9320072841 245091.98320961228 279044.1719747488 330452.0331099232 368536.6001006141 240591.06957135163 255861.07050063295 183235.61684237217 228459.32604124103 231563.21826744365
2499347.330218383 1500.0 200843.58128684765 217807.9610775268 210712.89263091487 272448.0922044998 202223.7702474986 213930.9857185556 173518.1962902671 346768.14974501194 430149.1755415686 230944.52547569224
2031770.0399145333 1900.0 303350.7850517981 114784.04907732892 260586.9209004917 307575.0832072183 44725.20167769655 0.0 198453.31068999163 325030.0534759797 301957.7445576538 175306.89127637495
2499216.1556262984 1500.0 2917.0 33097.019306322785 284743.24152076745 422708.6340251626 298559.96848476125 338007.8395356576 325365.6114123304 342779.2441595033 280029.65303531475 171007.9441464782
2286984.560313952 1820.0 233447.45364067363 192489.3187468621 305664.52266310184 106372.81683808738 331877.1766208167 244189.6196668337 54118.12070181443 169396.07009315694 307549.7041869684 341879.7571556367
1435106.945996296 1500.0 257396.2757323933 219640.12237876112 31690.88594859548 0.0 2913.0 0.0 2913.0 237232.90012682183 340590.39447744377 342730.3673322804
