s_bytes_all avg_video_rate s_bytes_all_#1 s_bytes_all_#2 s_bytes_all_#3 s_bytes_all_#4 s_bytes_all_#5 s_bytes_all_#6 s_bytes_all_#7 s_bytes_all_#8 s_bytes_all_#9 s_bytes_all_#10
303678.33811313484 364.8 0.0 4794.0 3984.753984419112 3163.225317055036 23960.268269303386 100223.62152811326 7927.130901109219 28519.58892476463 70235.39363378368 60870.35555458652
407961.08030582586 288.0 52014.66188686519 8490.333088198571 7446.40208354489 7678.357043383309 5496.954609618666 21982.814235060687 54050.39005805273 86719.06140838139 87840.60505014274 76241.50084257775
976256.5011355703 288.0 103264.75002799998 125607.48724316382 132059.74316871443 115623.94281860453 112475.0669656966 75733.06919792181 43968.076899390086 32382.79305088508 124625.21165066343 110516.3601125306
756769.4116428107 288.0 37022.89172504576 16455.292404370557 46178.98500196647 65401.57339360463 59699.99086405011 123846.83469897148 116161.27472620242 132751.17249350017 91965.3353481704 67286.06098692867
727401.683543289 480.0 46300.30567542304 94859.75623874048 104598.66696440738 50601.30491184066 27395.22289860705 157152.25357455714 22455.306705696566 108765.80395181096 47820.97503211183 67452.0875900938
796117.8100371202 320.0 72251.36033855932 79124.24447882394 80607.82139287656 69564.90323699474 107521.71181661122 114274.67186282582 74264.23134458064 67066.59422951312 41345.35176178913 90096.91957454575
563005.7981646088 288.0 47427.26260476501 85600.87549846117 46498.787544429 72881.99972960178 74233.16455718069 20930.092095678472 84606.62197495981 32548.19945356996 83858.85749055355 14419.937215409253
660481.658612232 445.7142857142857 99322.2474369823 18050.06334284006 74211.49409268578 11909.938063422613 103709.11102012669 17486.523101582974 96613.99017556652 49319.556877576695 92492.39395231662 97366.34054913164
631118.6884655245 426.0 90804.3872982973 72574.23786268663 28738.57411975183 45882.04093524294 55786.43984419991 57473.01295962969 68783.8136463437 51162.87048877935 80385.88125840703 79527.43005218616
646540.3174159272 288.0 83662.5396896832 81769.87433640253 67824.20363645379 60933.41411990026 79756.28226839217 72968.53775751419 27236.96174157602 78667.39928411243 22664.039008117645 71057.06557377499
550783.8221640899 288.0 36318.47289580287 61354.954313381175 62162.7657529307 83037.83591281762 27873.75645363817 76095.28236174799 35134.69528997557 53525.38713931563 50912.22503780925 64368.44700667082
548706.4408526157 288.0 44131.23092448244 55563.65947538451 60582.557234772685 67318.68532057409 90279.502858255 26635.254586398263 16108.314413332106 85162.49829873782 82883.18728793008 20041.55045274878
844898.3340176699 585.6 72493.44954725122 18012.153086949715 78351.84691305028 26435.38471446575 113339.61528553424 106097.85659307564 43752.14340692436 16702.50313200059 224005.4968679994 145707.88447041868
1551581.0550229894 1170.0 75458.11552958134 140197.83122377726 69677.16877622272 150831.611600017 108962.388399983 150332.39973891812 72915.60026108187 162405.28342783212 235569.21859563404 385231.4374699417
1974958.261918572 1500.0 31397.28800357285 366452.1337337554 35025.638769263904 368645.4161413883 47811.77371792501 351038.2457431371 40083.23121819837 339640.95585581765 56022.9440835658 338840.634651948
2209709.4159783022 1500.0 227992.91397063312 314020.60657536605 215026.85179606068 219720.26732439877 199678.57393210303 202286.1957450775 194664.45508779603 209600.8738707054 201114.95651009728 225603.72116606424
2528628.546613004 1862.857142857143 365242.5967978186 32195.785811899143 166588.72176089956 314088.73598395434 380359.15387496 319341.6146176119 223314.37560808845 322380.19538604515 315392.03651343565 89725.3302582912
2223556.610682853 1500.0 366511.24106914015 52343.942234121976 354545.6526934516 0.0 367770.3151065098 225476.30590472804 219531.33176269388 201689.82722772023 219151.4762235686 216536.51846091836
2202098.066491079 1500.0 219632.51647638975 199036.15999177095 207642.51253779908 200842.96702616135 224011.2529233123 346593.61879074445 32127.19756768307 189149.8498504059 228864.7994308413 354197.191895971
2449578.7324022376 2140.0 20973.158822781774 359452.1049815825 49724.608580369386 374579.6837053375 228169.6027327105 228616.79557950835 366935.5406105312 354101.5610696881 92031.10274027233 374994.5735794554
3053566.959043344 2300.0 268700.3402754329 398439.0071359927 211140.17624293535 416768.9928814728 301805.6675958693 381833.04109700286 307009.10668133426 296728.8209987044 165117.73377682542 306024.0723577739
3375751.720085908 2300.0 266238.5281954796 414434.55217568966 304261.22966050263 385365.72792922624 214280.861963088 422873.3009832091 340855.0997085363 409159.4353631147 314098.968939457 304184.0151676045
3297049.2628985783 2300.0 388813.2591594009 192396.8314010373 327884.9372097349 412314.5887797064 297870.75049530045 378957.79656272527 357388.08402795845 266931.0247832213 311604.225664646 362887.7648148472
3179779.3234646646 2300.0 283427.4243104922 250907.06460333988 305710.1647484256 360666.7627338469 318187.82469547767 313428.0941788685 378946.3353546371 382027.15528968576 255249.7154277365 331228.7821221546
3243571.541834865 2300.0 298776.3739427089 445600.3861590338 174842.40082630748 367964.6243091938 268258.05343188543 405589.1080642566 189483.62943775023 404346.531777798 318292.3698903038 370418.0639956274
3201153.5916797053 2300.0 181765.73366033583 397647.80380353326 324571.03488045745 347196.3285001101 205492.3997060636 345211.6889683973 354040.6785830875 391869.4872665061 273805.5656501368 379552.8706610776
3171343.961302526 2300.0 308252.21323399286 267011.9489726547 310458.27258663264 311457.89332528657 334662.894635579 305939.74868682696 359407.8187784437 218664.33740393765 351649.7437197926 403839.0899593792
3127700.6257217056 2300.0 324939.83781184774 175405.17447785992 312936.1625747338 409366.813806257 276428.8540675093 285472.7088907058 306893.800683399 394556.740700183 307406.08363184385 334294.449077366
3340894.459710832 2300.0 350565.44038924784 156316.98099121574 304890.352519904 382077.4624335831 321738.8425183511 410126.4776045193 324848.02024596167 408919.2804629566 250727.38878957997 430684.2137555127
