s_bytes_all avg_video_rate s_bytes_all_#1 s_bytes_all_#2 s_bytes_all_#3 s_bytes_all_#4 s_bytes_all_#5 s_bytes_all_#6 s_bytes_all_#7 s_bytes_all_#8 s_bytes_all_#9 s_bytes_all_#10
1257181.788241801 480.0 0.0 0.0 0.0 0.0 0.0 132200.7330063265 256447.1051887886 335748.9474402105 357098.21642863424 175686.78617784134
1801600.141839583 1304.4444444444443 23237.08552908761 14116.638575220106 282318.48765389115 115042.08138565942 139776.9186143406 124481.49728862174 336277.73592913506 303571.83374013286 307077.9522018554 155699.91092163912
2430583.912026797 1500.0 281050.0719785675 382186.36804065766 293284.9534393192 219289.2657761405 313982.64715428464 151750.49059722995 251613.0736162877 110389.38695861623 233799.03626718157 193238.6181985121
2015363.0528412429 1660.0 194912.05046013973 241159.8077168413 237525.77014547875 176360.7010376268 264267.1666068382 167200.96560846272 252339.11904567943 66703.61927935558 319535.88753001567 95357.96541080484
3061397.774032132 2300.0 325233.7889496138 270355.519151399 393254.4908673158 269931.49156777846 298122.38293506764 313590.78145708865 327544.05510815675 325931.79744991485 297959.22562055703 239474.24092523984
2445065.230857196 2300.0 333737.635583327 343823.7674107345 307972.00411767024 268838.37857255695 300263.7884683492 285919.6449079262 320277.3112717049 138673.8006861748 0.0 145558.8998387517
2711497.5673452425 1500.0 367845.5204227193 403809.41671153565 378509.8022635813 397171.7864546072 241214.2839396734 67928.29036913154 0.0 120193.0024189276 297895.8393648856 436929.6254001808
2089068.2982748293 1500.0 232147.1306158872 179475.1402022849 250661.4130739175 124957.9050371493 278466.61921468604 145253.9545462719 239429.36592035447 175912.1047999073 347167.487762878 115597.1771014932
2072356.0190426607 1500.0 329978.8686242144 97041.60465338464 285181.318186986 111352.00234507256 327829.83392135974 77404.19581100742 317560.41099915165 119982.83130042918 228258.2305931425 177766.72260791314
2434730.362173017 1500.0 322372.2154985151 102470.47192487968 251106.4476505293 416689.7589937615 166540.4120952568 412914.8435801597 235552.5850123916 201266.709293594 265048.2852875214 60768.63283640803
2063545.2810902076 1500.0 378134.2485339632 83821.76421668693 313229.840574848 106811.78999842051 267314.44387193414 107422.99029176532 228350.77127138528 174944.8871122736 247501.8482104735 156012.69700845683
2007758.2636000924 1500.0 237795.52831962076 156693.80948097137 254692.23510614265 165357.9430643269 254146.6367464884 139251.50569017814 253719.91734689576 127893.29543525116 273578.6552827619 144628.73712745548
2146214.525589569 1500.0 268810.64296531444 107882.83116640348 235257.66303672 226138.22782368053 303872.3638358486 169126.22814039272 332008.1314949993 21640.602903325263 350381.03141499055 131096.80280789413
2098697.378101683 1500.0 383070.8689915905 34460.50902776381 322693.40502627485 105945.20113109474 248899.4979041154 182172.2517998219 232323.75235196028 148222.80020696914 270908.5511203586 170000.54054173417
2349727.357150773 1500.0 272795.7795574354 448807.24816722126 324057.55864949326 62110.51713685152 365106.6429258408 14444.221313144091 368891.5945299544 61726.55454270373 335178.28812130145 96608.95220682786
1982134.19561308 1500.0 219769.13627203627 164269.6449094956 241240.86739033303 168476.1277093292 254012.50708224115 166674.8335173642 265686.7849398536 131934.32226060785 212761.95686482431 157308.01466699512
2418686.7642852995 1500.0 298285.0743777694 93226.00955739927 289817.4868656251 101383.47891472968 360366.8412540649 89137.08434416498 318051.77538344887 270191.77151175257 367188.41022444086 231038.8318519041
2836922.012631627 2300.0 227450.8289261884 151142.75754953764 324264.90631020314 322137.7989453501 309468.58749891096 270860.71714648395 332531.1281285027 316331.64394683647 323436.4108944655 259297.23328514773
2827976.075263166 2300.0 281044.06109479856 267753.6954427681 312808.9838452385 298703.11038928805 266567.3572353852 306208.9964164181 346111.1215304596 291121.65695945127 306089.7053048384 151567.3870445198
1951654.9360780723 1660.0 0.0 110715.9164663816 344498.3981310815 389780.1712336664 333213.0762211997 319043.317304936 187100.6316043558 151000.48903837908 7.518478791056319 116295.41759928156
2475763.192440847 1500.0 236024.84160425456 168115.87006978394 268621.3614599376 395439.1061233329 315072.5619199445 413557.2547862792 206707.4838889207 153459.0372373066 232344.3656732612 86421.30967782595
2782024.8714810805 1820.0 270798.34395743103 457171.9393623248 274722.93431066093 294698.7417915078 232881.67748425304 148978.94015546548 332723.6669678821 271772.8815563414 284817.4924269546 213458.25346825924
1988887.836893512 1660.0 0.0 121000.24682293858 297687.0283310116 268357.67639702884 297968.87972920865 118634.581847611 367675.58687220135 107032.49793198978 279051.1467148991 131480.19224662308
2444236.884451485 1500.0 256781.5066494509 183819.42733458988 263641.5334860703 159929.00712788585 236807.2993573104 172764.0408246248 318981.4222863393 430761.8703951069 247416.70981864457 173334.0671714624
2280720.174146846 1820.0 290960.29433342395 97184.375416543 324408.9983725931 162875.0203692757 302276.5901631671 136153.87260223844 258032.93603379745 137533.4997935588 332761.4347385795 238533.15232366885
2464083.674795605 1900.0 318585.96632578096 294633.5731816353 308475.99895066454 150159.84009586403 289814.2028398872 239644.52311432495 0.0 103200.114877072 248030.68527266796 511538.77013770776
2339124.7783117564 1500.0 220612.3107090793 100823.06001618164 272666.6177546162 99746.92815682404 307182.7826747979 216118.82979123265 267203.90060982056 125872.29166454812 295312.756456846 433585.30047781
2544502.0080391834 1980.0 229883.87151483927 239801.28427412745 262058.7046561638 150249.52593056596 290007.23664063046 184101.0283844689 166229.86542171572 304288.1225256281 338743.01323593466 379139.3554551092
2122421.748024556 1500.0 327981.97849576315 235766.5632411909 226625.6441459573 157668.84008287766 214850.20192236657 137289.56935121363 251832.91059671252 138615.910614767 239070.70184646183 192719.4277272456
2339567.717117849 1980.0 248899.7853012937 134210.12990597507 230971.17407147304 200651.76167638192 233456.35356720048 140062.47138166724 304456.9075278849 285865.907156605 297586.6508322894 263406.5756970778
