s_bytes_all avg_video_rate s_bytes_all_#1 s_bytes_all_#2 s_bytes_all_#3 s_bytes_all_#4 s_bytes_all_#5 s_bytes_all_#6 s_bytes_all_#7 s_bytes_all_#8 s_bytes_all_#9 s_bytes_all_#10
43911.26423115352 480.0 0.0 0.0 0.0 0.0 0.0 0.0 0.0 6095.150931903381 4727.827067938604 33088.28623131153
420767.9481703105 288.0 90466.7004794807 74434.0333200639 49754.74518788137 35640.43460545183 42695.387626038246 11469.040859490397 68913.69445688173 37979.21235299522 4774.576302200782 4640.122979826413
970649.3519219712 288.0 4468.953074896835 7573.91086507541 112700.32042263486 61415.78842112893 108492.39596827143 121339.24778384982 160988.75774670817 141949.56241567945 136381.72788853818 115338.68733518814
1063850.5897668046 564.0 59113.43567656465 89761.0052752254 117696.35134874978 181850.77612028475 102435.13511260269 157314.03367794913 141445.66958660627 76416.76751001865 59418.53854024428 78398.87691855888
721644.4073133875 441.6 49458.11692968737 99076.8343093006 45636.34519099224 98915.16441791084 99311.9354207719 69286.49584931889 23862.241492038444 105855.8006462323 88933.00586680148 41308.46719033356
915746.6369118732 480.0 95250.6382201055 105678.74505877418 97816.6045895993 45020.17013641317 167777.7062262278 27158.778698258488 133141.1554287571 42152.40137382258 138794.51511608213 62955.92206383291
821612.5113627999 480.0 104522.92321380942 52173.3086942359 96993.4756334032 91907.77627876811 109297.32950093802 54027.20366647676 96308.41477503291 106842.6432349252 78168.72668690982 31370.70967830053
815162.8448236799 480.0 141671.95309350948 110556.09374932927 21324.24347886072 96694.94723434949 65222.15872112325 79857.71248005779 62719.83612003316 110313.06780605776 35117.4930036631 91685.33913669588
790314.5162641786 441.6 49802.44549801962 0.0 97037.79732880872 131679.83755741586 87577.27353705368 116031.02742560458 50106.042052935656 102845.02386825733 31382.04973191952 123853.01926416364
899781.9869533732 480.0 145623.2745591958 66734.30738606016 34613.764478966856 157038.880490934 113150.53098445428 33586.17133422992 104829.0529617683 78210.6345803834 95546.0210757568 70449.34910162361
769678.358211247 480.0 99159.80150852576 64842.60593817296 71817.60311217632 53401.18540028017 116454.78823362773 62839.08978021338 94096.47644103377 82474.32662283987 99989.4116546933 24603.06951968369
782267.8591205613 480.0 64911.0258649178 69167.19500959983 128667.42584779646 21867.01028496121 80011.84023837163 86694.63807917733 107911.69083236778 154064.75791202893 0.0 68972.27505134037
923721.7249486597 840.0 84779.72494865963 91345.7639938598 59488.63434291622 172828.50652752045 820.0951357035035 0.0 197665.0 149994.0 0.0 166800.0
1482743.1114296054 1390.0 80996.32607363869 98375.3350024113 66778.60462857285 287014.7342953772 87717.48040035536 237439.58631835383 82274.73863948946 249758.3839307397 82225.76426771618 210162.15787295075
1819999.6578241168 1500.0 72690.83824164954 237997.17304729891 83696.4049814878 181814.22588370423 275287.0391551077 137653.65810623532 265699.572264514 101266.15590842348 272166.6058060103 191727.9844296852
2496135.790617478 2033.3333333333333 361522.10736059846 6001.123385679698 270576.50549826113 174925.47525450125 365035.7037872897 92657.46369963992 316413.6882958255 287905.2291324339 375617.6757386171 245480.81846463165
3358842.7164607192 2300.0 370501.7519677507 275604.4997965475 343928.6229857783 396660.2977007871 309241.5188679403 336225.6396437637 318572.5369036001 343552.1184684802 305742.63259820355 358813.09752786765
3141817.3309266 2300.0 330218.7814012304 296324.739644342 283826.025899807 380354.6584492511 178137.03175063626 281428.2193964056 359906.944185543 396143.4244153208 297759.0782726279 337718.42751143576
2878677.127030015 2300.0 241934.90538226243 397454.1434505556 168421.51835846444 325315.1152517472 75208.62491832429 373363.0334142117 415007.3591039952 375692.6066864286 101718.08617549152 404561.734288534
3231613.725243122 2300.0 354415.44379381713 348309.0438962582 384880.7901834381 338212.09280600864 266385.05904286244 316154.8349904634 249192.70278702312 314167.0918083726 357505.9757081252 302390.69022675324
3112923.3254744955 2300.0 373534.325818674 312474.58671037434 322382.5951956924 266049.3537708403 271337.9002956884 363778.0130893031 358711.10126231913 288589.3571707373 307652.4774925505 248413.61466831627
3204070.405697159 2300.0 337466.8450150613 398334.1156760524 306548.7021093485 356777.2925838018 316101.1237592622 133908.93952054752 343079.22447157337 410187.4345084295 266011.26445091504 335655.46360216755
3022138.927343846 2300.0 306761.62456530007 376655.9942543332 327498.14346489724 370365.80440770666 210293.2426044519 270691.05656333966 322820.9020772426 398499.3358180621 189276.70554135568 249276.11804715663
3170421.082431869 2300.0 327080.73044652113 374107.3804918216 330015.8689330682 394031.6765583356 323161.6893146359 367332.9976167848 291607.9646028408 375611.005279965 35275.09800142039 352196.67118647514
2822530.6657588086 2300.0 389484.9047367238 365134.7359100495 364748.6038251616 298044.9597842709 328442.6285237546 286729.2825722289 214363.68416878532 85612.03122038113 332151.012005131 157818.8230123215
1646025.1862359347 1083.3333333333333 27541.24612454925 11584.887637617105 277.0 2910.0 277.0 211213.86962813817 327390.10397133185 385298.1989749886 401311.560915089 278221.31898422097
2675356.529376668 1680.0 235368.75224841604 165046.50786890398 140937.68740891153 298156.6989863086 171377.60073001176 267551.6564075946 304113.1658951428 425006.61452991 278832.26345103234 388965.5818504366
3235465.9866060643 2300.0 246077.41814956343 222944.1881285128 304908.2771844487 397665.1381876306 311927.3964994078 408514.3537907294 229543.64620927055 400323.8180403541 316347.7741800038 397213.97623614303
3081515.5903109857 2300.0 190305.43154349903 377648.9225789633 325012.2834444807 395515.1298814084 121546.2575775876 419622.96088628005 353137.1241423465 313609.11376890424 276994.61973160354 308123.74675591226
3152243.0734779965 2300.0 371586.9112956444 354859.7015732258 322626.2390278396 270253.56102548627 359060.4955270227 263567.89472429006 384112.13949937327 221082.44025636508 373018.0587861175 232075.63176263156
