s_bytes_all avg_video_rate s_bytes_all_#1 s_bytes_all_#2 s_bytes_all_#3 s_bytes_all_#4 s_bytes_all_#5 s_bytes_all_#6 s_bytes_all_#7 s_bytes_all_#8 s_bytes_all_#9 s_bytes_all_#10
270699.5535097742 840.0 0.0 0.0 0.0 0.0 0.0 6009.306775394529 143775.58764938216 23957.15077498745 16772.95480023585 80184.55350977422
864666.2528853229 288.0 86890.86790053795 168090.79389529626 69068.36299988873 77542.27616763045 58893.657120544114 66723.32686456949 123981.5304638128 80123.37632112687 57132.952954826025 76219.10819709023
724649.1541284239 288.0 41667.719076713176 53249.67072345481 48614.84836438902 62539.29421560552 80287.72329549713 84782.94184106155 93420.264901895 84588.18658339906 93205.40518847168 82293.09993793702
851049.8893932193 288.0 96654.5742415863 56877.73217207828 103099.27237693076 103196.99104132976 110696.92100545492 48711.17123830034 84875.75403221764 85388.82989338008 63241.79347520085 98306.84991674038
1107525.9716022457 933.3333333333334 25928.110060276733 117966.2310260825 149624.0843842875 134718.0367304281 106949.05369372098 134937.67567057785 142463.83194315966 141424.80324233213 114124.7812315104 39389.36361986993
1096734.142559809 403.2 155702.63001745247 202932.76718114075 58166.70020042919 121119.363092662 116519.46079274292 140767.02504809556 12660.94215913768 135011.4414458205 83174.84854353272 70678.96407879482
706273.2351349246 288.0 114543.61568262117 14066.497049180784 91293.6569719716 69224.76566841235 71258.13897580093 66436.05031545238 82730.32514451788 90808.11500965925 42579.23621129547 63332.83410601295
816310.189386602 288.0 45190.443514600935 83313.82302207962 84935.81849061142 56109.260281912 61022.44506244118 67694.71223569669 83835.05612290256 80505.35102130425 136283.51280430955 117419.7668307438
762253.75684967 288.0 79716.11670951132 108511.4933010371 41364.00138913008 59024.59807102516 109822.74067939114 95797.03780560616 99140.1848944131 24239.86425844573 63408.78057581121 81228.93916529894
710962.4331608325 288.0 128226.98943362372 37343.1333817998 39272.43598958697 60832.183613686735 45286.76532849035 35205.00625099808 26046.441012664945 60662.65762939733 159777.97435443013 118308.84616615444
751702.6656600005 326.4 38028.42138917608 82918.66265735352 150503.3235611607 75875.03150985339 125284.98227163235 1824.5335707823947 105481.4664292176 38960.88381341161 69309.11618658839 63516.244270824376
1158023.4588156918 940.0 96594.75572917564 79884.28443718582 67801.71556281418 80093.35309365354 70746.64690634648 0.0 235600.0 189322.92246990264 58546.07753009736 279433.7030865162
2049105.92087536 1500.0 144591.54763827717 302600.3051690997 127975.43963972226 275239.0483104971 126589.78614090988 286375.4845501977 122787.26890230096 284241.1866079871 125693.87481001834 253011.97910634967
2208694.884728531 1500.0 251106.41120876512 225286.6048584335 116973.46275544605 332408.6756674582 158747.04657792067 291519.8197488573 118477.10177953746 287559.03050086385 117058.481347302 309558.25028394687
3152317.126542899 2300.0 108000.26639398074 344772.6858879961 365375.1988558265 346714.81551247963 338817.46693096834 401029.6775039685 389481.3188871296 237327.53164192705 372011.6338572765 248786.5310713456
3251423.0934706456 2300.0 367937.4436479632 354775.4449557755 316751.2685781201 240239.98285717465 408158.6014878311 228728.49224608875 487894.1309937413 291120.77470426867 296675.7729472875 259141.1810523956
3199029.536300059 2300.0 329800.59232004656 272155.60191409034 358275.78384825186 161166.76082155277 346087.51431157347 396262.1196957198 317623.58105797105 292494.902722694 363557.7827516456 361604.8968565136
3267169.996173279 2300.0 338698.1344783987 347579.0446011056 260248.33316878864 312659.9307506243 277026.87647099263 399481.2497157701 296583.0827336172 310148.3043130103 317713.97799310804 407031.061947864
2875998.727246676 1980.0 224595.7203127041 329096.81998375576 202219.99605929543 321915.9832814491 56214.789206114416 401124.8246119391 360400.48907779646 311215.54040457023 396454.3622740782 272760.20203497336
3076282.645354954 2300.0 112883.26504815929 338757.658672327 388827.03156541375 392540.51927163725 280672.91092880064 357146.69375848054 347968.84767528094 261807.08465593425 351541.10233544 244137.5314434804
3207202.7043182654 2300.0 301526.430664643 393276.56313290657 396199.6248762504 378657.5363806643 325716.8326667773 317837.8174691001 359598.5455515345 114686.48575980976 276777.9764406607 342924.8913759184
3206106.340391464 2300.0 391721.2319481 324272.1746427647 363020.0130772751 234541.89318285452 396543.7571877819 358321.27500939433 255034.36104657335 282161.72347990406 263466.6968962804 337023.21392053505
3116476.1178245465 2300.0 297724.7880811256 424365.32494809845 255579.34654342095 316890.20910991554 189959.0852962149 286620.2424395585 342901.8528105447 342202.7762650633 248378.69601740892 411853.7963131954
3222903.591378219 2300.0 220193.68211516537 403473.5178858312 320447.4407370732 362885.01125609706 87779.55169263785 317211.86078567005 353198.3468246801 392460.1802128471 399970.59084203065 365283.40902618656
3172105.992437629 2300.0 390898.7286351984 324721.5572948288 360233.38654275774 286419.3184999498 413001.204954328 253185.36597825683 399922.7239694503 97465.30962440676 334376.8665186845 311881.53041976807
2980796.576536818 2300.0 342732.740699001 208451.86982996063 348432.1905908537 292141.6976972294 350728.1147391565 204095.59542260508 386031.2753287288 193618.0829649453 236506.3921175021 418058.6171468353
3253595.8367007067 2300.0 358643.06565562653 343140.78522425325 185439.476452286 380480.3044200504 356256.6015498711 347432.3906155035 263872.4194165479 312164.77038882195 320833.2768320148 385332.7461457314
2892791.670591096 2300.0 187556.77502329377 299423.093786707 299000.9448313502 384468.12166813127 325319.60463296674 351242.2172647824 348075.4781237549 301615.9713024456 97646.4882624904 298442.9756951737
3075681.536042336 2300.0 101159.53604233592 407008.6577274637 325479.1106802828 379014.00769699377 325896.0364832488 337302.60916794074 268536.51333816827 370804.82313955337 349568.1837119911 210912.0580543575
