s_bytes_all avg_video_rate s_bytes_all_#1 s_bytes_all_#2 s_bytes_all_#3 s_bytes_all_#4 s_bytes_all_#5 s_bytes_all_#6 s_bytes_all_#7 s_bytes_all_#8 s_bytes_all_#9 s_bytes_all_#10
987626.881573424 480.0 0.0 0.0 0.0 0.0 0.0 0.0 186677.5782449511 283435.26328629075 274650.3332744263 242863.7067677558
2703558.843288508 1629.090909090909 227636.69631160173 218797.58643486185 301722.0082457176 368904.90608930495 381345.4536439281 302236.55349857843 293365.846475773 193015.6253575349 217760.3560669805 198773.81116422595
1537200.275138069 840.0 357305.87232542573 159192.2884255241 168914.06670243942 105167.0476846797 138722.12438107148 101764.49819788564 155962.92077467512 83593.45664636776 161550.535052113 105027.46494788698
1260894.0 840.0 2914.0 0.0 158479.53691552847 73084.46308447151 156297.77628245368 290620.8716050669 246270.58788834704 72214.76422413235 161367.17110361916 99644.82889638084
1226868.0 840.0 146575.96332287975 92882.01234919472 156316.7802329438 100174.06842111454 141697.03292983412 99454.4540452473 139078.2079440143 110016.48075477144 144676.21849965764 95996.78150034236
1250380.0 840.0 161999.8683389028 96109.1316610972 129878.05780145188 97971.07511243752 160511.84311931184 88909.02396679876 105372.327767757 138431.64734119907 132885.33434079686 138311.69055024706
1403728.0044513275 840.0 146157.305312743 78908.69468725697 131999.6045366419 97540.10468686966 165258.26225938313 95098.0285171053 154297.26644379014 73661.72981341052 183515.97686849037 277291.03132563643
1276169.9955486725 840.0 163777.306221483 126657.68932718952 169500.0165993424 76542.9834006576 146632.92534943085 95752.07465056916 98570.29301735573 117145.32979591182 189290.9665221492 92300.41066458328
1472142.4545060752 840.0 144213.3230753376 82262.6769246624 121262.27804371792 116836.72771911416 171135.4627789694 101103.5314581985 142366.97144945446 98931.86330951196 152821.50274230272 341208.11700480606
2552158.170558394 2056.6666666666665 136087.33537509872 104199.21011882606 179044.7956509611 295782.7414681278 286506.07376645587 280230.10357545025 325379.32857966365 286212.2485181132 337606.37122717785 321109.9622785196
2108499.3749355306 1935.0 300839.8046799566 276745.5493815867 267431.8465949701 272140.4103594267 116519.7639195906 0.0 194331.24770577328 289788.48014959134 375775.0170150235 14927.255129611904
1718258.0 840.0 145975.53540141834 252410.1933283744 130435.27127020722 13.25157086798448 145220.45981783082 76552.28861130119 135042.87595457523 376818.1022620851 347169.00893347384 108621.01284986587
1677408.538135938 1535.0 158295.99611390207 83236.0038860979 2913.0 0.0 135554.51389210543 334205.07520514523 376004.32892844896 198437.04177627468 126119.51045967128 262643.0678742926
2143049.45034306 1500.0 110986.68775350029 293504.3770269653 66777.30673086586 345627.9456578412 139652.4536628269 305728.9388612747 112264.593082581 296895.2557127789 100352.29366775134 371259.5981866746
2416350.2286302904 1500.0 320468.6243142106 378577.07125449664 253232.9142824401 201569.24458250927 228083.44079560853 180633.40337409783 179703.76502803434 218322.5673020827 255685.14756201967 200074.0501347909
1676881.7828907112 1500.0 196445.68607126464 196195.5997392973 157441.35628701374 209392.6336939597 192246.5736688394 247265.6175344305 158660.20575194064 317135.16976593 2098.9403780353687 0.0
2484399.0486076074 1500.0 139697.58291606203 349037.2889099571 331345.0803077431 12387.047866237746 151735.96000182242 313450.9115183554 359500.66135586693 359391.6199999363 126962.66713689384 340890.2285947326
2472368.401477024 1660.0 362409.6857708072 4576.265621585251 99565.48695340064 289950.72245541826 345519.7963047668 398464.5074147286 198900.0987939548 309521.3880777309 168954.477601661 294505.97248297016
707943.5499153689 2300.0 314374.96964087896 270341.19212508097 117391.38814940896 0.0 2918.0 0.0 0.0 0.0 2918.0 0.0
1546140.0 505.2 0.0 309635.4239167873 262244.6467913239 261892.82389523575 273261.3123846412 145212.4781167396 108982.58859168184 36624.66344042676 123333.2139940263 24952.848869137302
1968649.3954685512 1900.0 183105.65878647676 297600.6663711902 345625.86906354525 299669.2553497588 111492.55042902904 0.0 170014.64082549151 198023.57579591768 133596.0333099031 229521.1455372388
1922060.6045314488 1060.0 288824.85744993435 314607.100204833 400832.03827025695 211179.60860642453 145758.02154875206 87308.97845124794 134077.92917242064 89825.07082757936 134273.2763468294 115373.72365317064
1256639.0071660697 840.0 141048.62872389867 92120.65150984582 187581.1269383002 85469.59282795529 156571.56111193824 89742.43888806179 123207.15347929872 114465.1112339246 140123.63084258826 126309.11161025804
1317189.9928339303 840.0 125308.14197669896 140164.94697610065 150659.46572979804 98958.38243991304 199195.1303742465 245967.42580457823 206004.64674128257 148018.85279131235 2913.0 0.0
1204959.0 840.0 137296.69217810594 83208.30782189405 2397.8185429728123 145335.79588961566 207169.23700565763 160884.14856175386 146749.38584691563 98485.6141530844 150023.19551651666 73408.80448348336
1404321.9162000038 840.0 152765.8081231171 107962.06955389488 8092.122322988004 0.0 272358.5754211285 333535.6623476993 117521.76223117222 0.0 29717.278555470926 382368.6376445329
1409992.0837999962 840.0 199136.08379999612 251907.0 162033.6875350438 106934.3124649562 147824.23584270198 61597.76415729803 176729.48849714815 88981.51150285182 138122.19072171272 76725.80927828728
1246882.0 840.0 163985.2928379647 103136.7071620353 149358.28620252124 77621.71379747876 123405.6940271412 121107.3059728588 172868.9309318895 95785.06906811048 147220.035642491 92392.96435750902
421589.2235368382 840.0 154751.10174629968 111185.9213923427 11165.976861357629 0.0 2911.0 0.0 0.0 0.0 2911.0 138664.2235368382
1887318.6526235435 688.8888888888889 317330.4350281963 229503.29908034575 216259.57491586497 58642.46743875473 148848.04803019197 13278.951969808064 184577.42171972484 195230.5487319265 223067.7769120325 300580.12879669806
