s_bytes_all avg_video_rate s_bytes_all_#1 s_bytes_all_#2 s_bytes_all_#3 s_bytes_all_#4 s_bytes_all_#5 s_bytes_all_#6 s_bytes_all_#7 s_bytes_all_#8 s_bytes_all_#9 s_bytes_all_#10
936566.3682162464 336.0 59714.40200359973 87742.36335065351 71846.11341372316 127797.88775222402 87133.94398665626 53847.33939400416 175847.1319215769 71679.64178850141 100894.0403356079 100063.50426969954
1135097.247072483 288.0 86148.39969299412 107014.60632835313 133106.81658735138 97405.8521083894 104298.4543285869 105994.2227347757 131557.26479869423 115530.94327218902 160440.5308641014 93600.15635704792
958451.7665404252 862.8571428571429 119564.7224417867 115390.7857591304 119350.3236757556 65015.4081484968 80426.30203683129 89037.91968725612 75127.23741093076 51516.504147210384 122688.80812271184 120333.75511031535
1062625.5205913277 288.0 239618.5915669462 164356.52938820806 146898.74759575675 86238.94906303726 157015.188335762 41190.79197223788 36626.15007534299 113313.84148170848 61083.47005269892 16283.261059629103
816886.1706451641 288.0 7061.319113507194 4200.0 13877.895205512084 71900.22168464781 135113.40522319343 100076.24616834724 150039.85382813748 123791.48137619882 128497.72280293162 82328.02524268837
913123.0364649578 315.42857142857144 108722.49022514046 93896.09168199816 71515.4305952942 57092.35028580082 125631.17507161324 122489.57294798206 100532.28919376002 90324.93868301324 27686.631573606563 115232.06620674903
952439.515535898 480.0 104985.50618060122 115343.64377486677 103760.91660027816 85563.77766901057 113163.07933426365 101538.33033081709 74579.6949444592 68154.44414913635 43174.43659599818 142175.6859564667
653550.3611323253 336.0 89410.04228126766 33935.31874982592 34411.25066927222 56242.34770264843 54330.02422523857 15320.61283923463 42445.14466519773 119899.93647872291 141459.24113457542 66096.44238634165
713425.4521700769 315.42857142857144 109216.67424670208 81137.73061965438 91229.62172479003 106209.0315771448 59324.17716687098 0.0 100460.0 50855.383652701625 47579.61634729837 67413.21683491461
1196069.9947501188 780.0 89393.7831650854 56200.25918888402 153796.740811116 57681.41742504445 182871.5825749556 57875.86786343412 183681.1321365659 61130.32967884038 161586.67032115965 191852.2115850333
1790394.6619938305 1390.0 77305.75365268819 204627.73554463784 27507.15167235749 284831.1842641423 111655.93324141412 290723.2778490867 114968.75219064017 295128.55756613705 101369.6019751218 282276.71403760475
2650275.029549632 1820.0 229071.5188786344 293890.18610293 19099.421439572056 392713.85884210194 251097.9159018837 270009.089907086 146632.18047486874 280800.58237503737 427061.4603423849 339898.8152851325
3162227.192521702 2300.0 161017.7056192455 382171.08288577176 410492.52750519896 314970.2034462361 325327.3660660996 306825.07381344057 356513.56715486466 319015.52149415255 352052.62964231 233841.5148943825
3216585.6470484007 2300.0 301448.7610064596 329226.8601377588 389261.3895740993 346506.83399394475 323757.674482089 266384.8667464404 343039.1383825169 224138.17891814336 321956.03784107487 370865.9059658735
3215375.713780052 2300.0 307941.4441168773 369037.4968383244 349691.836720684 291585.8186650204 335779.4423922818 288096.06329217006 326979.3634441914 346501.84578239266 315868.6196788605 283893.7828492491
2936241.038273814 2300.0 277916.9662910728 326770.38843710383 381516.090464056 341298.8669470644 221119.2085987249 241807.28888239452 351366.1680125862 71121.56588834795 381884.7931097744 341439.7016426896
3412586.3846387835 2300.0 339141.2645595052 391745.01956124406 404409.0797732128 439466.4395946561 373162.1777978125 215998.0949213196 373082.7486053708 193707.6089342444 343612.11611902737 338261.83477239066
3608488.1206087526 2300.0 371503.0911433091 406777.5367876779 490164.8460291664 294924.97646523867 428327.8914875873 286015.7084320683 406532.99115498224 316082.6365934214 336823.0080925935 271335.4344227077
3306336.7991081183 2300.0 257292.16625858197 301863.30974499445 466139.1427958046 400192.38768375735 319676.1560656685 308517.1339180664 366818.60160806496 199247.83468952996 384654.0619151803 301936.00442846987
3231766.460561683 2300.0 365142.1112718888 198546.7074551679 371410.99743392464 404788.10988271737 355124.9723757328 383902.2770891939 247838.97197890937 243318.1043546629 333255.9625960473 328438.24612343835
3237045.951262315 2300.0 379453.6155016346 345142.0150039154 217865.3003853568 226498.00133964876 356557.4064403525 344897.34206500225 407119.8916854175 293684.68188593746 361604.8785426864 304222.81841236324
3262516.627400752 2300.0 360116.5362857081 285731.9255011719 309813.4730569486 306579.1221682159 320881.5291454612 297364.3729316636 385073.3366377038 394875.50816012826 363558.4898581529 238522.33365559776
3223329.783516198 2300.0 291547.3275950618 330919.6569618071 392772.9122244808 318295.1747560728 216537.3072057245 284157.6924510115 313623.5331627014 317924.83069603925 392797.371895068 364753.97656823066
3173601.260513852 2300.0 314762.2308283794 166448.14732255397 176055.1849879716 319270.29303177056 363544.37221788114 349391.2068175998 305199.98738119216 344330.6430585385 402611.2211828751 431987.97368508944
3428513.996129534 2300.0 379323.1589055424 372485.475538449 289040.4330798439 460003.2907190273 317276.9146265554 349399.2031144473 388695.4231299147 354702.2215311511 281992.346701448 235595.52878315517
3428488.865699237 2300.0 363786.768961982 338330.7196039077 394027.2636448192 367505.9399576368 282558.3245039116 348403.5372456446 315736.1991019074 308797.1526702034 370411.08464315097 338931.8753660734
3272436.5892779483 2300.0 414596.0834450454 298227.0929525715 246497.2668508108 316674.920376064 386135.6443651609 340337.6540022925 322511.9537339388 326053.06254731223 356845.2021621536 264557.7088425985
3338526.1611403963 2300.0 397773.90664126753 225384.1940408512 319118.84627737466 299560.1788688522 383467.1251472312 347563.8491656735 360665.51051398617 268027.8965560469 389841.04586481873 347123.6080642941
3074486.04610448 2300.0 296582.81097462634 238472.53632603795 337160.12810969626 260180.20876871777 327950.1152490128 225469.27172995772 384662.9265184866 393192.3430613071 320353.2908003539 290462.4145662828
