s_bytes_all avg_video_rate s_bytes_all_#1 s_bytes_all_#2 s_bytes_all_#3 s_bytes_all_#4 s_bytes_all_#5 s_bytes_all_#6 s_bytes_all_#7 s_bytes_all_#8 s_bytes_all_#9 s_bytes_all_#10
147952.95515209538 840.0 0.0 0.0 0.0 0.0 0.0 0.0 879.1834513208103 7431.816548679189 103490.56153841346 36151.39361368195
575891.12009079 288.0 18138.791944512534 17775.237452863686 28334.81339528071 51505.73436494298 86125.14978406996 66712.5092648006 108155.14524116131 97189.46399692484 50391.33420803893 51562.9404381944
980908.0643455308 288.0 109565.82249847973 91294.13990330305 86136.03197674545 63104.9303785864 62802.550771441165 64532.33335031474 103973.9187817214 146093.5121129681 145982.52689262855 107422.29767934213
862390.2961485268 2858.6666666666665 77695.07072492252 54428.48121507329 119876.93821497924 67300.9147203389 29607.45553626995 119952.89512214868 60337.83403281333 82228.80770233861 112745.90552101782 138215.99335862446
855202.5811553912 288.0 88659.48453772596 84259.1897849474 97249.58240624602 68662.3859172916 95147.82356543392 83017.39919976066 89608.90600942457 65603.61380180353 95882.4682221763 87111.72771058133
996937.025814193 288.0 86956.48892011588 77928.61334588143 133535.56941040469 111183.23949024868 80443.29569285641 101746.46892805428 102521.60055812087 74414.67201954186 149755.9325922245 78451.14485674437
711392.1590111066 288.0 99912.95729347283 66248.04329657964 70713.84222014059 62306.9163193841 59638.05798394099 67349.9996150648 65319.40744806693 60434.64122852351 60401.69021895971 99066.60338697355
698121.6465342329 288.0 81598.8747240122 80113.13966512843 51663.05115685094 46224.72193265223 45186.78112658621 91798.7351877962 65768.68201191943 42840.8561718742 99155.25748164846 93771.54707576458
646232.6035700634 288.0 107204.01543519192 69192.65213080257 44345.04889513993 25424.906741421717 28531.547976249203 54827.99750606851 67725.12370499536 81818.3631891534 82114.83931892534 85048.10867211543
943818.231688643 288.0 104542.19800476987 95126.47699930916 116842.2739300378 125103.8882272982 102813.52047509926 58720.19054155563 5850.986541692684 119715.76125576237 150066.004465476 65036.93124764193
675764.6184963479 288.0 63300.31648942704 29693.95061673579 126804.9964802811 85546.56826223743 23946.68177832649 72699.60865400391 89346.11658360266 66818.25961437666 59510.7702479326 58097.349769424254
813016.9937440763 476.57142857142856 85346.07118105277 64917.060020125966 59080.566791900375 55172.852408499326 87144.14759150067 114451.8875019615 34304.73438140415 113666.45680776345 34392.92130887091 164540.29575099723
1509411.5143631853 1122.857142857143 144935.05669732983 140796.64755167294 26138.49472120816 221041.391647294 238417.60622924787 13411.507402249996 186976.26531588924 103207.30842995735 315139.61547335907 119347.62089497688
2496806.859512804 1500.0 329622.43648524734 384824.56649431394 46086.18690625606 266248.10297089047 295340.38373259123 196712.023434664 358014.0215264121 116818.01741475116 295609.90422326885 207531.21632440863
2348219.669949145 1500.0 291540.13562101754 93767.23965076312 320516.1503711452 301422.20087083324 138646.5644677289 276809.80548331386 258638.05446097537 203679.1496247333 171053.05015722403 292147.3192414104
2600249.58529159 1500.0 286836.870696519 114328.3002533166 286144.0159148969 220195.80573407505 404385.6602828501 162636.08589594322 318908.5525420491 133762.93785415275 362054.6787724081 310996.6773453795
2257762.195714965 1500.0 66076.07513227811 260968.85008670844 382178.7375526996 193958.01073717428 300539.6330096088 113509.4603004868 291130.53928366967 221391.2594571628 345432.32317266543 82577.30698251133
2318817.8794173123 1500.0 277424.8216553896 261147.1113384049 113127.94642351817 274518.9856671307 246966.32249013183 279971.8536071991 114632.48215363236 325971.25549407233 318658.998532574 106398.10205525976
2656689.0645490577 1842.857142857143 154489.70701136516 280843.7625368508 338518.3030034435 108479.27205837924 278340.9580074329 383548.4484080443 140652.54897448412 233844.63608401507 373929.58437143074 364041.844093612
2705891.3921323447 2300.0 369104.7870001736 347767.85280959704 326322.959817629 323286.41438576626 335247.8156740919 300790.29397387843 169915.81178980588 0.0 221723.8584851748 311731.59819622745
3516780.803929889 2056.6666666666665 343951.82522367174 334643.5435192011 461759.6582810805 330173.97526176984 344405.4335380389 296866.91697353707 267481.27622897323 329800.8480421312 420534.1205044336 387163.2063570524
2864151.4199610674 2056.6666666666665 334227.05896442884 65742.6804242793 225583.47665305293 299891.41275797965 250189.88698487295 360040.76066693163 352453.65632876754 309405.7555081461 317319.3144829006 349297.417189708
3329124.218058824 2300.0 439361.9018165648 383418.1349215388 294254.10603135143 240312.97738632467 301911.5715737707 418549.46391343867 334102.9850184954 198922.4041104568 326056.5998769251 392234.0734099577
3377091.742558312 2300.0 322616.5638094475 368558.6365116487 331073.2589302033 314277.839089116 357995.0497446867 307421.85687681567 339025.2566956327 381286.92452332313 303093.05393731873 351743.3024401197
3088924.8048327174 2300.0 231268.4682221004 304089.8212989926 301087.4880182478 292337.7655471298 323825.0407306381 352204.6114985215 348579.06372404925 327220.96341251367 378426.3421601948 229885.24022032972
3620954.199543719 2300.0 396115.6282228472 341931.6654214619 369187.9864567662 293783.0199253657 476076.0187672741 352220.6258867823 429983.2868111752 328324.1993107436 369218.4289075707 264113.3398337322
3289851.153477272 2300.0 294546.57653568184 332766.1146212565 371930.859232279 287804.80404485005 214724.98319719563 296048.1178994817 399449.2056085768 391222.08336203307 326961.8820564347 374396.52691948216
3033811.7265971527 2300.0 331330.2360414248 364028.95939387433 309818.58694214583 352789.9611416426 343614.07746863004 92077.94649949088 355201.68826305645 347326.2477938206 264259.02765319694 273364.9953998701
3121898.565184785 2300.0 206570.3492526844 284780.2550327111 339484.3075538988 306735.8617352553 312973.2084644272 315637.8041345991 318078.4778973588 346100.2284349175 386883.7748269942 304654.2978519391
3078101.670470417 2300.0 388460.4283783034 277749.4807965548 223948.04168971983 283475.50104093 333997.8190818887 293546.3155851244 403434.8021130017 301930.1774741713 271076.6778504853 300482.4264602382
