s_bytes_all avg_video_rate s_bytes_all_#1 s_bytes_all_#2 s_bytes_all_#3 s_bytes_all_#4 s_bytes_all_#5 s_bytes_all_#6 s_bytes_all_#7 s_bytes_all_#8 s_bytes_all_#9 s_bytes_all_#10
145914.68000877407 480.0 0.0 0.0 0.0 0.0 0.0 312.50188803851483 4479.498111961485 6127.820939521763 44900.84821335678 90094.01085589554
1205231.31269301 288.0 101149.07299220786 117675.77064282876 95711.0256393585 129366.15351192502 177390.44389859197 76863.27693493087 152103.21724075195 110647.17162464824 137351.46469196276 106973.7155158042
1170269.846943703 336.0 109802.67326441791 125699.31967155682 174957.8601834322 118959.00665824584 99308.5478725376 123731.02706898234 165064.1086732073 32613.910833748727 134560.8605975257 85572.53212004874
805050.5899295411 326.4 71204.28720407668 80392.6017322588 104067.9627617154 117866.8115642062 94816.49200545812 76954.88838791044 95761.09492412276 56524.03862585774 68755.94948186568 38706.46324206918
751210.1528945154 288.0 84410.47721710612 64904.359039254094 71382.36621476244 53830.49780709064 84227.25035674628 64352.8160576876 10304.984211464764 93628.345216233 116493.81989077592 107675.23688339454
756076.3025113959 288.0 95531.41753045624 48186.34205820046 85172.34856192172 48167.67357961677 106553.65812114728 82722.16453318947 75547.97510699235 67235.08690742211 82881.83926674991 64077.79684569961
701455.4657586678 958.6666666666666 83320.2614249986 56370.85342630628 65238.36667996633 64068.85673778164 113669.6793520096 63865.03955932712 56263.32948564125 41997.72835302952 46293.73298483846 110367.61775476891
2065174.459113844 2300.0 144144.60606922445 219260.66128861072 313530.3602644066 177685.70115935753 181063.64799940123 321543.86654052924 247853.6655395298 115172.8608128841 132902.0743447751 212017.0150951249
1350951.2610766725 352.0 305710.87927565497 332802.5548740729 100812.41693031973 121506.2164489592 210446.97619077904 3702.779325759407 3487.367101003771 25142.80086626053 135178.33632416502 112160.93373969788
2306810.830833504 1326.857142857143 116991.92906987655 0.0 283132.153541203 352746.01659336884 390539.4028370492 231704.18684397003 274031.7274720636 184981.40495257167 258423.0830874479 214260.92643595295
2025684.0093185084 1500.0 217276.61982330197 155340.95305908335 248885.09124436296 184257.21655540488 300725.1801085834 103369.58132594002 266841.6063287668 111276.04557914636 315521.9831240146 122189.7321699041
2827940.477938208 2166.6666666666665 315285.1374332731 107116.36618925082 263792.79688424384 282701.19733635214 349455.08959946147 299186.5854440124 336271.1413736788 253212.6566061002 300418.79451537377 320500.712556461
2695865.3767142524 1326.6666666666667 333718.54812090675 299164.5842516662 319372.78398121137 369347.35422497866 146801.3404008937 89653.56519827206 291448.8050310817 441375.2550950811 232327.93634637343 172655.2040637874
2589426.3085023584 2300.0 74415.2342654042 0.0 297293.73175880685 234199.72655577137 357950.9618470124 410479.2411349723 230084.6957590446 298338.30214594025 325515.0698420654 361149.3451933408
3218709.925763046 2300.0 353661.6209516 361656.7870116689 398002.8951751339 414939.5892482565 322882.5669862003 432352.7967009637 360159.69260370726 170816.51276472386 392914.64908796747 11322.81523282417
2455881.0 1660.0 280196.28012118826 319699.8803371994 360489.77576050354 148385.13570449967 296463.99511654594 72201.18668692342 154861.95188006078 338832.6610625462 336618.9312490465 148131.20208148635
2766259.4035501825 1766.6666666666667 274953.78096898366 22254.21903101631 299628.7323746695 374963.448062845 380111.6965453449 219471.72060183636 267574.0151785732 311462.1398992959 374772.13697436085 241067.51391325676
3077888.052272716 2300.0 351522.61332133535 301083.3835186749 341340.5972894259 332607.2992092796 331752.0000186103 266960.0926392382 351975.0465024599 218074.31297156212 291055.837895726 291516.86890640325
2703610.491950773 2300.0 369389.48470710096 261635.19319161412 380705.3137008231 279908.52726025286 354504.33382661664 167086.7862486604 313683.3974004192 159036.59488592396 66410.71206644164 351250.14866292046
3048103.453163142 2300.0 348912.3856968998 346074.2412520358 118503.32864003586 355985.9339341939 329923.8065867982 359695.67662579136 308275.9343530893 330825.319258245 270273.17650721216 279633.6503088403
3148215.2603286398 2300.0 321363.8256629647 297191.5472398894 344606.5137324833 274433.73700095795 330832.2023094151 288317.4927566941 414922.9108547652 286631.41853815044 312764.88264480064 277150.72958851873
3149494.4704283685 2300.0 325775.5594661174 290090.30624923506 312197.6104589696 279071.4169942142 315406.8543229669 287850.8310973628 398968.35804412287 273119.6814483344 378076.60938379646 288937.2429632488
2979356.172113576 2300.0 314963.53990486846 271036.3510206175 336017.9941070575 289681.75451223855 238706.56121550943 313371.88986165595 262539.2575390596 282970.02196987136 369025.185976168 301043.61600653
3149173.3268736284 2300.0 353047.1821044402 283177.1658356345 352047.9283001512 253545.51553736077 345470.0139268262 319559.3466140974 338086.4060292698 240367.7658134309 343431.6468366123 320440.35587580496
1422051.369318975 364.8 364537.63433064806 372526.1320057781 110274.43286843902 171163.8885904947 106652.28152361464 24.0 138982.0 0.0 157891.0 0.0
1299598.0 840.0 250797.76647341484 33460.23352658514 243774.0 0.0 251985.0 0.0 246597.34509034787 45757.65490965213 227226.0 0.0
2030193.6656071048 1500.0 304702.743358351 111446.03078334576 310311.2764440427 97484.98920264735 297026.0064820028 96291.78183359276 324593.0955958639 84048.75218688011 282524.60615770984 121764.3835626686
2106099.3557712147 1500.0 314429.5811155275 100506.33234736708 300145.9383754478 119770.62847271805 328262.66528371297 86583.09079692235 345252.51373548486 99729.26693567364 325197.37278577127 86221.96592258906
2827641.60302782 1900.0 310652.54728615016 84652.0700304503 318533.3370716214 320199.8348888589 322668.61983409413 357045.8619836526 274118.08806346706 339722.51753609907 218555.90441930725 281492.8219141189
