s_bytes_all avg_video_rate s_bytes_all_#1 s_bytes_all_#2 s_bytes_all_#3 s_bytes_all_#4 s_bytes_all_#5 s_bytes_all_#6 s_bytes_all_#7 s_bytes_all_#8 s_bytes_all_#9 s_bytes_all_#10
1333054.1252640255 840.0 0.0 0.0 0.0 0.0 0.0 32559.904956289975 298417.7497158601 353911.0139904809 317276.3419162329 330889.1146851617
2915828.7957688137 1326.6666666666667 345770.46132413147 357036.4192057359 366098.0642605464 185151.18331686256 274061.58762073045 217577.04542021704 131874.5857826494 319527.06246516603 309377.01728516887 409355.3690876053
3026782.5036776634 2300.0 424711.4466315564 284684.3616668298 344562.5374912899 213621.6258353442 356921.35196451563 207019.17155032972 373513.8872122028 209841.0218318854 301747.1627709009 310159.93672280834
3167468.768293475 2300.0 310033.4366802134 295873.0093376308 289597.0791484003 318595.5640627907 354494.71526375046 307770.5513991384 363084.4799138312 273423.8542648123 334351.74500017683 320244.3332227304
3115159.320379111 2300.0 350865.9804070286 194724.48106487637 354321.4830262198 245162.66714184315 384032.4420415208 328404.6009034679 311018.4052775134 351142.03577105736 275663.8914644678 319823.33328111586
2868410.2721194928 2300.0 339735.440324518 241133.04629239396 284201.67008926376 262093.85669526644 368701.5503420283 231811.3222743748 367596.09526751225 204514.5053315544 268004.606493082 300618.179009499
2827327.4404469286 1728.571428571429 338427.8675251305 75704.34697228853 325797.4261141721 301726.56746108667 272697.04275968974 318062.8240296736 356337.97588819923 264719.12112495047 339559.40291095944 234294.86566077813
2857016.9342344366 2300.0 344403.49236962234 197483.23221480488 303620.8239633316 282800.24116922845 348940.018624608 193569.59486958888 309707.667517844 283385.2640172905 356250.61774679617 236855.98174132168
3011396.642581821 2300.0 372510.711829404 265453.66165851447 369824.880595798 190032.92642001805 271390.23511668324 272930.8825116959 416614.3641868541 331380.35979132826 291257.28275582934 230001.33771569567
3037613.6390747665 2300.0 392664.5101992911 279344.3413266697 337855.32248579635 270917.76838968846 331276.9481180755 269390.7051462481 244330.88161722408 345574.51763256144 177763.20231867846 388495.4418405331
1492818.266840079 972.0 292718.7831037548 211609.47263348973 249326.3024222224 4489.639131440826 242624.3608685592 7564.810180467491 241146.1898195325 5752.060569780198 232623.9394302198 4962.7086806123225
1887794.9861218545 1424.0 238581.2770234077 205590.85041528745 231117.16388069256 4818.677888294131 301222.1462704868 327898.91175206454 143596.0984978128 326781.0752467761 104369.09034456556 3819.6948024668063
2617865.431540496 2510.8571428571427 321949.86848763283 299138.2473118651 72034.3655841665 273792.8238138688 0.0 0.0 238595.7230432576 349210.90819607297 494915.8083984028 568227.6867052295
2224675.1810009074 929.0909090909092 253188.9811130677 168831.082280632 379474.3970382975 156151.41775013873 313968.9954749012 155318.5454398665 119079.34592871073 271610.7307413969 81996.35609686343 325055.32913703297
2846572.9381043427 1433.3333333333333 351494.4118157316 359306.595880519 340510.93474611244 369907.2429454507 333610.95998703066 292929.5332128891 295838.0140683959 171784.46765398828 326878.5323460117 4312.2454482129815
1721225.1733906935 1500.0 358340.4574313438 61693.70172117122 327394.00309947954 130635.86014789814 364360.76860104 53777.388086931984 409.57546392246326 3765.2059495108106 334055.7736701001 86792.43921929598
2377053.0547678387 1500.0 268063.1332536448 156671.16314889526 267528.9105300749 310007.7102319694 333307.46141763014 282421.89605554467 305488.84800038417 92977.3573506224 322618.26230795 37968.31247112322
2315921.3566280287 1660.0 343780.2057829131 89511.68251701775 337467.15354618384 367394.71961233625 92657.45035425609 260822.2742967041 121603.04028384296 286149.4579086475 348010.4648991802 68524.90742694675
3437920.606743113 2300.0 407561.1073620458 261871.95148050773 412345.8622302803 328532.69207855506 303764.0061125675 345617.4655500616 387423.50249341433 351610.7220768609 452579.1299422871 186614.1674165329
3598464.9650415624 2300.0 390650.5630221122 376970.1281137274 434915.3397784051 380016.263667057 410963.50674064935 289430.0334462167 344833.12002225127 331070.79212050984 265864.99008580035 373750.2280448328
3181455.046363321 2300.0 202957.08422970783 366798.9001926877 158255.84459611934 431869.1112694906 159920.9139016957 391157.1625333576 417908.261303755 347152.6687853931 273093.51673063525 432341.582820479
3387267.092585918 2300.0 333388.1381827063 426648.1033581506 343466.6611103696 396365.1791346048 296428.3561047161 372534.8545309717 351394.43035663746 329614.5629588403 233548.63066035003 303878.1761885709
3361953.414879797 2300.0 337956.66837156704 380191.2393817122 228780.5512780324 247665.4676678827 316532.5480780169 403663.2274020743 404973.29785479687 310749.38338376925 342812.87236719736 388628.1590947472
3088634.914598519 2300.0 261396.1267949691 380807.8094037274 322033.08093978424 358123.8894856429 109115.13339799076 393788.3456506362 304570.9835279201 388919.4172195996 328991.37521617534 240888.75296207337
2555299.439914996 1716.0 196643.64602067712 311821.40563394583 260081.74139094137 148485.6625749779 302702.36601931194 362029.9762819397 283714.3316312024 5240.270950247492 399684.16139979137 284895.8780119601
3099388.1243735207 2300.0 334303.46962993115 252278.0227253156 383280.2484007681 347613.295746588 306920.2333533938 218069.7087780628 321572.90993930446 386680.3043388701 330711.92977995577 217958.00168133108
3237429.7090990557 2300.0 326397.6601646461 381819.0828017976 276799.80878729455 401449.6654756608 262340.119514248 387288.457934698 296777.4255462356 230121.94429357623 298315.2297574882 376120.31482341065
3220191.025641247 2300.0 345358.9131363814 317895.6800771774 327461.77678617934 364001.1283430788 191094.19322391704 409251.2576531189 242035.19994778887 394665.10763798456 229275.58254557883 399152.186290042
2609280.057599803 1980.0 287557.39266494097 372945.3502119872 93362.64640436208 413412.5742110668 149642.86703182058 8945.830461312456 251169.47227706347 354184.5945488464 309344.3509507907 368714.9788376122
3182494.2052408606 2166.6666666666665 334435.7729243748 234754.0 321971.99571185576 345466.6810511606 412674.806267261 236940.33981648437 337401.3502036042 275709.8269496341 337081.15257665206 346058.2797398338
