s_bytes_all avg_video_rate s_bytes_all_#1 s_bytes_all_#2 s_bytes_all_#3 s_bytes_all_#4 s_bytes_all_#5 s_bytes_all_#6 s_bytes_all_#7 s_bytes_all_#8 s_bytes_all_#9 s_bytes_all_#10
402680.11153654766 840.0 0.0 0.0 0.0 0.0 0.0 0.0 0.0 13992.250677704387 123698.56442639812 264989.2964324452
1705564.3789434142 334.0 166141.9589083681 151778.3679879805 214759.95407013892 168764.5430695935 156523.64762409052 186696.47226424707 178763.3841179115 168979.83723741345 154201.83575611588 158954.37790755456
1506220.7492461724 840.0 110431.1257126334 146835.4612385909 176307.14620750304 172439.61518002913 97019.09936103836 132151.89757189612 125066.81259990737 190084.5865966764 210122.53593723424 145762.46884066338
1367509.760273866 729.6 177498.6559994526 147286.10427441337 142448.26331918506 123336.48467516286 175433.7486108811 106583.06443956452 157676.40592759138 172527.418515315 144799.86206993833 19919.75244236176
679204.8975723645 288.0 92947.61577740592 35517.384222594075 76954.22099112088 46747.77900887912 71678.16728345316 71780.83271654684 92437.04446457076 77246.229283115 87634.72625231426 26260.89757236449
3919248.8769130697 4400.0 237897.25417324872 336881.7734940736 402534.557113089 430195.0209402943 435920.906876996 396366.17040398455 411088.9485772702 386586.53315957193 386761.592610985 495016.1195635559
3565197.516547132 1328.0 462546.09688596433 399690.2903032734 457064.6136673717 276263.09410775325 277100.1363805069 317075.8173664194 293208.6940970438 458056.6466673583 343601.03062845714 280591.0964429836
1294724.7089674342 1236.0 120509.7089674342 0.0 194132.07915293443 27480.920847065565 249738.9782487657 131747.4949696932 278256.6317716808 211699.86215395608 81159.0328559043 0.0
1587954.0 1570.0 195699.34219312368 5155.65780687631 250820.15860718885 338163.66080352885 249644.7396808975 57471.72853069655 191468.8600167549 48785.85236093326 214734.49190510163 36009.508094898374
1213675.0 840.0 217147.32906677213 37643.67093322789 204327.2916784272 28281.708321572853 238766.76477999907 211438.9960320427 38614.23918795824 0.0 224320.03285379303 13134.96714620693
1977535.5445840568 1193.3333333333333 218076.6668824341 207397.81937144863 256394.1583610289 56774.35538508836 202023.72413884205 35912.27586115797 213232.1204511308 326637.5185451021 286479.64308518986 174607.262502634
2048037.5770060492 1500.0 279824.41851600143 111610.4163367277 299039.4308517144 135893.64130685767 248986.76936723755 141893.8037055434 258620.4657785237 100326.6851116333 250370.9317718761 221471.0142599344
1961330.223289209 1500.0 240420.280424074 191402.32909515576 137659.1355119234 186352.5217876326 187616.3365638755 256600.0166333236 238820.21082870208 186950.0475652068 254131.96340356383 81377.38147575148
2129735.7275167727 1500.0 284599.4686992352 142971.26392073376 287524.254823608 178012.52161585592 303925.18920377217 110738.35003691447 246853.0869019965 190252.4437375224 214758.53573113235 170100.6128460018
2234031.036165405 1500.0 175964.7175369339 275152.01239676704 215054.8787441721 182011.31892603904 308417.62277982256 105541.40951501863 297472.37003066984 80460.38646973147 296352.7379944493 297603.58177180146
2214976.733767855 1500.0 300934.50766847824 249297.6902718357 285585.5644001654 229694.5970068329 207799.7976070236 156119.98745789006 230312.62488599625 146595.48031797414 286174.00895249296 122462.47519916591
2059817.602191752 1500.0 304690.44133297063 148771.2539864647 292254.33893014485 116468.94466383096 267363.046322064 133249.0514972505 245609.7970978221 213887.2335980954 207455.66270965303 130067.8320534554
1997256.9778236889 1500.0 212257.1745854842 174711.49418975812 178333.06935853636 250709.8767529882 167822.6701104023 247018.2669916839 124626.9700000326 217777.0334900144 286875.9948526644 137124.42749212417
2029484.855047616 1500.0 253259.4554013739 149502.22197843896 294354.2338305432 137648.61751951335 231031.63355314927 173869.07540797384 266652.0765483731 141389.7321532036 283578.9188507283 98198.8898043186
2583690.6214987817 1500.0 291740.8393366908 172415.07256653858 293072.6311115924 128166.32408660636 218848.68662220152 393953.1629229463 336836.2263386982 298959.0210045116 130746.23264242642 318952.4248665694
2029137.268700434 1500.0 195463.86315352545 185123.23795528823 2912.0 0.0 255866.36918449684 347676.5264964786 337863.0436779588 201838.5955888605 258890.53662646376 243503.0960173619
1980021.6791333924 1500.0 240259.32879423312 156334.40895252407 131494.61070911353 246170.48395250892 273592.76430406177 107060.21472457852 271427.23977351753 144643.24032498422 265910.6911796538 143128.69641821692
2120762.147754608 1500.0 261274.3972313351 144344.15336018233 207772.3054629927 204788.86357031253 266161.9037608581 162474.58658356505 238659.7786457221 193074.9034995735 232147.0822558404 210064.17338422616
2033026.033599636 1500.0 183841.7921328728 216021.40038788505 165298.11078492686 288563.6613362382 219613.3111672825 192406.729711174 241899.429194012 149544.57080598804 216557.5081889579 159279.51989029895
2438580.717107479 1500.0 321420.5716965849 117307.4002241582 173602.51852235617 263308.7362125788 335794.49409145373 405783.04971370345 100278.84841758345 321812.70072768413 241356.57258897836 157915.82491239774
2037432.3185842773 1500.0 264970.6116948236 159803.16464004767 131549.49797524387 243959.57291658383 251938.6062967951 195366.80128977017 17334.14425086241 316339.77497192094 292919.168196966 163250.97635126382
2012695.816012813 1500.0 237215.09906380388 158364.83716518298 261968.6147076436 184975.3852923564 200839.88115899672 174412.8025560225 262808.2658181156 137396.31827012086 239747.19587724583 154967.41610332462
2036469.9581423115 1500.0 308220.8024414856 104205.04724960496 218741.907570272 191901.86302549412 192219.3289753304 237794.6252779252 220243.27050428867 151387.27517177296 223753.06025721 188002.7776689276
1550380.611396439 1104.0 63920.07330400217 197614.45567143997 315833.06880518445 166191.67907735004 242629.5318581423 93609.35335774344 170517.18192097684 64519.419832259984 145774.03898627832 89771.80858306146
1961711.771356822 1380.0 174911.76478316906 237720.9621981757 38290.8236960786 0.0 194352.34626453737 35002.653735462634 336603.2081361267 420909.4676462397 299381.2648114583 224539.28008557385
