ts te s_bytes_all avg_video_rate
0.0 10000.0 657935.2718574527 958.6666666666666
10000.0 20000.0 1105938.857195823 288.0
20000.0 30000.0 619560.1814094023 288.0
30000.0 40000.0 933006.0903435667 567.0
40000.0 50000.0 1245700.3343690864 840.0
50000.0 60000.0 1215784.219525167 840.0
60000.0 70000.0 1275617.700297273 840.0
70000.0 80000.0 1214936.6440574906 840.0
80000.0 90000.0 1771093.5882479695 1540.0
90000.0 100000.0 2505083.108298875 2300.0
100000.0 110000.0 3638125.0043978943 2300.0
110000.0 120000.0 3425911.609405223 2300.0
120000.0 130000.0 3137413.497091109 2300.0
130000.0 140000.0 3181722.076249961 2300.0
140000.0 150000.0 3224622.729275258 2300.0
150000.0 160000.0 4014442.844234333 2300.0
160000.0 170000.0 3132022.096953124 2300.0
170000.0 180000.0 3113182.92857998 2300.0
180000.0 190000.0 2919362.248814695 2300.0
190000.0 200000.0 3139249.5161524443 2300.0
200000.0 210000.0 3671824.0790459435 2300.0
210000.0 220000.0 3057279.9401560407 2300.0
220000.0 230000.0 3220916.4673518897 2300.0
230000.0 240000.0 3330176.0888579036 2300.0
240000.0 250000.0 3666191.652546997 2300.0
250000.0 260000.0 3202799.8533667712 2300.0
260000.0 270000.0 2583514.4283920475 2300.0
270000.0 280000.0 3789536.961191841 2300.0
280000.0 290000.0 3257822.473513758 2300.0
290000.0 300000.0 3150308.516844532 2300.0
