ts te s_bytes_all avg_video_rate
0.0 10000.0 2125646.1188226123 2033.3333333333333
10000.0 20000.0 4814517.371213239 1909.090909090909
20000.0 30000.0 5133013.869853599 3700.0
30000.0 40000.0 5833142.02515066 4400.0
40000.0 50000.0 5897464.1317939665 4400.0
50000.0 60000.0 6240018.715926036 4400.0
60000.0 70000.0 5850317.768557133 4400.0
70000.0 80000.0 5124985.146427707 3700.0
80000.0 90000.0 5336314.912638805 4120.0
90000.0 100000.0 3074640.8233727473 3000.0
100000.0 110000.0 5804826.79760802 3466.6666666666665
110000.0 120000.0 5748100.806151935 4400.0
120000.0 130000.0 6105663.3905567555 4400.0
130000.0 140000.0 5808140.705714316 4400.0
140000.0 150000.0 5059029.799843754 4400.0
150000.0 160000.0 6223054.097832796 4400.0
160000.0 170000.0 5919941.141592689 4400.0
170000.0 180000.0 5490330.761279253 4400.0
180000.0 190000.0 6177393.423707914 4400.0
190000.0 200000.0 6066919.507566908 4400.0
200000.0 210000.0 5694644.836040788 4400.0
210000.0 220000.0 5880075.241729104 4400.0
220000.0 230000.0 6016811.012948564 4400.0
230000.0 240000.0 5147192.614308221 4400.0
240000.0 250000.0 6547900.196942145 4400.0
250000.0 260000.0 5874476.86230703 4400.0
260000.0 270000.0 5420773.351926691 4400.0
270000.0 280000.0 5604007.0919426195 4400.0
280000.0 290000.0 6457071.813917681 4400.0
290000.0 300000.0 5932856.06087566 4400.0
300000.0 310000.0 77603.6014506487 0.0
