ts te s_bytes_all avg_video_rate
0.0 10000.0 1715238.9847200895 1900.0
10000.0 20000.0 5368443.290906371 2370.0
20000.0 30000.0 6516207.631904331 4400.0
30000.0 40000.0 5557863.522876724 4400.0
40000.0 50000.0 5749383.599732971 4400.0
50000.0 60000.0 4668082.969859514 4400.0
60000.0 70000.0 3982792.322850226 3000.0
70000.0 80000.0 4561815.6771497745 3000.0
80000.0 90000.0 3489958.008223722 3000.0
90000.0 100000.0 5234758.991776278 3233.3333333333335
100000.0 110000.0 4275460.188063713 3420.0
110000.0 120000.0 5098553.8643279355 3350.0
120000.0 130000.0 5545452.946375245 4400.0
130000.0 140000.0 4289031.35085131 3560.0
140000.0 150000.0 3435048.2635785043 2300.0
150000.0 160000.0 3075874.4724476263 2300.0
160000.0 170000.0 1363291.914355666 2300.0
170000.0 180000.0 5578638.0 2300.0
180000.0 190000.0 5098204.882003005 4400.0
190000.0 200000.0 5573176.540438356 4400.0
200000.0 210000.0 4992550.107179569 3840.0
210000.0 220000.0 5342132.774276014 3466.6666666666665
220000.0 230000.0 5503993.011240199 4400.0
230000.0 240000.0 5568263.9662390575 4400.0
240000.0 250000.0 5638739.244649315 4400.0
250000.0 260000.0 4679928.303810697 3560.0
260000.0 270000.0 3913118.4584301016 3000.0
270000.0 280000.0 5559931.931764696 3700.0
280000.0 290000.0 5996225.519935859 4400.0
290000.0 300000.0 5318959.238752222 4400.0
