ts te s_bytes_all avg_video_rate
0.0 10000.0 1241373.2965380566 2300.0
10000.0 20000.0 6271654.335538635 2300.0
20000.0 30000.0 6228814.947202921 4400.0
30000.0 40000.0 5825566.846881725 4400.0
40000.0 50000.0 5212276.443771569 2742.8571428571427
50000.0 60000.0 2613027.499003753 2250.0
60000.0 70000.0 4431859.921059129 3233.3333333333335
70000.0 80000.0 3985938.7100042105 3933.3333333333335
80000.0 90000.0 5039526.464470599 3000.0
90000.0 100000.0 4586194.0277360715 4400.0
100000.0 110000.0 5050493.578227529 3700.0
110000.0 120000.0 3774567.22228103 3700.0
120000.0 130000.0 5928528.496923124 3200.0
130000.0 140000.0 5669741.585676152 4400.0
140000.0 150000.0 5610947.886781343 4400.0
150000.0 160000.0 5523738.270223597 4400.0
160000.0 170000.0 3705407.216166114 3000.0
170000.0 180000.0 5393214.997615303 3400.0
180000.0 190000.0 5593340.031556526 4400.0
190000.0 200000.0 5664582.043084683 4400.0
200000.0 210000.0 5561293.87057183 4400.0
210000.0 220000.0 5573950.666564461 3700.0
220000.0 230000.0 5544445.777619156 4400.0
230000.0 240000.0 5679069.121530613 4400.0
240000.0 250000.0 5410642.623368811 4400.0
250000.0 260000.0 5268991.690624965 3840.0
260000.0 270000.0 5168585.350048592 3700.0
270000.0 280000.0 5683668.246426763 4400.0
280000.0 290000.0 5503201.294974128 4400.0
290000.0 300000.0 5622159.618873702 4400.0
