ts te s_bytes_all avg_video_rate
0.0 10000.0 2666855.2742253304 2300.0
10000.0 20000.0 5535241.120309008 2300.0
20000.0 30000.0 4087625.8402111125 3175.0
30000.0 40000.0 4258337.343517678 3000.0
40000.0 50000.0 5286907.169739742 4400.0
50000.0 60000.0 5527093.073796029 4400.0
60000.0 70000.0 3737004.1782011 3700.0
70000.0 80000.0 4550271.04911351 3000.0
80000.0 90000.0 5130877.51953608 3466.6666666666665
90000.0 100000.0 5363829.798079624 4400.0
100000.0 110000.0 6101538.494699383 4400.0
110000.0 120000.0 6392878.878994055 4400.0
120000.0 130000.0 4494358.219669652 4400.0
130000.0 140000.0 5028406.18484042 3233.3333333333335
140000.0 150000.0 4116925.535980399 3560.0
150000.0 160000.0 4750846.339423588 3000.0
160000.0 170000.0 5596735.232396796 4120.0
170000.0 180000.0 4600684.436406121 3840.0
180000.0 190000.0 4211941.308374891 3000.0
190000.0 200000.0 3842025.218891588 3000.0
200000.0 210000.0 3945390.438888177 3000.0
210000.0 220000.0 4232607.770757942 3000.0
220000.0 230000.0 4356896.592952362 3000.0
230000.0 240000.0 5518910.396717331 4400.0
240000.0 250000.0 5721071.632846363 4400.0
250000.0 260000.0 6410692.533225521 4400.0
260000.0 270000.0 5297652.95021751 4400.0
270000.0 280000.0 5503340.208887042 4400.0
280000.0 290000.0 5668669.196169637 4400.0
290000.0 300000.0 6336645.589079197 4400.0
300000.0 310000.0 38832.47385280948 0.0
