ts te s_bytes_all avg_video_rate
0.0 10000.0 1408811.8719667075 3350.0
10000.0 20000.0 6024840.751884775 2027.2727272727273
20000.0 30000.0 6200546.198870829 4400.0
30000.0 40000.0 6045307.841670541 4400.0
40000.0 50000.0 6268113.986066289 3800.0
50000.0 60000.0 4027012.0880433293 3000.0
60000.0 70000.0 4521649.123504149 3000.0
70000.0 80000.0 5059102.602787409 4120.0
80000.0 90000.0 5941170.457683868 4400.0
90000.0 100000.0 5610971.799525041 4400.0
100000.0 110000.0 4836153.157189825 3560.0
110000.0 120000.0 4816613.011867947 3000.0
120000.0 130000.0 5407146.300400324 4400.0
130000.0 140000.0 5641461.869349727 4400.0
140000.0 150000.0 5747014.976337632 4400.0
150000.0 160000.0 5746356.753435362 4120.0
160000.0 170000.0 4982520.104861443 3466.6666666666665
170000.0 180000.0 5701309.430328459 4400.0
180000.0 190000.0 5559795.843431912 4400.0
190000.0 200000.0 5714220.848215286 4400.0
200000.0 210000.0 4834067.982579144 4050.0
210000.0 220000.0 5243207.103634851 3200.0
220000.0 230000.0 5700698.608099822 4400.0
230000.0 240000.0 5748867.810015287 4400.0
240000.0 250000.0 5704414.240759829 4400.0
250000.0 260000.0 5493704.255522601 4120.0
260000.0 270000.0 5517835.410439891 3700.0
270000.0 280000.0 5715387.673139264 4400.0
280000.0 290000.0 5782650.886239376 4400.0
290000.0 300000.0 5635382.950702654 4400.0
300000.0 310000.0 240414.06144642583 0.0
