ts te s_bytes_all avg_video_rate
0.0 10000.0 2667608.703429886 2300.0
10000.0 20000.0 6004785.313526856 2681.818181818182
20000.0 30000.0 6250963.958438283 4400.0
30000.0 40000.0 5605442.9995949175 4400.0
40000.0 50000.0 5624222.6203871975 4400.0
50000.0 60000.0 5633789.098326372 4400.0
60000.0 70000.0 6639238.402933498 4400.0
70000.0 80000.0 5683412.79311591 4400.0
80000.0 90000.0 5795540.311851203 4400.0
90000.0 100000.0 5532890.111020251 4400.0
100000.0 110000.0 5530736.308465255 4400.0
110000.0 120000.0 4809029.405813277 3525.0
120000.0 130000.0 4563612.4175570225 4050.0
130000.0 140000.0 4936696.555540069 3560.0
140000.0 150000.0 6478724.908607844 4400.0
150000.0 160000.0 5615730.263449409 4400.0
160000.0 170000.0 4715257.604137523 4400.0
170000.0 180000.0 5339156.605909046 3700.0
180000.0 190000.0 5666346.382218067 4400.0
190000.0 200000.0 5597033.745056041 4400.0
200000.0 210000.0 5454707.751327755 3840.0
210000.0 220000.0 5504034.814923327 3933.3333333333335
220000.0 230000.0 5698986.380715812 4400.0
230000.0 240000.0 6707556.011049848 4400.0
240000.0 250000.0 5693396.794081332 4400.0
250000.0 260000.0 5517933.245464884 4400.0
260000.0 270000.0 4519521.088592804 3280.0
270000.0 280000.0 5162616.234686861 4400.0
280000.0 290000.0 5524516.057121451 4400.0
290000.0 300000.0 5831103.441020127 4400.0
300000.0 310000.0 148810.6716378693 0.0
