ts te s_bytes_all avg_video_rate
0.0 10000.0 724239.824919911 1022.6666666666666
10000.0 20000.0 1119123.0932575297 288.0
20000.0 30000.0 899842.0818225594 596.0
30000.0 40000.0 2362798.0 1766.6666666666667
40000.0 50000.0 3837223.1927063167 3000.0
50000.0 60000.0 4523091.736076144 3000.0
60000.0 70000.0 4742978.961234297 3933.3333333333335
70000.0 80000.0 5478697.82222234 4400.0
80000.0 90000.0 6093429.992925753 4400.0
90000.0 100000.0 5120428.151579078 3933.3333333333335
100000.0 110000.0 6113974.885308376 4400.0
110000.0 120000.0 5786911.078244322 4400.0
120000.0 130000.0 6172337.670730745 4400.0
130000.0 140000.0 5927009.443235625 4400.0
140000.0 150000.0 5910730.734005869 4400.0
150000.0 160000.0 5996166.628025362 4400.0
160000.0 170000.0 5552626.77449408 4400.0
170000.0 180000.0 6237209.062324265 4400.0
180000.0 190000.0 6147067.95962219 4400.0
190000.0 200000.0 5835563.96030868 4400.0
200000.0 210000.0 5959494.928242184 4400.0
210000.0 220000.0 5756101.478212656 4400.0
220000.0 230000.0 5977863.401644915 4400.0
230000.0 240000.0 6019180.519913153 4400.0
240000.0 250000.0 6337072.107956699 4400.0
250000.0 260000.0 5600769.031711569 4400.0
260000.0 270000.0 5688816.372355255 4400.0
270000.0 280000.0 6586331.933895138 4400.0
280000.0 290000.0 5707497.938642194 4400.0
290000.0 300000.0 5939726.413938606 4400.0
