ts te s_bytes_all avg_video_rate
0.0 10000.0 1002674.2383889252 1570.0
10000.0 20000.0 4439396.727083439 1840.0
20000.0 30000.0 5590134.899857769 4400.0
30000.0 40000.0 3923163.1499627964 3000.0
40000.0 50000.0 3969449.3667352223 3000.0
50000.0 60000.0 3840530.5931709134 3000.0
60000.0 70000.0 4739850.986549581 3000.0
70000.0 80000.0 3867186.0102663185 3000.0
80000.0 90000.0 2530529.0214036214 3000.0
90000.0 100000.0 5254929.006581414 3000.0
100000.0 110000.0 3417997.628455496 3000.0
110000.0 120000.0 3577565.5419056234 1883.3333333333333
120000.0 130000.0 1969581.8717012396 1500.0
130000.0 140000.0 2129665.547433029 1500.0
140000.0 150000.0 2012100.3968994415 1500.0
150000.0 160000.0 3878873.6710124407 2466.6666666666665
160000.0 170000.0 1732244.6952757747 3000.0
170000.0 180000.0 6170559.108594478 3000.0
180000.0 190000.0 3913149.327249135 3000.0
190000.0 200000.0 3843087.211473343 3000.0
200000.0 210000.0 4694832.372270482 3000.0
210000.0 220000.0 3910776.946552953 3000.0
220000.0 230000.0 3120918.7594453776 3000.0
230000.0 240000.0 4665447.870883864 3000.0
240000.0 250000.0 4004059.6014363854 3000.0
250000.0 260000.0 4705884.280226149 3000.0
260000.0 270000.0 3838600.7528235316 3000.0
270000.0 280000.0 1609840.4163612572 3000.0
280000.0 290000.0 6248043.642415663 3000.0
290000.0 300000.0 3819012.1965706893 3000.0
300000.0 310000.0 9.161013647854565 3000.0
