ts te s_bytes_all avg_video_rate
0.0 10000.0 2630383.2492323914 2300.0
10000.0 20000.0 5746477.911665943 2300.0
20000.0 30000.0 3007272.82531504 2300.0
30000.0 40000.0 3582117.6006456004 2300.0
40000.0 50000.0 3965882.18423809 3980.0
50000.0 60000.0 3601168.554102934 2300.0
60000.0 70000.0 4352759.462940726 3350.0
70000.0 80000.0 1933292.1140698628 3000.0
80000.0 90000.0 6360112.677697347 3000.0
90000.0 100000.0 4861066.941468446 3840.0
100000.0 110000.0 5674511.6703155 4400.0
110000.0 120000.0 4241887.808308117 3280.0
120000.0 130000.0 3085406.2500756187 3000.0
130000.0 140000.0 4818225.749924382 3000.0
140000.0 150000.0 4959699.0 3233.3333333333335
150000.0 160000.0 3897128.649377899 3000.0
160000.0 170000.0 4054734.1864146125 3000.0
170000.0 180000.0 4146173.1941946903 3000.0
180000.0 190000.0 5206941.759945542 3840.0
190000.0 200000.0 5549836.247442907 4400.0
200000.0 210000.0 4606807.851011177 3560.0
210000.0 220000.0 3799459.12243798 3000.0
220000.0 230000.0 4686568.796965369 3000.0
230000.0 240000.0 5335216.180643983 4120.0
240000.0 250000.0 4692773.011565842 3560.0
250000.0 260000.0 3861140.8366297544 3000.0
260000.0 270000.0 3828544.380475159 3000.0
270000.0 280000.0 5041745.774087016 3233.3333333333335
280000.0 290000.0 5511122.212173971 4400.0
290000.0 300000.0 5641034.4085263405 4400.0
