ts te s_bytes_all avg_video_rate
0.0 10000.0 297841.2983223493 1092.8
10000.0 20000.0 1649341.557957942 388.3636363636364
20000.0 30000.0 1408727.0313349487 1028.5714285714287
30000.0 40000.0 2432123.313524046 1980.0
40000.0 50000.0 3333027.0341050783 3000.0
50000.0 60000.0 4799348.274044067 3000.0
60000.0 70000.0 3040895.380048862 3000.0
70000.0 80000.0 3987029.8915489083 3000.0
80000.0 90000.0 3984029.862724141 3000.0
90000.0 100000.0 4741180.338542579 3000.0
100000.0 110000.0 3894240.0178470793 3000.0
110000.0 120000.0 4181616.646660688 3000.0
120000.0 130000.0 3992476.5257841162 3000.0
130000.0 140000.0 4979529.729896897 3000.0
140000.0 150000.0 4031783.311399132 3000.0
150000.0 160000.0 3930939.2577207075 3000.0
160000.0 170000.0 4138728.7643864052 3000.0
170000.0 180000.0 4042134.8417013083 3000.0
180000.0 190000.0 4858027.7917825505 3000.0
190000.0 200000.0 3869932.57397112 3000.0
200000.0 210000.0 4039585.376000323 3000.0
210000.0 220000.0 3942835.6416055458 3000.0
220000.0 230000.0 4614689.539091207 3000.0
230000.0 240000.0 4097191.4152956326 3000.0
240000.0 250000.0 4500535.4723901795 3000.0
250000.0 260000.0 3634327.803937763 3000.0
260000.0 270000.0 4731166.308376425 3000.0
270000.0 280000.0 4336817.216682205 3000.0
280000.0 290000.0 3893701.045418525 3000.0
290000.0 300000.0 3875385.570961071 3000.0
300000.0 310000.0 296659.16693819815 0.0
