ts te s_bytes_all avg_video_rate
0.0 10000.0 3529264.7875196817 2300.0
10000.0 20000.0 5236474.212480318 2300.0
20000.0 30000.0 5804695.610083517 3800.0
30000.0 40000.0 3660460.389916483 2720.0
40000.0 50000.0 5073137.948978553 3980.0
50000.0 60000.0 5663076.1402331805 4400.0
60000.0 70000.0 5614229.835320535 3400.0
70000.0 80000.0 5614793.736045437 4400.0
80000.0 90000.0 5621499.8825583495 4400.0
90000.0 100000.0 6774505.061001944 4400.0
100000.0 110000.0 5659774.56723231 4400.0
110000.0 120000.0 5482673.534816532 4400.0
120000.0 130000.0 4083129.768691238 3140.0
130000.0 140000.0 4878356.449550144 3980.0
140000.0 150000.0 6141563.340298862 4400.0
150000.0 160000.0 5787598.684041046 4400.0
160000.0 170000.0 5662645.737895378 4400.0
170000.0 180000.0 5762662.35562667 4400.0
180000.0 190000.0 6027555.096909565 4400.0
190000.0 200000.0 6903259.108285751 4400.0
200000.0 210000.0 5742106.67467007 4400.0
210000.0 220000.0 3433899.077844433 4400.0
220000.0 230000.0 5047031.604659338 3000.0
230000.0 240000.0 5389945.692382512 3700.0
240000.0 250000.0 6381716.555574798 4400.0
250000.0 260000.0 4965159.701523243 4400.0
260000.0 270000.0 5309048.700558353 3466.6666666666665
270000.0 280000.0 4767595.920923294 3840.0
280000.0 290000.0 5497783.456531376 3466.6666666666665
290000.0 300000.0 4638049.309759807 4400.0
