ts te s_bytes_all avg_video_rate
0.0 10000.0 554515.0477980506 958.6666666666666
10000.0 20000.0 1470068.0472313594 488.72727272727275
20000.0 30000.0 3018371.6346062254 4065.0
30000.0 40000.0 6024442.71520309 3000.0
40000.0 50000.0 4954499.620878318 4166.666666666667
50000.0 60000.0 5055333.752841005 3280.0
60000.0 70000.0 4537710.296630764 3233.3333333333335
70000.0 80000.0 5833035.50730611 4400.0
80000.0 90000.0 5588047.523859952 4400.0
90000.0 100000.0 5821850.692908548 4400.0
100000.0 110000.0 6447076.852765494 4400.0
110000.0 120000.0 5996876.695582011 4400.0
120000.0 130000.0 5459886.556994259 4400.0
130000.0 140000.0 5847770.807778257 3466.6666666666665
140000.0 150000.0 6024961.84173811 4400.0
150000.0 160000.0 5895674.682181996 4400.0
160000.0 170000.0 5549610.102849176 4400.0
170000.0 180000.0 5734030.2603651425 4400.0
180000.0 190000.0 6328943.22847441 4400.0
190000.0 200000.0 6046612.65509683 4400.0
200000.0 210000.0 5898519.195014338 4400.0
210000.0 220000.0 5726363.811761114 4400.0
220000.0 230000.0 5405141.307964364 4400.0
230000.0 240000.0 5714969.175326423 3840.0
240000.0 250000.0 4363059.01769185 4166.666666666667
250000.0 260000.0 5815571.538373562 4400.0
260000.0 270000.0 5733992.494401125 4400.0
270000.0 280000.0 5865295.263288919 4400.0
280000.0 290000.0 5428433.564131506 4400.0
290000.0 300000.0 5655975.561946545 4400.0
300000.0 310000.0 82591.54701114408 0.0
