ts te s_bytes_all avg_video_rate
0.0 10000.0 387698.38511067175 1092.8
10000.0 20000.0 1552902.8791059311 488.72727272727275
20000.0 30000.0 1945392.939310766 1122.857142857143
30000.0 40000.0 3088023.1377853616 2140.0
40000.0 50000.0 4205654.401621378 3000.0
50000.0 60000.0 4214316.516682189 3700.0
60000.0 70000.0 5396427.818178494 4400.0
70000.0 80000.0 4670445.867272969 3000.0
80000.0 90000.0 5149932.253070923 3933.3333333333335
90000.0 100000.0 4484488.7981288 4400.0
100000.0 110000.0 4969458.263292816 3000.0
110000.0 120000.0 5409834.345258366 3466.6666666666665
120000.0 130000.0 3412410.1767801903 3000.0
130000.0 140000.0 4865741.99973264 3000.0
140000.0 150000.0 4881098.394362402 4400.0
150000.0 160000.0 5015246.596376885 4400.0
160000.0 170000.0 4913969.227929217 3840.0
170000.0 180000.0 4472867.897492764 3560.0
180000.0 190000.0 5589983.2789107375 3233.3333333333335
190000.0 200000.0 4654301.8235965 4050.0
200000.0 210000.0 4612782.4765665075 3233.3333333333335
210000.0 220000.0 3996705.9886662345 3000.0
220000.0 230000.0 3922650.3512152648 3000.0
230000.0 240000.0 4745349.712565771 3000.0
240000.0 250000.0 5074202.739200785 4120.0
250000.0 260000.0 4636465.438886327 3280.0
260000.0 270000.0 4937079.20333169 3000.0
270000.0 280000.0 4954994.076256212 4400.0
280000.0 290000.0 4462948.013311207 4400.0
290000.0 300000.0 4259803.930999911 3233.3333333333335
300000.0 310000.0 609503.0690000891 0.0
