ts te s_bytes_all avg_video_rate
0.0 10000.0 1512163.184793727 1257.142857142857
10000.0 20000.0 4942194.745174226 2396.0
20000.0 30000.0 3065097.8661291725 3000.0
30000.0 40000.0 5216931.771023279 2900.0
40000.0 50000.0 5805902.049351487 4400.0
50000.0 60000.0 5799149.364945234 4400.0
60000.0 70000.0 5684838.018582873 4400.0
70000.0 80000.0 4767372.362523918 3466.6666666666665
80000.0 90000.0 5527766.983151873 4400.0
90000.0 100000.0 5744237.728775407 4400.0
100000.0 110000.0 6260365.8702424625 4400.0
110000.0 120000.0 5859368.347451252 4400.0
120000.0 130000.0 7013274.743399546 6080.0
130000.0 140000.0 6816724.623132384 4750.0
140000.0 150000.0 5785163.546443046 4120.0
150000.0 160000.0 5530105.928515922 4400.0
160000.0 170000.0 6024306.11170878 4400.0
170000.0 180000.0 5746575.737216295 4400.0
180000.0 190000.0 5753850.271397361 4400.0
190000.0 200000.0 5964244.923804804 4400.0
200000.0 210000.0 5791632.898259131 4400.0
210000.0 220000.0 5882214.944444936 4400.0
220000.0 230000.0 5289524.671178362 4400.0
230000.0 240000.0 6413567.061439915 4400.0
240000.0 250000.0 6000683.9708257 4400.0
250000.0 260000.0 5636914.5738152955 4400.0
260000.0 270000.0 5896790.43508681 4400.0
270000.0 280000.0 5108155.4139527315 4400.0
280000.0 290000.0 5697873.023949616 4400.0
290000.0 300000.0 5950564.28477535 4400.0
