ts te s_bytes_all avg_video_rate
0.0 10000.0 725904.3568024315 1390.0
10000.0 20000.0 1660464.0703427186 380.0
20000.0 30000.0 1490805.2970835872 748.0
30000.0 40000.0 835428.7720947975 288.0
40000.0 50000.0 1609327.8531721532 1188.0
50000.0 60000.0 3562043.7369243028 2700.0
60000.0 70000.0 3959110.6345041054 3466.6666666666665
70000.0 80000.0 4400688.141497443 3000.0
80000.0 90000.0 4066809.777881927 3000.0
90000.0 100000.0 5239312.235822257 3700.0
100000.0 110000.0 4216028.381324784 3700.0
110000.0 120000.0 4143997.651791694 3000.0
120000.0 130000.0 4083536.554812315 3000.0
130000.0 140000.0 5885106.66130936 3000.0
140000.0 150000.0 4934945.981242818 4120.0
150000.0 160000.0 5490336.408206459 4400.0
160000.0 170000.0 4761111.708429027 3280.0
170000.0 180000.0 3240710.11748413 3000.0
180000.0 190000.0 4574208.90053235 3000.0
190000.0 200000.0 4121805.5472669997 3000.0
200000.0 210000.0 4044835.588814362 3000.0
210000.0 220000.0 4342414.80062069 3000.0
220000.0 230000.0 3827690.797123911 3000.0
230000.0 240000.0 5240644.572767236 3700.0
240000.0 250000.0 5987589.073579514 4400.0
250000.0 260000.0 3566722.894551144 3000.0
260000.0 270000.0 4475977.999130125 3000.0
270000.0 280000.0 3385259.187789633 3000.0
280000.0 290000.0 4745397.278548102 3000.0
290000.0 300000.0 3684289.2840258367 3000.0
300000.0 310000.0 4966.734523786867 0.0
