ts te s_bytes_all avg_video_rate
0.0 10000.0 2035171.4274982917 1500.0
10000.0 20000.0 5287392.716665498 2563.6363636363635
20000.0 30000.0 5773128.6138042305 4400.0
30000.0 40000.0 5609723.523778258 4400.0
40000.0 50000.0 5421908.703681074 4400.0
50000.0 60000.0 5552803.80378215 4400.0
60000.0 70000.0 5836260.144656711 3933.3333333333335
70000.0 80000.0 5513419.265509812 4400.0
80000.0 90000.0 3278535.753735821 3350.0
90000.0 100000.0 5017923.046888154 3000.0
100000.0 110000.0 5296724.529701563 4400.0
110000.0 120000.0 5159597.682126128 3233.3333333333335
120000.0 130000.0 4920763.001024513 4120.0
130000.0 140000.0 5224088.359242279 4400.0
140000.0 150000.0 5539527.988917787 4400.0
150000.0 160000.0 2588028.876071329 3466.6666666666665
160000.0 170000.0 6193978.296173794 3000.0
170000.0 180000.0 5324439.592780768 4120.0
180000.0 190000.0 5767146.639786767 4400.0
190000.0 200000.0 5533493.203889406 4400.0
200000.0 210000.0 5593794.796648544 3933.3333333333335
210000.0 220000.0 5251259.94370607 3840.0
220000.0 230000.0 5725706.487080137 4400.0
230000.0 240000.0 5534081.342115626 4400.0
240000.0 250000.0 3993838.3129586866 2766.6666666666665
250000.0 260000.0 3951216.04816942 3350.0
260000.0 270000.0 5905378.101330776 3840.0
270000.0 280000.0 5479252.636011187 4400.0
280000.0 290000.0 6497567.260012556 4400.0
290000.0 300000.0 5685732.681726701 4400.0
