ts te s_bytes_all avg_video_rate
0.0 10000.0 1775101.270356415 2300.0
10000.0 20000.0 4434617.967761718 2300.0
20000.0 30000.0 3640667.2554028686 1588.888888888889
30000.0 40000.0 1556125.5064789986 1193.3333333333333
40000.0 50000.0 2251020.1183605604 1765.7142857142858
50000.0 60000.0 3596030.3048553783 3000.0
60000.0 70000.0 3975084.438835718 3700.0
70000.0 80000.0 3952716.50673444 3280.0
80000.0 90000.0 3646456.7401592736 3000.0
90000.0 100000.0 4962689.756552694 3466.6666666666665
100000.0 110000.0 5144161.302942971 4400.0
110000.0 120000.0 4125957.655092464 3280.0
120000.0 130000.0 3727906.655155828 3000.0
130000.0 140000.0 3917197.809664573 3000.0
140000.0 150000.0 4587912.957289616 3000.0
150000.0 160000.0 5518015.980515963 4400.0
160000.0 170000.0 4213707.77384052 3280.0
170000.0 180000.0 3727019.768399867 3000.0
180000.0 190000.0 4226878.732473225 3000.0
190000.0 200000.0 4844011.575460589 3560.0
200000.0 210000.0 5519373.001990146 4400.0
210000.0 220000.0 4517241.921676173 3280.0
220000.0 230000.0 4026264.8849141086 3000.0
230000.0 240000.0 4576453.605470989 3000.0
240000.0 250000.0 4304766.541095131 3280.0
250000.0 260000.0 3804187.6295331502 3000.0
260000.0 270000.0 3704659.9557264554 3000.0
270000.0 280000.0 3879259.1680449685 3000.0
280000.0 290000.0 4644121.789230174 3000.0
290000.0 300000.0 5430692.57432165 4400.0
300000.0 310000.0 15093.851663372528 0.0
