ts te s_bytes_all avg_video_rate
0.0 10000.0 1944881.0 1900.0
10000.0 20000.0 5662329.4403129425 2045.4545454545455
20000.0 30000.0 4370485.48502479 3466.6666666666665
30000.0 40000.0 5557954.590291873 4400.0
40000.0 50000.0 5354486.693878427 4400.0
50000.0 60000.0 5723779.595062151 4400.0
60000.0 70000.0 5574710.553326204 3700.0
70000.0 80000.0 5640370.517598173 4400.0
80000.0 90000.0 5618322.217407139 4400.0
90000.0 100000.0 5588371.10934164 4400.0
100000.0 110000.0 4494678.44862191 3280.0
110000.0 120000.0 4467719.531814408 3000.0
120000.0 130000.0 4029429.8173203426 3000.0
130000.0 140000.0 4339790.554849602 3000.0
140000.0 150000.0 5028185.041203868 4120.0
150000.0 160000.0 5192540.316277106 3840.0
160000.0 170000.0 3936238.6737103313 3000.0
170000.0 180000.0 3828590.6745410645 3000.0
180000.0 190000.0 4723931.399835499 3000.0
190000.0 200000.0 3714282.21122998 3560.0
200000.0 210000.0 4578658.665181229 3000.0
210000.0 220000.0 5422034.958865827 3840.0
220000.0 230000.0 5595054.932011875 4400.0
230000.0 240000.0 3979118.6357247285 3875.0
240000.0 250000.0 1656126.3359320287 2300.0
250000.0 260000.0 5262897.376202376 2300.0
260000.0 270000.0 4605470.224434485 3875.0
270000.0 280000.0 4228542.0 3280.0
280000.0 290000.0 4453713.259675143 3233.3333333333335
290000.0 300000.0 5110355.686419018 3560.0
