ts te s_bytes_all avg_video_rate
0.0 10000.0 1696397.1088705258 2300.0
10000.0 20000.0 5925697.620322531 2300.0
20000.0 30000.0 3874279.5871767215 2883.3333333333335
30000.0 40000.0 4490151.571261811 3466.6666666666665
40000.0 50000.0 4252725.799274277 3000.0
50000.0 60000.0 5090194.734160947 3560.0
60000.0 70000.0 5572583.665062515 4400.0
70000.0 80000.0 5620425.360296661 4400.0
80000.0 90000.0 5860504.3021904 4400.0
90000.0 100000.0 6483693.916181996 4400.0
100000.0 110000.0 5872174.088602079 4400.0
110000.0 120000.0 5681275.2396126 4400.0
120000.0 130000.0 5719339.889882025 4400.0
130000.0 140000.0 4634994.452352931 4400.0
140000.0 150000.0 7043955.26968043 4400.0
150000.0 160000.0 6549844.260130011 4400.0
160000.0 170000.0 4769070.14124656 4400.0
170000.0 180000.0 6884562.822407625 4400.0
180000.0 190000.0 5774366.738813275 4400.0
190000.0 200000.0 5650842.8243847005 4400.0
200000.0 210000.0 6629095.935964978 4400.0
210000.0 220000.0 5806782.302695876 4400.0
220000.0 230000.0 5419498.900060471 4400.0
230000.0 240000.0 6040091.719023128 4400.0
240000.0 250000.0 6846387.717852678 4400.0
250000.0 260000.0 5814144.734864023 4400.0
260000.0 270000.0 5621486.112334682 4400.0
270000.0 280000.0 5713046.055361917 4400.0
280000.0 290000.0 5798255.43815481 4400.0
290000.0 300000.0 6842841.809502356 4400.0
300000.0 310000.0 261249.88227445775 0.0
