ts te s_bytes_all avg_video_rate
0.0 10000.0 1989447.2037202695 1500.0
10000.0 20000.0 5216878.978583205 2660.0
20000.0 30000.0 6051658.187496763 4400.0
30000.0 40000.0 3544392.6301997635 4400.0
40000.0 50000.0 5189057.731986357 3000.0
50000.0 60000.0 4669764.171486136 3233.3333333333335
60000.0 70000.0 5868508.270921603 4400.0
70000.0 80000.0 5586009.845676172 4400.0
80000.0 90000.0 7102681.872344534 4400.0
90000.0 100000.0 6392900.2304358715 4400.0
100000.0 110000.0 4656668.445558288 3840.0
110000.0 120000.0 5253110.041993136 3840.0
120000.0 130000.0 4182129.5540021947 3280.0
130000.0 140000.0 4902722.075683674 3840.0
140000.0 150000.0 6272771.733232118 4400.0
150000.0 160000.0 6026940.673106644 4400.0
160000.0 170000.0 4786333.39449189 3840.0
170000.0 180000.0 4941867.979131458 3840.0
180000.0 190000.0 3777332.9684142154 2650.0
190000.0 200000.0 5580980.906078868 4400.0
200000.0 210000.0 6451266.034333968 4400.0
210000.0 220000.0 4523143.7641528975 3560.0
220000.0 230000.0 5653332.070402213 4400.0
230000.0 240000.0 5429112.123454411 4400.0
240000.0 250000.0 6424150.399371381 4400.0
250000.0 260000.0 6026575.4577644095 4400.0
260000.0 270000.0 5109446.808473136 4400.0
270000.0 280000.0 1740773.4475044233 962.8571428571429
280000.0 290000.0 4521027.013162749 3000.0
290000.0 300000.0 5460219.270681767 3840.0
300000.0 310000.0 211995.7161554837 0.0
