ts te s_bytes_all avg_video_rate
0.0 10000.0 2546271.8141620113 2300.0
10000.0 20000.0 6024386.185837989 2300.0
20000.0 30000.0 4989885.620269897 3437.5
30000.0 40000.0 4795805.116282138 3840.0
40000.0 50000.0 5749239.310507435 4400.0
50000.0 60000.0 3807984.6746577444 3000.0
60000.0 70000.0 4326331.734146273 3000.0
70000.0 80000.0 5270837.107366583 3466.6666666666665
80000.0 90000.0 2471721.140045047 3933.3333333333335
90000.0 100000.0 5858504.0397571195 3000.0
100000.0 110000.0 4397352.058524237 3000.0
110000.0 120000.0 4719199.876861384 3000.0
120000.0 130000.0 5409336.084496936 4400.0
130000.0 140000.0 5618465.947687024 4400.0
140000.0 150000.0 6396845.785310505 4400.0
150000.0 160000.0 5970398.8657646915 4400.0
160000.0 170000.0 5477351.831944419 4400.0
170000.0 180000.0 5684533.482920658 4400.0
180000.0 190000.0 4095001.840874163 3000.0
190000.0 200000.0 5942743.207860873 3933.3333333333335
200000.0 210000.0 5622878.146672955 4400.0
210000.0 220000.0 5363121.5290802885 4400.0
220000.0 230000.0 5683013.495492086 4400.0
230000.0 240000.0 5692869.814388586 4400.0
240000.0 250000.0 6510592.122483142 4400.0
250000.0 260000.0 5872344.2227179725 4400.0
260000.0 270000.0 4762411.614973387 4120.0
270000.0 280000.0 4617716.564651569 3840.0
280000.0 290000.0 4548215.314968901 3000.0
290000.0 300000.0 4192047.538770401 3000.0
300000.0 310000.0 47151.91052358426 0.0
