ts te s_bytes_all avg_video_rate
0.0 10000.0 322318.5140455946 1390.0
10000.0 20000.0 943978.4859544054 288.0
20000.0 30000.0 1019440.0 685.7142857142857
30000.0 40000.0 2673176.765004027 2157.1428571428573
40000.0 50000.0 4676595.189479989 3000.0
50000.0 60000.0 4214976.551027356 3000.0
60000.0 70000.0 5923457.187850591 4200.0
70000.0 80000.0 6413632.928850124 4400.0
80000.0 90000.0 5488425.377787914 4400.0
90000.0 100000.0 4622581.227762455 3233.3333333333335
100000.0 110000.0 4221320.069207304 3000.0
110000.0 120000.0 5437200.652505139 3933.3333333333335
120000.0 130000.0 3491731.9291705154 3350.0
130000.0 140000.0 4754327.403418871 3466.6666666666665
140000.0 150000.0 4916127.257806068 4400.0
150000.0 160000.0 4767900.559221748 4400.0
160000.0 170000.0 4645918.021535815 4400.0
170000.0 180000.0 4348974.566101072 3280.0
180000.0 190000.0 4949486.854581024 3466.6666666666665
190000.0 200000.0 5175632.6931372415 4400.0
200000.0 210000.0 5171361.473336157 4400.0
210000.0 220000.0 4433578.448649636 3280.0
220000.0 230000.0 4488931.573783266 3000.0
230000.0 240000.0 5080604.405390877 4120.0
240000.0 250000.0 4921206.52600587 3280.0
250000.0 260000.0 4962654.935874648 3840.0
260000.0 270000.0 4037890.0811647996 3000.0
270000.0 280000.0 4685547.515734788 3233.3333333333335
280000.0 290000.0 5349840.248642905 4400.0
290000.0 300000.0 5759034.415169677 4400.0
300000.0 310000.0 204811.14180012286 0.0
