ts te s_bytes_all avg_video_rate
0.0 10000.0 1997094.4718001306 1570.0
10000.0 20000.0 4034447.2078975146 1745.4545454545455
20000.0 30000.0 5358294.278199457 4400.0
30000.0 40000.0 3351695.042102898 3000.0
40000.0 50000.0 5443180.262040069 3000.0
50000.0 60000.0 3185535.7379599307 3000.0
60000.0 70000.0 4582333.413866532 3000.0
70000.0 80000.0 3294467.4215755104 3000.0
80000.0 90000.0 4606320.164557958 3000.0
90000.0 100000.0 4164121.3706247415 3000.0
100000.0 110000.0 4754185.791277939 3560.0
110000.0 120000.0 4193129.383251078 3000.0
120000.0 130000.0 3086692.4548462415 3000.0
130000.0 140000.0 4442043.771228807 3000.0
140000.0 150000.0 5291650.821647408 3466.6666666666665
150000.0 160000.0 5450101.4071237855 4120.0
160000.0 170000.0 3323234.53043927 3000.0
170000.0 180000.0 5590110.80411722 3466.6666666666665
180000.0 190000.0 4603682.613963703 3560.0
190000.0 200000.0 4145945.137992819 3280.0
200000.0 210000.0 3587043.430252986 3000.0
210000.0 220000.0 4068138.0273466087 3000.0
220000.0 230000.0 3828729.2299707416 3000.0
230000.0 240000.0 4021153.225916652 3000.0
240000.0 250000.0 4765564.460883836 3000.0
250000.0 260000.0 3774983.8132848176 3000.0
260000.0 270000.0 3895473.012170939 3000.0
270000.0 280000.0 3939705.203637061 3000.0
280000.0 290000.0 3110218.510023346 3000.0
290000.0 300000.0 3803651.1065864484 3000.0
300000.0 310000.0 179946.89341355168 0.0
