ts te s_bytes_all avg_video_rate
0.0 10000.0 3283775.504360745 2033.3333333333333
10000.0 20000.0 4921019.795965282 1909.090909090909
20000.0 30000.0 3594476.9194940594 3466.6666666666665
30000.0 40000.0 4237972.142817937 3000.0
40000.0 50000.0 4323008.105570392 3000.0
50000.0 60000.0 4131539.2418444497 3000.0
60000.0 70000.0 3875932.8791215084 3000.0
70000.0 80000.0 2946818.410825628 3000.0
80000.0 90000.0 4652786.937215569 3000.0
90000.0 100000.0 4724225.507250883 3000.0
100000.0 110000.0 3776530.1271010283 3000.0
110000.0 120000.0 3809667.78237427 3000.0
120000.0 130000.0 3980609.1956483778 3000.0
130000.0 140000.0 4606706.949413361 3000.0
140000.0 150000.0 3931414.97591533 3000.0
150000.0 160000.0 3794647.8659981415 3000.0
160000.0 170000.0 3861453.2289396278 3000.0
170000.0 180000.0 3879356.4730960755 3000.0
180000.0 190000.0 4593501.957047336 3000.0
190000.0 200000.0 4244272.75196846 3560.0
200000.0 210000.0 4572080.622911258 3280.0
210000.0 220000.0 3793600.8242874024 3000.0
220000.0 230000.0 3892979.934133216 3000.0
230000.0 240000.0 3801524.1195651647 3000.0
240000.0 250000.0 5142995.855591209 3466.6666666666665
250000.0 260000.0 5154621.5463936115 3840.0
260000.0 270000.0 3811401.345149679 3000.0
270000.0 280000.0 3889572.2685747556 3000.0
280000.0 290000.0 4662638.489220598 3233.3333333333335
290000.0 300000.0 5580000.22276147 4400.0
