ts te s_bytes_all avg_video_rate
0.0 10000.0 1905923.2640183188 1900.0
10000.0 20000.0 5937709.925134415 2740.0
20000.0 30000.0 6794394.829481987 4400.0
30000.0 40000.0 5873790.674480249 4400.0
40000.0 50000.0 5625762.451578867 4400.0
50000.0 60000.0 5644324.0103711635 4400.0
60000.0 70000.0 4474293.18129281 3200.0
70000.0 80000.0 5280181.9668861255 3840.0
80000.0 90000.0 4382053.354332138 4400.0
90000.0 100000.0 5717597.94410433 3400.0
100000.0 110000.0 4693027.729593978 4400.0
110000.0 120000.0 5322484.234623056 3466.6666666666665
120000.0 130000.0 4677755.51430675 4120.0
130000.0 140000.0 5142334.649999194 3560.0
140000.0 150000.0 5748723.571210109 4400.0
150000.0 160000.0 5425128.182473694 4120.0
160000.0 170000.0 4465951.529804908 3466.6666666666665
170000.0 180000.0 5385803.950919747 3560.0
180000.0 190000.0 5598014.801186366 4400.0
190000.0 200000.0 5879148.48677372 4400.0
200000.0 210000.0 6205744.016742855 4400.0
210000.0 220000.0 5097386.884401057 3840.0
220000.0 230000.0 4914361.629542132 3840.0
230000.0 240000.0 5202236.818985061 4400.0
240000.0 250000.0 4724364.268769496 3280.0
250000.0 260000.0 4955840.526715355 3466.6666666666665
260000.0 270000.0 5185787.115868682 3840.0
270000.0 280000.0 5591881.361281515 4400.0
280000.0 290000.0 6541153.69287118 4400.0
290000.0 300000.0 2855473.43225074 4400.0
300000.0 310000.0 0.0 0.0
