ts te s_bytes_all avg_video_rate
0.0 10000.0 1961557.4625692114 2300.0
10000.0 20000.0 5901597.615693729 2720.0
20000.0 30000.0 4896719.208157711 3700.0
30000.0 40000.0 4175641.7135793483 3000.0
40000.0 50000.0 4733546.427252529 3000.0
50000.0 60000.0 4817922.452047465 4400.0
60000.0 70000.0 4892734.440855876 4400.0
70000.0 80000.0 6677718.493992058 4400.0
80000.0 90000.0 4769379.160931692 3466.6666666666665
90000.0 100000.0 5073772.906632632 3560.0
100000.0 110000.0 5307103.0680547375 4400.0
110000.0 120000.0 3642488.916529116 3000.0
120000.0 130000.0 4801272.738837192 3000.0
130000.0 140000.0 4096153.3866762663 3000.0
140000.0 150000.0 4279723.939979972 3700.0
150000.0 160000.0 3989953.487486141 3000.0
160000.0 170000.0 4742578.538129903 3000.0
170000.0 180000.0 4105206.8354954254 3000.0
180000.0 190000.0 4030110.2070989935 3000.0
190000.0 200000.0 3690887.7883037427 3000.0
200000.0 210000.0 3980670.211696258 3000.0
210000.0 220000.0 4599349.784309182 3000.0
220000.0 230000.0 4074151.194193056 3000.0
230000.0 240000.0 3791528.1114798095 3000.0
240000.0 250000.0 4088628.7390303523 3000.0
250000.0 260000.0 4132638.2028994053 3000.0
260000.0 270000.0 4633715.354478396 3000.0
270000.0 280000.0 3919866.613609799 3000.0
280000.0 290000.0 4546429.654502388 3000.0
290000.0 300000.0 4718272.345497612 4400.0
300000.0 310000.0 0.0 0.0
