ts te s_bytes_all avg_video_rate
0.0 10000.0 819018.2858925806 1424.0
10000.0 20000.0 2531318.6992644523 1020.0
20000.0 30000.0 1992395.6826010027 1500.0
30000.0 40000.0 2087440.0617378522 1280.0
40000.0 50000.0 1312671.624728346 1104.0
50000.0 60000.0 1948026.4891507188 1500.0
60000.0 70000.0 1949436.7564847842 1500.0
70000.0 80000.0 1238510.4001402631 840.0
80000.0 90000.0 1536548.4942919745 1060.0
90000.0 100000.0 1998734.815517017 1500.0
100000.0 110000.0 2133505.8640495455 1500.0
110000.0 120000.0 1954359.8261414634 1500.0
120000.0 130000.0 1248613.0 972.0
130000.0 140000.0 1545266.5993098589 1060.0
140000.0 150000.0 1977908.5415144733 1500.0
150000.0 160000.0 2341276.84881531 1500.0
160000.0 170000.0 2041840.7772767623 1500.0
170000.0 180000.0 1947600.435827721 1500.0
180000.0 190000.0 1918284.6893715286 1500.0
190000.0 200000.0 1376294.107884346 820.0
200000.0 210000.0 1089763.424384928 840.0
210000.0 220000.0 1542283.8645660996 1236.0
220000.0 230000.0 1459255.5852245796 950.0
230000.0 240000.0 1940238.1813750793 1500.0
240000.0 250000.0 2079779.5144894314 1500.0
250000.0 260000.0 2029038.3052348776 1500.0
260000.0 270000.0 1349852.1247250042 972.0
270000.0 280000.0 1351163.5415316178 950.0
280000.0 290000.0 1912860.9828471944 1500.0
290000.0 300000.0 2131395.8941200757 1500.0
300000.0 310000.0 68453.581501112 0.0
