ts te s_bytes_all avg_video_rate
0.0 10000.0 2345280.8446014407 2300.0
10000.0 20000.0 6795189.877054273 2681.818181818182
20000.0 30000.0 4904617.278344286 4400.0
30000.0 40000.0 4763667.6302250065 3400.0
40000.0 50000.0 6314261.663818119 4400.0
50000.0 60000.0 5599186.611925605 4400.0
60000.0 70000.0 5670754.29469322 4400.0
70000.0 80000.0 5542555.419918191 4400.0
80000.0 90000.0 5528935.854263187 4400.0
90000.0 100000.0 6423611.936659698 4400.0
100000.0 110000.0 5843014.219195928 4400.0
110000.0 120000.0 4462082.505648363 4400.0
120000.0 130000.0 5727240.519621567 3700.0
130000.0 140000.0 4335386.248100882 4400.0
140000.0 150000.0 3349613.0959302313 2440.0
150000.0 160000.0 4466491.088747378 3000.0
160000.0 170000.0 4678516.830988125 3000.0
170000.0 180000.0 5451143.808358613 4400.0
180000.0 190000.0 5390009.063326165 4400.0
190000.0 200000.0 5364615.435679741 4400.0
200000.0 210000.0 5522076.21104891 3466.6666666666665
210000.0 220000.0 5373521.950972424 4400.0
220000.0 230000.0 3858650.8442965844 3280.0
230000.0 240000.0 4429749.517267565 3000.0
240000.0 250000.0 5356381.595937835 4166.666666666667
250000.0 260000.0 6349940.800569458 4400.0
260000.0 270000.0 4728945.850698596 4400.0
270000.0 280000.0 5365068.312518721 3560.0
280000.0 290000.0 5425961.703604965 4400.0
290000.0 300000.0 6272211.594134659 4400.0
300000.0 310000.0 249604.391850259 0.0
