ts te s_bytes_all avg_video_rate
0.0 10000.0 591472.1574264937 958.6666666666666
10000.0 20000.0 2314922.8425735063 772.8
20000.0 30000.0 827492.0 288.0
30000.0 40000.0 1245591.0 682.2857142857143
40000.0 50000.0 3688026.3906075484 2500.0
50000.0 60000.0 3509928.609392451 2300.0
60000.0 70000.0 3100516.491308815 2300.0
70000.0 80000.0 3089550.508691185 2300.0
80000.0 90000.0 3115007.0 2300.0
90000.0 100000.0 3063124.3558676704 2300.0
100000.0 110000.0 3071662.384914556 2300.0
110000.0 120000.0 3215515.4794321107 2300.0
120000.0 130000.0 3637063.098509937 2300.0
130000.0 140000.0 3239251.6669326937 2300.0
140000.0 150000.0 3479023.8678599717 2300.0
150000.0 160000.0 3266264.81487466 2300.0
160000.0 170000.0 3271537.862110246 2300.0
170000.0 180000.0 2987217.4873739965 2300.0
180000.0 190000.0 3437240.9821241572 2300.0
190000.0 200000.0 3075856.0 2300.0
200000.0 210000.0 2906896.366707341 2300.0
210000.0 220000.0 3925263.877412861 2300.0
220000.0 230000.0 3172753.7558797984 2300.0
230000.0 240000.0 3083883.884425449 2300.0
240000.0 250000.0 3330525.2237692596 2300.0
250000.0 260000.0 3161615.4233128796 2300.0
260000.0 270000.0 3969677.135181711 2300.0
270000.0 280000.0 3258205.527571119 2300.0
280000.0 290000.0 3184007.805739581 2300.0
290000.0 300000.0 3054023.0 2300.0
300000.0 310000.0 0.0 0.0
