ts te s_bytes_all avg_video_rate
0.0 10000.0 1502641.7644798933 2300.0
10000.0 20000.0 5484735.611806883 1500.0
20000.0 30000.0 5300635.143519882 3875.0
30000.0 40000.0 2945108.6198629383 3466.6666666666665
40000.0 50000.0 5791257.872073716 2900.0
50000.0 60000.0 4014832.6543080057 3280.0
60000.0 70000.0 4018108.9372989465 3000.0
70000.0 80000.0 4531498.788268442 3000.0
80000.0 90000.0 5043690.852496312 4120.0
90000.0 100000.0 5415320.475317393 4120.0
100000.0 110000.0 4414727.837822728 3000.0
110000.0 120000.0 3590118.8337590354 3000.0
120000.0 130000.0 3709501.266507019 3000.0
130000.0 140000.0 4019176.342478807 3000.0
140000.0 150000.0 3780276.24895168 3000.0
150000.0 160000.0 4686379.915058338 3000.0
160000.0 170000.0 3832536.8359899824 3000.0
170000.0 180000.0 3778348.514932471 3000.0
180000.0 190000.0 3779715.2077110824 3000.0
190000.0 200000.0 3986668.4512768975 3000.0
200000.0 210000.0 5350944.24886604 3000.0
210000.0 220000.0 3796312.111579504 3000.0
220000.0 230000.0 3700173.9376009963 3000.0
230000.0 240000.0 3199270.5280330083 3000.0
240000.0 250000.0 3317269.9425869267 3000.0
250000.0 260000.0 4747097.821442293 3000.0
260000.0 270000.0 3104595.2359707803 3000.0
270000.0 280000.0 4291239.16334802 3000.0
280000.0 290000.0 3874857.5414028 3000.0
290000.0 300000.0 3305895.29524918 3000.0
300000.0 310000.0 0.0 0.0
