ts te s_bytes_all avg_video_rate
0.0 10000.0 536586.4186271208 862.8571428571429
10000.0 20000.0 1006898.093583985 288.0
20000.0 30000.0 656321.378054559 474.0
30000.0 40000.0 2316488.109734335 1523.3333333333333
40000.0 50000.0 4176349.4025992374 2900.0
50000.0 60000.0 4306547.056492079 3000.0
60000.0 70000.0 5026577.288301094 3700.0
70000.0 80000.0 6541058.797909137 4400.0
80000.0 90000.0 6318193.796450345 4400.0
90000.0 100000.0 5641426.540557073 4400.0
100000.0 110000.0 5871350.31505135 4400.0
110000.0 120000.0 4722448.549459544 3280.0
120000.0 130000.0 6060781.108409532 4166.666666666667
130000.0 140000.0 4698689.608972337 3560.0
140000.0 150000.0 5581738.591683246 4400.0
150000.0 160000.0 4814663.778815043 3280.0
160000.0 170000.0 3958757.5712761213 3000.0
170000.0 180000.0 4635394.97980253 3000.0
180000.0 190000.0 5376534.640498838 4400.0
190000.0 200000.0 5713273.361603784 4400.0
200000.0 210000.0 4615704.088871976 4400.0
210000.0 220000.0 6177918.282575493 3700.0
220000.0 230000.0 4088685.1514053755 3000.0
230000.0 240000.0 5166938.013134657 3466.6666666666665
240000.0 250000.0 4990407.277127681 3840.0
250000.0 260000.0 4500095.799003523 3000.0
260000.0 270000.0 4032178.1031008796 3000.0
270000.0 280000.0 3827266.194341074 3000.0
280000.0 290000.0 4003884.968582535 3000.0
290000.0 300000.0 4731933.934013389 3000.0
