ts te s_bytes_all avg_video_rate
0.0 10000.0 2440975.532071881 2300.0
10000.0 20000.0 5860017.157763396 2300.0
20000.0 30000.0 5070285.8803314855 4050.0
30000.0 40000.0 3446617.4298332375 3000.0
40000.0 50000.0 4953076.496456181 3000.0
50000.0 60000.0 4617886.402633294 3000.0
60000.0 70000.0 4018687.066411403 3000.0
70000.0 80000.0 4103156.034499122 3000.0
80000.0 90000.0 3928186.4353868593 3000.0
90000.0 100000.0 3953715.554770068 3000.0
100000.0 110000.0 4805592.530456297 3000.0
110000.0 120000.0 3807486.984647153 3000.0
120000.0 130000.0 4075276.8044112753 3000.0
130000.0 140000.0 4090765.356398158 3000.0
140000.0 150000.0 4399324.433225097 3000.0
150000.0 160000.0 4421016.363691222 3000.0
160000.0 170000.0 4424399.974665945 3000.0
170000.0 180000.0 4175333.708965935 3000.0
180000.0 190000.0 4058301.423032194 3000.0
190000.0 200000.0 4727959.1867888 3000.0
200000.0 210000.0 4016817.243560997 3000.0
210000.0 220000.0 3934098.365234306 3000.0
220000.0 230000.0 3982594.9705197215 3000.0
230000.0 240000.0 4073080.0706943017 3000.0
240000.0 250000.0 4708683.155286393 3000.0
250000.0 260000.0 4207378.655202042 3000.0
260000.0 270000.0 2509327.783063235 3000.0
270000.0 280000.0 5708424.877381174 3000.0
280000.0 290000.0 4072258.1226188266 3000.0
290000.0 300000.0 4827602.0 3000.0
300000.0 310000.0 0.0 0.0
