s_bytes_all avg_video_rate s_bytes_all_#1 s_bytes_all_#2 s_bytes_all_#3 s_bytes_all_#4 s_bytes_all_#5 s_bytes_all_#6 s_bytes_all_#7 s_bytes_all_#8 s_bytes_all_#9 s_bytes_all_#10
2142831.422877662 2300.0 0.0 0.0 0.0 0.0 0.0 6912.0 135243.03369333444 629919.4450422825 615050.519076279 755706.4250657655
6855158.583176271 3140.0 836669.6414730896 667399.605413839 860836.0701037465 492491.7975343803 785227.6586742784 848533.836704372 638599.9672186325 0.0 660263.5552951288 1065136.4507588046
8139542.601885442 6500.0 775886.8225837682 976710.2563272164 836960.4518947529 766385.1401030271 922826.5812438352 661078.7417934671 905502.5201620756 973935.8657180432 797318.7028640097 522937.51919524727
6062188.077852144 4400.0 2769.392060624408 374.08697371173696 94253.79536355524 897168.6287639338 694274.3228100548 885596.3550923013 927110.871255074 769078.6279626263 886041.885940754 905520.1116295082
6705130.281677345 5240.0 876682.3203048881 626261.6864581376 417355.711637417 859279.4127848934 898790.1057692878 319038.077253857 75725.05390323345 799579.2671543488 950655.7915889703 881762.8548223116
8388135.605617858 6500.0 875502.7259579332 715848.5508874427 911101.7380157918 797277.5295850369 963538.1033176844 847067.7593123432 874908.4142104831 853403.0153572443 714524.6439832307 834963.1249906672
8055198.925748 5800.0 803345.9741457391 870567.1227597233 818268.4281804461 767455.8395061623 486852.2576696053 975582.7851642004 883509.6366588582 737690.8490902894 969053.5991087264 742872.4334642496
4228109.931297845 4400.0 962275.2035177608 673752.3305926382 701935.7423317468 608789.1587063659 397939.0660167665 116.6106479943386 2794.3893520056613 206.27023832430865 5614.729761675691 874686.430132567
6663592.01200828 4400.0 935420.5944532332 819217.9630863625 736426.0074636985 787650.4865748873 445085.7477630888 714074.5224513634 377494.7145029972 725974.1249465304 436520.0156322388 685727.8351338793
6269957.118464419 4400.0 360904.71025188087 596368.0369631693 572131.7213631046 646344.0478670658 401892.5560726128 756387.3910979584 322346.09424336173 911271.168956332 793555.1397839244 908756.2518650084
6098844.462442236 4820.0 792552.4325294928 571509.2519743658 562118.0161206734 701942.3903228648 997975.027687634 424870.32075970434 120508.59247410156 692955.1545558572 340493.6416132329 893919.6344043099
4891087.842782989 4400.0 889440.4385875579 550042.8531706068 306289.7519186074 725822.5999540784 210154.86290181684 119637.47041983118 13212.527040976083 886646.731949449 829965.7312564197 359874.87558364554
6731836.2179296445 4750.0 2760.134169509713 312291.9131938195 930591.0389529828 877688.3423547616 940024.8285758452 836652.0724589473 814246.8116717123 635732.154926874 709944.3634639522 671904.5581612396
7741792.589761079 6500.0 442343.9162398657 675230.4159194342 824506.9966797484 899930.1012937386 856920.2207502073 978715.8514374768 662715.344459899 878875.0794748329 726133.4436784205 796421.2198274565
7694124.093198709 6500.0 833368.0244169899 904413.3204762978 675020.974548675 883332.4677348936 767532.7074650638 844845.9490257807 561482.5956904127 850538.7524271094 545757.3000579809 827832.0013555057
6945891.184857828 5660.0 809539.3911532925 841031.4192169812 989387.2321013566 768757.4030670489 599945.3631419331 858957.4869211294 854984.8067060938 730602.8796912665 266868.3513943333 225816.851464392
5955840.002566815 4400.0 909216.95603495 524240.0287565995 545262.8867303897 718276.7474325704 393544.28044445306 640169.1029764654 505093.66286817787 727444.3262743063 346604.22679118166 645987.7842577216
7939207.151380127 5450.0 956800.6120402452 891148.7745417648 826337.2910311454 762894.9463247056 329093.59391703864 848101.0647597751 757655.4140927178 869114.7151736411 812194.4143742122 885866.3251248817
6654696.649251414 6500.0 670160.3400233653 874237.1880514352 626012.3664005061 0.0 108956.38974564814 898327.1008580925 813696.9113071989 890590.1972576956 919116.5184608576 853599.6371466158
8294724.733041334 4700.0 911873.2684186804 842370.9311815628 836122.662717511 864143.2859178736 796263.0447926197 744184.0020334816 817217.9032326337 694623.6379105648 1079871.6694369682 708054.3273994386
7600038.695264218 6500.0 577989.8917996635 729532.7938852451 853456.3741876908 662126.8719577453 843469.8759327334 726579.348340975 999669.7528221392 663566.889264252 883931.7213738976 659715.1756998769
6862851.256825042 6500.0 890039.4392444816 737353.236713516 936531.550385181 583817.2132114462 962813.2366720138 567266.4946214263 880971.394268952 411452.2518013215 105641.71978297242 786964.7201237316
6859417.560093296 4820.0 977805.5595768602 730706.0575207293 949029.5949981434 845714.8292151253 600296.1342799219 729801.2506211357 492428.42593559966 753298.403547716 780337.3043980646 0.0
6651599.829599058 4750.0 97960.69106867263 875226.4908587977 916810.4163958668 669498.2295974514 923816.285186904 676143.0754547751 953537.792502773 656433.5087665712 397651.1471403867 484522.1926268598
6585165.440307685 5660.0 962910.0362637168 795617.3911193882 818056.9967977775 644129.6316953835 814451.1145246755 0.0 105690.77008886164 842544.1637668652 907687.4075965747 694077.928454442
8320445.688044505 5450.0 881821.3018008997 806031.831436754 996823.544125006 736444.1679334487 961254.1821546304 668390.1762623729 875327.5687616783 760521.9160198265 798754.5630232183 835076.4365266707
7814184.051369602 6500.0 746604.6335461654 833194.6782208678 859773.0599007988 863587.7276667013 824307.8925681743 796135.2207856468 735182.2546974326 766773.1317425154 589242.6164351307 799382.8358061686
7949509.034703083 6500.0 942891.9251638992 675912.6454183932 763260.7693600187 799120.2744009779 887554.1889313476 728603.0203092555 971299.6603748208 605688.940175106 898502.8338331545 676674.7767361098
7315973.065003628 5240.0 890660.9785678664 774652.2580801967 872846.7355784961 230418.98374950665 108492.2887137824 890869.958883424 1035641.1828913218 770692.6085116162 964381.4770720486 777316.5929553694
6885653.242651749 4750.0 850843.4826268248 677250.1917207957 869827.544654361 868413.4497303534 643293.3201820645 778752.7074178883 312400.14720259764 794450.0329445734 376298.2264910353 714124.1396812549
