s_bytes_all avg_video_rate s_bytes_all_#1 s_bytes_all_#2 s_bytes_all_#3 s_bytes_all_#4 s_bytes_all_#5 s_bytes_all_#6 s_bytes_all_#7 s_bytes_all_#8 s_bytes_all_#9 s_bytes_all_#10
1548808.629645812 2300.0 0.0 0.0 0.0 0.0 0.0 0.0 6912.0 0.0 685789.4943775334 856107.1352682784
7299545.657296428 3350.0 863811.627443389 904010.8812112304 814491.918056452 788196.0075683761 929887.2031901714 868888.0150655416 307904.7178190276 336736.23264336784 854394.2935242245 631224.7607746478
7683161.585645741 5240.0 963145.5650412244 571290.4956432236 808758.658032963 857109.2949407821 850711.6993995665 841805.2490361015 803617.7509638985 843220.2734169621 637771.158384716 505731.4407863025
8300663.135292806 6500.0 579323.5820139385 865264.5892134032 774374.8216762256 883335.4936292602 595328.9060148825 935782.9507812446 922230.979783888 895707.3247248315 924060.1918693018 925254.2955858296
8691677.247877588 6500.0 956537.5117789506 1002080.1514392156 871125.5842848304 824892.1263984521 940567.3577300276 884347.1482185151 887574.8217278991 866472.5258639283 816411.3200634855 641668.7003722836
8318504.877445353 6500.0 875795.6553499093 815035.9425897 861655.8584594018 734459.5714216015 936522.2902163104 653642.5461627385 852416.6596916729 847828.3767830543 869139.9785711241 872007.9981998403
8209940.902936215 6500.0 903055.120334596 942909.2610159843 974710.2790181536 716291.9826717331 795156.3611045508 620568.7865108117 772866.321739806 835851.5576268116 748442.7350544236 900088.4978593434
7093869.503446994 6500.0 853453.7800728995 650480.8475418977 621160.774625427 673147.3941356025 597595.9952600802 866548.9019740137 690581.949470536 868616.8978851162 390600.2005509939 881682.761930427
7542700.846922257 5450.0 323701.6326264365 889097.1306920273 494857.6970946011 826169.5720061415 923954.0699365698 841641.2499298654 836033.6052324045 875478.8459328141 763348.4028890114 768418.6405823857
7085823.265332665 6500.0 816358.6134908076 0.0 655064.6837906828 873541.6386096814 725679.6858385463 695713.6262431848 845703.7202893198 873818.1874419311 775753.1944750894 824189.9151534219
6698566.179461243 4750.0 662863.2861536434 759686.4705966951 737708.9228033165 562531.9391266737 612745.3814343422 750666.0199939256 545920.6343731121 466270.39266889775 760128.47567038 840044.6566402558
6336215.350813571 4820.0 699056.1686969001 700513.343030634 158006.65696936595 0.0 708467.899546928 770973.8183359887 953817.1129577456 726539.4219253362 750167.1498004679 868673.7795502044
5627383.8178833295 5450.0 507652.76845485135 893371.563964788 889524.3719258159 785512.3859468165 718192.8348942222 601434.9919884248 672117.7836376913 507554.5961123775 52022.52095834135 0.0
3815602.836320028 4925.0 618352.0832879388 837259.7667298709 250770.14998219025 0.0 0.0 0.0 0.0 587624.238993223 839135.670394796 682460.9269320087
7596934.899675797 4400.0 973659.6355060776 262914.9448219412 580390.0672607454 880451.9496343192 867406.0843406869 705097.5935202581 873793.1428354501 834074.0381747023 697723.5800087538 921423.8635728623
8015348.284306415 4400.0 763824.7854757113 858866.0931887089 771485.3569176514 774250.5644606223 898499.2631616143 906022.1881278292 662229.507838245 1062688.2465267817 736365.4601989912 581116.8184102612
7897787.213528656 6500.0 657012.0201892132 833749.2591903848 635890.2658449874 898617.2269731688 424936.7492587182 929548.7163617804 794593.6173078826 910490.3537344992 968457.3563517878 844491.6483162339
7735610.064371603 6500.0 496524.1008213901 801296.5809463095 957183.0801835234 797439.1676530826 806121.7141200211 689505.2799447081 930635.1301609628 742483.6716882302 746800.1703391866 767621.1685141877
6681477.241649848 3900.0 858800.1804296509 919351.2536811454 868082.1648253908 553223.9922293492 897156.7771721719 615929.2811128694 20677.05234692292 589198.615883568 625933.423224483 733124.5007442961
5752828.74352545 4400.0 390193.379349688 893497.6578720353 204797.5089528515 891697.8447148061 407954.6169821581 781850.2972204403 359025.75900897785 594862.7778103342 543108.2632105816 685840.6384035773
6174539.707656349 4820.0 852140.5972150587 429833.1856632986 348029.6259866645 637427.3740604294 693427.8332148069 449311.6182961839 775714.7639094805 401591.98659800703 750950.6401660647 836112.082546355
7754700.4270427935 6500.0 721769.4769672082 671784.3171494324 768663.0593327994 859149.647458745 920024.6205203964 759911.167744414 721613.8102770327 908883.9943230882 516925.6168221285 905974.7164475484
8530246.651116118 6500.0 616873.2607869434 908118.1736920686 952136.8559192724 810982.7705946504 752391.414135663 783941.9529047607 901273.76365996 984398.9741615898 942383.5668997105 877745.9183614999
8966269.178728916 6500.0 955976.2463768376 1001033.9987899432 867387.5951710435 907422.6300278254 918583.3399065136 626279.4550428535 879595.8863071775 914855.6657873448 895375.801111749 999758.5602076268
8580296.687083142 6500.0 978019.9062171072 845702.7555323852 819649.1552566376 651387.9454405312 891145.0535429786 778615.6013731397 820057.7111673588 946201.0377061322 973594.4722262104 875923.048620662
8405220.163266107 6500.0 889917.2357697946 992586.6392076848 861754.9281015429 526670.3047575387 918666.415570418 624139.4066066185 941666.7159565148 861012.3240710481 893298.5122762464 895507.6809487008
8042768.645463684 6500.0 897870.7548115256 871115.0713705564 976175.288872693 745127.136550699 840110.9876367996 685567.8451044266 895401.0913164193 295064.9468751494 881550.0067439904 954785.5161814244
7840460.96111693 5100.0 884384.6661187228 940285.9678545144 911558.3195859464 732823.2002142987 634552.5621804633 752912.6480958536 575975.0747039844 757533.1420575846 851223.6246710017 799211.7556345608
8767141.819758935 6500.0 924260.6892525824 838594.4296224546 836955.7402520241 935463.0688929844 780372.2404321606 959007.2083438708 842380.7636737993 830622.7909533194 940208.0570983412 879276.8312373972
8401564.646169564 6500.0 722930.7202722003 870647.4108635826 786757.2652570279 945472.405291089 674211.8375558112 838606.9652367816 912006.3399968276 929948.9101857028 827022.3596499249 893960.431860616
