s_bytes_all avg_video_rate s_bytes_all_#1 s_bytes_all_#2 s_bytes_all_#3 s_bytes_all_#4 s_bytes_all_#5 s_bytes_all_#6 s_bytes_all_#7 s_bytes_all_#8 s_bytes_all_#9 s_bytes_all_#10
685010.0554155775 894.0 0.0 0.0 0.0 0.0 0.0 0.0 9073.53704327728 286857.1909051519 230724.11141785132 158355.21604929707
1258603.3128565678 472.0 207027.18848748555 284015.6618900743 237413.46456864043 13191.629638222195 0.0 29074.252903217726 9342.802488362104 182549.12437581783 125708.82023260232 170280.36827214516
2649527.9821904134 2175.0 182343.4730127745 173519.81957969483 240013.20764190017 322974.1314934853 253783.72325589773 116268.27674410227 426691.12768587895 215727.872314121 440489.8248229585 277716.5256396001
4597999.024361594 3466.6666666666665 693466.6495374413 110474.63504676551 769647.3649532344 514277.2004150966 117027.79958490338 564045.2262444774 286008.2288579604 703832.5252496537 101512.00759809834 737707.3868739621
6641093.224007012 4400.0 892233.888648323 548052.736527525 535189.1289940734 687420.8110971232 746735.5981350654 854300.3423663676 446192.59484666405 719714.9070147552 475953.5734671741 735299.6429099407
6098173.113205156 4400.0 434049.5089952546 823543.1212215926 852044.8982033246 671417.8727486642 468937.3338193574 439518.7415618973 505718.7801373432 826791.3052088852 805970.7737541393 270180.77755469776
6834726.418939385 4400.0 817823.6986780389 849604.6608986271 399810.9283870137 572945.3520749954 787678.24884738 761611.5413548627 792651.2489788728 472073.4405526473 577540.7840317034 802986.5151352428
5921797.279105786 4400.0 691655.4712176553 331461.17037891736 820874.2583248054 845293.9151239203 517417.0539789972 510505.6941525525 477564.53921786265 609384.6532386517 505947.9684701487 611692.5550022754
5651859.544308706 4400.0 482258.7538938749 654812.6647839659 466797.64836561214 647969.6459395345 452831.978758485 516201.8022934251 501735.50180653005 767067.7548240488 453328.8056358811 708854.9880073488
6121856.988116102 4400.0 392651.6525826508 515538.7009945056 482647.34430506313 659676.7105400264 505813.32620452566 584560.8342259371 552919.3609751218 594829.7481058189 884276.7579535028 948942.5522289504
6174633.656075178 4400.0 707208.0995198409 838935.6965714027 517550.13709601015 783803.5165130714 491921.50273897406 657519.193349318 453231.8802387221 680834.6353770897 427820.272478466 615808.7221922827
2335664.316316579 2225.0 616107.4014185223 5706.0 2800.0 5104.467680150858 2103.7694483890605 7014.762871460082 1680.7111475520978 544457.3557289336 539121.3989068015 611568.4491147693
3557862.297062525 1500.0 616136.1933326077 952078.794288191 401321.0974811448 225789.8172829993 192759.18271700063 396108.0 0.0 371182.0 0.0 402487.2119605823
3047076.4203953976 2300.0 22513.788039417712 462235.996442485 162781.1101214628 429590.8624933794 111798.0309426728 514026.9461574231 109965.0538425769 502604.99680167786 112129.00319832213 619430.6323559794
3429876.5592819564 2300.0 515172.0287220215 527290.5054707347 214244.83345126448 2908.0 0.0 542485.7293808411 57077.27061915888 511363.1042841515 481273.3654899295 578061.7218638551
4487289.76027316 3980.0 135831.80836206386 444197.0772638368 213055.14737032345 510354.4097637069 447536.1962226386 676821.9272732153 410317.3850827672 678025.3361762197 398924.2713179905 572226.2014403974
5565508.12408874 4400.0 510477.072563289 672709.2990288493 466601.767467694 511644.7483945239 570906.0305516187 764534.3952612701 431580.61556182185 624128.7773760443 534843.2283030779 478082.1895805505
5757345.602182591 4400.0 635719.0808772563 445224.5123143249 696888.6958510558 522993.2958794946 531097.3390780333 388600.4187270024 669544.6926897807 744002.8662829995 431001.3066232839 692273.3938593604
5457222.453460543 4400.0 408266.8774908072 613542.497264151 487767.6297925493 617952.3386605068 451185.81452913966 702768.7521225279 403327.30260147294 560518.258375304 546495.8324741909 665397.1501498931
6575539.187536942 4400.0 490459.4897770781 580112.7383337546 512103.7164106506 510814.252476609 548318.186869266 474586.678669008 870120.992843766 892556.2902855233 790734.2446693094 905732.5972019762
5717626.256852661 4400.0 539863.6863329951 643728.2916821992 474517.2166153626 698461.874340567 437299.2348420507 552208.4289047411 560351.8937082124 682791.8045895845 438389.81315079925 690014.0126861492
5862299.2139694765 4400.0 628628.0631776566 580809.7716494793 465626.5891402917 524116.0876285847 558655.5074504525 547734.6617105866 515222.1708168263 485776.3299451161 784446.6683565406 771283.3640939419
5390132.243897784 4400.0 393308.6923292037 653527.5800609 420226.6438260604 627561.9866535887 476676.94704089686 651793.6865441856 454624.6367057741 650869.6838994626 443797.0320989928 617745.3547387193
5648347.450077345 4400.0 523360.098244457 643831.7154746626 487079.1455014702 647591.8274094159 481163.2182386988 667924.3879295855 403098.7217671367 630319.1142462897 492742.2176463993 671237.0036192291
6853023.39879326 4400.0 486702.5884129999 561141.0448367145 553709.185522463 598792.7860716246 852946.4794293843 896434.6541543521 807731.7304367934 686710.1499377008 821428.8972207897 587425.882770438
5392798.65405937 4400.0 470135.61970846925 564511.3365885405 560777.0840887019 652750.838356507 456042.1710577252 495667.5880744819 527980.4629052744 676709.3829895754 493300.4236223984 494923.7466676961
5669325.026553425 4400.0 585028.1207402067 670518.1407830014 517216.8965064641 615736.8852593179 556964.4257216528 564561.8691389811 554786.4711478653 486668.0574027989 580313.9740320585 537530.1858210784
5644243.94476359 4400.0 658361.3622540098 582623.8925004196 537418.2178328789 453894.64092712937 629531.6237784694 432020.4686584575 738895.3854978934 597738.9851057999 466216.8600617096 547542.5081468225
5701353.071286738 4400.0 540664.5599101185 678449.804543048 461750.3732170795 669639.9013024475 524280.5566902963 661029.3733923798 415355.496069135 631186.4645199322 442532.1618546693 676464.3797876311
6503005.627607072 4400.0 489995.3542101509 672510.5981989495 877621.5978946916 939387.7904273006 568449.5147519413 728567.2635280286 579269.2928610605 659501.9104468556 545431.7565412651 442270.5487468286
