s_bytes_all avg_video_rate s_bytes_all_#1 s_bytes_all_#2 s_bytes_all_#3 s_bytes_all_#4 s_bytes_all_#5 s_bytes_all_#6 s_bytes_all_#7 s_bytes_all_#8 s_bytes_all_#9 s_bytes_all_#10
759933.164738309 1208.0 0.0 0.0 0.0 0.0 0.0 0.0 0.0 64732.35027094447 175045.7956727729 520155.01879459166
2619662.711327217 844.0 334141.9795087481 452519.97480677377 132700.97007404128 215856.7874406919 199878.123431436 80578.95709250207 263000.5690779759 356492.5489651982 256310.61332346537 328182.18760638504
2704489.1356813363 1570.0 473528.10565714777 282546.89709803526 266633.8360060333 316239.28517325694 32546.923779509707 337305.0865870907 301372.9896333996 64973.68685281664 555077.3131471834 74265.01174686287
4070409.486796302 3600.0 522023.0261513789 76712.64470399919 661834.3173977591 80578.38977517642 707809.6102248236 79925.26184606955 663033.7381539304 74401.27427392465 692039.5195429005 512051.7047263399
5484371.539186012 4400.0 777783.7757773591 286674.60467945435 734059.4498631016 359130.66112222365 818343.4339272729 265371.75846867834 840279.9154777051 325470.26924355305 772268.1071899972 304989.56343666674
5714206.72978385 4400.0 672039.2299800626 377593.8997805218 524387.3407741077 717038.209476023 768420.0822132747 428901.3907700474 726687.5604371665 397915.1724175931 647752.3019453756 453471.54198967793
5618266.300357996 4400.0 681857.922104331 481387.5192956075 816158.5271951635 281085.4005633205 808344.7840420037 298982.81634022034 648545.116196957 421899.80499907926 794880.2154492467 385124.1941720657
6603017.405680169 5000.0 574341.0420154164 410938.2301573506 894403.5144903869 721573.4718383532 1012919.6324957506 659618.5327309318 790157.4543154252 512580.46225607296 767918.2875775151 258566.7778029662
8204317.226011726 6500.0 799536.0009742596 895066.177141469 647686.7371321002 870161.5109100784 938519.387603164 842593.2224701911 581112.7295843416 912209.230037215 816165.4175913406 901266.8125675664
7932937.532289913 5800.0 395270.52320869896 934843.284378681 862023.0842803371 884555.0606543873 775769.0193495889 844370.6038971932 1032841.6832777614 951729.8925899717 662835.6771061858 588698.7035471078
7806431.331413017 5240.0 744103.528406328 918504.5480607623 783823.6183194402 754126.2534616779 921929.5210121274 440172.1891681508 814443.1435107911 863832.7459481249 644967.4328043485 920528.3507212648
6604491.146209683 5240.0 748238.2596060669 840305.1771280858 0.0 39990.8369138491 479753.4392341011 987214.7346593324 807323.7199073972 933725.9161683064 733531.1846710565 1034407.8779214876
7799376.788567565 6080.0 683777.8414599133 508587.5218018908 701635.5230584654 909945.2455264584 784756.8276707337 928910.219555902 771678.192233363 913417.1687270672 687852.7409651263 908815.5075686448
5589742.49730423 5240.0 657173.6455084712 927160.4766446454 113596.37980378771 77642.14256758458 828081.1464327114 946033.8333669652 766351.7333154671 207447.1914748532 704792.7486627734 361463.19952697086
6650814.910062138 4400.0 583706.3351594164 781808.3894807986 675934.4209525571 904297.1032391106 345221.75582079147 110057.19650516436 689266.1996128354 984083.637093449 643637.885633798 932801.9865642164
6293530.3669359805 5100.0 596499.9945574974 953869.5609611156 722914.5390719242 68953.96382281756 726349.3506342685 949214.3770311016 503602.3085118124 68257.97839265366 725965.2651242432 977903.0288285456
7403412.875405882 4750.0 734666.2032915407 898944.3558763276 696593.7699351478 839946.7730267675 592315.2965833961 970694.7691667456 862844.3377252945 532230.5131041823 726702.5697652474 548474.286931231
5898277.97661792 4925.0 818961.7578948261 731808.0943538505 0.0 23890.788694244104 761400.7023737419 918145.8454990644 510989.48027504206 526347.1831579077 945484.0259435512 661250.0984256924
5336591.301597298 4400.0 690834.3862591914 99623.50886727317 596803.985706358 999278.2194086006 626922.775389333 89342.91795344668 588752.5553890094 798917.0804534248 756979.446204119 89136.42596654117
6858235.574033459 4400.0 603473.8470338781 870320.6681422597 746282.3399610952 106236.2768752519 605876.1515682739 863613.6178535939 782091.2279157164 904532.967169407 760078.8990903076 615729.5784236749
5850400.733014198 4400.0 702230.6256262488 398269.0530130353 570590.4050817781 714591.354823821 752795.8594412685 413430.98140649934 691223.686709944 402969.9676890066 729250.9816335049 475047.8175890917
6829465.493202639 4750.0 713142.2131598297 388810.3413378863 689053.8017986029 413843.6597873495 830608.2365643148 735561.6565182897 782478.0512731123 1006699.404781 622953.6263904246 646314.5015918288
8198707.490214931 6500.0 637830.3811149447 993659.8352894266 684825.5012067631 911865.8452909548 723541.1941606503 893227.0542383782 811541.5926274748 970575.4760547724 624631.6844840917 947008.9257474744
8462295.65772318 6500.0 829413.5929582004 946073.9173411384 807127.5226935592 812819.8315512837 683533.6509646641 875230.2468848061 837132.2648482675 867346.3307550674 944543.1056788357 859075.1940473568
6884086.625845053 5100.0 683071.5908667137 905596.3218757212 247779.13701661097 675848.1811732262 906914.297319308 992815.804743476 756700.1451228813 477535.2893327937 929728.6896753208 308097.1687190016
5607682.0 4400.0 763417.4837062315 281686.37462090375 815302.3125303215 380696.1622821852 837448.4813956264 289236.84495235 812630.019221374 259887.44561301247 798454.9090112399 368921.96666675527
6836917.433492814 4400.0 748800.1368720091 431913.87751414615 791558.1632945784 325891.298715685 784038.4291611979 245089.16914976804 774658.3079596679 804536.5112905247 833940.3877555515 1096491.151779686
7540797.629276996 5660.0 679243.5737377409 713794.3623626799 678310.9659909956 423930.3773280575 822306.6576357526 864053.9965134972 811463.1353173304 882426.8353022345 758937.0648743133 906330.6602143934
8213442.721870968 6500.0 749053.0358448019 895646.8971075441 667219.6098748242 912923.5510254815 846154.8175905924 900121.5852466597 593650.2161737656 857453.1896965529 904223.6384609892 886996.1808497555
7283936.4581509875 4750.0 796075.6942610298 542651.5640121554 446869.5233937351 913152.4016317808 719530.4552940497 1084993.3678139923 833030.4431368797 500842.6890756628 592305.51297545 854484.8065562522
