s_bytes_all avg_video_rate s_bytes_all_#1 s_bytes_all_#2 s_bytes_all_#3 s_bytes_all_#4 s_bytes_all_#5 s_bytes_all_#6 s_bytes_all_#7 s_bytes_all_#8 s_bytes_all_#9 s_bytes_all_#10
2161072.328342079 2157.1428571428573 0.0 0.0 0.0 0.0 0.0 0.0 377059.9836633039 560211.2763448876 578951.6893619935 644849.378971894
4336915.362344934 1666.6666666666667 334910.3512316069 355256.10702537664 471720.8026515968 496371.41033166886 652731.2530868422 478089.453108752 513691.8184254082 375856.73523821024 299493.69849023904 358793.732755233
2535997.309312987 1242.857142857143 324047.7715862112 253332.28041878477 387109.07571357326 251120.61597831844 187504.47656202145 199221.26694387992 284755.1508966298 205590.6712135684 172040.03345826542 271275.9665417346
3715446.0 2860.0 333431.7733904339 283386.226609566 511522.146522221 513440.9732981023 524423.8801796767 111073.13224755056 627355.8464111714 48380.02134127798 387993.1746979137 374438.8253020863
5545798.166835871 4400.0 362328.08161584026 576861.3711569216 462470.97245934326 764177.9905750671 717902.2492984151 907931.67219743 629296.6626969826 0.0 341859.8271226654 782969.3397132051
6289226.861488364 4400.0 880446.5560695103 317846.2770946193 353080.6845028156 571034.8469522945 608902.5803796153 581610.1916891932 468376.2041846664 672569.4689540497 1072144.55462088 763215.4970407195
5712835.579384206 5100.0 839257.9499172267 614519.8112095428 195178.21054899605 0.0 352973.7093532703 594801.4735277181 590923.3420344599 738702.9919822075 1046347.512082915 740130.5787278694
7446942.248681188 5660.0 1053431.870303164 753431.8860387399 943094.5757963446 679917.8570723434 882329.3726837919 116612.83039717596 387945.90378648974 852909.6504707531 892086.738099711 885181.5640326745
7043406.9269527625 5240.0 661949.1569483984 755130.5972941037 1050011.6100743578 447854.8410832143 604688.4287411857 630771.3748251097 623798.8144877087 793989.3163269956 706034.2385063733 769178.5486653156
8147717.417544443 6500.0 872556.4238927742 767286.3788091613 801450.6149416678 793427.3461943131 845447.9907735771 773498.4541157191 782701.8674796318 691016.1477203727 1014088.2504150148 806243.9432022118
6408140.741709025 4820.0 720953.8857891524 681653.0525711629 603057.9921709795 855443.7042479602 826017.8538353203 347511.31049859046 417132.7059958133 617935.3485684047 529725.5632319167 808709.3247997247
6550249.360971209 4820.0 934957.5999525436 852463.9428636059 663066.5239012919 578637.4876873861 462532.69140156417 590405.6421457303 892817.3421751095 489172.8272769092 317850.76961678866 768344.5339502788
6968337.012322002 4750.0 539833.600041671 834950.1584490314 691098.6692875932 743207.1518481267 1176892.4054789469 574390.9667906528 561996.8580025488 541042.4215974279 573612.111697027 731312.6691289758
8498927.777838545 6500.0 898012.3949800027 777360.6540347314 1003181.915357594 836851.7945233033 815880.4004569255 865625.4062141501 811048.2170452257 874392.042296696 817232.5098483422 799342.4430815751
8260472.996327139 6500.0 829727.4024950215 785755.2473140418 877579.151605189 838473.162348198 876747.9453421477 830978.0707740963 865480.6894350174 868625.1837557389 774029.3171109488 713076.8261467393
6115065.7959731165 4400.0 907045.6000469904 706459.1362018969 520893.3037449971 588324.7727942122 955077.8834523133 310445.2137048367 358494.7571163259 554872.7988620249 577461.9030521826 635990.426997337
6622005.372262105 4750.0 532691.0382505581 791751.5576548927 821631.8509556969 556334.4550998628 910714.9561906812 416309.255820438 284301.38442746067 593404.0448907621 771309.1272255064 943557.7017462476
6948155.18180414 5240.0 831143.9136805506 628727.9721574706 881434.0673403852 774275.1871337426 834604.4465512137 546585.8388162917 857307.1580855469 626967.1579448219 149300.4774436341 817808.962650483
8443854.982362883 6500.0 1059086.6268190858 763709.0278729226 867445.6507343947 825867.4318639857 651324.4585157601 711149.2764698012 901101.4858934263 829144.1102190175 1068018.9521355173 767007.9618389718
7068491.574194467 5240.0 778614.3284412844 729147.9537473998 1041518.6292594846 757378.416402407 942445.8851548072 819782.1686275983 1008464.411637824 185050.71899126275 263410.6330975532 542678.4288348452
6411718.715421066 4820.0 640489.1661639437 842899.547912942 893543.5700793357 541949.5163800744 582436.5833145581 519616.347922915 594494.3598859682 624749.9960075642 483723.1310615657 687816.496692198
6552427.384444637 4400.0 138233.84719735006 947664.2073333112 541972.49828699 775325.7351098167 331337.3474114025 519026.8909805566 536752.1939754678 568047.6611403236 1188485.0166468795 1005581.9863625388
7155654.679958689 5660.0 1006210.947557112 530911.555729042 606908.6676464619 596390.7093781853 508058.2118347989 833597.4108112901 816674.5008801424 855424.5664785724 567307.9451840534 834170.1644590308
7833453.556899553 6500.0 937896.6980114558 824526.6498311418 745330.6697271868 807226.6158248233 804691.2931626607 768317.3638980972 836408.1644503517 745765.6550884665 752270.4705745619 611019.9763308072
6486849.298232706 4400.0 1051281.9579807594 719881.8474343858 410748.5881994328 701866.8852173775 935418.1765527464 626228.2112398874 445204.3014709776 531815.7697092672 507764.3955853881 556639.164842484
6231641.368391883 4820.0 625938.2144299593 526041.6813615563 529974.7870004349 704712.6432559682 998736.6521893828 759635.3451727055 592316.9579642174 946072.7545248354 547663.900357853 548.4321349698986
6836307.95887658 4750.0 391457.651459722 839582.077816446 705284.6783462358 567175.5891867348 623390.2058984612 553222.834363081 641976.9157435192 688919.8918835985 1033007.6340263236 792290.4801524583
7222178.04112342 5240.0 825324.3773518405 593568.1470288225 647679.6106413418 884781.1288964158 741070.5254997679 719848.330038397 806227.6725542693 735240.1641472592 835326.1617723911 433111.92319291545
7561603.397594742 6500.0 376232.8883695189 831096.445144458 837823.8899540356 817150.0975289777 772605.318619319 772991.1168772109 821477.6535374848 792462.3799527336 846553.0516689236 693210.5559420795
6957535.602405258 4820.0 855235.1276551591 803480.9073777515 1098782.2215596442 583215.6539064684 655660.038347662 497814.7943090061 560874.6276089799 594542.5938344134 594828.5414585343 713101.0963476392
