s_bytes_all avg_video_rate s_bytes_all_#1 s_bytes_all_#2 s_bytes_all_#3 s_bytes_all_#4 s_bytes_all_#5 s_bytes_all_#6 s_bytes_all_#7 s_bytes_all_#8 s_bytes_all_#9 s_bytes_all_#10
3259681.48762873 2300.0 0.0 0.0 0.0 0.0 0.0 208780.37107515056 523351.65269980434 886899.5348044104 770782.2040744866 869867.724974878
5781771.3516834 3233.333333333333 691774.3420509263 747179.0024326976 910299.8943179072 585082.9532688047 354037.3203009344 191666.56552056767 660609.1966298511 607968.8526073481 680263.3075552029 352889.91699915973
5435254.424128159 4400.0 711945.8579720622 490568.94000294985 698283.0282595392 368327.5081038526 741105.0965045952 436424.39605684887 572235.0788027308 436698.2605664994 857534.1138096005 122132.14404948035
5648474.902588282 4400.0 927759.5724411836 212192.92333998077 591786.4608040025 278109.7799745449 148311.7445590672 771196.0179903994 849470.3902132009 586372.0034946969 906321.251114866 376954.7586563402
6796203.437009255 4400.0 882462.3510901264 385568.5505070407 696564.8844846186 422895.1980944 673862.1933360735 473508.2795029849 698422.5956547831 922987.0655948065 798695.9281730237 841236.3905713976
5543703.817523381 4400.0 576381.2499552506 666229.7717543633 734670.7294334967 255438.64581906417 940098.5565442533 285274.4228678549 928350.4931793624 180305.6722443612 870174.0276316912 106780.24809368324
5769004.196026124 4400.0 942706.107581892 379624.2417368157 881186.6134572511 356871.3262987788 781821.080395661 289821.30986157554 698747.8004379424 473177.4412958824 837417.8068516364 127630.46810868828
5758665.130250529 4400.0 759426.7396192927 328690.64379337785 762035.8107415716 614685.3071611426 812151.9596783036 221450.39512772855 656861.4970366994 465522.7380888452 692270.903202551 445569.1358010173
5531699.127928958 4400.0 573595.685010544 504051.6835555224 615484.7861466343 506832.38814296015 658710.3676146999 482558.6750710354 742403.4950759421 371740.09139519767 729292.2957325088 347029.6601839138
6832717.309516435 4400.0 610488.7051372591 530193.9672042276 589253.7476872213 439577.0764815759 931096.7245378306 861982.9553096577 918226.4288713684 857684.9719130627 577939.6176257513 516273.1147484797
5573222.286077372 4400.0 651190.007507957 447276.3454842027 641319.1282630808 488012.3720625717 640206.7850736955 460363.1419055826 634346.180700164 415630.8698869888 931301.8538528548 263575.6013402733
5757739.646916343 4400.0 962240.647028496 97593.78963074731 953418.6388155192 171150.4541646141 966883.1990059372 343426.5260834649 940994.8995560128 194511.82478759464 931024.845282968 196494.82256098895
5479496.487172791 4400.0 942226.2200111018 5642.662711931775 0.0 733526.887216605 737683.8897092654 776048.2602150502 672580.7808264873 503038.0189617659 684956.4868379196 423793.28068266367
6334020.7168899 4400.0 720745.5517664362 452402.9497909794 703799.3129594638 418037.46485146496 731823.7295987235 410670.420438096 757659.7777874417 359762.2550388839 727404.515752852 1051714.7389055584
7035753.986313936 5600.0 768192.4208521391 767254.4778598198 738772.070443152 259335.70950523185 674785.9467527646 624359.9418607089 757618.7034312794 862815.3808253407 609476.1303517539 973143.204431746
5008296.859913807 4400.0 826684.5598179249 686367.7962799864 728887.9626810739 614103.9839266642 599554.6660906342 683798.9145953567 634685.9693090117 192042.83964575428 1159.4455653631478 41010.72200203932
8030771.229057923 4400.0 940907.6868004972 798085.9915926253 896617.7074240544 720408.0418151591 786806.3107116127 838209.8878730802 725139.2904495266 1023538.5194400843 634242.5518208519 666815.2411304306
5017883.090054366 2457.1428571428573 680496.5693945641 378704.38796950574 809575.3869516994 823424.977907893 770306.368876937 684062.8763622856 104604.2575669057 487843.1709089731 121204.6074359112 157660.48667969077
3397708.4245505407 3233.333333333333 74749.51332030923 183701.89615770857 590391.1784796078 203019.08107788424 545569.3120699023 269860.4979783884 510828.0342365086 222444.43290668743 570231.6562595145 226912.8220640298
5592512.686846722 4400.0 702392.040091926 415180.4790010353 599123.1025550303 518803.9586204249 683547.9297547846 397460.66570369794 649642.4412082741 484345.8189925847 650285.35415454 491730.8967644238
4880810.490905516 4400.0 643027.3953630319 466034.4745128672 677044.3100905875 260813.5328644722 695202.2437487004 126474.44534338758 0.0 255880.3940856891 705105.4227898598 1051228.272106921
5946265.784030004 4400.0 732774.2213356211 940966.4055770072 614556.1011436405 366538.9593588661 647474.3678651283 482486.0738862152 814142.7631028495 240559.1164893376 877629.335317199 229138.43995413955
5774894.422175253 4400.0 918885.5612392712 212847.9702815949 911926.1124382402 222953.7101092154 923892.948326458 129476.82459274626 886945.7932051349 234649.5008263973 901732.902416018 431583.0987401764
6772629.8689815765 4400.0 873078.7081335085 275573.1772490301 732738.8116101157 389930.0062230699 629359.6117678038 523648.0659380924 669877.255210018 1074261.0213131595 772889.4899945873 831273.7215421915
4619735.305187149 4400.0 818624.0035947931 142378.8322359035 301305.77433001355 870596.7810799427 912601.250945176 361685.1959820514 867714.5659713447 144546.43169147172 0.0 200282.46935645203
4205496.530643548 4400.0 626053.715732019 1040528.4138308082 799723.716968216 708795.7140927669 688581.4295418756 335989.5404778625 614.1993331462163 2297.800666853784 0.0 2912.0
7334352.39699923 4400.0 0.0 2912.0 604301.9729594267 934925.5046914592 1058847.0776410026 1024356.6106704562 716616.1310136092 1115747.964948411 840862.3746114364 1035782.760463429
7644255.603000769 4400.0 705763.754926408 725698.2114415502 926180.2684480272 997833.7341172444 714454.3576151293 948715.7151764212 760834.5620294905 787523.3674589643 873760.2779479655 203491.35383956865
5676861.0 4400.0 0.0 243705.60311598712 700753.521180984 379567.2490846844 705131.8413765931 1022795.4468564972 749066.6448506049 755296.6935346496 953192.6167465762 167351.38325342385
3719787.1508755633 4400.0 586.1459925443811 2328.854007455619 0.0 2915.0 0.0 309984.0326813359 762301.049453211 859156.8218968586 809296.3717209557 973218.875123202
