s_bytes_all avg_video_rate s_bytes_all_#1 s_bytes_all_#2 s_bytes_all_#3 s_bytes_all_#4 s_bytes_all_#5 s_bytes_all_#6 s_bytes_all_#7 s_bytes_all_#8 s_bytes_all_#9 s_bytes_all_#10
805396.913464822 791.0 0.0 0.0 0.0 0.0 0.0 0.0 160321.61225955258 277614.78791849705 178658.55082662293 188801.96246014943
1643140.63670431 594.6666666666666 257429.5271678112 124774.8470611728 278076.49529984564 51343.59867424498 179101.50782636143 175213.69446820737 200352.41603753457 45873.64491341014 147440.78744591094 183534.11780981105
1964180.398247764 1331.428571428571 171488.44983086787 24536.456656501345 203606.54334349863 223751.0 185551.5072856921 63838.49271430795 466678.6017778852 67232.39822211475 382295.0 175201.94841689593
4198660.051583104 2883.333333333333 437663.05158310407 185007.46340228376 433297.5365977162 622660.8688708234 143832.5335240977 671341.0051961114 179127.9001775042 657987.7796766766 355184.07957621425 512557.8329785722
4375146.172805073 3025.1428571428573 578855.8684969111 199258.1315030889 442405.2138436238 457494.177802791 550713.1080713284 505940.9646104851 653555.8226204846 624435.4338583394 161650.31037052 200837.1416275007
2892532.5119815846 2177.6 104941.8271949268 0.0 437980.2732765354 192213.7267234646 406912.2525036056 153998.74749639435 625021.3358919979 246470.66410800212 566037.2611277492 158956.42365890884
4885370.315722272 3840.0 566905.1176357724 203832.19757756943 568334.4836667224 274363.5163332776 584028.5893888769 394439.6376634088 628674.326705289 447835.1081756039 700313.6313975069 516643.7071782439
6770943.810037933 4400.0 710420.6453881928 373605.7976754336 469638.92479344615 745372.2695794659 736436.3987382317 913974.1577226744 809164.3136416548 727360.1987023351 802435.6687528421 482535.4350436572
7930993.368248529 6500.0 697052.3734363021 869328.1197053958 642697.7359460215 791437.6527684242 849642.8703229954 827995.5581119373 845260.4433894125 811538.88300776 807346.1528607309 788693.5786995492
8400526.737570452 6500.0 751356.1244425949 787957.9194629139 961508.8638763576 854273.5814907812 968198.6322014984 805465.2866587315 895194.1774213971 705236.0182258694 796328.2896194297 875007.844170878
7987819.671221489 6500.0 682764.8756210746 804725.8690721722 899202.2332060914 723875.3387988948 694358.2161251728 859340.0906494139 881725.0591154099 842323.5588787044 750577.9735341371 848926.4562204181
5992032.055436814 4400.0 724160.3995650872 739849.1168344002 470653.3194946379 562039.8287418885 670576.704371414 408712.7923049092 565270.4201508866 574234.3148990168 701543.5860867985 574991.5729877756
7431281.412325537 5428.571428571428 730875.6791140635 490949.1464602201 738791.7781295378 834044.4444350532 1187817.4927575728 608325.0216377457 836245.5714352374 453030.2365038092 633980.4361011239 917221.6057511726
7617878.32965759 5840.0 924102.7647899922 917608.1376459056 746149.8503254245 91770.27535161196 712682.7709896954 982616.1604419404 903244.5668818466 834177.9489797063 808827.6686855678 696698.1855658997
5698329.400395028 4400.0 722558.2425750471 531769.2202805455 592312.0052919028 449685.2508848386 608528.9129217142 492179.5720171216 622049.5810868681 546800.8447593639 581438.6983776903 551007.0721999371
6121200.579413389 4400.0 679791.5779301005 750064.2611679232 472573.0753585905 554894.3001410826 601573.6549720961 474628.55817372206 750925.254871958 398884.3525545038 686853.9864381343 751011.5578052776
7768265.864696831 5660.0 927903.4217868608 613020.5408070737 840280.4521446289 654624.6013259079 765328.2883084267 795937.170269608 720644.6202306233 834143.6113062901 768877.6482796916 847505.5102377199
8665284.44062943 6500.0 847012.9121604797 781389.9703192953 1012871.4880315068 831833.6149055676 909703.2800801815 908042.7790253328 905307.1937552004 815790.904516192 919160.1447572464 734172.1530784268
8209793.300771335 6500.0 821170.6044798354 786420.1296547753 837636.4269329575 907232.9804774128 943415.6412375752 700088.8354043593 794404.9720322996 807431.0391630406 757618.6878781059 854373.983510974
8307383.927423933 6500.0 835924.6683071723 812358.5496066129 860989.6683389002 840458.3087094718 746370.4241236206 799102.212502412 825114.7937357022 861893.4668784668 892344.6505094364 832827.1847121374
7901881.153214088 5100.0 855595.9148785837 784231.9664348173 868633.4924594368 798365.2706848867 894294.0043968079 572567.3899030295 665410.7927509262 850021.083881664 770084.3569290403 842676.8808948953
8229015.010496634 6500.0 771641.0319672741 841381.2438968077 798758.6062004439 790695.7965607683 999297.852899778 806430.9073603696 713748.1954002248 885239.7189671665 718518.0965913864 903303.5606524148
8032958.966823833 6500.0 507064.1800342808 998436.4212862682 851461.1469914964 818029.6508878233 823165.268876109 824394.6763768219 803503.1351503703 824428.3867993443 810959.8347610366 771516.265660282
7787620.943341083 6080.0 893859.6577605742 639518.1506206522 599696.6738687975 767333.4416797017 975261.6397508548 787400.3428753014 1041620.6616078512 815415.8602500014 557347.1440962276 710167.3708311202
5462040.528275383 4400.0 819139.7547065811 615797.2699126403 853624.1567012415 482007.753005635 1020400.3872161128 761077.5886570325 382131.1175878994 0.0 2914.0 524948.5004882399
6288501.871631887 4400.0 977550.79207708 656672.9497270222 696617.8606915142 551767.8417235626 644745.8062625192 528619.8490562164 596970.5836625012 491867.8667351151 581415.990760209 562272.3309361472
6487709.706969792 4400.0 638303.7178779084 550870.5008584644 648861.3819151481 479856.7431107514 564778.1761129037 557980.319498148 562515.446102929 588499.1880656723 1135674.8513743095 760369.3820535571
6905731.521880707 5660.0 698089.9999171206 590039.4022398983 754199.7134714785 574568.427911433 677088.9730190628 819273.7904792104 487958.26398365066 767107.7223102233 774138.9647812385 763266.2637673906
8113514.925831134 5660.0 970237.207511455 862196.0991212658 962423.1685957932 746960.6010470116 929652.7669698828 581700.2204756289 999183.2134675672 812866.198157009 769271.6796220561 479023.7708634641
5822316.23096204 4400.0 606132.2978706418 452808.4253423691 550204.3592635875 597137.9859715225 676950.2622407812 570587.2316086363 625130.9077146702 646871.5709611614 571818.3333301279 524674.8566585416
