s_bytes_all avg_video_rate s_bytes_all_#1 s_bytes_all_#2 s_bytes_all_#3 s_bytes_all_#4 s_bytes_all_#5 s_bytes_all_#6 s_bytes_all_#7 s_bytes_all_#8 s_bytes_all_#9 s_bytes_all_#10
1002944.277011127 1570.0 0.0 0.0 0.0 0.0 0.0 0.0 220845.28880102115 330274.34385652165 308029.0763672737 143795.5679863104
1157353.1535947977 326.4 185368.25385695905 52781.25076876342 16483.961042576848 12679.501822209551 31818.907982501147 218379.08682564815 193223.2751848857 218799.6241829237 120839.68024514266 106979.61168318753
2163371.4972322173 1540.0 14027.56939407535 0.0 292859.5427730109 194764.4572269891 370513.0 0.0 391324.0 270901.6236848424 385814.3763151576 243166.9278381421
4220306.072161858 3000.0 328376.07216185785 762124.5500301807 45619.1591067512 729784.8264571567 426394.543953667 466640.9204522444 584507.8790158946 149482.1209841053 682748.63062601 44627.36937399002
6555906.944646159 4400.0 793042.5781727083 676635.1142558899 754836.4772013902 756764.8047464186 414799.02562359296 616280.2255729284 445422.4091011516 594313.6224594192 931710.8665833132 572101.8209293468
6438575.636407764 4400.0 488507.3911074861 722619.4513704375 601414.0447745856 523279.1388711837 760290.4260153756 686793.0511220739 774804.5520926983 295316.3924602216 768056.7311261251 817494.4574675763
6295582.654956595 4400.0 385390.9146477368 724789.8939897575 889326.6561937507 542221.3902202836 726660.0579045422 491317.5059900063 607351.0712867099 811018.4708943311 739622.0188241315 377884.67500534543
6515225.4813270485 4400.0 802509.7639894821 309455.7474321201 796417.6092832481 836885.392823697 312850.9414862887 639862.8811837788 872357.3495566923 588375.5790509391 724878.4644342295 631631.752086573
6571866.691149692 4400.0 803891.2508042296 502033.4207624036 639614.3406535 439184.5944926677 715360.4163106248 856398.7317076717 393918.85298415454 725105.3082071269 641866.733779238 854493.041448075
5556733.688154856 4400.0 410591.4991667176 599469.419238399 600546.2183950006 645545.4133943873 674165.0546656281 409871.46651660674 596821.3732335455 438005.3294630668 690454.8861980991 491263.0278834052
6041412.130900289 5100.0 571532.8921523456 500589.195410468 562095.5863994682 428827.35799260007 637739.036345226 868443.7318070533 871225.7128979177 473198.5862021381 638340.3513253842 489419.680367687
5601774.398276694 4400.0 629140.7943818992 472900.4809545885 658206.920135708 612008.3301753611 379369.00099405285 761871.2892511481 490637.6863087405 609882.2702560986 569906.0413845637 417851.584434533
5779698.330386689 4400.0 694152.497328644 543474.8768522593 160911.74193381454 579083.6261888171 805298.3382072092 867522.1588913373 812956.8846782843 160222.25010053773 653118.7056802692 502957.2505255162
7399568.310246995 4700.0 727891.2667477562 381770.3331148926 657070.1763937315 901116.0232202874 885135.3805629243 907625.249476272 820375.7904987382 788680.7423175112 598484.5411750793 731418.8067398011
8679744.82578747 6500.0 893009.8875696247 898715.1109435703 882317.4391344385 840833.5036183712 837654.5054510061 825781.9267196741 967919.5255365124 812481.7086829398 932029.459391631 789001.7587397029
7951140.471128697 6500.0 784846.8387204324 908177.5469066408 700715.2965984641 801480.9506647628 857729.1316980302 788130.9672935102 781073.889309069 797000.1319262997 811897.6710466042 720088.0469648831
8843494.475790972 6500.0 1002076.9974396118 778092.6807163368 1004345.985433688 735818.2071882014 932809.82291568 818742.3606513549 979569.4560243489 818963.6783371377 936369.9687619308 836705.3183226818
8013436.278379318 6500.0 758984.4725493742 753070.740025736 806774.2449052623 841188.60401541 988158.5287646714 826282.3746123437 816540.4844581705 855381.8300802169 707963.5647623284 659091.4342058052
8633630.446801495 6500.0 894597.5366333015 790782.4281317497 851345.5987179618 789070.5740829641 866901.9404537107 965995.9522451928 799129.1022241535 912110.2401386168 893153.2322191142 870543.8419547286
8131025.791827916 6500.0 990478.2354333238 1044893.3208730756 787199.3459321089 925744.498995218 751049.6612968261 480722.0513215391 657253.3053338282 786097.5833719812 830491.2177491019 877096.5715209132
7959827.19464543 5800.0 945514.1969797924 815374.672165148 840594.7208798314 767575.8538065804 496206.4944869579 811366.5354314819 789877.2126739942 825657.5779159786 818395.222415301 849264.7078903641
8184566.682711497 6500.0 740425.3758284035 785586.9276896789 671257.3511323594 844493.6408235844 769679.4142639866 811982.8659337519 1003813.970238588 813679.5092444874 807919.8465939695 935727.7809626878
6253983.97905202 4400.0 892914.7573181366 769407.4846889271 217915.32446736103 556.0 204244.43523426616 938304.1712847464 858574.7097662189 724353.8344634187 892163.2385344566 755550.0232944892
5465750.252911386 4400.0 497913.5874224042 765532.2548211238 346790.0659243316 742805.4895931204 368619.2594613362 577785.1862975836 508331.0605350197 715906.6771602632 342575.0352834184 599491.6364127848
5986820.884294341 4400.0 828600.4547131712 708765.6571867154 300119.5335380307 643560.316265445 471738.3971725347 593574.1688203984 553183.1517322405 568245.0183011936 577654.3304913435 741379.8560732685
6827515.529277732 6080.0 729977.032616927 194745.41759974984 583082.8219732427 830314.3709658291 597668.1830905057 752966.3745289161 807428.0473153042 686914.9149075861 883143.988920473 761274.3773591983
4255395.464028106 2323.333333333333 998478.2716582832 759528.8623614596 610668.613573169 108705.40889112571 313077.76445490774 0.0 535532.9528145778 246565.47021476092 325127.572303784 357710.547756038
5131237.732621982 3466.6666666666665 542171.3880429365 359500.9716492093 603904.4785564493 161942.61866224403 458085.046142132 807195.9254129773 242865.29372357955 673369.4584339439 553308.6323388056 728893.9196597042
5936537.724288858 4400.0 324663.232688337 668225.5346073811 385354.6860620624 340677.04784967686 906425.5734909195 771401.2815889362 275905.4770209563 748987.3434553912 709579.4728564144 805318.0746687824
5382898.0 4400.0 338912.6254161586 636938.6184665859 442392.30549896514 574314.3253751665 473833.1984202678 656755.0982213111 614431.6994874541 500891.1731876279 718188.5334092756 426240.42251718737
