s_bytes_all avg_video_rate s_bytes_all_#1 s_bytes_all_#2 s_bytes_all_#3 s_bytes_all_#4 s_bytes_all_#5 s_bytes_all_#6 s_bytes_all_#7 s_bytes_all_#8 s_bytes_all_#9 s_bytes_all_#10
2012702.9031818523 2033.3333333333333 0.0 0.0 0.0 0.0 0.0 0.0 101863.7946495743 359457.27531188936 675999.9541804075 875381.8790399815
4788457.292496394 2466.6666666666665 683138.4290271209 593440.6182046244 908666.4634154668 290125.58617093525 387118.70490731526 27232.29509268475 18008.67478770538 752302.2508710512 353111.44499804947 775312.8250214414
6188961.841599297 4400.0 319070.5262682419 775218.0569444526 388052.6891155124 866775.0078488042 337005.20416349266 929736.3686856998 787558.2424282628 837832.1181520672 741230.7046502216 206482.9233425421
6104196.163428886 4400.0 803780.9320177969 605376.50013779 616105.8410283602 643903.7874379014 391736.6371767797 702767.1184061306 322392.2412898574 674600.0739844332 488850.03170179005 854683.000248046
6399097.146395516 5800.0 385972.6896835597 856191.9386763879 188559.6702130176 840984.0555812528 340569.72995284223 717358.7962496656 883095.1867914913 706553.8184593495 874701.4908392014 605109.7699487472
7722454.552050589 6500.0 924472.9427591346 841827.566953885 895104.0590418782 526412.7215560616 909374.0469152378 611033.5631663185 903946.16865815 873863.8851053292 873374.4845216488 363045.1133729446
8663517.84133684 5100.0 899950.317091175 697106.269314684 668295.1455868483 905573.7506892224 805692.2610461436 905716.4485572532 957459.6968687532 989290.7569962132 935861.0504586644 898572.1447278833
7434136.259510625 6500.0 806480.1601645923 216586.6981460427 752262.5496169929 732598.8388111643 929945.8511233684 855397.4862703336 749953.8010438433 837573.8933885976 653375.6866023246 899961.2943433651
7968050.381093507 6500.0 633245.8969351302 901443.435912014 635509.7350213161 1010633.9944820096 733616.1780794979 922314.2428731936 469059.2307907111 873181.855569411 910895.3132736674 878150.4981565562
8933751.887580493 6500.0 937542.351075314 1009812.8222555964 797563.7307629852 853238.6246380091 935675.6676637828 785252.1845366654 956539.6013528282 807397.919586882 935192.542759628 915536.4429488038
8145114.183090095 6500.0 844481.271565291 687098.1995286171 929208.2206136474 940494.1685890848 851151.6115628607 553484.2163745567 949492.0234218563 634778.5116394432 951607.3443132968 803318.6154814407
8723705.663191142 6500.0 924036.1557758348 689359.8397241647 942286.7991781246 936861.7436417224 922215.953205796 625459.1683430088 980352.3447245758 886277.7503244058 842361.3850850407 974494.523188465
5245742.630511077 3400.0 737317.1570228945 965202.5239479257 683054.363312534 229332.88348237856 582031.9415132503 509815.6292477537 516594.3439711811 307949.54801997496 582772.200149102 131672.03984408188
6156166.012984926 4400.0 754463.5344549286 902757.9828314112 504902.6039368391 648904.1731467237 404467.517893799 725127.8999969476 528544.3354866715 687272.0234293403 427438.9888121651 572286.9529961002
5739846.257161297 4400.0 562130.4531630661 661241.9221016952 390842.5592380628 618806.6106507952 578431.2156511673 735503.2736672411 309591.71850836097 688541.6842779585 405855.6400868664 788901.1798160836
5449763.937780554 4400.0 341512.39419401035 799556.1177689803 329123.95456665667 840070.5517243575 62160.43708910272 851135.6165507026 362398.5239541296 803508.3015863403 418566.512258811 641731.5280874632
7395841.456020897 6080.0 937620.0538557596 788086.4940376838 744576.8498926063 655726.6488208603 246869.88320475796 703431.4936281657 645009.2171029139 973872.7747744292 897962.3399570032 802685.7007467179
6873030.2279891 6500.0 763752.3497594972 917324.9664721608 811209.4828072548 815724.7753681967 922443.1177459708 918956.0621804808 534997.8362524508 0.0 411514.1666470264 777107.4707560611
8242229.119510896 5000.0 1003491.1665461764 850831.958292864 924598.560173353 788517.2382834206 1097738.553550647 826111.584467734 486905.95953845145 897061.5453363955 773591.6637274054 593380.889594448
8006395.220377023 6500.0 914529.1074039014 550872.9075836743 920616.3066505188 897840.7840888442 835661.518052507 607480.534328635 884428.3746982487 933763.5961054234 695978.5301256481 765223.5613396224
8243225.525833835 6500.0 917027.2089944351 834436.241677166 832851.489895202 685765.8066296619 985576.0722819318 716138.4671229038 914700.0912413694 502439.3081142572 927038.8747405836 927251.9651363244
8321432.159941933 5800.0 827341.3873965407 810167.9551403126 974327.4660672388 736975.8035967315 901672.2445834916 917333.5300412216 935221.8007177534 957190.9009408144 827225.8844059897 433975.1870518392
8197534.540886155 6500.0 967929.469255809 921939.8026877398 893933.3187414826 748412.2757441378 779974.9653442409 744748.4455385803 786128.9586025935 766534.1010186423 649660.5941983147 938272.609754614
8234295.957685678 6500.0 753336.7868042322 840002.6170363098 744275.4778511415 885257.7706999842 865035.1146088298 667769.963098937 934496.90280622 829476.1421171422 853503.7688613731 861141.4138015086
8286675.110882663 6500.0 946114.8989690258 664747.9278698738 727856.0646804714 846755.0151326623 908310.913036172 765594.6840405259 1012046.0694501386 721780.9126975319 951786.8506389154 741681.7743673463
8474897.284710176 6300.0 924941.8364740524 678434.815009268 804006.0762818838 657594.1652128908 922612.5571005848 1070150.459098217 859499.1002245088 973432.2968734392 724193.8467029053 860032.1317324264
8119758.442768553 6080.0 991949.2676286884 748927.815732293 719254.6530312557 808130.0217357422 961281.1442767004 707765.7022471505 899470.0867442731 679547.7477786139 971168.5438560682 632263.4597377679
6714440.881151363 4750.0 2912.0 0.0 516036.9415131229 912411.38837768 911129.9298887632 894647.1063422728 779314.4042793053 958444.654802078 1008187.848495382 731356.6074527598
7425007.464515746 6500.0 607655.3419821663 744517.334911378 891536.7995348311 664495.9287034627 916632.401617616 631068.9599927963 936154.3154664518 381817.06538044696 943366.3025394198 707763.0143871765
8353881.370322348 6500.0 956449.2550311604 634246.4686917705 1003637.8474593348 856325.3742691744 1007776.3771099884 739835.251850734 790845.3636432012 850193.4608755975 959956.1407204386 554615.8306709467
