s_bytes_all avg_video_rate s_bytes_all_#1 s_bytes_all_#2 s_bytes_all_#3 s_bytes_all_#4 s_bytes_all_#5 s_bytes_all_#6 s_bytes_all_#7 s_bytes_all_#8 s_bytes_all_#9 s_bytes_all_#10
815145.0073362367 958.6666666666666 0.0 0.0 0.0 0.0 0.0 0.0 32046.3891853304 385825.14554611145 197863.3085950836 199410.1640097112
2022166.8842330864 1020.0 251671.11790171795 84740.70114279748 253948.70957850144 298841.6580841769 236095.409157085 225158.3967994845 2858.8900083089898 102047.51330665249 300072.0160686186 266732.4721857429
2387453.108430677 1660.0 212146.82953902203 236928.3307940321 127963.94809762284 37198.04363488237 188044.30397901108 473704.7518845589 143064.64276112686 390745.2577404208 9516.52586284971 568140.4741371503
3838913.427822839 3000.0 6084.880178147845 719928.3431191621 32901.28622598136 715018.0729860746 62002.8223370288 768533.5477158385 16675.94710611499 698690.2314242786 35082.15300900721 783996.1437212046
4642130.663996985 3000.0 63934.62363411677 668563.9485430446 39022.72458508247 725336.1948997601 62231.35717960428 961183.1611703126 553140.5489051784 710014.659032905 77151.00861539818 781552.437431583
7260961.075095124 5900.0 13359.471696750466 839417.8298096278 758270.269241883 702808.8987157661 910349.2046536428 835137.8356922477 761763.4350154911 797244.3561641515 814569.3297083778 828040.4443971853
5405928.743266361 4400.0 321870.48469461175 724264.5601868484 380120.5941017258 687279.2401349711 471385.2684201318 721225.6724846507 448780.4883076495 712026.6797365156 350950.0726901796 588025.6825090756
5701143.227849592 4400.0 468702.2493074309 613680.0608032108 477532.65948663617 686172.71096456 567383.1198614714 644967.6459134291 502208.2718528117 677544.836220309 437622.8720027174 625328.8014370151
5760627.8505311385 4400.0 536079.9288012461 672077.6026761534 445273.7731911655 636015.9865019092 538802.5415568069 657872.6858079351 392605.0718633807 841729.7029160615 304845.45178430807 735325.105432172
6355820.087330878 4400.0 908423.4482112472 524906.5632267146 42229.78624211493 758444.3748218424 946238.2380694996 490562.600866543 43246.22334743183 776328.026350843 949073.9455581156 916366.8806365258
5665595.068610085 4400.0 678575.4721370456 770738.7162318197 346699.66485082515 590999.9556033056 504304.47048719984 800988.6331502006 390513.0498482477 790172.7208314199 357677.1563359988 434925.2291340221
5677926.287037557 4400.0 674423.639978076 730275.7560956482 394617.459423275 814528.9148701088 298074.0851298912 735133.8665082753 367527.9716270791 809897.4128952693 302479.5864248153 550967.594085119
5847088.355497395 4400.0 721399.0881847828 702111.4890191179 397510.9220381997 167566.7755766504 745607.9836717132 788885.4315433458 563114.6822038584 672477.932193458 408535.5790382125 679878.4720280563
5567711.780504484 4400.0 484193.6559913231 616004.4864970382 448682.8379909561 685143.8641335492 494422.0135007254 702886.4075320975 491804.7324432896 678986.262610432 368235.5640379287 597351.9557671439
6913016.450639049 4400.0 511625.40815967857 528100.1765804337 581726.5631870145 676425.6956254344 982871.1259188596 941438.0273212924 751926.5562433967 755858.3794767949 468313.0516594323 714731.4664667116
5568403.725717569 4400.0 384888.9118170953 764691.7625270856 393838.4715151708 659073.2504713071 422158.3898506108 759979.1956372452 381753.0 751697.4150786294 351758.5849213706 698564.7438990541
5627903.421637818 4400.0 394388.6577295948 786518.3874340727 387965.3778075444 798491.7756273808 332001.88585233694 615301.7351423935 460301.6558192592 646637.9663155733 533799.1773200938 672496.8025895691
4892623.834463127 4400.0 361185.7994318373 570609.8187525015 503606.6584727032 703715.6495042662 492475.4890673134 622786.1450845021 539622.2849576818 696099.3899518149 368606.1686815886 33916.43055891836
6381164.690524329 4400.0 927241.3147078956 808536.4015307154 481398.7495434661 706660.5398249977 369605.30722898274 665404.3882197721 499875.094233471 855471.8479399965 307478.35677070264 759492.6905243295
6374112.090837318 4400.0 334527.30947567045 761579.0769313838 878891.2817908989 719466.7685211346 867235.8145172386 700477.5898252062 568520.222102893 736497.2463112447 10463.534919611566 796453.246442036
6579054.996517906 5240.0 495812.1586665794 758687.2722946963 754004.6757757755 670073.2718825225 917848.9073801785 506585.08456629736 666342.6188242346 829253.4340232036 263347.7954683386 717099.7776360794
5694219.527827762 4400.0 424315.9569635224 697253.0140973491 427808.2405453275 612520.4230153861 537031.5253610911 649426.0369902158 594223.0439816446 683270.5102339402 342867.30500038713 725503.4716388978
5701432.506901866 4400.0 379262.936335932 674928.0676779421 489132.6902788112 719889.9875324342 357332.01246756583 660296.8466298161 431312.3513265738 687355.04095467 438469.7814772057 863452.7922209153
6251479.457408615 4400.0 306691.5210855734 323215.0555139833 757635.0687928053 730189.2682848163 472492.6374292672 857726.8848746965 258999.0175244996 702650.55030865 922936.9618300148 918942.491764309
6384089.46116691 4400.0 749529.7998292593 659757.9175960915 623889.0125568529 414986.0726710411 578572.6604738589 655318.9541047779 821708.1431913736 641516.5244788573 612915.7340743509 625894.642190446
5617775.1424622005 4400.0 360013.1130033364 752387.3663849358 338113.1857812687 594525.4167936223 556395.3227737157 676984.4593543955 451219.4047240197 672126.3432909986 455957.6630203866 760052.8673355212
5369416.664698139 4400.0 323242.9694784024 788799.8790356538 334157.90659800515 750952.480235094 426375.1781553096 652376.4914164789 466893.89000137965 614049.8365538858 424030.5212600205 588537.5119639089
5747773.62532663 4400.0 576648.1197967397 656019.274935967 460661.236638806 624756.9677399521 471963.88954838266 568475.3542741374 554594.9853329381 507950.0618285655 586837.2135335226 739866.5216976183
6181437.157806831 4400.0 379274.5935643579 594404.4990861876 585508.709864366 434088.9013716885 664091.7331693376 742568.7355821276 332017.66369026084 776292.8221546492 835028.4609735 838161.038350356
6240254.086567055 4400.0 878242.8688496538 409519.94322266016 725528.8664491809 558906.2586026051 635123.7413973949 690327.6426920978 352155.58058648393 692513.180882903 498551.8614657183 799384.1424183561
