s_bytes_all avg_video_rate s_bytes_all_#1 s_bytes_all_#2 s_bytes_all_#3 s_bytes_all_#4 s_bytes_all_#5 s_bytes_all_#6 s_bytes_all_#7 s_bytes_all_#8 s_bytes_all_#9 s_bytes_all_#10
2673346.9879952315 3000.0 0.0 0.0 0.0 0.0 0.0 0.0 223923.91785820617 658439.2841593637 817146.4892189942 973837.2967586676
7500922.263360229 3000.0 783602.9966098003 744129.0245313498 792431.1547889219 527340.559879466 945994.4823279674 905162.5684257684 780232.663571166 523578.6881409627 1015196.9318255103 483253.1932593165
3778316.824352293 3466.6666666666665 317094.27517730155 609759.4734672375 2915.0 0.0 227305.5510352585 634675.8822353748 355782.6708059982 560041.8959233684 253020.0183584467 817722.0573493076
4379753.924292246 3000.0 792675.8834367696 500162.0408554763 253255.7208452871 494268.2791547129 241445.0963267318 464918.7342972789 318480.14293353265 562271.8045786478 237456.97548448117 514819.2463793277
3813127.5642105606 3000.0 2917.0 0.0 268924.7542486948 892505.0957450259 554135.6217526207 592585.5282536587 242684.56774717025 531142.4322528298 242549.71786241577 485682.846348145
4572946.34343463 3000.0 311006.2925090063 469242.14328043297 2916.0 0.0 261991.64118495284 826914.3317384515 887438.6946303756 901534.1532639392 430470.0256831841 481433.06114428793
5492571.53482725 4866.666666666667 216623.0430705626 565249.9107943028 189375.89031232696 701990.3373227387 734883.1855213835 722708.8026939223 333359.121697221 934450.0166342374 81880.7843081137 1012050.4424724414
5650088.646213122 4400.0 228225.77263351635 931774.943845718 101503.84104832418 861676.1587273341 390366.5657456614 938601.0077231308 157875.20851300872 897216.1501482248 246356.47109164236 896492.5267365602
5401575.806967435 4400.0 267236.94811770064 896158.276175256 125199.54415301756 900784.4046634546 246029.6829763196 906974.73650645 239754.82269916343 890313.1756252551 151606.89241475766 777517.3236360613
4715894.104347002 4400.0 428015.413564329 812128.4582072562 391912.935995154 764247.9011151248 281970.18657301273 512878.0135279667 689308.0254211925 587920.2016270389 247512.9683159271 0.0
7356859.414558977 4400.0 270040.41472393845 663724.7913064902 472531.2746514429 685043.7212207312 920844.1290880054 807212.2331347808 965194.8146712848 702324.0322935159 1087234.7996829106 782709.2037858763
5961799.202811378 4400.0 706821.7477872286 580431.0213517557 464453.65633378713 609605.556885188 365452.3233663995 948873.3521376394 185340.2340586168 918178.4995837212 291630.0489900892 891012.7623169526
5700345.7154978085 4400.0 243987.7907946417 835817.4659978228 254154.12583718088 347272.1147349573 720638.3485765427 784265.1099781317 463111.0170148272 913786.74432829 208709.54610654377 928603.4521288708
5628675.342859824 4400.0 170976.66713183653 846636.8976877626 290279.0499081612 888167.2071009986 311021.0262241611 828168.3887610177 214456.43031789872 846538.0946579602 418256.90167860815 814174.6793914197
5767979.591711522 4400.0 310887.0494626214 634645.0514938168 502886.0154222125 649627.745332784 451745.6886552222 613818.4196749704 409822.149685769 904704.3376578292 307677.6666759889 982165.4676503064
6533312.469798596 4400.0 885991.2503740601 897044.0686694714 554518.6047853335 935922.2866854832 110800.91869239903 951353.7670636282 278606.16065045976 907824.9314142492 97916.36556147928 913334.1159020328
4512486.262761895 4400.0 283969.76647041325 872767.1261693956 63810.37012208545 0.0 208131.2761701561 522880.1346858196 585077.8113117566 633327.2754569383 966406.3598297016 376116.1425456277
5284007.970433844 4400.0 231786.06639933016 555790.0092492125 561308.6193875868 616200.7178198595 537325.0795162963 639832.2345026198 387202.50059531885 634027.5285720334 523580.4172136447 596954.7971779419
6728184.358525414 4400.0 578055.0620566155 654315.0248420488 923497.2722042244 761861.4263509044 899641.9383999533 678456.9305446785 516392.32807962986 661535.0064081523 382167.71283632814 672261.6568028791
6161937.270223968 4400.0 330622.4482169187 925064.6566425196 177801.73867002188 899567.6111657259 145215.10217860376 898164.1208462425 201516.2881359617 921516.099025026 875243.836675498 787225.36866745
5820117.459869551 4400.0 922381.2348012476 598509.3824224605 473399.3022573352 642740.6848921564 392453.4513848106 673640.097634053 493283.3832635877 629952.6054239968 419939.67141554574 573817.6463743567
5780184.714313763 4400.0 572714.9307161563 673311.8376550697 400447.08190154 683601.8201660484 433706.2954365172 678770.2387048157 329667.9862152713 883309.174214917 182203.45397611885 942451.8953273084
5387028.867493693 4400.0 200277.2266334605 920164.6247218298 211991.3181152284 930501.3633629732 131762.6937999684 804033.9322140637 486522.9413124391 811994.5192211636 329261.6921877427 560518.5559248236
5523025.037953761 4400.0 462529.1848621228 615485.9562394266 481247.55750777584 602359.7586375321 470523.0251409946 647257.2672791749 419982.7167657494 789728.3636638157 172132.5290431751 861778.6788139937
6633544.34478596 4400.0 404983.3960752336 802184.8754485729 135188.05627123397 847355.5074849249 585057.8541677574 826214.1957072373 856890.4541874353 887737.7830704176 575330.4612022286 712601.7611709189
5626989.30292817 4400.0 530840.5923112326 632707.1539225043 561752.4946460924 561991.5930628383 452493.35919276805 625159.9495582245 472763.4724033456 637521.9775165312 528581.7075441657 623177.0027704673
5554645.515971489 4400.0 456515.5718271135 558655.0904340557 385139.0112107061 296337.0731194068 681320.5272300588 786311.949896721 652083.9439621922 596783.0705269655 573933.6828914037 567565.5948728658
5631841.178617159 4400.0 468366.5758561168 563782.6982153963 474829.8274540164 648513.9740741162 502879.4413840763 683827.2841040975 393994.44977747765 589114.3500354644 620687.2778634842 685845.2998529135
5710288.638112383 4400.0 455126.7936225793 675370.5625890736 296010.627238674 882634.1180315843 171669.56746691107 759071.6733719378 391247.4906215051 890085.6565969461 250959.20782380368 938112.9407493684
6718206.340770844 4400.0 246502.1589489488 760550.1818218952 242018.9917490484 711238.4920749967 763305.0341709418 803204.4501682023 1011801.4060391536 746928.2650018216 690395.1963682 742262.1644276358
