s_bytes_all avg_video_rate s_bytes_all_#1 s_bytes_all_#2 s_bytes_all_#3 s_bytes_all_#4 s_bytes_all_#5 s_bytes_all_#6 s_bytes_all_#7 s_bytes_all_#8 s_bytes_all_#9 s_bytes_all_#10
923183.6573415608 474.0 461.98713313511774 4331.012866864882 102038.65987680887 148431.7005878419 134091.63544646534 139342.29771197602 109645.39798166812 96217.57057148528 89430.74406659005 99192.65109872528
1112672.208441113 288.0 120316.41915638476 114537.986663839 98334.8885815534 81578.4450067299 126216.25841812306 125397.34935448958 178542.8707334268 75856.4542154622 56077.24587314904 135814.29043795518
887881.1623519488 416.0 114558.92228671872 91997.2522250602 92218.64315649192 21146.22513866839 46785.03129012237 89785.50726301532 127802.46852540514 89843.81601968176 101298.44393980122 112444.85250698376
862613.8685859727 320.0 98953.29274983138 138837.42611524937 100530.65447853686 90506.51091076952 95088.43837674204 25901.64923424821 95596.25840794764 62513.07468954691 100429.13464761764 54257.42897548316
604235.3515673139 288.0 53723.02639450463 32858.75237550639 60214.68157101337 72978.86872389478 61857.95063439472 66144.9512595689 75091.40266387221 62792.17500070411 33554.91523468132 85018.62770917345
583050.3638203014 288.0 47131.99543945509 66377.12849702698 54111.26285904624 86086.36491656251 2028.850322766827 43551.43834200128 135255.26600020524 67283.86904102693 22151.693838481704 59072.49456372852
667777.3878917894 288.0 39203.66885375574 50041.71903803376 20313.60364097024 54172.63646006452 81221.74322899812 67903.83039002867 55077.01641223976 109991.26275532183 87509.06419936536 102342.8429130115
636072.865399161 288.0 17134.687830513445 102016.52191293825 35902.14728383383 93655.93349481968 62364.74204780331 97195.75824857804 29021.201040855387 74727.28115446746 24615.57984138031 99439.01254397129
697101.134600839 364.8 93608.16497863064 12303.969622208377 104831.774904077 95643.22509592296 17014.083697225997 84089.916302774 19955.222345109683 125391.77765489032 19757.767581497214 124505.23241850278
1312157.265680881 1060.0 19015.643846147475 221904.3561538525 100834.76757177348 142303.23242822653 96860.2136196968 141011.7863803032 78211.3190593665 151616.6809406335 74544.90093586317 285854.36474501784
2171045.9550975785 1500.0 87924.734319119 0.0 99033.98669537171 300147.966463342 338578.9226528148 355328.4642647834 219635.65992368816 341400.1665884699 156723.90803044342 272272.1461595459
2115839.1043797024 1500.0 144861.86505084884 291072.656197454 127988.30514858312 285230.2655231248 83646.98528097649 264414.0994752906 258555.1028941936 268455.9796112653 122698.63256032346 268915.2126376422
2439977.550383568 1842.857142857143 133882.60545172967 266996.6074038438 149576.81900619797 298113.92867702147 115769.87594363008 309804.3890328176 396802.8448351969 345854.6440413411 306400.6522200811 116775.1837717072
3493361.051342802 2300.0 425402.55166928144 300162.00052572915 415166.3687843671 307927.2853987486 314975.40415129275 371458.54983143136 330060.68167140486 374276.1956275929 281126.9910897767 372805.0225931769
3109613.151239304 2300.0 276514.22689588385 347970.15464163414 306094.7574346437 343764.333269677 296057.6634267173 305169.6958282303 279805.03839964507 298372.21569616714 313521.94370948075 342343.1219372245
3037929.09735277 2300.0 296773.5157516431 302736.03869272873 327190.10922498093 299056.8076132165 251742.61211210047 307941.5877342783 314565.1383402675 323177.0430678969 275939.39620450785 338806.8486111495
3075554.366960548 2300.0 297629.61990710814 338408.5278551535 297442.60329161905 315944.5639128018 280360.80180204805 297539.06776240875 296703.21551289846 323947.9207436895 307655.37042758195 319922.6757452387
3445253.096306711 2300.0 322851.2685232209 338520.9458892174 261375.05063823165 327505.2009160435 272923.47687935684 397465.6800793096 355618.70467085496 366498.6997315909 448241.3042956347 354252.7646832502
3273632.9920590813 2300.0 114337.74704715855 364650.3850721048 310705.0865231565 341264.7385989008 416567.5862598147 371761.5591509869 339568.2324830449 383407.2038571922 306760.3366352894 324610.1164314322
3346104.15504383 2300.0 386207.2850025951 319757.18266874936 391815.74192722153 331332.85677314486 265062.30282534554 400422.2936286495 242853.87977764147 379430.04501752456 301759.03130518924 327463.536117769
3000980.6944088624 2300.0 278525.44617807464 318739.8352019475 311563.1372452342 301348.34218698135 262091.65634001157 323368.1630067356 284401.9423987448 282993.6872492037 300976.08079895034 336972.40380297904
3069970.260296711 2300.0 308690.78088790213 288785.0233118226 308848.677550451 314525.7017467634 318376.5309038187 288987.8388833911 322405.3634095187 261106.4675343221 336565.3666388908 321678.5094298307
3486884.463618241 2300.0 266290.6467298686 287476.37699958496 308115.6337154473 371659.01794358593 412182.6874328911 342607.5491149279 410525.4210861046 363821.3655190302 337614.34619413846 386591.4188826619
3278595.6735092183 2300.0 340408.96998091065 237366.69527169096 378137.5589428146 326583.6172759663 268512.5347807482 301451.036610767 383406.3151580097 356405.7838652628 306569.0509466792 379754.1106763687
3031242.4001710387 2300.0 287581.6233912356 360983.43940667296 228391.01479627276 348318.5143859564 288727.90824255813 307005.29829211195 294165.52090600604 285999.3385914542 322380.91385088523 307688.82830788527
2990668.101585429 2300.0 260407.54863247005 266326.53899455804 297790.79709717503 428058.66123735846 289292.5818879097 297238.0862140411 303848.8513150357 276405.6320932159 314260.98854782886 257038.4155658364
3178302.9083851767 2300.0 371646.6042167528 312718.9038388957 279570.78409291233 319759.2512397252 312601.6010734153 304188.5327707798 348568.9763065061 307531.2443962585 278458.0677321502 343258.9427177806
3702895.607759308 2300.0 269326.923115022 404394.5496764866 391263.9768520328 343970.98709999566 383974.7080663176 409538.2391887361 372363.86282743193 422951.4348614466 322351.2301791034 382759.6958927356
3255183.373920054 2300.0 338809.7320379494 366518.869397349 279990.2215883252 358350.6253830011 307575.0788212475 374390.6519664912 220080.4784156105 282844.32801965147 326286.7094771668 400336.67881326174
