s_bytes_all avg_video_rate s_bytes_all_#1 s_bytes_all_#2 s_bytes_all_#3 s_bytes_all_#4 s_bytes_all_#5 s_bytes_all_#6 s_bytes_all_#7 s_bytes_all_#8 s_bytes_all_#9 s_bytes_all_#10
1441372.756299518 480.0 0.0 0.0 0.0 0.0 0.0 140857.5661841709 179481.42757334633 402677.6474217194 377296.2339483383 341059.8811719432
1851139.9301344373 1500.0 64248.24370048191 2916.0 0.0 200766.29008817213 323660.61169759854 296103.110440685 274235.32685805723 302047.05415288673 190193.9739021455 196969.3192944105
1999675.6547852743 1500.0 203007.7416626251 180452.22980279895 204568.95548987103 200631.1605855729 264464.3566318501 113716.038437045 264479.8309562812 104287.67305294255 203254.6987599516 260812.96940633588
2584032.3194532525 1500.0 219147.46833176617 231425.43758147588 188121.87567611312 205334.102466834 228106.0259143609 184770.9465163807 335983.41189643444 370598.47359855537 331393.4078547016 289151.16961663053
2748220.149214708 2166.6666666666665 264302.3393275174 224762.9329704512 187092.52840006896 176093.4007500516 284169.4986470108 338235.09026113944 309703.0832523233 323369.009397897 311156.46219335555 329335.80401489284
3038201.8148282287 2300.0 261225.878552677 314567.31230091554 290780.8550132156 301779.2029991995 229913.58144720612 300113.1183983052 292529.0117231361 339518.42210736376 309615.45001685154 398158.9822693582
2999267.968128473 2140.0 327397.19741198 337988.9366812815 434766.3429667456 332918.38136998593 306082.8749823411 317734.3648455829 128991.27702666368 96139.71455684424 275402.5819352122 441846.296351836
1409907.878470493 840.0 200832.52412820663 243086.29716749344 72863.5858604075 178037.9239848249 40924.07601517511 138859.36825132417 86447.63174867582 171691.08766253642 86865.91233746361 190299.47131438536
1879238.5292172465 1326.6666666666667 102586.52868561464 171599.13084782517 38251.869152174826 148782.8129967509 355525.18700324907 162554.4775541986 85467.52244580141 223729.0480478169 284144.7052744477 306597.2472093672
2931970.024746673 2300.0 265032.0814953317 303111.59713529865 285580.6670834327 323980.2346980804 265266.0503203913 304099.2162826606 298757.73290396645 280737.367190112 266626.4450325552 338778.6326048441
3063827.344006503 2300.0 280193.5151276104 352365.38584347814 255749.70734284748 285901.6536673247 318309.2418909823 346351.3152685728 293033.10881679354 321627.0729464138 278131.130428961 332165.2126735187
2149976.808097868 1500.0 293660.8642437021 269468.12224087544 186792.44239211504 196604.03854436785 203884.3911734083 143893.85327614407 293970.2938668396 164552.55258957655 245450.07238816327 151700.1773826754
2247290.3382033287 1500.0 193869.0132788564 160203.156768302 248404.13510929557 218708.2884598072 235241.55917267277 300543.35379837133 290407.3160300194 240335.49306388744 261149.7153061093 98428.30721600744
2690881.4868996018 1766.6666666666667 198744.76248609152 242188.37589950435 235486.62688690863 494857.8265126028 232642.8976241186 260139.1805753677 163476.91681976969 263080.36331113544 283664.17889829306 316600.35788581043
3127150.353045265 2300.0 299296.8700102533 322477.3817778623 287831.65932238684 337197.09013840096 308447.0701706767 320787.86337793444 292454.41163566674 367542.00089858624 272781.67336214805 318334.3323513496
2447531.9289618903 1660.0 270974.7271614215 276774.86580318835 307668.1495239056 271539.4679283727 182770.4237716198 202000.6344444448 276703.8058488507 179919.8916407898 279987.6783465353 199192.2844927617
2184988.9500784823 1500.0 250384.7155072383 197884.0278523072 178422.44219141494 192274.80877162848 241538.7211846494 182681.3773993624 267567.6226006376 237126.57557178297 225623.4182981141 211485.2407013469
2105380.0890990924 1500.0 198053.16102103656 240564.9965963693 225235.6078113501 168445.48641611432 253245.51358388568 192306.15074425036 230769.8492557497 225248.2581417436 210259.9695636304 161251.0959649623
2941003.7421103017 1900.0 308499.7232853744 358691.9435681883 338642.8711141741 314728.5263943473 227562.74021601144 237382.52355145305 280120.27489502187 327870.10925325373 268549.915328341 278955.11450413615
2993417.3638916896 2300.0 299436.8933297254 363930.71553038113 264861.2364097194 280658.0258545057 263056.5078762678 294338.6845733517 310109.55156689044 368252.2211116487 272165.1629907797 276608.3646484197
2900023.639576343 1980.0 302642.20771114144 360318.260591328 282036.53780473646 304229.6261053152 270821.1957834526 301626.09102101054 326989.54128226073 378759.5997067572 185000.55281341288 187600.02675692787
3003452.088333097 1900.0 275288.8462449793 449235.27161811705 199040.77879828055 331964.63697361475 187533.99760166497 248586.6761804509 296244.393325135 345118.75719149946 332294.2730110781 338144.4573882768
2268192.869056045 1660.0 288243.3758445496 107409.46657368304 0.0 218760.66884868857 236893.7972258641 219208.698140026 222218.1442714157 222768.77914451703 369953.2887599825 382736.65024731855
2554313.001927144 1980.0 234989.7059359782 246925.0764658113 184718.45280555176 250051.87018968427 169397.28080351977 221106.91541618807 303867.58143483126 340736.1282433833 276779.4205650573 325740.5700671385
3128293.610564553 2300.0 313147.1992423568 266775.3689298334 281190.9137874483 331573.4920576696 289896.64646549843 391552.5326113318 354770.3152335956 319300.6853234763 300004.44693595765 280082.0099773854
2334187.03160516 1500.0 300811.92027071386 337451.0373169518 147394.20260871097 206509.0143034159 196690.90382167077 230621.1276628503 207092.90712919369 243336.842650637 242693.71966723131 221585.35617378424
2046391.0661566453 1500.0 216345.5530922362 210532.76864498868 217413.71902001012 196350.4517761328 201741.02280533875 167877.98430570937 229308.603640716 182862.01707409747 264017.93581827555 159941.0099791405
2592280.430392698 1500.0 273443.8954260646 81538.31763162727 288531.82549646165 220376.0131628464 272899.8737878404 210285.9010185886 312995.8878935069 374188.2289198283 329510.6578753832 228509.8291805506
2565315.677254949 2000.0 291118.8327159872 179825.87140436363 272836.679251624 207865.4354913564 166862.13460956974 144805.61741864012 305357.4726463258 284562.1214698342 351799.2801815622 360282.2320656858
2143464.5904003065 1500.0 262940.1554610381 650.0 176463.36915662064 322922.6308433793 292127.10929503496 171068.09169890877 251912.7990060563 203785.9829013432 247177.69160229567 214416.7604356296
