s_bytes_all avg_video_rate s_bytes_all_#1 s_bytes_all_#2 s_bytes_all_#3 s_bytes_all_#4 s_bytes_all_#5 s_bytes_all_#6 s_bytes_all_#7 s_bytes_all_#8 s_bytes_all_#9 s_bytes_all_#10
845781.257326986 696.0 0.0 0.0 0.0 0.0 0.0 0.0 9464.250865111066 269764.7070678092 326674.0322250965 239878.2671689692
2224042.1845110543 850.9090909090909 228115.1186796476 327906.69715004787 290751.200626704 292098.7262166145 0.0 339980.58096469124 42483.14487000505 337278.40396666137 179919.27449121923 185509.03754546345
2412053.63606092 1500.0 180537.40440366865 257548.9446748872 389479.3645794615 52791.16367858152 273016.32829810755 173064.44586202872 285609.90666522464 191046.32422500307 226374.03074158853 382585.72293236805
1760273.2725277548 1766.6666666666667 16709.80519753683 313992.764895606 205346.59142876056 188639.76057913704 171626.62147710274 216353.22891580543 201180.4059534375 226765.74365365432 0.0 219658.35042671437
3220191.4012269303 2300.0 315744.61883260857 340528.5118608363 246981.39253927185 355128.6345523563 246761.197712062 362208.6306194906 252737.8564543432 384366.04657228704 377760.58092593 337973.9311577445
3167961.177359217 2300.0 339272.3039636927 332322.23853931745 135209.16962417107 291405.38977647235 381748.3639335267 337060.3564584347 288179.1143115525 345234.65311057045 359528.83351292805 358000.7541285511
2737893.5702398936 2300.0 358429.4529557598 360716.6303144498 353699.8478245583 395977.24097106425 294087.35521507496 362795.52888565336 327160.3063245615 47675.70849601646 0.0 237351.4992527552
3037873.9509752 1900.0 321213.3947976281 383249.8895390884 365033.6524023773 321165.5717498444 193746.63769549856 243192.2780316547 300132.6021066614 355032.5862103966 255645.2342906221 299462.1041514287
3044501.995748808 2300.0 306677.12998546683 344585.2533328044 239648.2947543244 372428.86891064735 208087.6046932077 313364.5443219344 296088.3858207798 331637.49034939165 272203.8956544283 359780.5279258229
3188746.698813211 2300.0 262304.3361141973 347956.62408149545 265208.1769787944 293439.0767465774 295574.7061954183 366080.61173307145 325152.8561435407 332710.49937968823 361966.4364497162 338353.3749907116
3333936.141661799 2300.0 369615.463405841 339783.10118605744 320166.6448070729 365757.3802386937 252406.87944155588 366468.95241106 356074.7017161603 290878.6367057479 354218.6931842476 318565.6885653624
3040634.60635313 2300.0 330660.91672562767 283994.8649818484 317514.0264511409 347854.4832411249 231917.88396117967 342522.9058829415 257013.963125843 329845.30523586896 274801.0132849231 324509.243462632
3000189.4906578297 2300.0 251401.43347344451 354490.52740249725 267949.5452376725 237666.70510829863 327329.64816189103 244554.26028872692 289639.00781316706 347831.824319842 329675.1673300752 349651.3715222145
3084264.7695577973 2300.0 326693.3274400001 326887.209847152 297573.22730339854 337342.8132865993 246046.02806248475 272888.8393735906 310266.208048903 339723.1134264328 271655.5677666073 355188.43500262866
3241812.796966879 2300.0 236513.0912608026 233293.37959704327 312687.4750359919 371900.74581987207 348052.4164782911 362054.51901522645 305546.7004152173 355737.5993116461 348651.5106150313 367375.3594177573
3368008.8350101965 2300.0 366047.4798000996 333174.17659206904 333952.19720780686 393092.905752694 343309.7034824342 393562.123086243 298118.4995590755 313748.4964013193 278582.1599778922 314421.0931505629
2922552.718096117 2300.0 229549.61760439564 313539.254819903 313381.2315557251 365071.1602859416 268193.95530522364 241554.5689444094 261849.3094838122 303579.4401380726 311337.30309702427 314496.87686161016
3112118.6731605493 2300.0 295957.99401744665 315326.3731197421 306911.39889282786 327859.1009729768 322652.6067976459 358046.0849441199 264399.5412888169 323060.7736896541 241139.9926907226 356764.80674659665
2972741.1784825595 2300.0 280160.1263528328 380252.7219271261 175873.66190474958 305919.3699992851 277815.25501716754 319657.1701062183 310009.5441516998 369633.13937126426 245263.8936979969 308156.2959542195
3469538.5236357856 2300.0 282194.0474652022 384539.36153508985 349904.44693241594 363163.0785927069 307577.5544459805 385708.4944003917 352541.4559071291 341085.6868220259 365800.21824283455 337024.17929200875
3210591.2293897304 2300.0 354037.4460765989 380280.95033112017 312480.5353117953 410011.6567236764 267307.12772681774 285916.564603687 284001.2558818684 343495.72968168417 284449.87911140075 288610.0839410818
2975178.039187126 2300.0 301346.95349807426 362442.5367806118 230263.87005817716 337795.3500684846 263113.2872093814 346262.40352108417 260236.5137099431 342869.87328602525 252157.72805972752 278689.52299561654
3339783.893626648 2300.0 389555.22315476375 339940.5085958401 344688.1426724903 325328.457331917 204068.52129551425 297694.2554992714 380761.235229114 367475.58167388325 373758.21036678174 316513.7578070726
3150672.0190350628 2300.0 351672.8759625829 300407.3018716888 380209.1341195084 254414.9495578121 323902.0834157183 244319.9560865768 332466.28055626294 343441.8901818328 340353.9739884472 279483.57329463225
2655808.5076336493 2300.0 354109.6895783051 288258.9016317801 323702.4885112238 278279.04013428104 312229.73593752354 333056.57883184054 354906.37125389406 99829.13450996648 0.0 311436.5672448347
3592564.5109164403 2300.0 327305.9700461086 364434.45053798566 358514.75949536794 364407.2825062606 373729.2216192137 366630.8860958273 397954.6258609373 428700.7138514228 302062.43618036644 308824.16472295
3370980.912661489 2300.0 357539.9921815659 390605.015912981 402989.3355146991 303857.25579349085 181477.322435988 331745.67994763487 415320.80107972113 324389.7884197227 316920.95654555573 346134.7648301297
2004091.002643827 2300.0 259521.4527607445 317161.7948049477 372277.952779477 303028.8691333182 210528.9895638415 337831.9639907367 91874.05375516322 2556.2427582052565 784.6896308018903 108524.99346659136
2497732.27575243 1257.142857142857 328898.440308193 356043.37244398054 289784.29942625936 309921.5117159616 3556.3826390142262 229108.56760429975 243940.18593912237 186259.9927850632 270350.535748034 279868.9871425022
3184138.8886884246 2300.0 349108.4784386144 284877.58303927 342749.8352097702 291988.0492167206 333560.554271353 293880.13265020144 326683.17358391243 348689.5978921569 308873.3069115295 303728.1774748958
