s_bytes_all avg_video_rate s_bytes_all_#1 s_bytes_all_#2 s_bytes_all_#3 s_bytes_all_#4 s_bytes_all_#5 s_bytes_all_#6 s_bytes_all_#7 s_bytes_all_#8 s_bytes_all_#9 s_bytes_all_#10
857233.4525828733 352.0 0.0 0.0 0.0 0.0 0.0 0.0 153479.6721216602 205170.2161110712 277042.75986852066 221540.80448162125
1829333.5945564297 1153.7142857142858 191584.3152854622 77652.48200972757 139027.14401964517 228026.24024856195 224289.92282762285 183669.49919784168 217638.22775994363 171978.7462574096 215564.95151830668 179902.06543190847
1992095.952860697 1500.0 237166.5580006317 170683.62625154294 199597.23697964047 216489.63780943205 223472.41077908437 182491.450550573 106866.5619626308 264341.2691692852 96236.65202371957 294750.54933415685
1964878.1558949149 1500.0 173908.33217978274 184147.3750736176 266376.93814204674 163931.61583766088 198877.94482912903 189308.241216428 221612.95872451708 179552.66071734964 180482.1551974044 206679.9339769788
2123976.8441050854 1500.0 245973.5235183384 187432.55771588976 162693.29377702408 285708.0526233762 123144.123682015 286191.98139415984 71479.28780394734 368311.6461990511 143491.74348748085 249550.63390380263
2342802.783089703 1500.0 184431.1135561629 154807.41053529535 224096.4976389153 292482.5499104791 373294.0647165867 208585.0997592729 250216.26101236467 270453.5282393676 102240.80358782646 282195.45413343183
1960706.128809143 1500.0 55511.08402266813 373998.25580779504 118821.64356450229 286923.23351533164 208776.50083067545 198532.49916932455 210679.1282060376 158224.87985651518 163957.8223319731 185281.08150432023
2018635.244340924 1500.0 199150.60012083885 197546.94169361307 296461.1345087711 141300.06179811317 165928.99146877267 212265.646896705 240551.0103317152 187468.09616636936 199147.3788328537 178815.38252317155
2051178.56640908 1500.0 134441.75352285756 306540.0331067941 75830.47667260963 359239.08168134186 128662.08975000944 266865.40902661765 193422.1178246784 191257.62997643705 250131.42719352356 144788.54765421097
2056632.5748226305 1500.0 204800.6710163942 175879.6851993129 202303.61322185252 209216.83961421752 72535.06991459752 169765.45818235748 330299.9039420965 206910.95630956543 224373.84293574817 260546.53448648783
2431938.70252852 1500.0 126559.50654132356 413931.0983704507 317065.05200087186 254675.48521010863 238531.6298498397 267193.05526269483 18429.743580657672 387869.97467476607 151991.42130079854 255691.73573700825
1991912.5098801083 1500.0 183403.64285131652 162861.4576598328 238852.13317387665 172742.70502455224 227008.8088710107 167383.45194339356 245914.64995164904 200096.87079537255 218171.6983896908 175477.0912194134
2075618.490119892 1500.0 212400.88988786688 196800.70744375957 168121.14522145237 193863.7621674703 211545.7566879264 274223.84652340336 108334.6678073206 319244.8380758654 128842.8810888919 262239.99521593493
1977700.056139427 1500.0 178428.02106246457 180721.51574891715 208318.86826414455 179074.39127341038 248422.13225070504 205299.8404949493 245524.8940598481 170849.11008822153 176024.32523000552 185036.957666761
2211354.0021543107 1500.0 230843.1788427336 194771.5316218892 166674.3690453269 309457.9301911324 105921.70707143264 243621.28708527665 43674.10590976307 389297.386441168 118852.2406295278 408240.2653160611
2352478.749681979 1500.0 407965.7473430155 299952.0805341165 200291.9557291828 271357.802350615 72562.58170884105 356951.4004742507 145904.7838862806 214064.5896799596 177570.18890516972 205857.6190705471
2000364.829588322 1500.0 272445.7596502835 168848.75598098402 221886.5669996713 145133.61510201567 192071.7363365957 168735.6866754931 191816.56931125792 204276.77006252197 244435.69434724876 190713.67512225013
2013855.7634433475 1500.0 130410.70251637782 278708.4556950027 114905.86896365164 310935.8029331178 126438.18429393886 289804.0737164105 128029.05125117008 260819.2230662919 199996.17656636995 173808.22444101644
2131538.122890219 1500.0 222470.30050757967 172935.79132369038 205178.3921197964 177877.74984898383 222551.45535746857 239293.2017061252 197124.66576730367 267178.7381280084 146045.4070000011 280882.4211312616
2285086.43943548 1500.0 71248.6044738265 327196.8716285683 144591.6230732672 168830.19938524973 253904.56845061912 171426.50569208566 234508.64033645127 272050.0880516473 376801.2166365468 264528.12170721864
2091000.2254365035 1500.0 276760.15808951645 200561.5121355833 208186.9402930674 182732.42069875373 228495.49425376745 193304.713103274 186054.31062791456 187638.15251362344 223790.96246532947 203475.56125567388
1200858.8112304108 1500.0 238270.32305589723 226678.60056190912 140768.2414721487 184210.6461404557 203103.67723990872 167279.04775179952 37634.27500829177 0.0 2914.0 0.0
2344822.492343533 1500.0 2914.0 0.0 99564.2751701402 272103.30114308663 362096.4146724179 311531.19938275305 361769.6284711016 277480.4660056243 391387.6807127799 265975.5267856292
2567104.502771331 1500.0 391357.7244465711 323782.6884280854 362359.5772784824 203674.15732850312 236933.1220569613 207934.8028561162 208994.1838920895 192589.391957703 149982.5332074651 289496.3213193541
2406426.0550450054 1500.0 121929.95565872558 250752.04922641045 7094.70470751316 253107.7622850451 322084.98969609896 284282.6915997274 327264.3220467242 313341.18114275474 357531.8571284248 169036.5415535812
1988167.798233437 1500.0 249517.76789164337 170346.03622960992 241508.83721960784 148859.6169338073 202513.6267888075 205088.02339610184 242463.16021475775 150167.8847605712 174156.10411501315 203546.74068351727
1987677.648843008 1500.0 164047.65909087364 308100.60604554915 166865.38050350558 283994.7434376964 130600.59950798022 216365.16302108832 205813.3306689858 161982.8450144245 184107.35745957115 165799.964093333
2176442.77031174 1500.0 232556.00996860905 210916.14995690284 246485.0761033925 175702.61015158505 214776.79863742544 211824.4361910869 243310.8168672697 175816.8535570232 161384.05229416734 303669.9665842783
1951653.5458031208 1500.0 153493.49595957508 149766.23649237028 227599.02440819863 204645.7813298751 214835.72175731743 183492.29837794063 242348.38452062564 173351.3956013705 225400.7109073006 176720.49644854685
2480150.1866488247 1500.0 209185.7609439711 192179.80497869576 225045.65991981173 193055.90975483163 228032.79720803603 344140.1162098217 334392.2189034748 288883.1520682484 213225.95217315783 252008.81448877548
