s_bytes_all avg_video_rate s_bytes_all_#1 s_bytes_all_#2 s_bytes_all_#3 s_bytes_all_#4 s_bytes_all_#5 s_bytes_all_#6 s_bytes_all_#7 s_bytes_all_#8 s_bytes_all_#9 s_bytes_all_#10
1058476.5708630236 480.0 0.0 0.0 0.0 0.0 0.0 0.0 176582.99084279384 292459.2852147873 265164.170824104 324270.12398133846
465363.3053414801 480.0 112552.42913697644 7013.76245832108 9925.23754167892 7512.300159668499 23650.746993024877 237126.90234539867 32322.852342594444 12233.590756167989 12894.350758876575 10131.132848772591
961644.442949466 453.6 12980.951927430424 56799.858330112926 162716.40048952232 223374.56459637897 69755.63970011669 45374.708751935024 18156.440379645617 170256.55962035438 24988.942746482677 177240.37640748703
1635838.297431793 1280.0 43210.86658880283 173304.81425722747 42587.497528090615 163104.50247190936 190418.9640830968 225077.67650578092 170165.73639454006 242524.12854764183 215946.59531312212 169497.51574158084
2032830.2974473888 1500.0 214116.42596683017 194751.9574474072 215377.26785581632 166447.78575902825 231123.82443158515 151563.2872077286 225392.12924205424 170863.0442502899 240238.81228061396 222955.7630060356
2221014.478258914 1500.0 306074.60609421803 76296.48707406656 351751.39908509306 75394.9079206595 349363.0845495298 101605.4740662418 343786.1966577589 32113.451565011208 385381.906726617 199246.96451971828
2139288.4180100337 1500.0 279746.4531127051 200670.57000111172 193321.89895233736 173163.59460177275 257066.0488758843 180319.3249405967 237534.4552264039 225872.6914256446 210047.16261576884 181546.21825780827
2448273.972276749 1900.0 202275.13489130943 175330.33350665722 307042.6842358228 321818.6877573452 49137.3493067658 222248.27657038323 234093.8825853304 352580.2706338553 260467.57021043115 323279.782578849
3322526.8005034192 2300.0 369893.96189616737 273767.0000164519 310646.69149053865 413671.4062704544 367024.0732701168 319517.6300680931 302941.38382293034 314305.9341924791 356212.99425998353 294545.7252162043
3188285.575951204 2300.0 291908.0754786682 333104.8093343094 403234.05393177184 313086.5048760026 229722.88028486693 306230.5478160386 384832.4698469246 325469.91796281683 358589.0789634236 242107.23745638147
2903859.106769777 2300.0 337374.0673854176 358874.3754597215 323187.00327699515 123958.26720212876 314886.22513049986 196919.20015829292 354100.24167356314 291496.0091053135 401454.958648592 201608.75872925264
2872029.6390419197 2300.0 402267.9758844837 76809.75831226654 167396.56905271456 343052.4098469451 422523.8347161979 315914.80006999255 364005.1118345512 250750.2744795986 167733.31114789104 361575.593697278
3216390.9969420554 2300.0 404867.598485577 391742.78917303856 245859.94093689925 254609.88895863385 337710.764834296 324031.14608154935 382768.53044116165 342903.9645253542 249996.3765743016 281899.9969312438
3252374.777751242 2300.0 416860.0100064461 284544.3863086954 352544.4754569305 327826.18008861184 315677.3387957985 341993.9882418462 257666.97796775572 315519.1641944975 309639.9840603806 330102.27263027965
3545466.341072511 2300.0 271486.53118362266 337808.0011187615 381494.732015774 307391.25610473024 386601.57663825806 389969.3276215452 422685.72932434897 340232.0713893269 316648.09506516607 391149.020610977
3663864.852047355 2300.0 338118.66781481693 406886.2367536788 411268.8026258205 323323.3743627228 397089.0995676479 370338.24017014296 317350.219679829 440460.3662394525 327554.3404449896 331475.5043882538
3226356.173243732 2300.0 303032.8753035457 259698.1786491984 358990.02150060947 296290.13894908206 339285.4413942537 367388.45770506136 352014.7713630399 366042.9630777597 311200.41695246816 272412.90834871377
3161412.5372063546 2300.0 220821.77213279984 229222.91093761928 376965.84721740126 386439.5170938649 344043.6551679496 49143.119093232905 422421.7534647216 383513.61887987365 318411.9130895634 430428.43012932816
3274913.74242386 2300.0 319288.6587513476 340241.3099642062 357912.8383465664 358586.3561861065 226492.42443393287 297486.4253746399 326700.7603420856 304043.8513452272 432801.6445022319 311359.47317751567
3063866.3321712306 2300.0 387878.13993455074 274535.3924715441 200129.10477107743 356347.33342385554 350413.39615864435 281855.39085862576 325395.82547941426 204240.41817553164 374334.04168218817 308737.28921579866
3201709.7862935346 2300.0 385917.2377642128 63120.175786737855 394004.6116777947 325365.47687129787 201261.96868331017 323706.8847265511 466625.5884833518 311704.9433881974 395734.6209635366 334268.2779485439
3137101.0196111454 2300.0 394832.7711057386 329945.86137904564 385545.4080272061 326957.6245356976 344920.89095526864 0.0 173220.72708667116 354628.25316561025 424017.12981569977 403032.3535402075
3432104.470557081 2300.0 383793.496099696 351272.3353147342 312496.21454261243 357404.5475066076 317118.1799550966 334796.1705212797 378127.8942278561 307504.5022339234 402789.7483524224 286801.38180285285
2269389.06583473 2300.0 416980.7959361352 324353.9258728283 417343.3770505861 346819.66197417094 393239.4678005287 313685.7678113424 54054.0693891386 573.2482890386684 2338.751710961332 0.0
2384923.855874289 1500.0 2912.0 0.0 113561.30006428232 320576.16089630907 399470.25602404575 380842.151204056 329703.6046094523 274318.1601125118 271543.0699061774 291997.1530574542
3107717.987537671 1842.857142857143 396956.92957260925 345628.74663521134 381263.7938641696 327800.4734103612 268007.8184662725 201336.90000201575 352148.88996287744 324362.0710164252 287930.5410368977 222281.8235708309
3252243.171982312 2300.0 351076.56902040285 346392.89067207667 375737.9637887976 290368.03658950084 363983.367643268 370336.4747684283 187832.62472419423 204099.23036226816 349356.4297613667 413059.584652008
1829822.1699819216 1500.0 307190.98460572865 459.4505944954532 2455.549405504547 0.0 2915.0 97316.26466902724 303543.0543824767 373892.26377145626 405810.81173203175 336238.7908212009
3270521.7365015866 1957.142857142857 390814.2679376485 349533.1532589144 376436.6840126627 248707.6985042783 218038.2157809969 292214.1248840516 402085.5742471755 294707.1985356267 362461.7091022747 335523.1102379572
3029840.47474304 2300.0 347742.40988970955 231813.21992898 305601.32302919973 237612.03794912263 383734.61698894826 382480.8546174981 344691.47706601804 90562.38994495828 347528.1741189075 358073.97120969807
