s_bytes_all avg_video_rate s_bytes_all_#1 s_bytes_all_#2 s_bytes_all_#3 s_bytes_all_#4 s_bytes_all_#5 s_bytes_all_#6 s_bytes_all_#7 s_bytes_all_#8 s_bytes_all_#9 s_bytes_all_#10
47282.052357991466 288.0 0.0 0.0 0.0 0.0 0.0 0.0 70.8111421826255 3929.1888578173744 1648.553901774109 41633.49845621736
1748125.624676628 320.0 109325.62186566649 218257.86516028183 195318.26557823195 202795.9950888448 167709.5370695759 213376.88543334347 218991.33017254356 211542.53833336537 102892.65576623684 107914.93020853814
1322867.5154281915 840.0 102777.32296538028 91681.59947018158 144535.2022243244 193134.45470344968 89251.74360204433 201888.0 73608.21139116169 164694.78860883834 103868.0270284552 157428.1654343564
1945040.3327440757 1311.428571428571 188655.8075371884 21649.449676499997 224009.5503235 157691.1675455349 224992.12217712065 180351.10249552716 211907.9579889312 319581.740163172 171589.04709068022 244612.3877459211
2026525.1590787657 1500.0 127934.11425575124 232005.66273476605 186411.93283510732 276467.65567503724 188622.50563896244 241157.7288240268 292608.5756557365 101031.29917372508 312136.5605460341 68149.12373961884
2142359.398146099 1500.0 297592.36313167145 128312.03969777576 277224.13129352225 103223.11889955624 340049.0212588499 221538.30029335577 207546.80806657445 165593.1330257879 193473.30870765535 207807.17377134983
2450336.840974085 2033.3333333333333 229034.9728524454 262916.02499977296 175485.70440334035 192511.7364365773 192652.01263623472 207141.63417323428 303920.1872820815 377448.3435241712 315797.3012603905 193428.9234058365
3159145.076594164 2300.0 301237.13231004425 401957.1019016603 294875.4017926657 346184.1436696963 361106.7714919352 327242.9592882707 210973.5661398911 232493.66723481487 308527.5417655996 374546.79099958553
3256392.973892716 2300.0 376078.7906048592 358893.1388242589 339038.6289446452 329809.8189554099 342126.4537266501 310439.72479423013 258243.1377686837 318736.6435104652 300032.43535353243 322994.20140998124
3158179.574666763 2300.0 205309.22517526295 331908.75639424555 355792.76029841864 324846.4781870559 366018.2698473743 323426.319711001 287409.690243342 364028.9517461318 321100.2236851158 278338.8993788152
3207911.194694553 2300.0 272217.6498965418 415740.267875071 352984.06865709 353937.56216863904 325772.3674428656 296069.30901448184 273145.6226753661 329647.3357654691 283220.33684420295 305176.67435482616
3177057.540124575 2300.0 327873.5327241612 367165.92924871226 316396.90639751044 197676.6184005668 326368.8481775974 373996.9740324162 261055.5498071017 346746.65620226384 323022.05240079074 336754.47273345484
2931379.2332868325 2300.0 195457.71662139197 342124.52645527426 271150.914741501 368112.6848804353 221716.87392278944 239245.2452878388 331980.59514255385 287829.4554031373 318038.6601683032 355722.56066360715
3189829.825441753 2300.0 396742.6094743809 342655.21280391293 338255.61450719123 296284.2049243468 321760.6121087804 366092.85141267633 304039.7404194396 322380.82589416404 145406.2574624189 356211.8964344417
3149566.518754322 2300.0 389127.2526055256 270121.6211330154 342552.7646514042 316462.6178929224 247424.362886407 253327.9155223313 285956.8385233142 347050.3186166523 348987.714488936 348555.11243381375
3068501.9083950217 2300.0 323540.5843352989 362635.7078461935 287444.7480945906 129728.2855093544 287736.5279964236 406219.9065847454 286011.8933403634 361374.9715156518 274262.38105038845 349546.90212201176
3185284.565993605 2300.0 325801.6235500429 328231.06941443624 257186.66556374956 278135.485864608 327751.8807632867 395398.95708714495 289442.5485001947 289848.6496077747 305707.75677406363 387779.928868304
3152202.685239786 2300.0 177655.50999102255 338438.50999218033 318027.98935359804 268804.39023661223 240658.98811012125 398046.006119519 366343.1827327564 340687.1036575519 364848.1147628794 338692.89028354414
3065817.7394608557 2300.0 197579.5859861169 348915.72643008176 184878.81289499748 356920.36535760097 339793.0781568376 359795.9572270356 346336.2004887747 353042.9118614901 322061.652249031 256493.4488088888
3135833.934251409 2300.0 252931.37324264672 309342.01628370665 331493.3392177435 361456.4275638031 339981.2649615251 357892.196114283 323203.83541868406 348218.2553962888 300541.20125404175 210774.0247986872
3134287.001431736 2300.0 257974.2497681366 363060.8675576567 380402.6169713919 319629.5438865541 303354.9960260429 299523.3256521276 333876.5146602695 383712.0293176407 294985.71805249806 197767.13953941787
3170702.74222348 2300.0 297268.82174553524 337518.1619193994 280435.18741739454 245457.00045453408 344617.8833253704 374411.5014853335 297405.87773348886 387730.9024946705 253373.96779034517 352483.4378574077
3102461.6361406567 2300.0 310908.36434835644 382414.6655445109 343068.3912801396 286147.266488886 181905.92375515687 358492.69841984386 308070.40606501873 299372.4764888266 290612.8703795109 341468.5733704068
2985070.983360137 2300.0 322663.2267989663 257889.96222785092 189848.3852444788 344353.827912732 208161.58550932916 397205.3455776511 326766.5690490225 335815.7496029767 312611.99021668965 289754.3412204398
3218003.10876891 2300.0 305115.9283422844 358739.1808660922 372111.56323590747 227823.91842837143 207730.77271291544 289300.06782253564 353067.34023898205 399113.3974698021 369795.0129939442 335205.92665807554
3018841.3277743766 2300.0 314190.46759574616 357744.94987916376 243939.5825827266 278994.6941471495 308154.2620073728 291305.4869260905 349544.10275838326 320625.7233976455 251911.79479049277 302430.26368960564
3121457.206721186 2300.0 321953.12553446804 376564.2793791824 343204.7636051093 322692.7295637449 281592.6080160068 362164.4460201248 190201.13689193453 290714.67265974166 285191.41566422046 347178.0293866532
3237662.4778189994 2300.0 355071.2721590169 403995.4108052548 229554.7708269078 363948.2367783076 292308.9965648272 312204.9183154874 223986.31120234844 330362.3638025886 332243.31037922984 393986.8869850309
2999711.5500568 2300.0 309690.3784933128 254215.93272874845 222322.2026448901 322897.89912361687 157984.36470671603 373800.958099784 329841.1153613868 376087.1345332154 308714.8098559838 344156.754509146
3140247.363201264 2300.0 337325.4549147163 333139.89654383366 343011.3995617675 248864.1020918908 258777.67073743048 371136.27514156094 316406.35202896426 369204.2981788178 268660.0402359111 293721.8737663714
