s_bytes_all avg_video_rate s_bytes_all_#1 s_bytes_all_#2 s_bytes_all_#3 s_bytes_all_#4 s_bytes_all_#5 s_bytes_all_#6 s_bytes_all_#7 s_bytes_all_#8 s_bytes_all_#9 s_bytes_all_#10
370836.7692510511 840.0 0.0 0.0 0.0 0.0 0.0 2589.520491460823 4471.479508539177 45356.64340269834 150922.25394539136 167496.87190296143
1722005.049657644 317.53846153846155 149311.86382019738 240186.6797757402 244012.1469815883 50616.51713794416 160575.7375049487 210607.6704644329 155796.5966062856 210156.11757543968 129649.3287708918 171092.39102017533
1325284.339609793 720.0 37493.77342742735 119074.5478581968 57985.0231229133 155155.71810665677 197981.133952347 130995.3253093192 150638.65931444443 114954.53252297902 132954.46747702098 228051.158518488
1810359.6490075705 1311.428571428571 26754.841481512038 230752.64822429183 113468.36080030528 134453.2939390769 89745.72845589348 290853.96323119174 218191.9525480944 208903.07883410752 321055.5413424013 176180.2401506959
2252865.138191401 1500.0 292379.1924739416 128036.87049636642 262626.9485230059 277428.7430022851 101897.8545170896 273238.29550952767 152580.8151965431 293147.81845896784 229749.2408424792 241779.3591711949
2267630.992853288 1842.857142857143 16.054282540298935 66736.89619014693 345266.60832680936 288346.8625016899 383868.2527991973 201413.76756559036 255628.78933652505 131473.6947557954 338268.99354180176 256611.07355319147
2990303.061429253 2300.0 392185.4069785131 195770.2868879539 309800.4005427416 335488.3366750559 336435.159102133 286902.38422475266 293630.5035061534 304813.86881196813 334366.5842269605 200910.13047302025
2810366.8354406427 1900.0 0.0 69987.09239788547 343158.46286857594 413868.2172814256 306797.9037851304 361128.6763681723 278874.89966701576 355230.1953269288 323408.986470499 357912.4012750096
3073847.475371627 2300.0 174974.16455935722 282906.99480525503 327849.7867997312 364975.4958058089 237316.39899588143 443008.9561183169 184402.0429541289 413428.5553326144 308294.0421982002 336691.03780233307
2989078.564992083 2300.0 72302.29526849078 423209.7712558086 284657.5628165723 377374.6061943117 268063.40719607414 323426.40972785035 250577.0015675469 300297.6414243949 353069.89601222693 336099.9735288066
3076575.6161057674 2300.0 340796.5348116777 210532.8835626497 322030.47022565774 348603.18947966263 351988.9668673414 262640.83147703746 327640.3488628719 302581.7222760153 321553.95572429855 288206.7128185555
3151789.0997105115 2300.0 334722.1788908379 285106.41923257126 322720.1364927588 279353.1522454871 382760.6786650728 325330.3845117545 318801.4247603009 155974.86741214184 327578.2110685995 419441.64643098734
3286103.547238454 2300.0 316547.9036682297 405981.9402467169 320187.1965580269 379749.3726791644 294485.6647386842 202659.61254997237 317400.4738578041 341858.0995568869 356688.0718921837 350545.2114907854
2877175.518563902 2300.0 211575.8611409125 285664.49548339803 295820.7776364968 78989.66336187212 342274.1273921626 288012.7794689935 369021.2991200812 304050.26616483444 361701.6813197413 340064.5674754097
3360099.404533034 2300.0 348421.6557542351 320432.46873440605 303005.1804037923 386480.4246357617 388940.7324857003 318962.1289422441 284559.619153304 348473.3149297566 293085.67447297595 367738.20502085815
3051106.252333689 2300.0 328737.0458618682 354194.23777208634 289618.7203370241 258659.79386818424 306659.27781132783 284546.839151398 245843.1697904377 358894.8306496093 290089.38475638547 333862.9523353678
2796998.865572269 2300.0 328526.50786083844 305610.5595116113 348097.0521298492 195503.49970859935 353729.9247488404 299101.88244647125 275373.25930407725 67874.45628379364 371917.9049452436 251263.818632945
3115806.696148394 2300.0 288209.6796954288 302420.47792845784 246398.179492792 334986.139723965 198939.409604682 324531.8624195668 338689.06935956544 330778.39783587435 339583.0896449151 411270.3904431473
3065299.023335622 2300.0 166791.12398962324 227452.19412331225 318503.1159548926 379045.6591253709 341379.975544325 385202.29655974015 326550.03732657817 331275.3435360281 235814.56880512548 353284.70837062644
3331697.6495205187 2300.0 304793.8095363722 403802.54722356296 358618.2087597246 362700.2605783145 272262.44220040063 354908.77352075814 320974.3620821851 365369.47257347417 303191.68285787664 285076.0901878497
3017905.01083859 2300.0 240370.31544500383 369433.4603789183 296456.419876645 333977.6926846072 291235.5664330644 289162.2914764478 296326.8395346251 284934.8696250933 316365.2571672261 299642.2982169587
3237965.9669948607 2300.0 357922.52753718954 405413.0539358701 292728.1741831758 152582.48833278165 327754.74416611413 248999.739704371 341379.5356211348 430287.064291666 333915.138283735 346983.5009388227
3141220.854032667 2300.0 328321.2159692927 351620.1214333436 273101.511804783 312224.5674739211 195439.7643140053 323777.91651139274 367439.1005844789 373696.0483854151 260421.7976261301 355178.8099299042
3244872.433724352 2300.0 287407.67691950215 360333.4294972239 149797.64821542145 431192.11985977006 352504.6085127951 362651.1362626521 315232.0 342662.68659161584 264567.30584963696 378523.8220157345
3089569.809479034 2300.0 112470.06821689064 375839.9139932358 415113.4202692825 318468.2789392691 336453.48013884266 260021.8736883672 338460.22962245374 317014.986783301 382627.441786006 233100.11604138528
3218590.748888833 2300.0 277016.7295735351 316998.9225235764 355120.7546852046 319093.4841879585 344600.50149582885 294161.6938656897 308340.02447352465 257723.04696395717 357383.1086236852 388152.48249587294
3030942.7538688304 2300.0 315077.1948628077 169709.00478443375 253235.5859891171 291171.5655648295 279968.30322288617 341549.3684802618 255812.2946561763 414007.6785298127 325724.49330019485 384687.26447831024
3323287.7823092462 2300.0 324506.56676857825 399614.3290656483 370737.04012343625 322837.40453379264 249010.3036891726 265556.9838334902 390914.3087695277 328767.41669788 256752.35870499763 414591.0701227231
3155074.248925293 2300.0 317556.22186271416 360752.9207807144 146409.23593836252 342603.5476139178 331134.8067526622 353468.277417004 257751.63730352896 386475.2103859442 333095.08730478305 325827.3035656615
3070540.4337460594 2300.0 214714.6718388041 340391.5665546321 246765.56562219877 366754.7248324512 310882.14384477155 322435.4567277881 327188.74296854483 282317.787264186 364564.2178568449 294525.5562358377
