s_bytes_all avg_video_rate s_bytes_all_#1 s_bytes_all_#2 s_bytes_all_#3 s_bytes_all_#4 s_bytes_all_#5 s_bytes_all_#6 s_bytes_all_#7 s_bytes_all_#8 s_bytes_all_#9 s_bytes_all_#10
1554281.1715799193 840.0 0.0 0.0 0.0 0.0 6921.0 69558.76502300224 400346.3426268047 362304.9843579129 325709.7323656622 389440.3472065374
2015097.7981561748 1133.3333333333333 266199.73707771045 315465.96568098234 330292.98589745536 83286.99776198524 211402.1420019473 16404.902291153132 368745.36587404384 15819.73183480303 390662.0 16817.969736094063
2219484.459635885 1766.6666666666667 344834.0120479461 57515.91449529228 346009.1037206676 5043.67221731302 357222.86479217664 236787.46299051036 349905.62875918334 86181.44642801918 340502.4958547497 95481.85833002676
2391531.570628021 1500.0 316189.18305583496 69293.2144985706 291163.64416801574 121953.11562977344 294100.3079606081 145185.94156220104 273139.0914046082 378955.2670400039 342495.1658135039 159056.63949490106
2235119.19332881 1766.6666666666667 29422.520879489308 310198.0362950118 172846.03211423336 371850.1699604128 285196.7107636236 101476.25872098216 399847.5670894736 13814.196360149112 342063.79965545086 208403.90148998323
3004375.7330773785 2300.0 332004.693394628 253532.3168716947 385062.9335382934 212863.8316372016 349543.463414414 175438.89408239067 392128.6673999298 407960.1797045368 340197.78935935616 155642.96367493342
2819789.233927143 1728.571428571429 388581.7092522827 237053.3643415289 377753.89898962463 193959.95802320435 307385.19346490345 104552.03186575974 294910.84760158474 287826.8589429607 344425.1309136776 283340.24053161585
2809065.550613589 2300.0 298722.8333805704 110546.91381825498 330906.2011707103 272041.7232223282 346858.72086875106 233020.44720605397 211037.56743395847 323761.6535418279 408539.7983710379 273629.6916000961
2985732.6937206136 2300.0 332062.4794303275 259501.5006650401 388649.6138321274 273598.544367483 297325.1337916587 235345.8543560013 347843.92218685144 253582.20953133245 338610.3241844248 259213.11137536637
3042933.441196654 2300.0 360865.2630412081 270042.20849848253 335169.4067774566 242002.75899355463 366065.7430642436 253562.3320007257 348282.67574478226 298197.99889379233 359391.63675692404 209353.417425484
2653847.7633990427 1716.0 361565.4037384539 259446.6438939468 355080.61998053256 216360.56975667467 324953.754494998 225702.60008764756 375182.17793831055 336585.1131787878 181001.2710664608 17969.60926322997
1968756.267367636 1500.0 184859.39073677 15115.11332146229 461803.6332503069 154358.4069136878 366450.36420003045 404511.08295512135 275682.9317384193 92977.4676209718 0.0 12997.876630865729
1512785.696227059 1104.0 212720.80998794443 213984.2680845093 196369.8053461782 204547.23995050235 141816.31019982533 288119.6898001747 36471.0 18792.300070227506 173266.3554893651 26697.91729833219
1322897.4627093538 840.0 186535.42714207523 26745.735420595436 185997.26457940452 34792.154194719515 175022.8458052805 37961.45670078506 223546.5432992149 31535.40281895917 348332.8307106214 72427.80203769793
2341447.964432721 1900.0 185741.96443272152 14862.682464760168 333354.7344328236 258469.1315954139 288708.4052428411 333179.55615153606 166752.304607619 279427.4098123702 405298.99305817 75652.78263446588
1596231.514238434 1170.0 0.0 23205.505864213115 233983.76664152613 302353.01868106634 258752.34101297412 366167.93210623926 183681.43569398104 14937.896427028452 196659.10357297157 16490.51423843413
2157863.697786856 1500.0 383687.149241248 24282.33652031792 377885.3452205347 64563.49558905903 357821.8661250883 42767.29306531795 412977.2747040632 64290.84825053763 387624.8770453992 41963.212025290246
1356618.1374209686 840.0 356122.45189146535 64832.14155634111 214215.19452690333 24337.95587290938 192682.04412709063 26992.04847656237 230705.95152343763 26384.86738736526 190896.13261263477 29449.349446258904
1894118.9543746845 1424.0 305825.5671613945 133351.18329487368 188932.90009747288 10131.59021915322 311636.1370308714 261912.65775134764 865.6149986277675 22975.50157279145 320923.3434688937 337564.458779258
1765394.1100601342 1236.0 133856.5167212675 138209.07100447666 202643.1084533127 16105.727215768702 350120.69109538844 34381.79558981299 358388.26898509497 63812.81580191758 219451.70131201737 248424.4138810774
2114361.266056912 1500.0 374659.4179469613 27654.31790416208 360132.70737129194 326814.2689596105 155117.87393689685 22775.285090195783 353093.73622938205 56060.0255487319 314133.3465888584 123920.28648082125
2126703.036865296 1500.0 364787.338621521 41115.98144048966 330183.69602465216 108685.3801487672 449225.9430467693 46668.98077981128 270104.0467338 90268.8460305926 246724.68439498905 178938.1396439037
2046574.2831967147 1500.0 299218.3891900776 117468.31295456592 281273.5914081021 114640.20024498022 289883.56236104213 121861.50306382628 341904.29569649254 110211.68521976988 262594.05764223344 107518.68541562471
2593063.3853353285 1500.0 213240.03296273304 145959.41370970535 349676.5540954805 52704.12049254829 362219.10914491856 245197.28275828587 278832.65377977747 431296.2375693115 291004.3572661477 222933.6235564204
2283207.9168239767 1500.0 305492.7781673324 180097.83649733895 239025.1558523986 215499.5361756441 291510.3438360279 167336.80317702636 271896.7220923997 140017.5162582658 279899.92810181866 192431.2966657241
2187191.655007712 1500.0 321761.5387156244 164482.76970665852 317104.52830929414 114895.10438800804 291981.77584965684 141211.7272855265 316134.72440235305 106331.34007731432 216971.17679704452 196316.9694762315
2776002.0428329827 1633.3333333333333 316156.48034785147 137279.6994468604 404832.4383178518 324454.5929815426 422568.2925813189 195678.15475913367 343014.4640960504 85316.57326696845 339615.99117896985 207085.3558564355
3100269.5506612505 2300.0 369018.2422719388 245871.04670138157 409806.5854175228 205768.31272246243 369743.7266182256 232436.51325658147 357916.1252690244 261600.01895375288 328385.6019668797 319723.3774834808
2790809.449338749 2300.0 342093.83071111306 215063.9839221332 396053.1266252756 215142.56970303657 268316.51676477643 303360.90304885234 353854.6192358694 206202.36862112337 312564.710445488 178156.82026108183
2977871.255932669 2140.0 350449.98262896587 383740.003800926 200965.73150415483 384214.9787007517 346299.4134676912 250372.62380793187 254217.61947557912 368320.0318846112 311000.68412728 128290.18653477744
