s_bytes_all avg_video_rate s_bytes_all_#1 s_bytes_all_#2 s_bytes_all_#3 s_bytes_all_#4 s_bytes_all_#5 s_bytes_all_#6 s_bytes_all_#7 s_bytes_all_#8 s_bytes_all_#9 s_bytes_all_#10
920126.7124958691 660.0 0.0 0.0 0.0 0.0 0.0 1823.0685587432408 4613.931441256759 229464.4435801339 328692.3890750844 355532.87984065094
2474697.601657829 1208.0 232830.64999722017 321225.397172034 312688.69038040144 159586.54995447534 0.0 277994.5083032307 233958.21172793317 328466.3726737815 259590.65437723527 348356.56707151723
2716793.6204371834 1900.0 269488.62654924445 309802.3586150015 272599.77969142905 325542.92578091635 269342.81978245865 342202.4049736657 255138.92687663017 273726.07574448443 147059.09627592252 251890.6061474308
2553870.5236343937 1500.0 178405.2394305999 210455.3617502268 237512.19541458445 182330.2439632693 214506.63981340925 168924.354499655 418134.7894607149 379669.26145079656 266893.8035043811 297038.6343467566
2768738.1210737694 2300.0 124898.00856474377 239231.1960306839 277556.8359709054 370097.9495845829 254600.81409001257 312249.501722792 248386.63605211696 312381.3939728791 293797.26131592103 335538.5237691314
2976637.545059511 2300.0 285274.1242112 289746.49171668565 295221.8580710542 365713.691824525 285688.4020028784 323424.2557025519 238162.19533562125 300332.8833050134 273280.451672759 319793.1912172225
2666076.875641444 1660.0 306286.2010722312 314672.2037397576 176533.41971201 203213.2462242732 329075.0804811608 409102.4252576919 244538.9712121477 306419.89193668973 295180.18271852564 81055.25328695637
2069016.2788027143 1660.0 0.0 181602.29849015284 302673.21894229506 309330.25580684864 158930.41894042905 252794.20828097945 139973.2884656519 268441.4364289797 197397.89176744796 257873.2616799301
2463075.6641128934 1500.0 197700.86132789 277186.7636156898 138233.6758388926 204992.29911542067 273740.4226970125 392714.7208040487 270237.2984044506 262119.13342745512 229849.56825558987 216300.9206264434
2792635.985206052 2300.0 157765.6185835402 281595.3551899623 288549.2373745942 326442.0410341585 241748.21401371507 246785.99379070807 312769.7571108491 348552.95835975657 275322.1640194318 313104.6457293356
2717988.507379626 1820.0 270332.83468240296 290880.7083060144 299844.30878963426 324811.4212005689 289282.4207245129 276791.19819644414 328233.9267026127 180117.05690073315 225061.19637541703 232633.4355012853
1950527.8191244951 1500.0 173935.53395989756 235007.8002086152 136254.89860232922 201725.12976761407 188004.83196809347 300165.69163130823 164411.67836085692 218774.07552864743 135210.98082301626 197037.1982741168
2163883.300688385 1500.0 310624.47724599385 351681.8771813153 45029.39094691032 78830.87502462008 269979.7791287593 390707.8422476882 375806.5523851112 108301.95121382122 0.0 232920.555314165
2818697.651287565 1900.0 306623.014897935 369910.0154590681 336057.5340941513 207887.0679106566 169748.05698649975 275294.94891166204 255410.7911442592 250248.0370281738 294703.5442985806 352814.6405565793
2846791.857627435 2300.0 295204.86467375205 354052.7223325143 105140.99935475994 294408.78269306314 291933.7822449663 306918.09464481333 280836.11604153307 283595.92478312587 297800.6366673503 336899.9341915567
2638151.201729428 1820.0 272325.1356079561 276687.16718464205 316932.5328705484 116684.10010768792 0.0 234302.1721493128 292064.7980307444 428519.4831051211 301840.45421627216 398795.3584571431
2629379.460463378 1766.6666666666667 257604.8151648402 317951.81915528025 13446.153363489684 242605.09934476035 292619.93772998994 446109.6473360249 189158.6295371913 269782.4720517685 268825.2339976817 331275.6527823508
2994965.581189056 2300.0 279551.9774151985 337907.5782389076 298181.9894682321 327564.7386598557 244891.5649275371 282881.7724871983 291366.09612046345 314833.9441722732 307555.3017673008 310230.61793208885
2992028.452967632 2300.0 256721.5097043389 349593.91073479084 277261.40793857665 319470.9317310296 285671.172322682 334431.8405718396 275608.5060843188 316159.6442247692 254268.7944922211 322840.73516306555
3012987.1224121056 2300.0 272703.7372334117 309813.45864175376 278130.20561324275 328594.46060132905 299956.39518533443 331950.3764326972 242244.0954077519 299178.62288750533 310759.1279694786 339656.64243960084
3034545.128946719 1766.6666666666667 294358.53182082804 349067.2233419676 232694.07308050565 241451.6726347741 319754.3848848631 302843.19478211564 264947.21370933554 348324.3216846796 274655.8178036786 406448.6952039716
2814583.722776127 2300.0 131406.60367231435 280855.8285815074 294595.77581013023 248636.3715770273 297402.7028183725 356000.6769459852 310456.12262740784 306800.841531917 264521.8738614101 323906.925350055
3060160.374135412 2300.0 277909.2968788935 301396.9512339184 283675.1763485701 339776.8633317683 309900.7025928009 324598.73045716307 256480.30559228951 312506.5071380933 295572.5650168853 358343.27554502885
2939900.9315123428 2300.0 263726.65157163446 326796.09942499764 241187.62381360884 328819.8022924461 301859.49951520644 302887.02826757974 282130.0687666821 333147.41587087745 254171.28461374133 305175.4573755687
2247059.453894093 1900.0 307609.36563543393 382427.4296017036 262648.1644014978 104285.56878368894 304317.30474636966 212227.1264699414 0.0 247773.3863806252 184905.50250361257 240865.6053712202
2546672.3705505664 1500.0 267435.05549260793 173078.6315027931 230795.6724771356 128831.84072161467 358256.36331796425 351543.6224838427 387265.9082638824 200296.218575605 196255.1929090964 252913.8648060244
2871927.5615151064 1900.0 292426.2229908999 373378.3093873205 250464.4115970062 337656.28617615614 123754.64842320605 242503.4825359142 265432.15638933016 305310.90327108814 323796.47361822857 357204.6671259565
3001552.8582166405 2300.0 251896.3548003891 315478.1114621299 305271.90628060926 371622.7237445036 237264.78205174668 246577.28763436328 303867.4521216439 343778.6435529494 308545.9490279483 317249.6475403569
2983163.232580872 2300.0 297102.3864222317 333419.7330535994 277205.8292400906 292227.5729946998 250074.1079254113 337427.29269223777 268016.43972136185 323308.1291356048 299699.8351405895 304681.9062550444
3001324.962785485 2300.0 318614.6322086917 311766.7228795119 295713.4550762836 321558.7514463604 267874.57576635754 316877.82747451856 274103.5191925355 295542.6847760905 288077.7414720736 311195.052493062
