s_bytes_all avg_video_rate s_bytes_all_#1 s_bytes_all_#2 s_bytes_all_#3 s_bytes_all_#4 s_bytes_all_#5 s_bytes_all_#6 s_bytes_all_#7 s_bytes_all_#8 s_bytes_all_#9 s_bytes_all_#10
398063.7352546291 840.0 0.0 0.0 0.0 0.0 0.0 0.0 0.0 0.0 194205.16581876876 203858.5694358604
2930942.264745371 840.0 237476.9208687357 303169.0600619385 335435.2162664034 359263.6573896182 360176.9940998171 194788.93837261517 388989.757792596 331190.2595781444 167721.68272428634 252729.777591216
2233509.170245921 1500.0 24674.05779532206 275322.237369696 249563.27914358675 273523.4256913953 151374.87840797292 252278.1452651313 340085.03647770814 37805.93984918759 310290.5739457378 318591.59630018345
2660494.18859152 2033.3333333333333 246093.8297540788 141039.2025527571 247147.2135116643 242421.39391575655 307549.1346058389 274612.75274300994 325685.97556604736 298628.845549564 327681.9539672004 249633.88642560272
3563751.4087757664 2300.0 437867.0875873485 414170.0114456778 320976.09699311765 391218.9304173257 311980.3426561727 245495.72388119143 363625.5684122252 408489.61786193657 285308.2008525949 384619.8286681757
3210264.381196619 2300.0 319566.4896059716 335792.1813986648 256554.23609538455 321982.47999679286 326412.69408845564 342711.09595261794 329437.6466443231 335469.9021211852 312697.1604948727 329640.4947983508
3003651.9469487164 2300.0 302376.53130410134 328538.66764511453 296330.89192537416 323997.8756750968 245578.92848365367 304920.457412706 285271.6099200424 314940.00797068473 301494.33589714096 300202.64071480144
2941206.1186100123 2300.0 283679.3806553993 302459.93595022656 323347.4373167293 269008.4360705769 301808.85684478894 289065.3219862113 292134.67662244744 312252.4520734359 299229.2493930074 268220.3716971893
2531056.4177212515 2300.0 264842.7128926531 323002.110861248 254014.10052705748 387983.3823557748 259598.8088893013 365767.7880265071 166841.8820789032 0.0 182920.5524044484 326085.07968535775
2410085.1132942345 1217.142857142857 285706.8310377819 313797.18430790084 249149.34151782887 323439.1139785126 86018.89706816965 319371.0555279468 79876.92533479807 325893.8766512425 125075.31837364356 301756.5694964096
2312483.565232123 1820.0 70447.53132082801 335692.08041703387 110813.28300829134 311698.23236403504 164110.36239897177 328927.5027759273 22559.262408164454 278734.0112527295 405893.12975049386 283608.1695356476
3084369.2168274475 2300.0 237428.88127428203 369121.8735019991 196821.1252908097 411909.57943884487 308947.41195989214 277825.249044039 335894.7786816256 297592.24786161794 348896.20001554047 299931.8697587962
2715591.272659854 2300.0 269071.77225633484 271652.2327487138 311645.85069529817 291286.6062614558 261969.91833661307 271761.7520012176 259659.395525152 261968.11645567825 320446.48724622297 196129.14113316772
3493552.7303719167 2300.0 405357.5458416356 359548.88454499404 348154.6455820118 223692.78373834063 376458.6442061865 335346.6326793566 372365.3726848505 371093.6778256938 333103.32861728565 368431.2146515617
3315614.1426567486 2300.0 362521.1520844589 424019.9425661444 252492.2686149537 350465.349429557 339984.0453108317 280631.1163432639 342450.1897921293 297899.41658215533 340002.53812312114 325148.1238101332
2628311.32686787 2300.0 314080.7591507695 258956.49659364743 417657.1535587479 301277.5796905341 309895.7485294272 305245.2631921504 329073.48249548965 270788.15624256106 121336.68741454276 0.0
2948324.353098569 1900.0 185105.5560520121 340290.12148397724 390702.38565486285 304701.01609034283 360544.6440271494 246924.7754191665 251883.52888468048 289388.28814483533 317334.8182563326 261449.2190852098
3069065.957330075 2300.0 312301.4048800476 307333.24360497354 332381.3866030143 266016.5581170772 310157.6020418821 292210.87989657413 331427.52940998663 284820.51707023045 258714.3088892208 373702.52681706887
3341777.9548658514 2300.0 254778.18473883043 504312.6151226625 370589.5890636949 343521.35159675096 224115.81858290016 375911.9309263085 174332.60239171158 308439.3211863627 372898.7682271163 412877.773029513
3312338.543826828 2300.0 290965.6474803102 415551.7391787408 326716.54820843204 333588.4426195544 289422.2830292723 332910.8582225772 317697.63446744555 283839.9505412752 357236.17763218074 364409.2624470401
2968260.706987136 2300.0 300383.2785915526 286560.7118377852 313755.74851236097 337321.8565472534 330150.1156497885 264503.68557180883 252419.34159951392 278476.10477264307 323784.3512970076 280905.51260742225
2940190.7788144345 2300.0 273707.36114134814 267071.1069325252 370447.2771034649 269153.63928523974 275834.3255021303 286094.8912300125 301403.02360337944 290363.25162021106 315044.2793292372 291071.62306688604
3071509.2270447123 2300.0 311889.4488903566 283211.9392644729 293542.43296869047 289451.2559365636 392068.8520888615 263966.8021273916 278483.8960045016 281093.1823809161 304183.2601932219 373618.157189736
3383772.543114689 2300.0 347718.27981872763 341445.56914970407 247783.36490774548 327993.4953450258 509639.50102753553 373667.3273907508 375823.14242521866 225493.23259433947 390036.79178225534 244171.838673386
3171734.028739809 2008.0 384775.0049781218 122650.72020073536 355535.1454203466 397308.9075889173 353071.5262622152 322692.5834732357 122846.35759455 322819.83475262404 402091.0216527328 387942.9268163309
2760406.36009174 2008.0 274344.95220529364 126895.73472808643 107032.09146976328 386798.96814570966 324819.42322393827 269167.83437922405 367803.22216827545 278684.8482215551 265442.5315406116 359416.75400928216
3027027.277131596 2300.0 335130.4921941503 284343.7699761282 316221.4730685022 292196.93427540176 290423.8366020927 303717.40048719617 308556.5600754412 270678.15771613613 291211.9625862066 334546.6901503409
3071774.342360733 2300.0 333335.8433514274 287832.4080865828 313052.17868728563 305024.4013993795 301950.8522724828 282408.7973689406 319547.9298837987 276836.07556355966 325502.96590283746 326282.8898444387
3523240.829678695 2300.0 447531.9944018312 331259.74145487486 316528.27303339285 416634.7528008417 304956.8112786714 394393.7202836005 357975.06959435274 350239.6417830369 325289.13540246617 278431.6896456269
3219002.9014880704 2300.0 347933.2590004739 314798.10069972154 341483.8514380265 256364.5054083348 329261.79988075275 259873.5990517899 418780.49765540543 290589.82832763105 310053.0078738833 349864.4521520514
