s_bytes_all avg_video_rate s_bytes_all_#1 s_bytes_all_#2 s_bytes_all_#3 s_bytes_all_#4 s_bytes_all_#5 s_bytes_all_#6 s_bytes_all_#7 s_bytes_all_#8 s_bytes_all_#9 s_bytes_all_#10
855893.6588008066 480.0 0.0 0.0 0.0 0.0 0.0 0.0 9266.834898439123 246234.0190945308 278436.8420166418 321955.9627911949
2119186.3913284075 1046.6666666666667 249059.07006617903 319122.5053068506 61543.95704389231 136682.80878227146 0.0 258709.3502484715 280513.49180073343 344212.76371241134 263773.4325233363 205569.01184426184
1836571.8391898903 1465.7142857142858 186370.7564242177 28650.193446567977 0.0 235353.2206673305 326316.6848048084 422303.34800036857 145339.5143892315 174736.02339365566 104950.29232326914 212551.80574044108
2882951.818695645 2300.0 251288.3714696247 312849.3323243331 259841.0932617079 273936.03476427053 304987.9301686621 312669.90038941614 308411.1472913261 327179.87630446535 273308.3149029807 258479.8178188585
3069536.0908391867 2300.0 324894.2796250107 259845.33672845887 288226.0726321695 284090.5419335811 331330.68248465843 314183.9865300292 325023.5697283434 319984.55722951936 305959.2404909341 315997.8234564819
3024953.085006086 2140.0 283894.2047184404 289796.00517366803 322361.1113819093 286408.4243624948 301293.1130727132 304542.1202298468 345499.54265183763 307684.448591916 294033.0489321191 289441.06589114096
2874156.184616129 1900.0 181087.1511269559 240333.52478091352 295868.5609511251 351550.97237882594 285243.37006061745 279961.6780418932 290563.8486602253 320599.0747668825 294713.1317368533 334234.87211183715
2997590.4372812733 2300.0 301734.487076928 301829.79411640833 322746.576179048 293005.6004240188 293006.7802762763 252522.2896000448 313702.02976279106 314634.43281341885 276517.4907189372 327890.956313402
3047527.0902441386 2300.0 296796.85588917724 329993.95386623964 317623.17660545395 309650.1426892396 290117.04002728703 261807.6296196626 311304.0051640162 368779.1389638266 281330.92384539713 280124.2235738386
3002456.053964457 2300.0 300401.34445541585 338164.99479193764 275460.2147341297 313896.1912874154 272297.8305200024 321546.44265016983 289389.6991565407 297867.88331629866 310242.10118854657 283189.3518640007
2857451.6276376126 1980.0 311631.9725489597 298936.4315718421 313314.9310694771 286181.91264331056 309854.28657545184 281494.62171833793 306171.012797015 318685.1528394374 226777.02827014716 204404.2776036336
2923223.819098324 1900.0 162723.19910041377 260853.6455258073 310998.2733848629 390254.2153612535 313930.3992885904 241659.7786835678 333083.1083248323 303760.8007887835 311144.04513200244 294816.3535082098
3108481.585574764 2300.0 320202.77080071706 325199.90431962995 300077.1028555427 246331.47089565487 304476.029741645 294808.47443324595 322590.30396482145 305444.7513100296 327226.93493675726 362123.8423167196
2924953.7348853373 2300.0 270459.69927404425 303569.61644257355 236283.74247739237 351146.9672589931 267600.9353322074 250562.05575899812 294229.7021476531 324056.7223504721 308721.48251243413 318322.81133056886
1941601.2643351064 1132.0 302677.00018851674 65818.58264942547 0.0 281791.448484219 312440.19553441554 375016.90382051305 115340.51153117712 232438.63693597363 50203.30369370165 205874.681497164
2258556.2691311934 1500.0 46221.31850283601 240674.06202794609 132595.9078947201 251415.88642282656 149373.95772301854 276955.4032554889 305588.24439245026 402978.54215171706 191326.60955178583 261426.3372084043
2749979.5321118427 2300.0 163561.98076542633 246322.76477726424 306291.1974767921 321886.9725764813 280724.08560534794 326571.02831906 276548.29089949315 260367.86131523567 290590.5372127867 277114.81316395523
3010486.4499460645 2300.0 310157.2069424446 317430.1079866072 298705.59682912286 328081.3649198972 229698.88292188945 354499.663930265 276020.7488847132 288859.63869554654 308686.1036305244 298347.1352050542
3039617.342852001 2300.0 244352.8456308142 340840.106115013 314302.20986912784 355504.0881229484 259714.99470655716 316920.653772344 296785.7550058654 276939.1701087798 303826.9279213053 330430.5915992456
2913661.336058204 2300.0 256607.30391423477 255606.82911864252 282417.7588249944 311237.5341953255 303328.8552823737 269910.45671520865 263506.32091833674 368771.252169576 280344.279556413 321930.74536309857
2993962.513359464 1766.6666666666667 288652.79661777744 318716.3909353784 291258.8009107295 286007.58643152664 345914.2785599505 182854.6295396581 328595.25397931004 311510.2350018129 318511.63803211704 321940.90335120354
2979617.2821464958 2300.0 353999.8750440663 86994.79648941028 334104.9337245808 425790.3139740422 292373.736908849 303321.9257557875 303962.5830444164 241520.8022032113 365118.9396023697 272429.37539976154
2862988.433731121 2300.0 323807.3303917393 313102.7240465732 314756.4274952623 206968.4256118196 366061.39465641335 221476.63558629667 390251.0565815226 191112.54055794232 405378.76891861984 130073.12988493255
2481141.2989120707 1424.0 341737.542435314 418317.9855754412 374774.5229290905 86777.10822660403 0.0 338766.8799661412 346282.1940667624 297523.5077170385 61588.89765775134 215372.6603379273
2683722.853985016 2300.0 50238.86025437928 242023.60167641196 267513.5681139254 279693.2799838724 339119.7872161675 291088.8228257329 303473.51484699314 304151.7511551709 291245.7007095809 315173.96720278094
2689233.552014139 1766.6666666666667 309823.0389975854 312745.59337719984 159013.26262418297 231428.09575993143 328280.2329335635 350679.8560722734 223618.39901455824 275105.0691929557 315276.35603725194 183263.6480046363
2990060.536639522 2300.0 410741.345868366 266449.5152251072 348371.9936821666 271770.4448869986 345986.0318214119 143301.0949313022 357397.6513713447 195318.49099228776 399379.9850019433 251343.9828585937
2930581.4443806894 2300.0 360498.9176157031 198788.8579490329 342671.8992362026 295963.6042209649 304616.9455933442 330217.7573457167 303819.37626941723 212968.0994045316 285850.4804590236 295185.5062867526
3053465.7831849973 2300.0 274706.7428851725 418978.0615602579 284872.9563535738 296316.3078425886 336750.01675847144 278468.68866844 336549.4738230542 282995.43709497753 359374.0472659917 184454.0509324697
2365961.7252538493 1368.0 302213.1427742557 299844.87388490746 213930.6088268665 324683.4342718928 145603.6331793167 268772.4350216862 164333.10117490345 72842.26805750765 246823.56298075663 326914.66508175666
55019.96479616676 840.0 55019.96479616676         
