s_bytes_all avg_video_rate s_bytes_all_#1 s_bytes_all_#2 s_bytes_all_#3 s_bytes_all_#4 s_bytes_all_#5 s_bytes_all_#6 s_bytes_all_#7 s_bytes_all_#8 s_bytes_all_#9 s_bytes_all_#10
671621.0096102494 426.0 0.0 0.0 0.0 0.0 0.0 0.0 19783.562717847923 194194.38537949332 196567.6387145348 261075.4227983734
2074433.115753848 1466.6666666666667 192358.8177542681 431997.7071916782 265554.3785686172 142368.0868751871 98247.80071419771 190130.1992858023 0.0 250716.08021372824 148644.80265394817 354415.2424964207
2263095.2366044475 1500.0 355910.09091692074 306814.76913945057 73360.30238912531 176953.1002375041 244078.2330728436 171535.65162233595 207744.72725772276 308378.12051609065 102467.87303955294 315852.3684129009
2798641.538015383 1957.142857142857 394592.113557764 404416.7039059792 95319.51782262634 280666.1146740817 115064.36080899226 341289.256675253 240982.00139317356 284459.0794997477 293518.6038882941 348333.7857894708
3038163.945872358 2300.0 293316.29483258526 282189.6523709771 279498.8834970903 363216.1771003315 277311.4250527132 290946.7873638099 222432.0676079704 350198.680904205 302952.08278135385 376101.8943613215
2903001.7822446786 2300.0 238365.1186395312 346749.01640564646 257927.43626913943 266763.0850467419 311356.0133252781 229086.34809209305 381901.0955920167 228211.56821305104 355546.78342931025 287095.31723187066
2256316.69611523 1500.0 358749.82805713103 349123.3863357102 42060.15750619493 324672.4934256625 120720.75471174104 239391.594299324 140929.0921415636 286755.08395656804 104817.51576089086 289096.7899204437
2364128.176816062 1500.0 110681.77562641466 252993.7449129175 161042.392255899 291565.92869523953 109804.81312196198 253890.1413075892 392836.1120682419 312843.37727597065 232226.48367865887 246243.40787316917
2689666.71965492 2140.0 222015.8653875265 281261.9207527122 110010.68546712663 327744.1785410381 246298.98049308063 354898.250582901 258258.4166780052 352485.47081816266 224739.95911918924 311952.9918151778
3080966.097274907 2300.0 325638.18559620454 260913.4534742207 312492.4433834254 360149.9293629689 292900.08922284027 315969.053449423 284713.3972954845 299045.4351538427 300867.1278379954 328276.9824985012
3053598.150871357 2300.0 271492.5479872249 271743.5818294749 320376.15992418124 279180.23892328184 365850.9610680674 246867.57211726657 349489.30164620443 275965.62520342274 314988.1647118046 357643.9974604284
1927444.5129083835 1500.0 321061.4187749947 290889.7756293061 74660.58264967822 331091.2072114312 68994.13025721324 336554.72200499795 59771.13961939505 1162.55501954365 198880.7467224832 244378.23501934035
2770578.517009492 1500.0 365863.98318413534 272128.2204676642 187583.81460637692 89460.42005171739 349790.3594220987 337142.94023485185 437002.2976445644 251029.94898599724 215378.4121329898 265198.1202790959
2734209.886392597 2300.0 147640.56638765766 270368.97476462816 293093.06130948174 314532.9944794893 266822.26050414843 243424.5621911061 338844.9483294688 279079.74919485673 330216.96931022423 250185.79992153635
2937859.185166212 1980.0 354929.2109071498 287352.08544252906 358286.8084381754 294099.48954311456 322506.97024438664 319617.9313823908 331593.57086424204 259315.39128447283 160431.73069061976 249725.99636913117
2010634.7071081584 1500.0 212215.7538852358 237179.8001691167 120462.8756355228 273485.52681747114 130982.47318252886 222846.87035577392 180409.12964422608 271879.30407314486 126453.6159704324 234719.3573747059
2024977.346852576 1500.0 156410.26960267455 287563.1930789174 117094.56989776844 293132.11372788594 105027.79722398789 282933.5518261052 109422.51083311178 268625.5451337133 126691.43197527576 278076.3635531358
2281628.9600530127 1633.3333333333333 94060.02266488467 261978.91863550295 198708.5502517774 340672.2432928005 335802.13958884217 255198.5595055715 168203.94178976165 254038.7850234976 135021.10852677136 237944.69077360295
2853962.966676422 2300.0 343003.51939034136 237782.70096566164 358496.49847803224 292026.9300986212 296398.6968285484 363304.4667106589 212994.84969131715 333619.4050618517 139483.70090921904 276852.1985421702
2724167.448999706 2300.0 326201.0287857173 318833.9149541834 255329.54644680585 285009.46422153944 239460.8316497249 261507.0224173247 286613.28040248743 265902.9924665408 368857.4494406475 116451.91821473482
2220066.702007646 1500.0 184228.2413107579 213846.0481766499 373535.8810607492 291144.4717945457 83099.2165573822 263189.7668588032 120515.14418530487 289562.6465513145 113839.32433093258 287105.96118120605
1941451.7046989696 1500.0 77782.7889386292 288816.08117836947 40354.89952756653 289597.8580947852 108349.61551538314 305107.4155636407 151324.22494565594 287552.4459692303 151227.49329545835 241338.8816702512
2469097.593293384 1766.6666666666667 137259.59329338398 244765.69288883067 336215.57624218275 318865.7734920126 182345.9995432099 299931.2801821741 90035.89847646191 300313.9581501977 345140.2621812612 214223.55884366905
2898405.982087667 2300.0 382218.49068350246 282065.31322956696 277119.1960869306 297202.4528811389 244915.0163662411 352190.2264628602 190520.88894816607 307848.2921550588 274733.539316279 289592.56595792307
1958561.3398328 1264.0 228838.3068656749 267011.3522886861 275327.4175991085 179216.32558132632 213806.74446665277 272320.8684480426 12116.002662841858 211150.0 0.0 298774.32192046696
1984709.822395156 1500.0 129593.452556213 332347.8299025907 83428.47217647015 288229.14470343967 103344.51669690492 275179.0006986116 126415.54070723956 267515.7166486239 163520.02194523008 215136.12635983207
2549618.793872431 1633.3333333333333 144899.72783707525 272397.2396198866 164989.34574432118 235027.92424606203 323152.93727388885 238349.9332636919 201622.74769945155 298241.1642597296 384367.8875168063 286569.88641151786
2825900.4082323927 2140.0 330468.9575839851 282390.22638093133 129576.0601109088 252756.28584614352 285940.8836497092 319284.3288200165 262680.5033306548 313172.07018775714 327853.6197409696 321777.4725813171
2766631.1656761784 2300.0 252942.64497827392 292718.886543731 240635.3386153179 296028.4922073449 268937.97878934944 336405.7275283692 227179.2461200898 280753.551443418 210553.3864963651 360475.9129539188
2809684.521045178 2300.0 253201.25273550305 287966.80436544114 248184.74911697072 314405.4943046187 212988.3389392063 312470.7516022608 277690.6442326756 367060.0944403163 192232.46092300225 343483.9303851834
53296.96685819701 2300.0 53296.96685819701         
