s_bytes_all avg_video_rate s_bytes_all_#1 s_bytes_all_#2 s_bytes_all_#3 s_bytes_all_#4 s_bytes_all_#5 s_bytes_all_#6 s_bytes_all_#7 s_bytes_all_#8 s_bytes_all_#9 s_bytes_all_#10
57702.96940122822 840.0 0.0 0.0 0.0 0.0 0.0 0.0 4732.005721837103 3796.367476889383 24689.91771342507 24484.67848907666
1525777.5721501156 288.0 135931.26065820988 120709.83663656858 196034.5423454328 95074.06966374084 151964.89617809802 189211.6712840146 117487.23706690525 185736.68201200437 177563.3883423344 156063.98796280706
1114814.4342889714 634.2857142857143 33434.849193063164 147526.617090403 94316.3914128831 113282.60075230688 33161.09381103079 144755.19013970345 114086.44305233868 134936.17189837477 136070.9930211632 163244.08391770432
1603838.0565290167 840.0 217700.7454482616 189121.30580487227 202742.37498129508 152978.57235406217 128422.2477398728 167922.56248542512 170988.6035083857 150318.2032964257 47893.29834699436 175750.1425634219
1791697.3200420537 2885.714285714286 209665.6876451374 124866.2429735979 126392.77551593188 182713.5584045055 211636.84045516123 193160.7633212292 147403.0993151051 181208.79741756243 41964.20258243757 372685.3524113856
3062044.028741524 1928.888888888889 399008.8631955076 481883.8118819456 343141.0796864027 299086.6493731854 247901.89667280347 261353.34677876963 219695.910093411 283969.05658996484 218876.119275914 307127.29519361915
2148349.47208295 1500.0 101365.83938890806 199439.16668444427 275372.95276335714 311315.9075933755 114808.1020605882 259272.7562162276 217749.00365417145 290303.761724036 227535.68963055155 151186.29236729082
2402892.1467641406 1500.0 262207.3640033464 300924.4540207748 200111.28078049465 110646.53689401032 234186.8765610533 360073.35621308547 132966.1420640652 316459.7319865867 227348.5833228801 257967.8209178435
1916142.021096756 1500.0 2824.628396066962 315677.4436332911 330827.4775304982 199606.8736789865 284594.4513306485 39261.12543050877 2715.5395650251508 212368.65420106484 178051.84602428708 350213.9813063791
2421927.9249795163 1500.0 303201.20488265937 360969.8315574337 256855.2109159939 321315.5171425065 98918.4509222402 272133.3429473753 102791.36978037772 294319.74128332804 105469.00765766916 305954.247889932
2791408.9925907515 2300.0 94032.50047726223 282061.3410604004 303216.4925280287 336719.13559584925 260427.3455777068 318390.466789791 304913.6381484212 317877.7149721515 266529.7120147289 307240.6454264115
2500134.314477254 1820.0 310057.3553234722 285812.6547754293 159423.3846440518 272133.8490460998 318580.7737599631 304419.1588859893 133036.4092491495 303740.4756488216 117320.0 295610.2531442778
2224282.7468557223 1500.0 113443.03288673316 294657.6716817956 126787.04228719349 102255.23325360788 294420.3010232276 227542.0307293186 184291.1208556805 308700.5781676299 367829.46116127376 204356.2748092618
2278903.124093496 1633.3333333333333 5022.745021075675 201065.42953709915 205553.51098017275 298810.35047808586 328805.673001171 373428.9265610723 173982.4692031694 325483.8547078169 98151.08646589292 268599.07813794015
3115444.6740901563 2300.0 300207.9639869747 345111.50868207857 288742.4945540789 214707.22930472292 364553.4616458042 295698.69770402607 300467.39413868706 298953.04447723203 304951.8758744247 402051.0037221271
2565967.3087370507 1820.0 217373.0896283372 328649.06516093767 305183.4274237768 87447.50977981748 368442.72956568736 274867.26007873984 323124.7312959038 221474.0247579465 216556.60027721917 222848.87076868472
2113125.125631599 1500.0 160485.11459271252 281328.2722552558 142370.50623132865 287595.43638834136 113463.16891979708 302790.68838374084 105950.37064488628 348982.410150388 97582.80047409877 272576.3575910502
2038156.350973955 1500.0 146573.5723569176 258338.4139781539 125523.458711089 268448.3350045722 141608.68547678113 241133.66787108144 140202.35734094353 265155.4424237652 175189.83428439373 275982.58352625754
2482015.739937149 1633.3333333333333 114702.4164737425 217222.59257716697 348827.55580291187 313713.1106912263 339770.48940563115 257316.03121418317 185135.0710343656 294193.3054211343 99582.49165242322 311552.67566436395
2949529.150860295 2300.0 235248.93539861304 301445.8525072033 308982.8521860286 281191.7696783312 325147.003003433 315149.4144464272 273400.3875746814 312868.53522137593 260197.86771447255 335896.53312972886
2809892.2978616245 1980.0 246854.38700058672 331453.8461082951 317356.09917444945 288342.6624143536 265969.1236656336 305862.4512171692 320607.7571840926 265994.5627051804 222223.17103124224 245228.23736062163
2040937.0185156676 1500.0 123131.29350258784 286893.19491171744 135001.9144799747 295571.74055247376 101535.08436792032 309762.70908247994 68327.33121976309 273420.42037982953 176214.33369021138 271078.9963287096
2267970.910648873 1500.0 102899.75132670876 280055.5731097035 118545.39081053388 291118.16424338525 205743.7745291209 254477.50975084075 79124.2979355616 258511.06110094773 349622.33721422724 327873.0506278435
3167505.0875843144 2140.0 282492.29865013337 225731.76150886112 163322.23849113888 252790.4834247342 336956.9639616056 318162.9758397216 342742.6079396389 335397.5130577558 536876.6751318348 373031.5695788903
2617408.639305859 2133.333333333333 289500.21106581896 110676.7611555934 257485.38895659696 384965.0097366491 315520.9737275765 396148.6735488493 378536.5630721208 132601.62980261396 2697.088267439517 349276.3399726003
2271680.4876349084 1500.0 350377.50312328234 109399.10653606831 361889.64613018616 243239.3019442692 157592.01402615418 283043.2888971853 129444.57452899756 226471.7286118352 142312.14344714303 267911.1803897872
2025241.373381771 1500.0 136245.49878580097 264740.6283070287 134892.05127975452 300789.0338757802 89227.77472122171 266946.8419719448 137788.86976334816 282149.5467756967 159192.6022778807 253268.5256233143
2178299.710743281 1500.0 158020.09242382232 125692.25380297792 254616.61731330503 239018.55956352063 251607.70770274213 215746.572915532 347299.5412273742 329754.40221501514 210625.3610282288 45918.602550762975
2000720.7985326825 1413.3333333333333 1583.059781331271 349486.182055085 371118.737662533 322840.059961469 167820.302657873 252247.59718980445 21871.69141964365 198530.13917208003 35706.710447090794 279516.318185772
2338638.5161996456 1716.0 304406.74088949565 290826.9463811538 296259.76379179006 335045.62453837687 253552.5568879602 308122.97229306045 289896.6538510469 34329.94283443379 6043.882983592484 220153.43174873528
