s_bytes_all avg_video_rate s_bytes_all_#1 s_bytes_all_#2 s_bytes_all_#3 s_bytes_all_#4 s_bytes_all_#5 s_bytes_all_#6 s_bytes_all_#7 s_bytes_all_#8 s_bytes_all_#9 s_bytes_all_#10
969189.9680717804 345.6 0.0 0.0 0.0 0.0 0.0 0.0 180604.90942280856 314635.9639790544 247236.0925059239 226713.0021639936
1470157.2904014592 1096.0 141144.4515010025 51074.5804272171 110280.0 0.0 229915.5505206336 172300.05588776874 247678.325655322 143832.04419812092 228032.30058767227 145899.981623722
2033928.9276112209 1500.0 268331.14092941023 172667.00381952457 251933.46699549936 158293.98402056773 252412.9769247491 149950.20519893907 216123.70446605212 162004.09680007084 244664.08213726265 157548.26631914507
2067553.2508489208 1500.0 176442.44153259083 226372.286785148 169846.96089684276 297869.72629063856 187474.5897141815 189890.8086961381 173448.35712988273 189071.51185389265 292582.1216334184 164554.446316187
1988288.0640986504 1500.0 249321.1311916345 131919.58464521414 252300.21640506032 159443.02905996286 86044.47089488755 238289.2885332615 378042.3907179084 135423.45161869 215481.8999637499 142022.6010682812
2471087.498967969 1500.0 269659.4934679448 313491.480830988 399952.7080258347 197396.63174526463 282351.6394891185 165589.26703201627 265171.5879768905 173718.23916471004 206834.1840690086 196922.26716619285
2054546.2881032664 1500.0 248696.64683049027 176862.5994785785 226055.60956608676 148628.0441053919 263168.3851445649 152713.61474163778 274506.66937383864 162212.69720643433 239110.8352047974 162591.18645144586
2065903.5146849896 1500.0 246279.7641561337 139372.1873122024 223864.9735770409 151556.70055189892 248788.58833849963 178881.73396177829 273599.8718965416 204254.2774581113 164627.58604229346 234677.8313904896
1969363.4437076133 1500.0 155381.50340349344 227784.3962525916 153419.41025076315 255885.29514512632 153599.92178090994 211490.67037885948 241206.7650687835 174757.66169436596 274320.51001689816 121517.309715822
2060538.3305528727 1500.0 261221.3384882486 169573.84961142082 243329.70152793784 129847.400711616 234246.18911794492 169008.36268921822 267365.9560162308 181461.38326753856 254802.81615416144 149681.33296855536
2483039.422951258 1500.0 234374.48486903025 330847.26136555814 401789.5277911237 204492.811475699 236557.2102966636 237260.4461747548 161152.03417129075 281787.4345518961 178728.02645296973 216050.1858022716
1982188.7638383808 1500.0 230274.5876132893 120461.0587859202 265102.580432909 152633.54359336564 273573.1896292842 145716.60665459756 267267.18036754994 133594.51707017084 223839.8451649266 169725.65452636743
1622211.2361616192 1060.0 262866.3023689987 154165.2413015545 186329.0075183486 218805.23764571 255920.00217253956 84568.44515446796 192420.3533159212 37132.6466840788 176276.42100911448 53727.57899088552
1338374.2837611935 840.0 193517.70276767452 41753.29723232544 186135.0509441773 58925.9490558227 186181.0929716634 53634.90702833661 199380.629325222 45971.37067477798 180180.97208790656 192693.31167328727
2415229.7758234967 1813.3333333333333 296276.92275283195 66864.79348597422 207411.49185443285 59798.50814556714 235464.9468931298 296088.60765834234 123586.9688848172 291673.1284484621 390200.31203409325 447864.0956658461
3051008.546506702 2300.0 403295.0437502059 319325.1886552893 349558.68587505794 255406.15748766545 300513.4999309725 241160.49973518768 315813.39163074124 293613.55294775235 347462.67637584044 224859.85011798888
2142494.4281786885 1660.0 231147.27202723565 227188.6952554087 251593.1200040318 219562.35621295817 293475.2282916246 132908.36977341797 253547.4749080978 151601.9387394675 236971.10130327469 144498.8716631719
2016235.5617695807 1500.0 208119.4254984851 276669.03627259907 181621.6454364626 208226.8585223719 212751.59063283357 140180.73010796608 267667.4248535555 140649.41829010088 271550.11290622805 108799.31924897792
2097039.4039603376 1500.0 244399.0999357373 158842.7095281753 280185.1379402538 151052.07143501114 219477.13030790145 187040.9534060456 224746.85985410717 365067.972297198 266227.46925590833 0.0
2401762.959894381 1500.0 245391.1826438145 136121.12625670372 237766.6663398569 322526.98868602485 375342.6981499064 215279.44831511396 297102.10466620844 152216.54420581786 249562.7093350314 170453.49129590357
2023304.0401056183 1500.0 255126.6107557486 144949.69450171458 241822.65203979783 146348.09253421114 226515.23766422505 170064.24965840095 199182.19621161523 246358.08702049468 187249.84293499857 205687.37678441184
2000718.208961942 1500.0 218869.641169731 156350.63266388045 218612.4189828088 198021.56496262545 291433.8188896115 116414.26232536124 228331.5022054778 153357.71415713266 255799.1224219589 163527.5311833543
2013678.8506606843 1500.0 207608.81156155647 234280.98271124723 156592.50049175927 211595.4962734949 208607.80791870615 183102.6890900164 276829.3445125075 135122.87723572136 262175.61404171743 137762.72682395735
1977270.1386372084 1500.0 257146.83318354457 156459.77108723734 226879.58604907 324259.5795467325 261090.17051078944 0.0 197364.02464504776 168017.67290273876 206894.8072736972 179157.6934383507
2559725.228423748 1500.0 271791.00504209055 336053.902169982 345971.64838457416 265539.76088230824 329907.4461456062 183964.3352306207 239320.0559758859 185807.7462364864 241089.71828746775 160279.61006872577
2091740.677288052 1500.0 274750.1456815207 145379.61961306375 242097.785238022 153444.8366886969 249078.84179771453 161746.8928221091 281089.0674678787 194721.11295496445 263020.3639934036 126412.01103067806
2086099.4411842783 1500.0 222781.8724684902 159068.42692916543 229356.76412211728 176754.75846104394 211908.8854436005 190370.0501469672 232957.1232413641 247831.47863651416 182578.6182176707 232491.4635173449
2006695.981835675 1500.0 165627.24139132595 235548.13814982105 139816.99627462693 269963.20526349085 143638.24135569832 258034.6324091244 239790.71931297364 130938.67319331095 251425.12408418697 171913.01040111604
2049864.4767753188 1500.0 274179.61645012035 151171.0811641753 262955.45474878803 151045.45936316738 233699.39646271625 144756.16664849885 179282.79894468363 197918.51940215097 306976.0182231888 147879.9653678293
2769221.9962330936 1500.0 232651.4944339549 152292.99505118467 225076.62988196145 302318.0095250456 328115.7246200321 335206.1043482259 381439.12718474295 314457.7538983652 336968.1241141856 160696.0331753951
