s_bytes_all avg_video_rate s_bytes_all_#1 s_bytes_all_#2 s_bytes_all_#3 s_bytes_all_#4 s_bytes_all_#5 s_bytes_all_#6 s_bytes_all_#7 s_bytes_all_#8 s_bytes_all_#9 s_bytes_all_#10
118207.45664826702 480.0 0.0 0.0 0.0 0.0 0.0 0.0 0.0 0.0 8308.0 109899.45664826702
813485.8559143639 288.0 105160.63129167624 64624.13310337562 107064.1212791778 110196.54075993372 46884.33387545053 61798.19887561507 103421.95671735244 66486.76101841316 45854.4470045585 101994.7319888107
791644.876013981 288.0 97852.58200388706 40400.1024957848 42220.244166841774 61920.00545873354 24779.620358699503 88592.41876394788 50986.30364602075 126649.22061530688 119513.40096567688 138730.97753908177
644088.2008549805 288.0 11975.811423388352 50936.175954121165 43893.65881400042 59805.63761996622 51090.65225257444 75699.26755159034 48307.84145207229 112988.49052950178 66147.44087731706 123243.2243804485
687983.5793045594 288.0 56252.08476145874 67890.73177308185 20619.503997160904 98818.64906753485 52495.4368296825 158237.95049760464 69513.20924156829 56200.58430609482 77348.93020501325 30606.498625359665
709337.9182660342 288.0 63345.69944494321 65795.55433392909 30441.396662512663 89903.52507628931 73989.08101952495 84387.68954997013 119548.8245175225 37192.7584701382 67903.01845407345 76830.37073713075
700983.2322420849 288.0 77722.78049246364 73288.45393641754 68330.87856893285 39498.38763966999 89069.40998056058 38209.15356873362 100291.05714541762 62564.7162198508 60579.27544576739 91429.1192442708
2340321.9592223987 2561.0 50301.97750243782 97363.90325329136 9418.957393133123 101934.8763589902 294055.76459912653 412252.8286551325 366873.0690094725 204274.7590369001 354471.7902676348 449374.0331462798
2826988.938985357 2071.428571428572 165265.93341305744 333876.7519781232 92897.6561813479 355407.57121383515 261414.11548761287 316544.6958081833 290273.6138289111 395707.0751672261 203469.6485091988 412131.877397862
3257029.8159271423 2300.0 284945.53351393575 392769.7582219311 201759.61065005127 389322.1460859351 319033.3740332196 388201.2909348128 238299.65276226215 406897.5816327678 306350.6673580639 329450.20073416294
3279431.2290599686 2300.0 241402.69022767397 310901.65999469016 295951.14062523865 347437.8941305328 328016.46081083734 464215.8981560192 355065.3201784175 310368.87528276496 273855.66666826064 352215.62298553326
3157949.6511616856 2300.0 324259.0455850417 261534.1517057753 331173.3442133703 307009.01541518554 387778.9641325736 215080.9098219536 405114.9806265247 311395.18886832683 315814.242216081 298789.8085768528
3298799.3903700025 2140.0 313456.2548714166 316948.39102100336 305710.2150612199 304368.18891420966 300109.2971865593 416935.3676614429 368315.1199624044 306592.399883581 303547.6867117656 362816.4690964
3200711.826374761 2300.0 234431.9720399271 137733.06190508176 377001.01967676735 344318.90600667126 292825.1823815153 334808.3033228716 336575.6965968125 403199.1835499284 368670.6205404085 371147.880354777
3385586.8440118665 2300.0 388953.1378703898 332109.4321693969 366017.27557902073 320453.06460927444 305822.8837464115 386738.1908221323 343845.8141415705 289418.17043504125 226718.83332428813 425510.0413143408
3289914.6098044883 2300.0 336241.24918895704 354973.301220166 286852.15311670245 407130.6066169117 274329.6996140173 284537.4914648427 229576.62411676176 376829.9767302036 344768.92342852225 394674.58430740336
3425919.2493816656 2300.0 314814.0834633489 410088.3863597633 297023.89948259643 329735.0727190029 366015.2970204612 181633.17668929347 365062.6563058788 420282.8315800341 342818.17782875214 398445.66793253424
3137722.766178055 2300.0 306171.6040838957 295259.86885325063 238733.59773157697 286377.11950490985 298990.99586816854 376513.19786627847 358637.6399686149 329051.5596725008 271610.06600011635 376377.11662874295
3374661.245945276 2300.0 254153.4669661185 357582.4475329372 256451.19145446137 382337.9130740745 371224.4670623023 341310.75484203146 335309.52106665215 376947.5783511069 292329.1661594704 407014.7394361208
3109001.722861328 2300.0 109212.94901976764 367051.9630630744 389371.3237532482 374885.60589625 246868.0449518387 315069.7668105731 360886.4128428401 333428.6323503434 225140.19097954335 387086.8331938493
3357122.568679786 2300.0 371499.5158868858 343298.43487977044 368447.13810707146 317164.07366246195 385408.0081330568 215294.1728150416 453450.28798744606 208292.51822343605 320174.3625886899 374094.0563959256
3269331.7183992434 2300.0 295228.8895463338 372799.5581094421 301986.79852765845 388909.1262910761 372609.3842343867 207692.01778038527 288874.5317130864 411577.0236547249 281058.9223154081 348595.4662267418
3263816.863728919 2300.0 323666.5255354257 339398.5213546783 265431.14740445506 338864.57827827125 318893.0164021788 395820.48670743126 294095.4325063162 315493.8972838791 250433.0193239537 421720.2389323295
3169920.299945992 2300.0 277715.84036546724 422872.6921527855 142039.62490321888 347541.93837178475 372795.7687573555 296344.534298787 323866.6836134676 349878.0258567942 252648.3671248394 384216.8245014919
3256699.5192514784 2300.0 113609.28468311433 287816.2674678828 320904.391348345 398246.88427135634 323422.61955720803 362256.3558385765 407557.6777632831 322000.3922662428 404937.9901256597 315947.65592980955
3354395.256009711 2300.0 429718.6919096012 384881.6943198884 384448.9905559378 257317.65814273155 324989.7735019101 250503.8501889024 341469.7084663562 297743.40233911475 419057.2918007532 264264.19478451496
3338276.559814711 2300.0 373705.42302815407 286992.78613400564 363455.2922708384 261572.9119305606 392842.9671656024 334319.3387947802 327553.5435315965 216262.0915123865 401130.189621174 380442.01582561247
3302046.858468993 2300.0 299746.8456418945 236068.7602876429 284178.8780184373 389226.3401934548 410469.3818070191 274126.52419549064 395396.162564657 332407.76703728107 280264.160609611 400162.0381135052
3189259.082395541 2300.0 140807.72011721745 380596.18868484185 286183.3290298996 409555.6554081557 289080.11607048614 388711.26813510654 190667.17411095765 385600.8093116397 341263.5767006075 376793.2448266297
