s_bytes_all avg_video_rate s_bytes_all_#1 s_bytes_all_#2 s_bytes_all_#3 s_bytes_all_#4 s_bytes_all_#5 s_bytes_all_#6 s_bytes_all_#7 s_bytes_all_#8 s_bytes_all_#9 s_bytes_all_#10
1205888.7195340905 330.6666666666667 0.0 691.3164118687878 12804.543174348606 107652.43649533688 111591.0027909425 231538.04254714423 228151.1780103916 165830.7113174984 184618.20920593635 163011.2795806228
1872245.741897712 883.2 179981.56228885218 275390.2376863912 99763.48049066648 138155.97628196114 97801.02371803886 168216.68850837275 228399.0327901625 250635.4005526589 127597.9732306494 306304.36634995864
2095041.839317985 1500.0 83442.02578398355 307997.0868241857 158755.1074292814 304914.73287730315 116851.62051998542 257176.84962586503 146832.40038383094 276065.6925270228 123603.37953055555 319402.94381597167
1986587.5110427388 1500.0 120736.60171983694 298675.99989001034 100395.47349326864 294480.3777830742 94451.58864820954 308980.1852267826 89298.35290337875 288851.4680504446 121352.95416693742 269364.5091607958
2367617.8016847325 1500.0 162118.86216462383 286794.5124305361 128619.54034070214 243606.470971338 351180.58635417063 224061.2159461033 0.0 252747.2262986145 333368.2827225616 385121.1044560828
1784675.4164450932 1500.0 274461.3865227412 276765.7978475088 155824.779416571 275487.7040440014 94691.39882998203 222610.50765767053 180167.4224804687 15748.858941535813 987.5307822617214 287930.02992235206
2482463.1435518265 1500.0 339575.39603838255 409385.3292203944 192476.3643316642 321857.86956603266 116866.98945862282 278734.0054868933 147987.6492081895 247864.96560998185 135001.45744046045 292713.11719120457
2088186.9640285168 1500.0 135129.52487276943 271404.1492281276 108504.32013500282 249959.24234420632 180874.0302887173 232644.73192428137 225296.44544923157 221017.8281930781 141573.554090407 321783.1375026951
2054057.1246052128 1500.0 111912.4749788402 218018.09345989375 163779.00911442895 272298.7869514566 136093.5104991284 242237.29471482988 242529.55763593 206502.3114733929 169150.82366940423 291535.26210790785
2518684.019662583 1500.0 100414.73789209216 179271.21508945848 317638.22254078346 313911.5623697581 0.0 216445.26457843068 355753.71962445 380079.701339264 314701.9063584067 340467.689869939
2064199.4917498413 1500.0 100504.52080545794 269680.971449048 151206.00641508633 262652.09968688886 164355.2670050869 232848.35904849696 226633.26332623095 198230.6798119928 241319.44986094776 216768.8743406047
2060927.86835188 1500.0 176277.0033281615 199000.59335972616 280884.5503368453 227822.58329204415 202942.4502413273 197722.57235204265 142730.47356952142 2257.4445268376785 276147.32241652184 355142.8749288518
2229307.810934469 1500.0 201034.57481282955 296121.704607393 154243.79770323704 222287.5808801202 193249.12792268736 179676.56461967656 278852.6804295829 221671.58172108297 253094.3532171985 229075.84502066087
1951722.7359260493 1500.0 128101.5471933196 287398.2486172408 114997.099353727 275256.71168369905 139907.23659026675 243435.58776554625 143807.40743500783 275930.0416795135 162640.62371018637 180248.231897542
2455399.3824188346 1500.0 238214.65238958108 190006.98661103612 192570.17226665316 236605.6353723137 341410.31094866694 304805.45596608974 288932.9842879149 207352.48028043425 196810.1331445805 258690.5711515644
2009201.923848905 1500.0 140169.5448892399 221809.004574748 181772.5475176729 227451.06373293287 276603.2953425508 208007.11437687045 162582.8584144206 268493.6678573409 114566.90227039206 207745.9248727362
1026951.8401378164 1500.0 169000.13334986003 262607.9176351685 183275.1489144346 261444.21631651156 126422.30339203672 18324.35042042369 1026.4349710958156 0.0 2321.850867113586 2529.484271171842
3101545.449145903 1500.0 974.6648617145722 223102.40689967969 370353.4609358356 398817.7051510293 349026.748364184 346695.3732896624 371559.9029010633 380680.05817145295 300360.80572097714 359974.32285030425
2128442.659946962 1500.0 180539.05352918385 274032.6659849966 217871.80620653904 220906.65523453365 171062.98718938098 222950.89324694345 182622.6218351907 184576.5823471715 282579.4510905034 191299.9432825185
2485098.236322417 1500.0 399627.43526231113 329460.7057588239 267638.6670446716 267858.61650648905 173647.131196554 259751.56751066475 163510.443711786 273332.6779640946 122544.4251059024 227726.5662611196
2134984.761192044 1500.0 160646.82780334615 276107.7044266792 165591.71708139527 245164.6621218216 164767.6547219638 264194.0557037628 141692.1995793636 241787.6498639466 222901.77163852344 252130.51825124107
1996512.52582253 1500.0 165605.63555266446 230210.2778248705 158886.9480063925 232941.6528146825 183084.0440557792 251519.748307938 123552.755181915 290158.91534232773 111863.33013913452 248689.21859682584
2058616.4157802705 1500.0 169895.269369421 259215.5302330665 155396.42147858298 17573.38547163414 972.425879154279 237799.45827971352 285732.859984357 425394.8988257113 269038.6441762999 237597.52208232955
2177826.9465163457 1500.0 184775.2501266034 317842.1932415806 126630.69393626858 277193.3468055691 146199.2251715604 278866.15711343347 121049.85947399972 77545.77926467356 238008.25035342795 409716.19102922914
2412515.11084466 1500.0 339255.08784963336 322044.5128985041 200697.95378194493 259817.1936694756 264727.2797725627 196834.5253757435 141413.11678737862 198609.0503030538 226806.4618446393 262309.9285617241
2128511.099387986 1500.0 166670.1185308385 224438.5410319332 185343.29147429368 258230.99676793796 196804.12880395257 207241.56351786395 251250.0134613632 220884.9684171334 158421.93728526638 259225.54009740337
2053260.275303122 1500.0 150999.4599025966 155704.23515527643 212893.67627076132 283767.28569258255 137741.73775783688 289486.9857488065 144562.4731483541 267544.0839277828 133751.22754486193 276809.11015426303
1991404.7864256636 1500.0 193554.18459947448 211868.7103256268 132431.7431696256 215991.3599889218 186408.66181169503 269453.21340912045 110491.8068451622 238271.61892039445 155195.83524994878 277737.6521056937
2766795.047701803 1500.0 158229.90392742975 278468.9984674428 123011.82448687588 209825.03650393293 317024.2216672723 412660.9586451033 391409.102077596 309550.5644170539 303644.78798110434 262969.64952799206
