s_bytes_all avg_video_rate s_bytes_all_#1 s_bytes_all_#2 s_bytes_all_#3 s_bytes_all_#4 s_bytes_all_#5 s_bytes_all_#6 s_bytes_all_#7 s_bytes_all_#8 s_bytes_all_#9 s_bytes_all_#10
486640.8764435205 364.8 0.0 0.0 0.0 0.0 4485.019879046784 89817.98293796525 120457.06243316224 127422.43194418548 92765.19921763154 51693.18003152922
879822.7459415365 288.0 95569.92355074755 34778.8214823551 70066.33948914443 87936.17898531156 97402.6680296904 176375.35581451934 105426.4004409018 82684.67656920778 104844.592467852 24737.789111806476
907794.4202413154 288.0 19632.212098764616 37270.44609162833 95981.69269985471 96032.76614216222 158486.69622136193 92208.91498112032 122517.39157991232 109232.94269032116 106145.48572865856 70285.87200753129
806390.9429392781 288.0 81046.64541293196 97894.25222184628 83255.10308248694 78205.02580014382 55262.07991614162 93528.26645127869 74113.0102450787 64997.434472467736 91203.65754442808 86885.46779247417
861445.8372264884 288.0 111963.696396321 114721.31803802856 0.0 101189.46197724048 135433.68394617632 72037.35546586209 78242.63884055665 92519.78898088152 69019.86908443105 86318.02449699074
667003.9851666633 288.0 53661.501636746034 66001.6134298103 81712.9684189338 108123.85585716862 20567.60438913924 91880.79052193846 82834.50611888342 58212.60130707759 46679.83021592776 57328.71327103804
843642.3668349744 288.0 91430.97783163672 98947.74195289784 74070.02020741583 90608.17533885612 66840.75007557956 76874.20735791366 114036.39768565436 69129.05145926373 48444.87013198008 113260.1747937765
724143.1633143967 288.0 34122.82674099124 117770.25919027804 60228.685176743085 95337.27096198848 65634.16676900415 108111.04671862265 59726.28849437311 38176.08721037667 74429.1627573887 70607.36929463057
619900.2327896627 288.0 102219.03596455896 36000.982557042546 55970.84062455072 54048.10900396352 76488.05206024955 47093.57314942165 89886.18473527074 61549.75447167045 82599.58003505823 14044.12018787618
567758.4291021642 288.0 88135.2180965819 67232.28526790389 108694.23395584046 20619.535515654767 99523.24290989058 41190.23839605941 11987.263337171506 23564.12037440174 36228.910942496266 70583.38030616376
898227.0 288.0 0.0 116342.87691073862 92332.8990993745 88060.67226330523 119122.1272712257 100494.9305380616 84831.56672681886 140602.51415808586 69339.41303238962 87100.0
897034.2515707327 780.0 0.0 116938.25993212614 13473.740067873856 0.0 243954.88920424177 192147.63283666095 115.47795909723423 141762.02954084982 66910.9704591502 121731.25157073264
1806139.0720297792 1500.0 100004.74842926736 157497.08672108984 218914.9683415528 197684.96939801832 221301.9340700537 133259.0220160986 225622.3561725884 135628.3229603184 293568.0035410645 122657.66037972724
2077157.9696221135 1500.0 306919.4754492411 121264.25472681464 262765.94622343243 179499.26426692217 196233.6836201315 216482.75958422764 204373.8259703879 211735.96612814744 193761.383372674 184121.41028013488
1938165.2703473289 1500.0 222969.4296968187 189824.5524643109 217048.63005787335 181430.4213585684 192719.6960300553 122288.11315758232 262745.2919042675 222570.8253990384 226578.2625292058 99990.04774960838
2668451.801544649 1500.0 432758.0700992728 392741.6433817003 246719.53839565217 270769.1320104737 309470.9206900514 75289.33080578466 337457.7544247046 138578.35873832428 262669.2766141108 201997.7763845748
2054169.7479322075 1500.0 228172.33886078207 197089.6464521639 188022.607906061 196831.8729931076 322258.1686732813 145555.10021553602 267122.899784464 138645.4806939689 176304.34724531305 194167.28510752952
2020749.9069129012 1500.0 189338.15340526827 260414.78794102804 203851.6300128225 133130.9507885225 252808.49237568935 214573.8161838608 267451.89592933457 119117.13722371594 210868.02309294656 169195.01995971275
2078201.7244232397 1500.0 210962.77914847768 203480.34296259988 335840.85792920965 130262.37853539032 228862.6214646097 160468.4854893884 192331.62007119533 223967.1412726629 191270.87262714535 200754.6249225603
2540638.343681836 1500.0 310855.13105018385 165376.9888680441 225611.06212188705 186453.1790487461 304668.90834708884 269011.3650579532 392197.1313521806 265281.4082269928 229283.08154397117 191900.08806478823
1951267.0113005463 1500.0 204830.07355754144 210187.365897451 174610.76882621314 176967.83977923656 209809.2613675653 194348.4441905084 210106.8514783632 223885.3398584728 198658.5243601356 147862.54198505907
2070801.7172367312 1500.0 238150.62360281247 122006.41064837748 316613.3674649243 69554.02216608677 339048.7514048309 93721.67474428409 314597.5307432304 123654.65355970412 279734.86630041467 173719.81660206593
2819047.4118882585 1842.857142857143 226771.18339793407 175128.85698439507 341134.48300040205 393932.9200440139 272304.6611463993 374133.24013506656 254300.28861967463 163619.8711664424 285880.8246047244 331841.0827892064
2540484.698651935 1660.0 292783.1090395258 195090.66247014943 36362.08446396688 219629.4688197813 319667.3851207365 422050.1707473658 359670.611375104 107507.70103800613 410862.1314696167 176861.3741076826
2425831.8790972345 1820.0 248625.0728577401 184798.74054267176 198406.12362848507 196094.47130692692 214046.1138124033 188632.4149146088 297526.0302475785 269113.297746105 270882.5552435597 357707.0587971554
2129781.037371347 1500.0 211653.5047771029 62000.688983402695 82502.18510647424 323076.9605547512 261491.687790861 275099.45278147585 201980.8392210598 182438.76264859643 286884.2770790692 242652.67842855383
2066876.5550145905 1500.0 159215.15638915845 172510.18836941273 228605.32489097025 263955.65435646137 200930.92739558936 201984.00234608055 209418.21522184607 218757.4596093731 205633.14091145896 205866.4855242395
2662740.5853441795 1766.6666666666667 211513.88534005504 197855.70180328604 352447.5732140002 350942.99669363064 228868.50226046809 301260.6460555728 215111.6567108889 196594.524438756 306797.9716775471 301347.1271499752
3077515.8578899885 2300.0 307040.47910805256 344197.5488911615 301416.427990092 290742.0074456496 311941.7570526658 302369.1712539593 297378.2716716127 304206.4599216421 298224.907624151 319998.826931002
