s_bytes_all avg_video_rate s_bytes_all_#1 s_bytes_all_#2 s_bytes_all_#3 s_bytes_all_#4 s_bytes_all_#5 s_bytes_all_#6 s_bytes_all_#7 s_bytes_all_#8 s_bytes_all_#9 s_bytes_all_#10
872618.901607266 480.0 0.0 0.0 0.0 0.0 0.0 0.0 8131.215125465617 292196.3060286506 360141.5858883406 212149.7945648092
1893546.1080039656 820.0 298087.435527974 169894.79422126056 196917.5122881754 370107.3254208505 162975.03093447353 2911.0 0.0 306499.45992105413 81899.62542882923 304253.92426134826
1994739.5515598704 1500.0 116328.9785961785 284072.4893642727 117293.69359320414 285087.9589124409 158706.47697149948 274248.3682800318 116839.22268256068 271382.7616316163 79203.04035696387 291576.56117110205
2817080.852279377 1957.142857142857 386037.31291115214 356965.7407523368 191522.6687325004 291118.5588810689 96944.64695213042 243728.23036941 329690.05342498346 335841.64031533955 260907.7425683085 324324.2573721474
2972770.491782564 2300.0 310881.5043305141 320810.43534418417 188212.39860759772 329905.024516993 347834.78197406884 269249.57209915045 300575.1784159462 323005.2395829954 272295.3440168842 310001.01289422926
2557412.733125685 1820.0 210870.01704934728 315700.192362682 317416.7858035185 33328.099551408974 0.0 260450.18383111752 356376.9389116045 364788.3446095906 343232.01564347034 355250.1553629454
2244489.691185979 1660.0 349083.86910812487 373373.0143786257 248436.1187318764 16866.359422644782 0.0 279677.9453775652 261030.01682634995 314782.63585688366 147565.56387830782 253674.16760560108
2634851.9377598446 1766.6666666666667 137294.67045529233 215212.0515220951 366588.3672567014 345691.5165264271 268714.27125868096 306490.1612311184 96447.52890607616 317819.0221828376 258692.48227652136 321901.8661440941
3084699.54709453 2300.0 299462.013663681 120281.98752065666 319849.88489590224 402533.4488533441 301085.38386198145 302461.5379184417 365218.2230003184 354763.14841903764 302307.2402613916 316736.67869977513
2091651.6853573783 2300.0 282136.08048053447 292168.92378941434 262884.42156139965 340065.4654152541 232380.46269002144 322265.7463550049 314241.145700702 40346.939608587 2604.0004229502074 2558.4993335106733
3146091.2669376885 1600.0 239474.001231452 431649.26360121934 287298.8525249388 342265.8373397264 254864.21231520115 356869.6034096552 348612.67863822443 340596.9569640923 281402.6520579128 263057.2088552662
3003684.0814913125 2300.0 271024.5918194092 335920.93069450144 255367.41627165463 360931.4775230468 267663.0255006378 296336.8556292437 276724.5396640063 364760.90614751057 270424.2541341295 304530.08410717273
3009336.106550351 2300.0 278147.8965683109 324199.856269342 270078.9959637171 172792.0170882927 321384.3844671904 385930.4487769124 278733.475758576 306141.89837006 324673.2383743527 347253.8949135965
2428997.2521834746 1570.0 300614.966893299 348278.86680842494 244516.83439761773 286392.07411381224 303823.12265015347 53916.18040087971 0.0 297441.51764366287 249182.65162387493 344831.03765174974
1809837.7339617745 1396.0 203428.26381473703 252866.5292659755 0.0 250154.0 0.0 280923.168343134 132777.37138411755 311178.48430915235 91200.98834818132 287308.9284964768
3160676.3379499023 2300.0 229597.85690124356 376155.73341968446 329446.4348478696 340799.1464255727 202290.94657556093 325310.39260948275 354503.1217957427 354158.3080674782 315204.4562295224 333209.9410777451
2972121.095271137 2300.0 396843.8694198169 377182.1958633986 364412.2308407567 391054.3307496466 311195.8015990638 147534.2926963532 0.0 266417.3999691887 374321.4149315828 343159.5592013298
2044848.005249364 1500.0 332728.383050274 306171.4459193371 333959.40391383454 14658.393014453157 0.0 227405.63985824477 256352.99448367543 300357.3769722337 32181.9886858461 241032.37935146535
2735766.144894007 1766.6666666666667 375479.0352001868 397356.0881753374 253030.85894552764 307940.7691683057 66683.86915917709 261781.3585303271 145362.7738957205 293160.94151411805 273202.7398612391 361767.7104440678
1941871.480933 1132.0 286688.40410600475 43482.07164852267 0.0 243413.93583762215 323125.3687440052 289431.2080680676 61.487350305042526 275144.5410293639 229953.45897063607 250571.00517847267
2212343.435966306 1546.6666666666667 5920.609783398744 299473.56617515674 172783.81886297185 277974.3095683832 117848.17675402232 291868.51478044107 132224.66507689707 305682.2444335459 263510.3611335682 345057.1693979206
2111142.5588552216 1700.0 256718.8281030601 38816.73075216152 0.0 316969.24612689286 297757.8332331884 321044.4491462221 39426.47149369666 193473.2844126509 341940.12694075226 304995.58864659694
2040335.0 1500.0 0.0 280659.4837031679 130509.51629683212 226710.98352236996 356943.22776806576 214038.7887095643 0.0 257627.5655269952 287399.5972012914 286445.8372717134
2325796.476847505 1633.3333333333333 0.0 258769.448332641 296821.6963968901 350431.5294621063 340653.3284632016 214019.5982575569 203299.1646217079 321234.7846234762 66529.64873932452 274037.27795060026
2763870.244228581 1980.0 262203.2962071674 354966.8217075411 217597.479355608 242783.90989339483 339476.0154800592 344404.0488569168 335651.5020005885 272871.1102448032 143552.49946862023 250363.5610138819
3083827.8831800297 2033.3333333333333 363229.6177316565 311448.2074379031 332793.7238510485 291003.6846516626 236082.74674823144 336682.3536999025 279867.3949597024 299827.5849344415 285298.8749229082 347593.69424257294
2286730.931885101 1660.0 193786.8097641301 27180.585979754316 0.0 298132.38149115583 312837.1618993989 333752.8239493667 155032.63266007853 314865.6406702205 366516.6268941895 284626.26857680647
2436435.463858784 2100.0 244737.4638587836 260951.94926570763 138924.3680854374 312761.5736581635 255700.6308276264 314274.76051556494 243338.05837668796 286791.85743687535 317154.3725300445 61800.42930389234
1850073.2413624355 1193.3333333333333 0.0 305503.06600283395 250811.925001912 248942.5029573732 267422.00867750286 256180.85929727615 13392.638063101813 222673.0 0.0 285147.2413624356
1992448.731566965 1500.0 145441.90108189388 265615.8502439773 125535.94780708246 173592.4108608479 178211.45652322815 321097.3689516497 95502.50049945225 259239.21125251465 144779.29742956485 283432.7869167541
