s_bytes_all avg_video_rate s_bytes_all_#1 s_bytes_all_#2 s_bytes_all_#3 s_bytes_all_#4 s_bytes_all_#5 s_bytes_all_#6 s_bytes_all_#7 s_bytes_all_#8 s_bytes_all_#9 s_bytes_all_#10
1511707.1007935195 840.0 0.0 0.0 0.0 0.0 0.0 141110.33027308626 349360.06281899964 395370.7947390404 336579.1716910888 289286.74127130443
1057163.8992064805 445.7142857142857 319692.00379974145 346498.6221192524 2133.6387905006613 7027.634496985935 5025.103197965536 6290.896802034464 4483.638857376755 31419.215847282896 84036.59907549623 250556.5462198441
1279451.5262079684 1078.0 141944.11154578568 46027.11976827872 84078.7686859356 112247.07640577792 131096.92359422208 109628.40983412608 114256.59016587392 96809.98075719336 229478.90809040016 213883.63736037485
2067890.922080903 1500.0 226523.4448181857 251618.8009503823 206512.88230445943 218669.6875940294 189707.7454754928 189961.0120052146 206168.84512513023 205822.07636866925 197133.38714017003 175773.0402991692
2232298.201359666 1500.0 244390.70969147244 340599.1038796331 87416.49343175688 337880.9976161846 28751.17441282559 348394.5800519429 114509.13113175872 302544.451705959 121024.66445196512 306786.89498616767
2225683.615274996 1766.6666666666667 46223.742445192736 362986.8625820619 101497.57656064726 378569.3774187704 18614.791344790247 351648.5754483505 227834.51544081024 221567.1619523987 200480.62978286413 316260.3822991098
3173597.12779228 2300.0 392753.05659225705 319750.8357387247 190044.81503950272 358070.93684088613 222674.1050626201 405103.1405491945 367257.69120035786 363634.7661157997 311561.9469939057 242745.83365903096
3179417.8545654425 2300.0 320381.5707704144 308892.5869947984 389921.1243436975 128603.86566124046 377552.17755437526 352453.11294879706 244646.02447725547 404154.1141399528 262312.76195718173 390500.5157177298
3038089.945331709 2300.0 302343.7178177083 324974.2021708324 296486.7580768805 364144.11317891977 240173.9775434512 201520.62537335447 322320.6523872053 446326.3533037463 352218.05535938486 187581.49012022567
3335781.219388658 2300.0 301330.5832159025 374332.3668581426 295903.30601410393 416853.5558973511 323628.2897200247 351520.60398040875 384415.62601919554 362144.1302535925 188966.34542831397 336686.41200162267
3247110.9118445367 2300.0 387695.07241812686 317474.0830383314 301549.0249404772 341304.8590652447 220380.9788543101 370083.7636454337 226339.11942557475 429555.2171221806 311109.385260271 341619.4080745869
2968450.047130659 2300.0 79533.67615384035 374903.5455459836 357399.5778740038 405695.72737749 321516.0960729417 256463.35664792717 94881.80684292088 395643.3957762616 428913.622069955 253499.2427693349
3346175.4953162693 2300.0 381959.9691455678 304798.32004780683 299939.98753929074 376217.8553800802 341453.91067221743 429540.2318694129 299000.44421283767 172831.2114949465 320727.0122315949 419706.5527225142
3167884.9021386835 2300.0 263190.41311180365 408528.5588889141 303285.2270245235 358209.1240439873 305697.15891418216 297695.0522897246 327227.5550123651 134335.59608087523 401960.8712291525 367755.3455431552
3116989.1127183447 2300.0 331715.5028265778 358111.1560335589 329113.94755032053 207555.14560450485 382503.5271346827 366691.15181538864 275062.4637583996 410863.696363139 151521.64048165662 303850.8811501162
3398546.5412208578 2300.0 380971.1692140236 326723.36926079774 313586.1677667538 426039.85436137376 380812.9966680217 267652.21521742904 153111.50420483912 414913.807143642 390070.1669755552 344665.2904084214
3129806.641528605 2300.0 319319.57410467253 268020.4567104044 12848.54681394916 370140.0060500188 398400.9542670344 329070.53510170686 415729.89258357184 321127.6759365312 433401.9580123351 261747.04194838053
3263780.7881490453 2300.0 352793.8039954354 255167.1302167529 340836.503122205 342138.6709729636 363445.8044943388 260185.4667485697 286269.1725277399 316858.89426188834 348777.75431917363 397307.587489978
2912126.534995314 2300.0 312300.1479513761 172887.8952215683 296156.15642218466 371314.35641506943 263388.5919411776 171926.81726305597 309051.7196801008 346731.7727338384 305239.485418973 363129.5919479697
3282045.658464858 2300.0 301788.7073492436 362467.0659182104 289887.494501289 368851.1383498669 409099.5870863116 394008.0195831837 331630.506613001 369531.8811896759 83492.21236528015 371289.045508796
3107271.796881028 2300.0 347189.33797474817 317877.8890192077 367655.0151139711 324884.4728191633 301359.7622977148 310468.44079033687 273911.01674191 331073.96303453087 205749.4154090908 327102.48368035443
3352083.2177913 2300.0 357057.32948957937 341172.31480882585 334443.8927676809 322186.2454156765 409347.3365933047 245463.6544803951 359842.7578976664 339097.22781298286 219317.2834858682 424155.1750393196
3119957.264531736 2300.0 291929.16734168306 283218.9280078759 403728.18156870943 327931.3622019687 377276.8071649071 269066.9099808011 295518.8816639401 346175.46146812814 272651.26125630207 252460.30387742023
3255373.7410738845 2300.0 305374.3305730621 375378.7601110613 313276.4123295009 268525.617438936 350776.99940653617 464415.03614235023 306934.7280602972 300138.98516813846 270511.99116295046 300040.88068105176
3238376.2511456697 2300.0 281046.2978118106 366312.3782133124 325758.85311515426 313170.5392980813 330510.4945955326 346486.5706994291 392669.86482114426 255891.4097534878 291293.8565736099 335235.9862641077
3252641.2420501537 2300.0 237119.29971262332 360760.8336595827 316148.5730697103 329828.64458242746 290622.8858223326 353181.07522468484 312903.4096732355 362391.3858146931 330765.8701848766 358919.2643059876
2934588.767951921 2300.0 311013.9106850863 233969.12475881397 322004.1603008941 254613.33940232883 357259.6594920155 241577.14586320712 302949.42124151386 386623.1871509277 303228.9396752952 221349.87938183884
2954513.897038905 2300.0 393621.9295809626 264425.15456671343 293344.58376532246 215116.53167449168 378377.8849388891 362212.0659779295 262161.52256120247 184527.30176311856 318887.783114564 281839.1390957116
3207836.5644656103 2300.0 339235.5755170865 418048.8755786538 311882.20690389065 391166.8134195283 236264.56843509083 351244.84090844134 346358.3233277 280465.27326733945 187160.1086528125 346009.9784550671
2166681.211560996 2300.0 304307.048993183 386863.9551964476 153725.1304760129 376530.0765762389 394131.38539463154 311603.7781101566 192259.6130881584 10578.458768634511 34221.40341371516 2460.3615438169127
