s_bytes_all avg_video_rate s_bytes_all_#1 s_bytes_all_#2 s_bytes_all_#3 s_bytes_all_#4 s_bytes_all_#5 s_bytes_all_#6 s_bytes_all_#7 s_bytes_all_#8 s_bytes_all_#9 s_bytes_all_#10
546478.4835971046 480.0 0.0 0.0 0.0 0.0 0.0 0.0 6917.0 174399.54832483426 148008.5759049087 217153.3593673616
2110246.983447008 888.0 233938.6421213651 333364.70120957715 369220.18829274666 207905.98477920657 0.0 219418.29825168103 130114.16551171 229930.83930589055 158293.88444614407 228060.27952868643
2084470.1688515523 1500.0 170690.77395781575 256723.06052995683 165743.48679866322 243749.834876504 153037.36828507044 257231.2651251799 148295.415913771 233372.43789970767 151608.939335972 304017.5861289119
1961050.757190952 1500.0 139980.76118183913 247184.35081018836 145649.31230040352 230685.77418989825 153807.96136121644 230390.7886489723 168769.88057898963 197851.48724310743 252425.37724412448 194305.0636322125
2666659.513749205 1842.857142857143 258655.382721575 177136.73922387697 382421.9883421294 361657.8598608164 191584.624931555 288006.8482016836 132305.10185903753 262476.6075671754 279877.1297301577 332537.2313111987
2938291.479098854 2300.0 291692.8787998115 337876.7415064631 266970.10892026493 300692.8866981183 266252.2262504724 323784.1312979717 259182.9679931181 295581.9327344267 280486.3466951485 315771.258203059
2164901.2425507014 1500.0 296085.72110090475 330117.0773256604 152490.7145581643 205293.3624934289 147097.11769366998 250791.3014248655 168690.27022184138 280714.29374191933 157971.49623745747 175649.8877527893
2102631.2250785707 1500.0 264830.93804587866 184685.47674022653 173342.9567285171 243719.48183104044 135310.97468431585 243274.8959716888 176776.298801673 272118.25356189685 140714.38064039734 267857.56807293626
1971341.896544875 1500.0 156743.6908048626 241311.87451905207 143460.3857635225 274460.20843861246 155639.08860442456 201350.81673839904 218414.11257546503 184346.32870785 238800.18471951463 156815.20567317226
2740928.4962295773 1766.6666666666667 302999.2554264205 425434.1247796189 279444.8050595202 238088.8220476484 225021.2425779684 231596.288533242 130443.5538214559 235481.0135258553 322813.2142014668 349606.176256381
3065652.5411431645 2140.0 287497.34648247564 344005.8015102454 257805.97518335213 298157.48364332726 259868.13799918676 350884.35008749296 264096.33449362067 315686.4083316586 311094.99073973653 376555.7126720688
1944435.4937717768 1500.0 147147.82014262583 234253.35517323375 134673.0922055401 265747.6796766183 122216.02152855136 244993.18124107385 153316.36094473014 229271.8424607856 235525.5762631896 177290.56413542782
1421854.21007183 1500.0 242210.06045556 160958.9528514344 200944.7054396636 25919.2655521345 259826.49876742883 193371.6105964041 222638.6250840325 0.0 0.0 115984.49132517204
3099124.02966089 1500.0 251590.9078032924 376176.4788863572 330026.9241897133 424940.3261247894 309608.69386421365 421072.8735138404 276457.3534287104 308439.088553019 144758.1145986357 256053.26869831857
1438804.4263487605 1132.0 126830.68296040445 10393.79605353367 0.0 226911.8370562729 294647.91381635494 287201.1703478734 218363.2514503168 70356.82732918201 0.0 204098.94733482227
1467932.0083600185 950.0 56002.052665177725 221394.091294052 42479.90870594804 196842.27628504156 215595.8947009389 235623.8314899833 67050.99752403627 170060.85200250207 65678.14799749792 197203.95569484055
2138639.960906369 1500.0 155917.163837738 274921.63312429696 152331.16105754324 256477.85827551168 158282.07258519097 267737.1995694606 139531.9290834044 281220.1098847706 183154.2357806992 269066.5977077534
1184743.3192739994 1500.0 135366.27787502075 5663.805523769741 0.0 0.0 2913.0 0.0 65712.96202924127 274200.3771730236 364527.6730177649 336359.223655179
2778225.264807513 1500.0 306366.19710848155 406398.1516566217 299390.5315010818 368481.0973070527 285468.85767225747 361645.8095933685 148468.11928592745 238500.42506771092 119192.38458158702 244313.69103342455
2464305.567431966 1633.3333333333333 320988.83904623217 334477.1876758422 248282.7422568203 290769.55136162904 223718.48528006283 180915.3412059809 226617.77490489447 232907.4101375836 195556.50373417497 210071.73182874572
2850325.855987593 1980.0 306886.0467929431 346969.8572045756 279453.94761974784 330739.5741744288 236686.89364224515 286270.9857918138 305622.74216063914 331811.2438774802 160300.58472243225 265583.9800012878
2111988.8354508523 1500.0 164846.387034085 190297.2546793944 218013.98292950905 155800.5328392672 278149.66835318843 180778.32161262844 274057.4919046729 229914.02401029016 193067.0385826248 227064.13350519165
2357993.0425374717 1500.0 193232.13073378205 225196.43121577892 155743.93233416145 170430.95542836795 204686.7907347754 200037.90865248715 195927.88902557816 301321.9007277181 304859.9053965695 406555.19828825287
2110321.253519928 1500.0 213222.9503980157 61112.24751137839 0.0 259736.4142316561 343946.3272177151 342340.97511026985 210796.25881431488 298454.0156894068 141597.82513085508 239114.23941631615
2211293.415897025 1820.0 159293.96687024925 256906.96613923297 182309.01137998392 82004.16428707379 255821.42184312205 269458.9409905629 175305.68487384525 273630.1648264172 253969.43943301876 302593.6552535188
2328370.74708693 1660.0 254937.4947759415 301702.02532862715 319592.5080591634 337653.74881111336 135565.21147498762 270124.70026469044 118502.32042586824 220468.9243293959 119059.0044869753 250764.80913016724
2588799.570679665 1766.6666666666667 157355.57987593315 219355.95585036007 289322.72005811776 332146.66199181136 274278.9184337447 343880.4716808335 173300.24436810362 221554.56568615456 290358.98887602706 287245.46385858
2990964.089767528 2300.0 362369.0022469948 364620.0891703047 245351.11922638048 269105.7774843088 316406.02188002586 320959.5509311132 281349.1490119047 272167.191845962 294620.92170048686 264015.2662700468
3151224.070182685 2300.0 339355.2829837876 300398.0280229672 334809.3955542076 306300.00730480504 318633.92058142176 332845.7549076575 289814.6991194969 304754.8433901752 300367.6428781 323944.49544006604
2521433.440841244 1820.0 252931.85118939384 300932.1732008384 296061.85038978583 245322.73936167904 283497.0076127042 337278.0659333235 201726.40161612307 217576.2469433348 267817.9105736665 118289.19402039508
