s_bytes_all avg_video_rate s_bytes_all_#1 s_bytes_all_#2 s_bytes_all_#3 s_bytes_all_#4 s_bytes_all_#5 s_bytes_all_#6 s_bytes_all_#7 s_bytes_all_#8 s_bytes_all_#9 s_bytes_all_#10
711686.5457094739 336.0 105123.77910876766 102216.67341005742 101094.1096740176 84107.41191280473 79581.89597811768 19262.911587216 26160.95478304113 74658.92503240358 64085.13276441197 55394.751458636056
541875.7098402485 288.0 76415.09205161672 31900.290774992693 70390.31187581418 42605.51098990589 69092.00254076753 96310.1582436016 48351.53735692032 53411.553737927046 38118.76659320609 15280.485675496442
635421.0716731552 288.0 36953.43268335491 36271.58449264834 52263.39305251293 62586.79415320071 51087.54706626918 64637.08803076968 113674.11207786252 73455.39344828321 47635.00298238125 96856.72368587244
908884.1666515064 288.0 119661.64470694128 86168.21530034304 145092.6077309426 97393.30917873944 70016.25092664252 48602.23261427665 102346.8150850401 103875.39540322837 84163.20183096844 51564.49387438412
700424.0531084964 288.0 125354.1179864547 13265.098429785538 99259.49852342693 50657.073906556696 84346.74084909877 58061.15532258462 76560.82110770862 83620.53796368881 39025.46203631119 70273.5469828805
592720.7951249458 288.0 56301.550854734334 43631.7060293036 96119.0652335034 70279.78996361599 30667.47299439972 42580.65891195348 57623.95862307648 79435.35438009215 42909.44777290822 73171.79036135842
677834.1098774034 288.0 53096.54840183709 70716.32786334786 46203.14246071764 70994.64685287215 52287.99183822132 76757.44166328711 54179.25151645756 90321.9928033466 123804.89863547264 39471.86784184327
535822.2710251501 288.0 79980.64163170505 38986.9063830654 31136.19775628164 63253.15021272772 57634.61905786664 44846.64996466623 63626.47322592691 53098.22220877335 58207.63544628439 45051.775137852776
2570826.0485290037 2508.8 82997.27698962035 43678.21475631212 306456.12441567023 363846.19414592657 411458.52912700095 381956.6066650581 222797.04486774415 415479.029804374 309832.14969927137 32324.87805802554
2777962.324990921 1716.0 360358.0769260772 341759.4459826145 277724.8056481344 319216.8137329303 33793.127811986604 39878.092671313 346704.4683277878 387630.5204733207 361326.20914379705 309570.76427295967
2070718.9662130887 1390.0 234435.90346969565 139429.034620079 74636.965379921 218236.4882676802 184970.52847088463 211974.95025641055 310202.5471234763 214843.2412002521 130273.7328284616 351715.5745962281
1831593.9372566068 1256.6666666666667 63360.38164837187 330060.2751183637 34484.11322319744 273952.05860644043 362974.0791782992 213279.03011528845 296540.08218868426 201947.70729952533 51504.15253777992 3492.057340656132
1799720.617637223 1062.857142857143 121105.17190586576 168637.32455907925 134195.503535055 0.0 247749.21092866184 207362.10434318156 249302.97720364475 165034.3321854488 228790.7668445476 277543.2261317388
2474626.716828358 1980.0 319059.3999986185 18295.982364158284 235337.05146144255 202002.55438852013 348403.68877715926 35307.206933159374 297787.11389584665 346426.3915792803 335614.44245856034 336392.8849716124
3057921.198278812 2300.0 312250.90146638826 366370.2198493142 307901.1827569894 259078.2044058389 335554.6809580244 381457.3642646571 290849.90021786006 311263.6886259853 283332.93065391004 209862.12507984485
3229507.7749519413 2300.0 388545.6369828372 326265.52827080456 339593.6953983038 266484.67770520435 376495.4358727273 375460.3536934458 205365.7417314786 397187.06545052055 226544.1743003292 327565.46554629016
2944732.35868815 2300.0 283713.6461444955 335613.9772258556 372195.79237975215 291302.5191226599 299158.0881995623 329604.3006757713 396495.50500076346 211529.9512521345 99447.08358094316 325671.4951062124
3127285.809818602 2300.0 387244.8147636981 268707.23405674286 304213.4807929561 361215.4555947166 337553.8383511234 327721.04911812773 320108.1749229197 290619.4272765693 273092.6854888525 256809.6494528958
2750140.184780848 2300.0 248453.16042419375 334461.1939729605 415062.6719501172 197293.7284638581 378603.1728851575 100784.67907364838 300033.45539021195 71662.99257318566 318866.6103215889 384918.5197259264
2428803.8208258427 2300.0 188759.33901606445 32918.66848316259 359962.3824883033 212429.8080880359 286106.46054702974 216453.50479291196 219937.11236577336 151889.24238152738 393881.1904210089 366466.112242025
2924193.9522540905 2300.0 317695.8788209636 242277.62281462157 306461.4194060096 216283.7392891516 428895.5305209548 333076.38409616455 158966.41166983044 238413.18374278437 362003.6233880413 320120.1585055684
2780509.332064692 2300.0 420200.8342027287 304300.6997362993 251031.88808600925 319010.45295393694 329343.5304823445 213098.62881042276 236051.2214714416 219681.52275916887 306317.8046908376 181472.74887150235
2466090.9563770005 2300.0 257095.6926249576 303999.98777375644 504625.6633313872 106669.0516354228 223698.1028600294 186145.054266508 254716.01552430532 224027.7317419222 328654.0776165714 76459.5790021408
2732734.5862604906 2140.0 325502.9443155413 372786.9661561317 330843.2532258996 198260.01091231767 268577.3759159156 226210.0465642468 389014.6954161956 283747.79831763497 161475.75289585895 176315.74254074792
2391920.0383969243 2300.0 192271.44248245488 251059.1721462651 340413.40724562213 296017.00422818254 140721.66513142397 213888.81273415848 176644.63017505818 214993.0875616496 242802.18222675176 323108.6344653576
2943530.9194160006 2300.0 73794.65283702448 237617.8194880481 362817.1473422234 358859.60858384485 316223.09652138746 327919.8001447285 320084.8872548141 317979.28696542024 353123.9141489867 275110.70612952247
2884020.5636107223 2300.0 149579.7985026167 363098.4033308726 422523.28342077305 253702.67372523923 266402.52597644646 292012.7330221124 347208.72160726483 214937.7130539175 254715.0525541603 319839.6584173193
3122211.6911429893 2300.0 387851.0114654408 308998.158344861 222745.7831985944 188449.4484525276 209488.14964456903 316281.5220123717 384959.6714500736 278715.9718997895 437795.9263385731 386926.0483361883
