s_bytes_all avg_video_rate s_bytes_all_#1 s_bytes_all_#2 s_bytes_all_#3 s_bytes_all_#4 s_bytes_all_#5 s_bytes_all_#6 s_bytes_all_#7 s_bytes_all_#8 s_bytes_all_#9 s_bytes_all_#10
133383.7466679768 480.0 0.0 0.0 0.0 0.0 0.0 0.0 0.0 0.0 8441.989494437963 124941.75717353883
788953.8508868059 426.0 92869.0368220264 11960.498602747915 11378.071692510786 55714.28353845083 84843.22138336129 82282.47934755842 81103.99588537203 110349.52236137884 101939.19544734278 156513.54580605667
1564217.448400084 840.0 135678.4679267929 96795.7812787203 233109.89882451552 139574.95332155033 97130.68492323832 184247.49353161565 184511.81185381 136451.6762104979 109692.48647114096 247024.19405820197
1650769.1696571116 582.8571428571429 209540.3304649573 136445.89133823162 165242.50350475893 201228.71711638823 143547.61910607 135954.24731934667 159469.32187448975 189130.96408917828 140459.88335935265 169749.691484338
1147548.735578748 480.0 109745.10052408316 196807.5967287396 88531.5175037389 107991.8258569198 135848.16035778009 101569.9995000897 79535.26580659833 95490.2477915254 102099.13490695984 129929.88660231316
1423891.2225992037 780.0 93051.63700669468 115420.94731069868 184270.15913315417 166864.14375391183 147920.46134758423 172607.05048552013 100754.94889965672 180492.1893552644 125868.1951622641 136641.49014445455
1051644.471313157 480.0 57059.05204088474 153405.25873574056 122729.74781427554 164281.30089033657 155770.1877490864 54516.27897974654 73420.7773898608 109416.90989893537 75540.5167651331 85504.44104915725
870320.3548969135 320.0 70912.99141368172 42851.34872096052 65725.1784621629 141220.79774583055 99060.28690544349 89061.41009827869 135677.99168762495 105723.4742585112 88978.28831478805 31108.587289631425
591884.7262286987 288.0 112796.38391119476 39476.59302692472 84557.88424027749 68290.07704380891 86249.99653959731 80869.52412298975 61705.44508631022 17213.09602889685 0.0 40725.726228698695
810262.3059759245 288.0 59593.62092687197 53928.55560610434 85223.71503872948 42482.24745004539 90514.4946147472 98609.73538978932 63271.33245062055 109551.27494460552 83175.66907310343 123911.66048130726
709690.0007919951 288.0 78081.2053327942 18643.54690272468 50348.57789895763 79621.76009573278 98604.18746911456 105701.79954423392 71519.8580969668 54533.85766155848 66963.17479329382 85672.03299661833
547450.0240644099 398.4 10631.96700338166 2909.0 0.0 143742.19078779453 31735.809212205488 97185.0 0.0 99687.0 0.0 161559.05706102817
1210824.3691477734 840.0 77997.94293897183 178316.43655718086 41197.56344281915 12088.571672447026 306259.16326229647 164417.2650652565 0.0 206981.8212486108 24686.17875138924 198879.42620880145
1183804.0095756524 840.0 44717.57379119858 195731.69018981204 38092.30981018796 35908.0 116781.436011929 240488.3215363173 90198.24245175369 187552.5816291501 52908.41837084984 181425.43578445396
1787674.1598111377 1465.7142857142858 34493.561333683785 168687.4423394925 202913.6234329916 193367.8009824585 105455.13612691974 164931.2899411523 50353.71005884769 202115.0632343782 306391.4287857673 358965.10357544606
3115021.4914155 2300.0 304218.12043699936 339638.57980432885 278068.6556612612 316393.9906295752 269820.2653683115 303028.766005199 284904.4487307365 334868.21491040767 301989.23633739003 382091.21353129006
2631602.361421603 1633.3333333333333 299450.49344053795 304747.3372378474 305035.7612467357 362018.6645139696 203934.40640171125 273724.11949263106 191412.13065547615 264533.9674805992 154170.75341097222 272574.72754112224
2083769.824092742 1500.0 155280.08642149263 261651.326456959 140036.5170067621 224262.10329093484 139492.41079257434 263303.79521562485 173202.90896859427 290751.0201534352 178166.72835550224 257622.9274308628
2112225.4467501994 1500.0 156759.23795711488 246252.2488026615 179086.65202245733 233060.9768432621 195388.31078876063 289016.52559731214 216066.362686378 166548.674304046 217016.0104882104 213030.4472599968
2496674.695585226 1928.571428571429 249828.64675411265 190795.384438887 364818.3723828945 399112.5413310355 257059.98265117905 232278.88701252296 185609.46615373305 239487.35560770333 156841.0631217909 220842.99613136795
2453444.04723868 1500.0 351667.40521826246 365483.0303936105 216722.16405787505 277165.43013616535 166990.2753375297 257374.4016697173 154854.38908560685 223255.98233307968 172506.48294808896 267424.4860587444
2232311.920441205 1500.0 172525.25526922476 256205.39934327148 203885.86902226225 226006.08892992203 203341.12086111607 201171.11805127212 254994.3088432336 161664.56824693308 311214.4292729524 241303.7626010173
2048352.904672253 1500.0 199456.6174592526 244166.04423449692 169947.2954090204 255793.2948548926 185447.6709792672 218522.670937434 182012.74902825733 190989.35861037235 267739.85294474283 134277.35021451677
2196700.578393308 1500.0 363362.1831138404 164816.19641056086 264103.33326259826 248001.2963002994 127399.42530912731 238078.71017636431 175620.85705710427 202428.2920499429 225131.05716196023 187759.2275515102
2602951.899965308 1500.0 261648.1591146858 373158.0528372429 312469.4663691027 169123.12808656902 303325.9444189287 290572.880977323 201344.5025898392 257510.7295564068 172205.9463781194 261593.08963709057
2094216.5876844276 1500.0 159684.41079520877 272534.68749817705 153982.4394717105 267559.831391082 161642.92110281743 259131.37210350152 180412.0972114878 257671.0579924471 151024.93157784312 230572.8385401521
2057847.0751623532 1500.0 140193.20825952527 224184.5248757223 168955.25586600957 247820.3574645873 177914.87162219448 248658.1848699506 165130.51234020077 250220.05255389475 182718.45003902703 252051.65727124145
2235702.1107298043 1500.0 192961.2540647661 244486.8135368405 230995.12973920672 189187.5063207194 299053.38894573145 255332.4193417109 191963.0596326273 218356.08208045547 158672.25652618345 254694.2005415632
2345743.5861847373 1500.0 130533.37621111383 271244.68344074785 201954.3116301133 234518.05332147275 159818.71457462767 246390.3704592399 181693.25867385615 202141.4798367313 288234.78464609873 429214.5533907355
2622550.9328913777 1980.0 221511.4416973744 316916.66013428 150942.05423220136 251571.68931092805 184891.94245382352 218287.9775174028 268999.1513074195 342241.0067460593 309784.83304321865 357404.1764486701
