ts te nbins ncons c_tcp_packs c_tcp_bytes c_udp_packs c_udp_bytes s_tcp_packs s_tcp_bytes s_udp_packs s_udp_bytes max_bins_span min_bins_span avg_bins_span std_bins_span max_video_rate min_video_rate avg_video_rate std_video_rate max_audio_rate min_audio_rate avg_audio_rate std_audio_rate video_requests audio_requests
0 1000 0 0 0 0 0 0 0 0 0 0 0 0 0 0 0 0 0 0 0 0 0 0 0 0
1000 2000 0 0 0 0 0 0 0 0 0 0 0 0 0 0 0 0 0 0 0 0 0 0 0 0
2000 3000 0 0 0 0 0 0 0 0 0 0 0 0 0 0 0 0 0 0 0 0 0 0 0 0
3000 4000 0 0 0 0 0 0 0 0 0 0 0 0 0 0 0 0 0 0 0 0 0 0 0 0
4000 5000 0 0 0 0 0 0 0 0 0 0 0 0 0 0 0 0 0 0 0 0 0 0 0 0
5000 6000 4 4 33 4158 0 0 53 62838 0 0 503 134 229 182 2300 2300 2300 0 128 128 128 0 2 2
6000 7000 5 4 131 8093 0 0 204 268353 0 0 859 139 416 274 0 0 0 0 0 0 0 0 0 0
7000 8000 5 4 285 1755 0 0 418 587717 0 0 845 131 289 311 840 840 840 0 128 128 128 0 2 1
8000 9000 5 4 117 3191 0 0 204 294899 0 0 837 61 381 408 840 840 840 0 128 128 128 0 1 1
9000 10000 4 3 166 2366 0 0 274 420456 0 0 925 53 513 443 840 840 840 0 128 128 128 0 1 1
10000 11000 4 3 177 1809 0 0 257 413539 0 0 945 38 427 454 840 840 840 0 128 128 128 0 1 1
11000 12000 4 4 211 2314 0 0 259 372456 0 0 908 181 544 413 840 840 840 0 128 128 128 0 2 1
12000 13000 5 4 206 2828 0 0 257 391501 0 0 857 72 456 353 840 840 840 0 128 128 128 0 1 1
13000 14000 5 3 176 3896 0 0 233 357361 0 0 853 142 558 313 840 840 840 0 128 128 128 0 2 3
14000 15000 6 3 181 2318 0 0 303 458221 0 0 748 48 337 282 840 840 840 0 128 128 128 0 1 1
15000 16000 2 1 44 1359 0 0 72 115072 0 0 613 383 498 162 0 0 0 0 0 0 0 0 0 0
16000 17000 4 3 136 2048 0 0 178 293667 0 0 704 150 371 238 3000 3000 3000 0 128 128 128 0 2 1
17000 18000 3 2 170 1697 0 0 228 396172 0 0 704 179 392 276 0 0 0 0 128 128 128 0 0 1
18000 19000 3 2 142 1051 0 0 207 358636 0 0 642 128 331 273 3000 3000 3000 0 0 0 0 0 1 0
19000 20000 3 2 162 648 0 0 230 420172 0 0 642 180 393 233 0 0 0 0 128 128 128 0 0 1
20000 21000 4 3 226 1843 0 0 292 514275 0 0 987 197 449 362 3000 3000 3000 0 0 0 0 0 1 0
21000 22000 3 2 158 1576 0 0 214 413670 0 0 976 12 389 515 3000 3000 3000 0 128 128 128 0 1 1
22000 23000 2 2 189 936 0 0 257 397338 0 0 767 233 500 377 0 0 0 0 0 0 0 0 0 0
23000 24000 2 1 153 0 0 0 235 375266 0 0 312 232 272 56 0 0 0 0 0 0 0 0 0 0
24000 25000 2 2 130 2140 0 0 200 394587 0 0 570 393 482 125 3000 3000 3000 0 128 128 128 0 1 1
25000 26000 3 2 119 1652 0 0 169 344033 0 0 568 68 355 257 3000 3000 3000 0 128 128 128 0 1 1
26000 27000 3 2 144 1320 0 0 222 446768 0 0 931 66 397 466 0 0 0 0 0 0 0 0 0 0
27000 28000 3 2 120 1605 0 0 151 316871 0 0 932 41 346 507 3000 3000 3000 0 128 128 128 0 1 1
28000 29000 3 2 191 897 0 0 291 628621 0 0 934 65 402 465 0 0 0 0 0 0 0 0 0 0
29000 30000 3 2 56 1621 0 0 65 127014 0 0 913 54 351 487 3000 3000 3000 0 128 128 128 0 1 1
30000 31000 3 2 188 837 0 0 288 594281 0 0 913 81 397 450 0 0 0 0 0 0 0 0 0 0
31000 32000 3 2 92 1063 0 0 122 201149 0 0 900 78 352 474 3000 3000 3000 0 128 128 128 0 1 1
32000 33000 3 2 303 1499 0 0 377 605480 0 0 919 77 396 456 0 0 0 0 0 0 0 0 0 0
33000 34000 3 2 83 1600 0 0 126 227831 0 0 915 57 352 488 3000 3000 3000 0 128 128 128 0 1 1
34000 35000 3 2 213 840 0 0 352 652295 0 0 914 82 398 450 0 0 0 0 0 0 0 0 0 0
35000 36000 4 3 37 1315 0 0 43 69732 0 0 900 74 281 412 4400 4400 4400 0 128 128 128 0 2 1
36000 37000 4 3 204 2008 0 0 345 613420 0 0 924 73 338 394 0 0 0 0 0 0 0 0 0 0
37000 38000 2 1 124 819 0 0 170 361928 0 0 911 71 491 593 4400 4400 4400 0 0 0 0 0 1 0
38000 39000 3 2 211 1741 0 0 320 595726 0 0 924 71 419 447 0 0 0 0 128 128 128 0 0 1
39000 40000 1 1 213 1541 0 0 315 618636 0 0 919 919 919 0 4400 4400 4400 0 0 0 0 0 1 0
40000 41000 2 2 229 840 0 0 362 746431 0 0 848 345 596 355 0 0 0 0 128 128 128 0 0 1
41000 42000 2 1 119 1662 0 0 163 334707 0 0 788 148 468 452 4400 4400 4400 0 0 0 0 0 1 0
42000 43000 2 2 228 840 0 0 363 696234 0 0 806 442 624 256 0 0 0 0 128 128 128 0 0 1
43000 44000 2 1 143 1338 0 0 239 457815 0 0 804 192 498 432 4400 4400 4400 0 0 0 0 0 1 0
44000 45000 3 2 276 1163 0 0 408 795843 0 0 802 194 417 335 0 0 0 0 128 128 128 0 0 1
45000 46000 2 1 109 1385 0 0 151 290597 0 0 799 195 497 427 4400 4400 4400 0 0 0 0 0 1 0
46000 47000 3 2 265 1116 0 0 414 764588 0 0 742 159 390 309 0 0 0 0 128 128 128 0 0 1
47000 48000 2 1 136 1235 0 0 211 421643 0 0 741 255 498 343 4400 4400 4400 0 0 0 0 0 1 0
48000 49000 3 2 255 1266 0 0 406 752185 0 0 740 255 464 249 0 0 0 0 128 128 128 0 0 1
49000 50000 2 1 155 1226 0 0 241 470071 0 0 737 258 497 338 4400 4400 4400 0 0 0 0 0 1 0
50000 51000 3 2 270 1275 0 0 382 736107 0 0 734 262 476 239 0 0 0 0 128 128 128 0 0 1
51000 52000 2 1 140 1157 0 0 223 437040 0 0 694 261 477 306 4400 4400 4400 0 0 0 0 0 1 0
52000 53000 3 2 248 1344 0 0 381 693087 0 0 694 302 464 204 0 0 0 0 128 128 128 0 0 1
53000 54000 2 1 103 301 0 0 162 296713 0 0 265 180 222 59 4400 4400 4400 0 0 0 0 0 1 0
54000 55000 3 2 192 2352 0 0 305 553343 0 0 816 180 429 339 0 0 0 0 128 128 128 0 0 1
55000 56000 4 3 311 1612 0 0 499 913885 0 0 818 174 399 302 4400 4400 4400 0 128 128 128 0 1 1
56000 57000 6 4 228 1372 0 0 374 684530 0 0 577 13 224 222 4400 4400 4400 0 128 128 128 0 1 1
57000 58000 5 3 274 1480 0 0 398 773468 0 0 848 1 290 326 0 0 0 0 128 128 128 0 0 1
58000 59000 3 2 283 2068 0 0 399 730216 0 0 818 179 598 362 4400 4400 4400 0 128 128 128 0 1 1
59000 60000 3 2 277 456 0 0 430 831474 0 0 819 178 392 369 4400 4400 4400 0 0 0 0 0 1 0
60000 61000 4 2 186 2193 0 0 271 548795 0 0 816 0 446 417 0 0 0 0 128 128 128 0 0 1
61000 62000 2 1 242 790 0 0 301 562591 0 0 819 140 479 480 4400 4400 4400 0 0 0 0 0 1 0
62000 63000 3 2 332 1680 0 0 474 733406 0 0 857 139 432 376 0 0 0 0 128 128 128 0 0 1
63000 64000 2 1 124 702 0 0 190 340682 0 0 840 122 481 507 0 0 0 0 0 0 0 0 0 0
64000 65000 1 1 0 0 0 0 0 1107 0 0 75 75 75 0 0 0 0 0 0 0 0 0 0 0
65000 66000 1 1 34 300 0 0 55 90798 0 0 180 180 180 0 4400 4400 4400 0 0 0 0 0 1 0
66000 67000 3 2 214 2349 0 0 341 551883 0 0 817 179 417 348 0 0 0 0 128 128 128 0 0 1
67000 68000 2 1 193 807 0 0 306 519922 0 0 818 160 489 465 4400 4400 4400 0 0 0 0 0 1 0
68000 69000 3 2 227 1681 0 0 354 599482 0 0 839 160 479 341 0 0 0 0 128 128 128 0 0 1
69000 70000 2 1 217 813 0 0 331 628714 0 0 818 152 485 471 4400 4400 4400 0 0 0 0 0 1 0
70000 71000 3 2 215 1681 0 0 336 606440 0 0 844 150 417 373 0 0 0 0 128 128 128 0 0 1
71000 72000 2 1 187 811 0 0 271 501895 0 0 818 140 479 479 4400 4400 4400 0 0 0 0 0 1 0
72000 73000 3 2 263 2143 0 0 405 738787 0 0 856 140 570 379 0 0 0 0 128 128 128 0 0 1
73000 74000 4 3 305 1733 0 0 468 888607 0 0 713 131 461 266 4400 4400 4400 0 128 128 128 0 1 1
74000 75000 4 2 392 1550 0 0 574 958915 0 0 618 91 407 237 4400 4400 4400 0 128 128 128 0 1 1
75000 76000 3 2 256 1552 0 0 378 665448 0 0 616 182 392 217 4400 4400 4400 0 128 128 128 0 1 1
76000 77000 3 2 336 1269 0 0 452 806935 0 0 615 241 413 188 0 0 0 0 0 0 0 0 0 0
77000 78000 2 1 188 300 0 0 256 441000 0 0 383 180 282 143 4400 4400 4400 0 0 0 0 0 1 0
78000 79000 3 2 216 2348 0 0 350 599509 0 0 818 178 419 347 0 0 0 0 128 128 128 0 0 1
79000 80000 2 1 183 799 0 0 291 526970 0 0 818 150 484 472 4400 4400 4400 0 0 0 0 0 1 0
80000 81000 3 2 191 1682 0 0 310 570852 0 0 849 149 438 365 0 0 0 0 128 128 128 0 0 1
81000 82000 2 1 187 811 0 0 299 557310 0 0 818 140 479 479 4400 4400 4400 0 0 0 0 0 1 0
82000 83000 3 2 216 1677 0 0 323 600945 0 0 859 137 420 385 0 0 0 0 128 128 128 0 0 1
83000 84000 2 1 129 799 0 0 184 366805 0 0 856 110 483 527 4400 4400 4400 0 0 0 0 0 1 0
84000 85000 3 2 222 1679 0 0 364 615878 0 0 888 109 423 410 0 0 0 0 128 128 128 0 0 1
85000 86000 2 1 217 817 0 0 332 639113 0 0 877 105 491 546 4400 4400 4400 0 0 0 0 0 1 0
86000 87000 3 2 260 1768 0 0 390 686031 0 0 894 105 422 416 0 0 0 0 128 128 128 0 0 1
87000 88000 2 1 133 1486 0 0 207 377612 0 0 894 80 487 575 4400 4400 4400 0 0 0 0 0 1 0
88000 89000 3 2 234 906 0 0 385 687304 0 0 917 79 504 419 0 0 0 0 128 128 128 0 0 1
89000 90000 2 1 128 819 0 0 192 366058 0 0 902 78 490 582 4400 4400 4400 0 0 0 0 0 1 0
90000 91000 3 2 228 1745 0 0 358 627586 0 0 921 76 422 442 0 0 0 0 128 128 128 0 0 1
91000 92000 2 1 191 1532 0 0 298 527254 0 0 904 69 487 590 4400 4400 4400 0 0 0 0 0 1 0
92000 93000 3 2 240 955 0 0 385 701892 0 0 929 69 424 449 0 0 0 0 128 128 128 0 0 1
93000 94000 1 1 163 1546 0 0 237 413585 0 0 928 928 928 0 4400 4400 4400 0 0 0 0 0 1 0
94000 95000 2 2 263 840 0 0 420 745780 0 0 843 467 655 266 0 0 0 0 128 128 128 0 0 1
95000 96000 2 1 145 1662 0 0 200 332175 0 0 820 155 487 469 4400 4400 4400 0 0 0 0 0 1 0
96000 97000 2 2 229 840 0 0 405 671090 0 0 796 277 536 366 0 0 0 0 128 128 128 0 0 1
97000 98000 2 1 169 1386 0 0 253 448412 0 0 795 202 499 419 4400 4400 4400 0 0 0 0 0 1 0
98000 99000 3 2 319 1115 0 0 509 840450 0 0 750 157 498 306 0 0 0 0 128 128 128 0 0 1
99000 100000 2 1 137 1244 0 0 216 381719 0 0 748 248 498 353 4400 4400 4400 0 0 0 0 0 1 0
100000 101000 3 2 290 1257 0 0 432 758913 0 0 746 251 423 280 0 0 0 0 128 128 128 0 0 1
101000 102000 3 2 327 2060 0 0 483 891697 0 0 746 248 561 272 4400 4400 4400 0 128 128 128 0 1 1
102000 103000 4 2 290 1476 0 0 449 846184 0 0 685 90 390 251 4400 4400 4400 0 128 128 128 0 1 1
103000 104000 4 2 262 1625 0 0 411 755056 0 0 525 181 349 174 0 0 0 0 0 0 0 0 0 0
104000 105000 3 2 310 1522 0 0 433 757407 0 0 526 337 444 96 4400 4400 4400 0 128 128 128 0 1 1
105000 106000 2 1 217 539 0 0 289 501661 0 0 481 324 403 110 4400 4400 4400 0 0 0 0 0 1 0
106000 107000 3 2 157 1962 0 0 252 489058 0 0 675 268 422 220 0 0 0 0 128 128 128 0 0 1
107000 108000 2 1 210 299 0 0 334 638497 0 0 613 180 396 306 4400 4400 4400 0 0 0 0 0 1 0
108000 109000 3 2 203 2349 0 0 346 571776 0 0 818 178 424 344 0 0 0 0 128 128 128 0 0 1
109000 110000 2 1 179 801 0 0 257 493684 0 0 818 151 484 471 4400 4400 4400 0 0 0 0 0 1 0
110000 111000 3 2 161 1451 0 0 256 401820 0 0 846 150 570 369 0 0 0 0 128 128 128 0 0 1
111000 112000 4 2 344 658 0 0 498 852323 0 0 847 100 319 353 0 0 0 0 0 0 0 0 0 0
112000 113000 3 2 196 2094 0 0 338 561934 0 0 819 179 447 332 4400 4400 4400 0 128 128 128 0 1 1
113000 114000 2 1 207 805 0 0 320 548387 0 0 818 156 487 468 4400 4400 4400 0 0 0 0 0 1 0
114000 115000 3 2 276 1679 0 0 396 579374 0 0 839 153 530 347 0 0 0 0 128 128 128 0 0 1
115000 116000 2 1 209 818 0 0 323 598501 0 0 818 152 485 471 4400 4400 4400 0 0 0 0 0 1 0
116000 117000 3 2 210 1677 0 0 335 605506 0 0 845 151 421 372 0 0 0 0 128 128 128 0 0 1
117000 118000 3 2 180 789 0 0 275 497970 0 0 847 110 514 373 4400 4400 4400 0 0 0 0 0 1 0
118000 119000 3 2 222 1681 0 0 349 619130 0 0 885 109 434 403 0 0 0 0 128 128 128 0 0 1
119000 120000 2 1 190 814 0 0 281 532254 0 0 858 103 480 533 4400 4400 4400 0 0 0 0 0 1 0
120000 121000 3 2 187 1679 0 0 300 568607 0 0 894 102 425 415 0 0 0 0 128 128 128 0 0 1
121000 122000 2 1 208 810 0 0 274 536458 0 0 886 89 487 564 4400 4400 4400 0 0 0 0 0 1 0
122000 123000 2 1 273 915 0 0 379 650057 0 0 910 88 499 580 0 0 0 0 0 0 0 0 0 0
123000 124000 3 2 345 2701 0 0 375 560448 0 0 900 74 556 429 4400 4400 4400 0 128 128 128 0 1 1
124000 125000 4 2 283 616 0 0 428 701765 0 0 923 74 382 372 0 0 0 0 128 128 128 0 0 1
125000 126000 2 1 128 1536 0 0 188 357007 0 0 913 52 482 608 4400 4400 4400 0 0 0 0 0 1 0
126000 127000 3 2 296 925 0 0 471 838137 0 0 945 50 417 468 0 0 0 0 128 128 128 0 0 1
127000 128000 1 1 81 1576 0 0 111 201089 0 0 941 941 941 0 4400 4400 4400 0 0 0 0 0 1 0
128000 129000 2 2 263 840 0 0 418 718069 0 0 822 268 545 391 0 0 0 0 128 128 128 0 0 1
129000 130000 2 1 128 1389 0 0 165 297699 0 0 822 176 499 456 4400 4400 4400 0 0 0 0 0 1 0
130000 131000 3 2 261 1112 0 0 440 739425 0 0 750 161 391 314 0 0 0 0 128 128 128 0 0 1
131000 132000 2 1 205 1248 0 0 338 558211 0 0 749 249 499 354 4400 4400 4400 0 0 0 0 0 1 0
132000 133000 3 2 326 1253 0 0 463 806808 0 0 748 248 422 283 0 0 0 0 128 128 128 0 0 1
133000 134000 2 1 113 727 0 0 135 233382 0 0 748 250 499 351 0 0 0 0 0 0 0 0 0 0
134000 135000 1 1 3 92 0 0 1 1416 0 0 94 94 94 0 0 0 0 0 0 0 0 0 0 0
135000 136000 1 1 46 301 0 0 67 106042 0 0 180 180 180 0 4400 4400 4400 0 0 0 0 0 1 0
136000 137000 3 2 263 2348 0 0 385 615084 0 0 818 180 436 337 0 0 0 0 128 128 128 0 0 1
137000 138000 2 1 168 797 0 0 268 471204 0 0 819 149 484 474 0 0 0 0 0 0 0 0 0 0
138000 139000 3 2 190 1804 0 0 304 547740 0 0 850 147 416 379 4400 4400 4400 0 128 128 128 0 1 1
139000 140000 3 2 322 2107 0 0 514 950243 0 0 841 111 546 384 4400 4400 4400 0 128 128 128 0 1 1
140000 141000 5 3 231 3004 0 0 362 635639 0 0 699 52 393 289 4400 4400 4400 0 128 128 128 0 1 1
141000 142000 5 3 371 1397 0 0 599 1073028 0 0 944 51 295 366 0 0 0 0 0 0 0 0 0 0
142000 143000 3 2 279 2277 0 0 438 723447 0 0 819 178 516 321 4400 4400 4400 0 128 128 128 0 1 1
143000 144000 2 1 217 788 0 0 354 608133 0 0 818 137 477 481 4400 4400 4400 0 0 0 0 0 1 0
144000 145000 3 2 206 1679 0 0 342 610358 0 0 861 135 424 385 0 0 0 0 128 128 128 0 0 1
145000 146000 3 2 183 797 0 0 299 502615 0 0 851 33 330 452 4400 4400 4400 0 0 0 0 0 1 0
146000 147000 3 2 265 1679 0 0 401 682278 0 0 892 107 509 393 0 0 0 0 128 128 128 0 0 1
147000 148000 2 1 157 816 0 0 230 439798 0 0 890 100 495 558 4400 4400 4400 0 0 0 0 0 1 0
148000 149000 3 2 279 1679 0 0 411 673281 0 0 896 99 548 408 0 0 0 0 128 128 128 0 0 1
149000 150000 2 1 189 819 0 0 259 470654 0 0 886 97 491 557 4400 4400 4400 0 0 0 0 0 1 0
150000 151000 3 2 274 1760 0 0 406 670641 0 0 902 96 470 406 0 0 0 0 128 128 128 0 0 1
151000 152000 2 1 230 1500 0 0 260 416558 0 0 899 65 482 590 4400 4400 4400 0 0 0 0 0 1 0
152000 153000 3 2 351 897 0 0 483 745515 0 0 931 65 468 436 0 0 0 0 128 128 128 0 0 1
153000 154000 1 1 149 762 0 0 221 405262 0 0 861 861 861 0 0 0 0 0 0 0 0 0 0 0
154000 155000 1 1 0 0 0 0 0 0 0 0 0 0 0 0 0 0 0 0 0 0 0 0 0 0
155000 156000 1 1 0 201 0 0 0 705 0 0 118 118 118 0 0 0 0 0 0 0 0 0 0 0
156000 157000 2 1 28 1460 0 0 43 68978 0 0 861 103 482 535 4400 4400 4400 0 0 0 0 0 1 0
157000 158000 3 2 248 2124 0 0 386 640141 0 0 894 101 569 415 0 0 0 0 128 128 128 0 0 1
158000 159000 4 3 293 3322 0 0 454 840916 0 0 637 174 441 211 4400 4400 4400 0 128 128 128 0 1 1
159000 160000 3 2 309 1932 0 0 477 812043 0 0 578 418 522 90 4400 4400 4400 0 128 128 128 0 1 1
160000 161000 4 2 335 1139 0 0 441 682189 0 0 567 83 291 244 4400 4400 4400 0 0 0 0 0 1 0
161000 162000 4 2 372 1491 0 0 535 888573 0 0 912 87 393 368 0 0 0 0 128 128 128 0 0 1
162000 163000 3 2 306 2122 0 0 468 817010 0 0 865 181 621 381 4400 4400 4400 0 128 128 128 0 1 1
163000 164000 4 3 301 505 0 0 490 865526 0 0 817 178 404 301 4400 4400 4400 0 0 0 0 0 1 0
164000 165000 3 2 255 1996 0 0 374 652316 0 0 816 180 517 319 0 0 0 0 128 128 128 0 0 1
165000 166000 2 1 140 297 0 0 224 388993 0 0 336 177 257 111 4400 4400 4400 0 0 0 0 0 1 0
166000 167000 3 2 229 2350 0 0 338 605077 0 0 817 177 421 346 0 0 0 0 128 128 128 0 0 1
167000 168000 2 1 226 805 0 0 313 572593 0 0 819 155 487 469 4400 4400 4400 0 0 0 0 0 1 0
168000 169000 3 2 244 1678 0 0 375 613455 0 0 844 150 423 369 0 0 0 0 128 128 128 0 0 1
169000 170000 2 1 187 767 0 0 256 474918 0 0 820 88 454 517 4400 4400 4400 0 0 0 0 0 1 0
170000 171000 3 2 328 1685 0 0 467 758541 0 0 911 86 441 424 0 0 0 0 128 128 128 0 0 1
171000 172000 2 1 156 801 0 0 208 375297 0 0 819 70 445 529 4400 4400 4400 0 0 0 0 0 1 0
172000 173000 3 2 231 1739 0 0 358 620171 0 0 926 70 442 438 0 0 0 0 128 128 128 0 0 1
173000 174000 2 2 313 2058 0 0 471 881840 0 0 928 613 770 222 4400 4400 4400 0 128 128 128 0 1 1
174000 175000 4 3 222 3013 0 0 378 664527 0 0 932 213 536 310 4400 4400 4400 0 128 128 128 0 1 1
175000 176000 5 3 456 1465 0 0 604 1049785 0 0 932 66 303 354 0 0 0 0 0 0 0 0 0 0
176000 177000 4 2 276 2348 0 0 373 664686 0 0 817 65 374 333 4400 4400 4400 0 128 128 128 0 1 1
177000 178000 2 1 343 806 0 0 419 669647 0 0 818 159 488 465 4400 4400 4400 0 0 0 0 0 1 0
178000 179000 3 2 231 1679 0 0 360 629668 0 0 840 156 449 351 0 0 0 0 128 128 128 0 0 1
179000 180000 3 2 164 818 0 0 235 443778 0 0 819 63 345 412 4400 4400 4400 0 0 0 0 0 1 0
180000 181000 3 2 171 1678 0 0 269 500321 0 0 845 153 519 347 0 0 0 0 128 128 128 0 0 1
181000 182000 2 1 278 765 0 0 375 642345 0 0 845 84 464 538 4400 4400 4400 0 0 0 0 0 1 0
182000 183000 3 2 320 1618 0 0 424 706650 0 0 914 82 570 434 0 0 0 0 128 128 128 0 0 1
183000 184000 3 2 197 876 0 0 247 401757 0 0 844 60 326 448 4400 4400 4400 0 0 0 0 0 1 0
184000 185000 3 2 276 1683 0 0 423 682426 0 0 924 72 474 427 0 0 0 0 128 128 128 0 0 1
185000 186000 2 1 165 815 0 0 264 465813 0 0 844 72 458 546 4400 4400 4400 0 0 0 0 0 1 0
186000 187000 3 2 226 1680 0 0 351 662966 0 0 927 71 424 447 0 0 0 0 128 128 128 0 0 1
187000 188000 2 1 158 820 0 0 213 425487 0 0 916 70 493 598 4400 4400 4400 0 0 0 0 0 1 0
188000 189000 3 2 245 1679 0 0 385 626012 0 0 928 68 449 438 0 0 0 0 128 128 128 0 0 1
189000 190000 2 1 245 819 0 0 332 526809 0 0 921 67 494 603 4400 4400 4400 0 0 0 0 0 1 0
190000 191000 3 2 329 1572 0 0 462 697825 0 0 931 65 570 450 0 0 0 0 128 128 128 0 0 1
191000 192000 3 2 269 924 0 0 314 492551 0 0 853 61 341 444 4400 4400 4400 0 0 0 0 0 1 0
192000 193000 3 2 295 1679 0 0 393 631380 0 0 938 59 514 440 0 0 0 0 128 128 128 0 0 1
193000 194000 2 1 192 811 0 0 258 470665 0 0 937 48 493 628 4400 4400 4400 0 0 0 0 0 1 0
194000 195000 3 2 330 1669 0 0 449 692314 0 0 950 47 570 467 0 0 0 0 128 128 128 0 0 1
195000 196000 2 2 143 1633 0 0 211 377290 0 0 913 48 481 611 4400 4400 4400 0 0 0 0 0 1 0
196000 197000 2 2 289 840 0 0 427 730052 0 0 853 393 623 325 0 0 0 0 128 128 128 0 0 1
197000 198000 2 1 221 1662 0 0 276 452583 0 0 803 146 474 464 4400 4400 4400 0 0 0 0 0 1 0
198000 199000 2 2 239 840 0 0 384 750667 0 0 804 291 548 362 0 0 0 0 128 128 128 0 0 1
199000 200000 2 1 116 1337 0 0 186 363977 0 0 804 194 499 431 4400 4400 4400 0 0 0 0 0 1 0
200000 201000 3 2 299 1164 0 0 429 786581 0 0 799 195 450 313 0 0 0 0 128 128 128 0 0 1
201000 202000 2 1 171 1329 0 0 235 436113 0 0 798 198 498 424 4400 4400 4400 0 0 0 0 0 1 0
202000 203000 3 2 295 1172 0 0 426 803325 0 0 798 199 426 324 0 0 0 0 128 128 128 0 0 1
203000 204000 2 1 91 1662 0 0 106 203657 0 0 778 201 490 408 4400 4400 4400 0 0 0 0 0 1 0
204000 205000 2 2 263 840 0 0 425 701541 0 0 785 315 550 331 0 0 0 0 128 128 128 0 0 1
205000 206000 2 1 224 1662 0 0 260 439720 0 0 761 213 487 387 4400 4400 4400 0 0 0 0 0 1 0
206000 207000 2 2 237 840 0 0 391 724951 0 0 764 272 518 347 0 0 0 0 128 128 128 0 0 1
207000 208000 2 1 109 1300 0 0 157 285615 0 0 763 235 499 373 4400 4400 4400 0 0 0 0 0 1 0
208000 209000 3 2 292 1201 0 0 434 759256 0 0 738 212 399 294 0 0 0 0 128 128 128 0 0 1
209000 210000 2 1 202 1226 0 0 285 498525 0 0 737 260 498 337 4400 4400 4400 0 0 0 0 0 1 0
210000 211000 3 2 299 1275 0 0 432 795758 0 0 735 261 450 250 0 0 0 0 128 128 128 0 0 1
211000 212000 2 1 124 1221 0 0 189 350586 0 0 735 263 499 333 4400 4400 4400 0 0 0 0 0 1 0
212000 213000 3 2 294 1280 0 0 438 724367 0 0 735 264 441 256 0 0 0 0 128 128 128 0 0 1
213000 214000 2 1 136 1312 0 0 181 325406 0 0 734 261 498 334 4400 4400 4400 0 0 0 0 0 1 0
214000 215000 3 2 302 1189 0 0 455 733558 0 0 697 196 466 253 0 0 0 0 128 128 128 0 0 1
215000 216000 2 1 198 1275 0 0 288 467943 0 0 697 302 499 279 4400 4400 4400 0 0 0 0 0 1 0
216000 217000 3 2 217 1226 0 0 321 565437 0 0 507 211 327 157 0 0 0 0 128 128 128 0 0 1
217000 218000 2 1 249 843 0 0 370 672144 0 0 506 491 499 10 4400 4400 4400 0 0 0 0 0 1 0
218000 219000 3 2 261 1658 0 0 356 660744 0 0 505 307 434 110 0 0 0 0 128 128 128 0 0 1
219000 220000 2 1 188 299 0 0 262 488828 0 0 457 179 318 196 4400 4400 4400 0 0 0 0 0 1 0
220000 221000 3 2 246 2349 0 0 353 608107 0 0 817 179 486 319 0 0 0 0 128 128 128 0 0 1
221000 222000 2 1 221 802 0 0 298 501308 0 0 819 153 486 471 4400 4400 4400 0 0 0 0 0 1 0
222000 223000 3 2 225 1461 0 0 338 639552 0 0 843 151 570 368 0 0 0 0 128 128 128 0 0 1
223000 224000 5 3 396 4236 0 0 616 1053501 0 0 828 142 545 325 4400 4400 4400 0 128 128 128 0 1 1
224000 225000 4 3 404 2065 0 0 718 1042845 0 0 846 90 483 407 4400 4400 4400 0 128 128 128 0 1 1
225000 226000 3 2 304 406 0 0 490 922345 0 0 923 123 408 446 0 0 0 0 0 0 0 0 0 0
226000 227000 5 3 249 2205 0 0 321 543195 0 0 821 75 383 297 4400 4400 4400 0 128 128 128 0 1 1
227000 228000 3 2 568 713 0 0 607 882578 0 0 822 175 392 372 0 0 0 0 0 0 0 0 0 0
228000 229000 3 2 252 1932 0 0 346 625474 0 0 822 174 448 334 4400 4400 4400 0 128 128 128 0 1 1
229000 230000 2 1 151 796 0 0 215 420818 0 0 821 142 482 480 0 0 0 0 0 0 0 0 0 0
230000 231000 3 2 95 1561 0 0 153 289075 0 0 856 141 420 382 4400 4400 4400 0 128 128 128 0 1 1
231000 232000 3 2 302 721 0 0 418 845275 0 0 857 140 392 403 0 0 0 0 0 0 0 0 0 0
232000 233000 3 2 215 1897 0 0 327 624361 0 0 857 140 437 373 4400 4400 4400 0 128 128 128 0 1 1
233000 234000 2 1 210 760 0 0 299 548818 0 0 847 67 457 551 4400 4400 4400 0 0 0 0 0 1 0
234000 235000 3 2 203 1682 0 0 331 626131 0 0 932 64 421 453 0 0 0 0 128 128 128 0 0 1
235000 236000 2 1 175 810 0 0 248 468795 0 0 848 57 452 559 4400 4400 4400 0 0 0 0 0 1 0
236000 237000 3 2 277 1679 0 0 398 663065 0 0 941 55 450 450 0 0 0 0 128 128 128 0 0 1
237000 238000 2 1 164 815 0 0 253 492394 0 0 930 49 490 623 4400 4400 4400 0 0 0 0 0 1 0
238000 239000 3 2 240 1719 0 0 369 661518 0 0 948 47 421 469 0 0 0 0 128 128 128 0 0 1
239000 240000 2 1 143 1583 0 0 203 403174 0 0 948 28 488 650 4400 4400 4400 0 0 0 0 0 1 0
240000 241000 3 2 280 886 0 0 415 689512 0 0 971 27 439 483 0 0 0 0 128 128 128 0 0 1
241000 242000 2 1 99 1615 0 0 138 278504 0 0 962 13 487 671 4400 4400 4400 0 0 0 0 0 1 0
242000 243000 3 2 236 445 0 0 410 740971 0 0 986 12 400 516 0 0 0 0 128 128 128 0 0 1
243000 244000 2 2 274 2056 0 0 323 497288 0 0 967 199 583 542 4400 4400 4400 0 0 0 0 0 1 0
244000 245000 2 2 239 840 0 0 414 653945 0 0 805 257 531 387 0 0 0 0 128 128 128 0 0 1
245000 246000 2 1 147 1355 0 0 245 401038 0 0 802 194 498 430 4400 4400 4400 0 0 0 0 0 1 0
246000 247000 3 2 237 1146 0 0 358 654692 0 0 632 181 362 238 0 0 0 0 128 128 128 0 0 1
247000 248000 2 1 190 1050 0 0 304 582409 0 0 630 365 498 187 4400 4400 4400 0 0 0 0 0 1 0
248000 249000 3 2 255 1451 0 0 369 726886 0 0 630 351 449 156 0 0 0 0 128 128 128 0 0 1
249000 250000 2 1 160 1047 0 0 238 452751 0 0 629 369 499 184 4400 4400 4400 0 0 0 0 0 1 0
250000 251000 3 2 223 1454 0 0 337 648470 0 0 625 322 439 163 0 0 0 0 128 128 128 0 0 1
251000 252000 2 1 132 1039 0 0 208 406377 0 0 623 373 498 177 4400 4400 4400 0 0 0 0 0 1 0
252000 253000 3 2 240 1462 0 0 346 633081 0 0 622 256 417 186 0 0 0 0 128 128 128 0 0 1
253000 254000 2 1 189 1031 0 0 276 489346 0 0 620 376 498 172 4400 4400 4400 0 0 0 0 0 1 0
254000 255000 3 2 239 1470 0 0 347 675978 0 0 619 274 424 176 0 0 0 0 128 128 128 0 0 1
255000 256000 2 1 151 1027 0 0 227 452641 0 0 617 379 498 168 4400 4400 4400 0 0 0 0 0 1 0
256000 257000 3 2 233 1474 0 0 345 647188 0 0 616 260 419 180 0 0 0 0 128 128 128 0 0 1
257000 258000 2 1 158 1024 0 0 241 458101 0 0 616 381 498 166 4400 4400 4400 0 0 0 0 0 1 0
258000 259000 3 2 253 1477 0 0 362 656651 0 0 616 328 442 152 0 0 0 0 128 128 128 0 0 1
259000 260000 2 1 198 1022 0 0 306 560385 0 0 614 379 497 166 4400 4400 4400 0 0 0 0 0 1 0
260000 261000 3 2 240 1479 0 0 373 659038 0 0 614 256 418 181 0 0 0 0 128 128 128 0 0 1
261000 262000 2 1 150 1019 0 0 238 419539 0 0 613 383 498 162 4400 4400 4400 0 0 0 0 0 1 0
262000 263000 3 2 232 1482 0 0 332 642325 0 0 613 274 424 172 0 0 0 0 128 128 128 0 0 1
263000 264000 2 1 155 1015 0 0 227 424161 0 0 610 386 498 158 4400 4400 4400 0 0 0 0 0 1 0
264000 265000 3 2 249 1486 0 0 366 618577 0 0 610 260 419 176 0 0 0 0 128 128 128 0 0 1
265000 266000 2 1 154 1013 0 0 244 427915 0 0 609 387 498 156 4400 4400 4400 0 0 0 0 0 1 0
266000 267000 3 2 231 1488 0 0 336 628801 0 0 607 274 423 169 0 0 0 0 128 128 128 0 0 1
267000 268000 2 1 196 1006 0 0 295 563379 0 0 605 391 498 151 4400 4400 4400 0 0 0 0 0 1 0
268000 269000 3 2 270 1888 0 0 383 677550 0 0 715 394 570 162 0 0 0 0 128 128 128 0 0 1
269000 270000 5 3 318 1951 0 0 450 794757 0 0 713 89 390 235 4400 4400 4400 0 128 128 128 0 1 1
270000 271000 4 2 294 1293 0 0 463 856475 0 0 503 74 375 203 4400 4400 4400 0 128 128 128 0 1 1
271000 272000 4 2 237 1230 0 0 380 687879 0 0 571 40 305 239 0 0 0 0 0 0 0 0 0 0
272000 273000 3 2 285 1962 0 0 446 774518 0 0 819 176 500 321 4400 4400 4400 0 128 128 128 0 1 1
273000 274000 2 1 249 798 0 0 355 643678 0 0 818 146 482 474 4400 4400 4400 0 0 0 0 0 1 0
274000 275000 3 2 240 1679 0 0 388 667055 0 0 851 146 485 353 0 0 0 0 128 128 128 0 0 1
275000 276000 2 1 162 763 0 0 242 472316 0 0 845 76 461 543 4400 4400 4400 0 0 0 0 0 1 0
276000 277000 3 2 185 1683 0 0 296 564436 0 0 922 74 417 446 0 0 0 0 128 128 128 0 0 1
277000 278000 2 1 313 812 0 0 356 568837 0 0 848 70 459 550 4400 4400 4400 0 0 0 0 0 1 0
278000 279000 3 2 271 1684 0 0 392 680120 0 0 928 69 424 447 0 0 0 0 128 128 128 0 0 1
279000 280000 2 1 155 809 0 0 222 402203 0 0 853 61 457 560 4400 4400 4400 0 0 0 0 0 1 0
280000 281000 3 2 184 2570 0 0 275 449380 0 0 937 59 466 442 0 0 0 0 128 128 128 0 0 1
281000 282000 2 1 252 1562 0 0 379 669266 0 0 938 36 487 637 4400 4400 4400 0 0 0 0 0 1 0
282000 283000 3 2 231 898 0 0 335 615201 0 0 963 34 449 472 0 0 0 0 128 128 128 0 0 1
283000 284000 2 1 202 1603 0 0 276 535888 0 0 953 23 488 658 4400 4400 4400 0 0 0 0 0 1 0
284000 285000 3 2 259 878 0 0 392 724788 0 0 974 22 465 479 0 0 0 0 128 128 128 0 0 1
285000 286000 1 1 227 1623 0 0 257 422422 0 0 960 960 960 0 4400 4400 4400 0 0 0 0 0 1 0
286000 287000 2 2 275 840 0 0 407 737870 0 0 790 269 530 368 0 0 0 0 128 128 128 0 0 1
287000 288000 2 1 147 1662 0 0 187 341041 0 0 773 208 490 399 4400 4400 4400 0 0 0 0 0 1 0
288000 289000 2 2 302 840 0 0 442 746280 0 0 774 311 543 327 0 0 0 0 128 128 128 0 0 1
289000 290000 2 1 152 1305 0 0 197 338491 0 0 773 225 499 387 4400 4400 4400 0 0 0 0 0 1 0
290000 291000 3 2 189 1196 0 0 283 516977 0 0 487 211 357 138 0 0 0 0 128 128 128 0 0 1
291000 292000 2 1 207 808 0 0 329 608696 0 0 512 485 499 18 4400 4400 4400 0 0 0 0 0 1 0
292000 293000 3 2 250 1693 0 0 352 616606 0 0 512 303 433 114 0 0 0 0 128 128 128 0 0 1
293000 294000 3 2 245 718 0 0 336 586628 0 0 514 181 393 184 4400 4400 4400 0 0 0 0 0 1 0
294000 295000 4 2 203 1932 0 0 306 579148 0 0 816 53 386 341 0 0 0 0 128 128 128 0 0 1
295000 296000 2 1 189 800 0 0 259 546423 0 0 818 153 486 469 4400 4400 4400 0 0 0 0 0 1 0
296000 297000 3 2 239 1677 0 0 332 623281 0 0 845 151 446 358 0 0 0 0 128 128 128 0 0 1
297000 298000 2 1 244 749 0 0 262 398430 0 0 845 64 454 552 4400 4400 4400 0 0 0 0 0 1 0
298000 299000 3 2 257 1734 0 0 385 625398 0 0 932 62 427 452 0 0 0 0 128 128 128 0 0 1
299000 300000 2 1 145 1555 0 0 216 401400 0 0 907 61 484 598 0 0 0 0 0 0 0 0 0 0
300000 301000 1 1 14 0 0 0 57 91050 0 0 349 349 349 0 0 0 0 0 0 0 0 0 0 0
