ts te nbins ncons c_tcp_packs c_tcp_bytes c_udp_packs c_udp_bytes s_tcp_packs s_tcp_bytes s_udp_packs s_udp_bytes max_bins_span min_bins_span avg_bins_span std_bins_span max_video_rate min_video_rate avg_video_rate std_video_rate max_audio_rate min_audio_rate avg_audio_rate std_audio_rate video_requests audio_requests
0 1000 0 0 0 0 0 0 0 0 0 0 0 0 0 0 0 0 0 0 0 0 0 0 0 0
1000 2000 0 0 0 0 0 0 0 0 0 0 0 0 0 0 0 0 0 0 0 0 0 0 0 0
2000 3000 0 0 0 0 0 0 0 0 0 0 0 0 0 0 0 0 0 0 0 0 0 0 0 0
3000 4000 0 0 0 0 0 0 0 0 0 0 0 0 0 0 0 0 0 0 0 0 0 0 0 0
4000 5000 0 0 0 0 0 0 0 0 0 0 0 0 0 0 0 0 0 0 0 0 0 0 0 0
5000 6000 1 1 4 1353 0 0 5 3439 0 0 210 210 210 0 0 0 0 0 0 0 0 0 0 0
6000 7000 4 4 284 10665 0 0 449 711916 0 0 921 313 474 298 2300 2300 2300 0 128 128 128 0 2 2
7000 8000 3 2 273 2515 0 0 343 551861 0 0 921 77 595 453 2300 2300 2300 0 128 128 128 0 1 1
8000 9000 6 4 394 1881 0 0 545 857474 0 0 675 77 242 228 2300 2300 2300 0 128 128 128 0 1 1
9000 10000 3 2 136 486 0 0 151 222056 0 0 300 37 143 138 2300 2300 2300 0 128 128 128 0 1 1
10000 11000 5 3 366 3599 0 0 408 591299 0 0 905 54 416 375 2300 2300 2300 0 128 128 128 0 1 1
11000 12000 3 2 421 1972 0 0 676 1008172 0 0 847 228 531 309 2300 2300 2300 0 128 128 128 0 1 1
12000 13000 3 2 423 2541 0 0 662 1010241 0 0 770 227 558 290 2300 2300 2300 0 128 128 128 0 1 1
13000 14000 2 2 539 2075 0 0 666 990636 0 0 831 595 713 166 2300 2300 2300 0 128 128 128 0 1 1
14000 15000 4 3 316 3387 0 0 409 634769 0 0 924 121 521 388 2300 2300 2300 0 128 128 128 0 2 2
15000 16000 4 2 195 1551 0 0 358 621188 0 0 889 22 451 432 2300 2300 2300 0 128 128 128 0 1 1
16000 17000 5 3 373 2579 0 0 524 895079 0 0 855 110 500 316 2300 2300 2300 0 128 128 128 0 1 1
17000 18000 2 1 97 1484 0 0 140 248268 0 0 733 265 499 330 0 0 0 0 0 0 0 0 0 0
18000 19000 3 2 222 1241 0 0 337 644384 0 0 785 65 361 377 2300 2300 2300 0 128 128 128 0 1 1
19000 20000 0 0 0 0 0 0 0 0 0 0 0 0 0 0 0 0 0 0 0 0 0 0 0 0
20000 21000 3 3 207 3181 0 0 349 652017 0 0 820 389 633 221 4400 4400 4400 0 128 128 128 0 2 1
21000 22000 2 1 139 828 0 0 215 396679 0 0 819 178 499 452 0 0 0 0 0 0 0 0 0 0
22000 23000 3 2 266 1659 0 0 460 795007 0 0 804 172 413 341 4400 4400 4400 0 128 128 128 0 1 1
23000 24000 2 1 122 1498 0 0 188 333061 0 0 801 195 498 428 0 0 0 0 0 0 0 0 0 0
24000 25000 3 2 204 1003 0 0 302 527963 0 0 803 195 425 329 4400 4400 4400 0 128 128 128 0 1 1
25000 26000 2 1 209 1539 0 0 302 576469 0 0 802 195 498 429 0 0 0 0 0 0 0 0 0 0
26000 27000 3 2 193 1005 0 0 303 618885 0 0 854 76 365 425 4400 4400 4400 0 128 128 128 0 1 1
27000 28000 2 1 195 833 0 0 255 511551 0 0 852 144 498 500 0 0 0 0 0 0 0 0 0 0
28000 29000 3 2 236 2361 0 0 365 715818 0 0 849 129 608 415 3000 3000 3000 0 128 128 128 0 2 1
29000 30000 3 2 64 988 0 0 69 131751 0 0 846 72 356 425 0 0 0 0 0 0 0 0 0 0
30000 31000 3 2 180 1583 0 0 290 540570 0 0 843 104 436 375 3000 3000 3000 0 128 128 128 0 1 1
31000 32000 3 2 92 1605 0 0 135 247872 0 0 842 27 340 438 0 0 0 0 0 0 0 0 0 0
32000 33000 3 2 215 982 0 0 354 596585 0 0 828 145 444 349 3000 3000 3000 0 128 128 128 0 1 1
33000 34000 3 2 65 787 0 0 100 166820 0 0 825 50 348 417 0 0 0 0 0 0 0 0 0 0
34000 35000 3 2 203 1603 0 0 344 570305 0 0 822 163 447 338 3000 3000 3000 0 128 128 128 0 1 1
35000 36000 3 2 85 895 0 0 129 223796 0 0 821 30 341 421 0 0 0 0 0 0 0 0 0 0
36000 37000 3 2 202 1664 0 0 319 587098 0 0 815 166 411 352 3000 3000 3000 0 128 128 128 0 1 1
37000 38000 2 1 61 1581 0 0 79 142475 0 0 814 184 499 445 0 0 0 0 0 0 0 0 0 0
38000 39000 3 2 173 1075 0 0 280 526088 0 0 640 134 343 263 3000 3000 3000 0 128 128 128 0 1 1
39000 40000 2 1 104 1232 0 0 161 301670 0 0 639 359 499 197 0 0 0 0 0 0 0 0 0 0
40000 41000 3 2 130 1085 0 0 185 352688 0 0 528 222 369 153 3000 3000 3000 0 128 128 128 0 1 1
41000 42000 3 2 120 1076 0 0 174 342221 0 0 525 100 365 231 0 0 0 0 0 0 0 0 0 0
42000 43000 3 2 90 1777 0 0 125 254752 0 0 453 230 348 112 3000 3000 3000 0 128 128 128 0 1 1
43000 44000 4 2 302 2010 0 0 455 873493 0 0 657 112 384 223 3000 3000 3000 0 128 128 128 0 1 1
44000 45000 4 2 304 2006 0 0 476 810971 0 0 887 108 436 381 3000 3000 3000 0 128 128 128 0 1 1
45000 46000 1 1 152 0 0 0 225 442287 0 0 532 532 532 0 0 0 0 0 0 0 0 0 0 0
46000 47000 2 2 177 2352 0 0 291 555140 0 0 822 416 619 286 3000 3000 3000 0 128 128 128 0 1 1
47000 48000 2 1 89 827 0 0 109 204133 0 0 821 177 499 455 0 0 0 0 0 0 0 0 0 0
48000 49000 4 3 186 2490 0 0 298 578331 0 0 806 170 389 283 6500 6500 6500 0 128 128 128 0 2 1
49000 50000 2 1 252 162 0 0 383 733618 0 0 804 192 498 432 0 0 0 0 0 0 0 0 0 0
50000 51000 3 2 246 2336 0 0 377 739177 0 0 802 193 484 305 4400 4400 4400 0 128 128 128 0 1 1
51000 52000 2 1 226 1517 0 0 305 606081 0 0 801 196 499 428 0 0 0 0 0 0 0 0 0 0
52000 53000 4 3 207 1081 0 0 313 601428 0 0 793 92 357 311 3000 3000 3000 0 128 128 128 0 1 1
53000 54000 3 2 79 1435 0 0 113 231803 0 0 792 31 343 399 0 0 0 0 0 0 0 0 0 0
54000 55000 4 3 170 1063 0 0 253 510322 0 0 595 0 282 255 3000 3000 3000 0 128 128 128 0 1 1
55000 56000 2 2 89 71 0 0 134 268296 0 0 346 33 189 221 0 0 0 0 0 0 0 0 0 0
56000 57000 2 2 192 2394 0 0 296 554480 0 0 934 258 596 478 3000 3000 3000 0 128 128 128 0 1 1
57000 58000 2 1 66 874 0 0 83 182247 0 0 932 64 498 613 0 0 0 0 0 0 0 0 0 0
58000 59000 2 1 4 53 0 0 7 13106 0 0 252 65 158 132 0 0 0 0 0 0 0 0 0 0
59000 60000 0 0 0 0 0 0 0 0 0 0 0 0 0 0 0 0 0 0 0 0 0 0 0 0
60000 61000 2 2 93 2395 0 0 151 298968 0 0 934 269 601 470 3000 3000 3000 0 128 128 128 0 1 1
61000 62000 2 1 155 872 0 0 232 447601 0 0 932 64 498 614 0 0 0 0 0 0 0 0 0 0
62000 63000 4 3 318 1536 0 0 440 830592 0 0 911 66 365 385 3000 3000 3000 0 128 128 128 0 2 1
63000 64000 6 3 285 2101 0 0 406 706071 0 0 871 54 308 351 0 0 0 0 128 128 128 0 0 1
64000 65000 1 1 37 599 0 0 49 85660 0 0 342 342 342 0 0 0 0 0 0 0 0 0 0 0
65000 66000 0 0 0 0 0 0 0 0 0 0 0 0 0 0 0 0 0 0 0 0 0 0 0 0
66000 67000 2 2 191 2391 0 0 333 582036 0 0 933 255 594 479 3000 3000 3000 0 128 128 128 0 1 1
67000 68000 2 1 91 877 0 0 117 225754 0 0 933 66 499 612 0 0 0 0 0 0 0 0 0 0
68000 69000 3 2 258 1664 0 0 387 656792 0 0 912 65 418 441 3000 3000 3000 0 128 128 128 0 1 1
69000 70000 2 1 70 834 0 0 71 119623 0 0 911 83 497 585 0 0 0 0 0 0 0 0 0 0
70000 71000 3 2 218 1664 0 0 352 660160 0 0 909 66 417 439 3000 3000 3000 0 128 128 128 0 1 1
71000 72000 2 1 49 837 0 0 48 92425 0 0 909 86 498 581 0 0 0 0 0 0 0 0 0 0
72000 73000 3 2 194 1421 0 0 316 564210 0 0 899 66 441 422 3000 3000 3000 0 128 128 128 0 1 1
73000 74000 4 2 218 2939 0 0 336 605712 0 0 896 99 493 346 3000 3000 3000 0 128 128 128 0 1 1
74000 75000 4 2 350 1420 0 0 561 1019562 0 0 833 101 430 365 3000 3000 3000 0 128 128 128 0 1 1
75000 76000 2 1 54 823 0 0 69 126443 0 0 831 166 498 470 0 0 0 0 0 0 0 0 0 0
76000 77000 3 2 239 1439 0 0 357 667758 0 0 821 166 449 335 3000 3000 3000 0 128 128 128 0 1 1
77000 78000 5 3 221 3032 0 0 316 609201 0 0 861 99 426 319 3000 3000 3000 0 128 128 128 0 1 1
78000 79000 4 2 265 1531 0 0 396 752617 0 0 638 87 362 224 3000 3000 3000 0 128 128 128 0 1 1
79000 80000 1 1 106 0 0 0 161 300187 0 0 349 349 349 0 0 0 0 0 0 0 0 0 0 0
80000 81000 2 2 180 2345 0 0 288 546143 0 0 812 373 593 310 6500 6500 6500 0 128 128 128 0 1 1
81000 82000 2 1 308 156 0 0 462 857381 0 0 809 186 497 440 0 0 0 0 0 0 0 0 0 0
82000 83000 3 2 265 2341 0 0 389 709263 0 0 808 190 483 309 6500 6500 6500 0 128 128 128 0 1 1
83000 84000 2 1 302 160 0 0 437 831094 0 0 806 190 498 435 0 0 0 0 0 0 0 0 0 0
84000 85000 3 2 97 820 0 0 134 251786 0 0 276 108 192 84 0 0 0 0 0 0 0 0 0 0
85000 86000 0 0 0 0 0 0 0 0 0 0 0 0 0 0 0 0 0 0 0 0 0 0 0 0
86000 87000 2 2 178 2406 0 0 300 557513 0 0 886 306 596 410 6500 6500 6500 0 128 128 128 0 1 1
87000 88000 2 1 291 95 0 0 428 831644 0 0 885 113 499 546 0 0 0 0 0 0 0 0 0 0
88000 89000 3 2 216 2404 0 0 341 632927 0 0 884 113 504 385 3000 3000 3000 0 128 128 128 0 1 1
89000 90000 2 1 124 832 0 0 160 317593 0 0 882 115 499 542 0 0 0 0 0 0 0 0 0 0
90000 91000 3 2 193 1666 0 0 332 626651 0 0 880 102 415 410 3000 3000 3000 0 128 128 128 0 1 1
91000 92000 2 1 58 863 0 0 73 150401 0 0 878 119 498 536 0 0 0 0 0 0 0 0 0 0
92000 93000 3 2 173 1637 0 0 285 540095 0 0 877 65 405 421 3000 3000 3000 0 128 128 128 0 1 1
93000 94000 2 1 84 1579 0 0 124 239843 0 0 877 120 498 535 0 0 0 0 0 0 0 0 0 0
94000 95000 3 2 212 1023 0 0 334 665409 0 0 868 108 413 401 3000 3000 3000 0 128 128 128 0 1 1
95000 96000 2 1 45 1449 0 0 48 94260 0 0 868 130 499 521 0 0 0 0 0 0 0 0 0 0
96000 97000 3 2 267 1052 0 0 374 595339 0 0 849 127 416 381 3000 3000 3000 0 128 128 128 0 1 1
97000 98000 2 1 92 1431 0 0 129 218076 0 0 849 148 498 495 0 0 0 0 0 0 0 0 0 0
98000 99000 3 2 204 1842 0 0 314 562708 0 0 859 136 535 367 3000 3000 3000 0 128 128 128 0 1 1
99000 100000 4 3 218 1552 0 0 359 664915 0 0 864 37 455 404 3000 3000 3000 0 128 128 128 0 1 1
100000 101000 4 2 266 1738 0 0 389 701116 0 0 855 103 416 323 3000 3000 3000 0 128 128 128 0 1 1
101000 102000 2 1 125 862 0 0 158 297691 0 0 853 143 498 502 0 0 0 0 0 0 0 0 0 0
102000 103000 3 2 259 1616 0 0 374 640482 0 0 829 90 398 384 3000 3000 3000 0 128 128 128 0 1 1
103000 104000 2 1 93 881 0 0 115 217562 0 0 826 170 498 464 0 0 0 0 0 0 0 0 0 0
104000 105000 3 2 197 1601 0 0 301 509808 0 0 805 91 385 372 3000 3000 3000 0 128 128 128 0 1 1
105000 106000 2 1 101 1526 0 0 135 238837 0 0 804 193 498 432 0 0 0 0 0 0 0 0 0 0
106000 107000 3 2 213 959 0 0 330 589061 0 0 803 176 445 322 3000 3000 3000 0 128 128 128 0 1 1
107000 108000 3 2 78 1543 0 0 102 178637 0 0 802 97 364 382 0 0 0 0 0 0 0 0 0 0
108000 109000 3 2 207 970 0 0 314 574296 0 0 789 175 440 315 3000 3000 3000 0 128 128 128 0 1 1
109000 110000 3 2 104 1487 0 0 147 281053 0 0 789 89 363 374 0 0 0 0 0 0 0 0 0 0
110000 111000 3 2 149 859 0 0 242 456662 0 0 547 204 371 171 3000 3000 3000 0 128 128 128 0 1 1
111000 112000 3 2 144 1232 0 0 233 452323 0 0 547 226 408 164 0 0 0 0 0 0 0 0 0 0
112000 113000 3 2 230 1323 0 0 294 570475 0 0 545 357 451 93 3000 3000 3000 0 128 128 128 0 1 1
113000 114000 2 2 35 268 0 0 47 88181 0 0 167 85 126 58 0 0 0 0 0 0 0 0 0 0
114000 115000 1 1 3 820 0 0 4 2912 0 0 271 271 271 0 0 0 0 0 0 0 0 0 0 0
115000 116000 0 0 0 0 0 0 0 0 0 0 0 0 0 0 0 0 0 0 0 0 0 0 0 0
116000 117000 2 2 244 3008 0 0 427 787807 0 0 934 861 898 51 3000 3000 3000 0 128 128 128 0 2 1
117000 118000 4 2 299 1915 0 0 438 754320 0 0 858 62 355 358 0 0 0 0 128 128 128 0 0 1
118000 119000 2 1 28 80 0 0 41 72173 0 0 93 0 46 66 0 0 0 0 0 0 0 0 0 0
119000 120000 0 0 0 0 0 0 0 0 0 0 0 0 0 0 0 0 0 0 0 0 0 0 0 0
120000 121000 2 2 235 3242 0 0 388 728968 0 0 934 812 873 86 3000 3000 3000 0 128 128 128 0 2 1
121000 122000 3 2 265 1678 0 0 388 729495 0 0 813 60 392 384 0 0 0 0 128 128 128 0 0 1
122000 123000 2 1 26 83 0 0 38 73690 0 0 92 0 46 65 0 0 0 0 0 0 0 0 0 0
123000 124000 0 0 0 0 0 0 0 0 0 0 0 0 0 0 0 0 0 0 0 0 0 0 0 0
124000 125000 2 2 161 2392 0 0 283 533182 0 0 933 259 596 476 3000 3000 3000 0 128 128 128 0 1 1
125000 126000 2 1 62 875 0 0 77 171933 0 0 931 66 499 612 0 0 0 0 0 0 0 0 0 0
126000 127000 3 2 188 2310 0 0 291 537599 0 0 908 66 611 472 3000 3000 3000 0 128 128 128 0 1 1
127000 128000 5 3 326 3049 0 0 475 795455 0 0 907 90 524 398 3000 3000 3000 0 128 128 128 0 1 1
128000 129000 7 4 379 4229 0 0 554 933733 0 0 901 0 380 363 3000 3000 3000 0 128 128 128 0 2 1
129000 130000 4 2 270 2270 0 0 408 731031 0 0 840 2 451 444 0 0 0 0 128 128 128 0 0 1
130000 131000 4 2 233 349 0 0 370 648503 0 0 630 132 282 236 3000 3000 3000 0 128 128 128 0 1 1
131000 132000 1 1 84 0 0 0 134 231914 0 0 284 284 284 0 0 0 0 0 0 0 0 0 0 0
132000 133000 1 1 2 820 0 0 4 2913 0 0 287 287 287 0 0 0 0 0 0 0 0 0 0 0
133000 134000 1 1 2 0 0 0 2 21 0 0 753 753 753 0 0 0 0 0 0 0 0 0 0 0
134000 135000 3 3 191 3247 0 0 326 550789 0 0 886 96 612 447 3000 3000 3000 0 128 128 128 0 1 2
135000 136000 3 2 253 1502 0 0 416 746158 0 0 883 111 595 421 3000 3000 3000 0 0 0 0 0 1 0
136000 137000 4 2 84 253 0 0 120 211226 0 0 210 92 152 65 0 0 0 0 0 0 0 0 0 0
137000 138000 0 0 0 0 0 0 0 0 0 0 0 0 0 0 0 0 0 0 0 0 0 0 0 0
138000 139000 2 2 168 2394 0 0 266 488546 0 0 933 249 591 483 3000 3000 3000 0 128 128 128 0 1 1
139000 140000 2 1 96 872 0 0 148 258738 0 0 930 64 497 612 0 0 0 0 0 0 0 0 0 0
140000 141000 3 2 180 1580 0 0 281 482146 0 0 910 66 445 428 3000 3000 3000 0 128 128 128 0 1 1
141000 142000 3 2 101 902 0 0 142 271990 0 0 909 38 345 489 0 0 0 0 0 0 0 0 0 0
142000 143000 3 2 219 1619 0 0 337 570867 0 0 836 89 395 391 3000 3000 3000 0 128 128 128 0 1 1
143000 144000 2 1 66 1575 0 0 94 164541 0 0 835 161 498 476 0 0 0 0 0 0 0 0 0 0
144000 145000 3 2 198 1063 0 0 301 563319 0 0 610 129 334 248 3000 3000 3000 0 128 128 128 0 1 1
145000 146000 1 1 98 0 0 0 155 291788 0 0 342 342 342 0 0 0 0 0 0 0 0 0 0 0
146000 147000 2 2 210 2392 0 0 301 537119 0 0 933 249 591 483 3000 3000 3000 0 128 128 128 0 1 1
147000 148000 2 1 70 875 0 0 91 189387 0 0 931 65 498 612 0 0 0 0 0 0 0 0 0 0
148000 149000 3 2 151 1662 0 0 243 437662 0 0 911 65 499 423 3000 3000 3000 0 128 128 128 0 1 1
149000 150000 3 2 286 2155 0 0 441 779091 0 0 908 87 558 423 3000 3000 3000 0 128 128 128 0 1 1
150000 151000 4 2 281 1965 0 0 422 778219 0 0 837 90 433 314 3000 3000 3000 0 128 128 128 0 1 1
151000 152000 2 1 103 1540 0 0 148 271946 0 0 835 161 498 476 0 0 0 0 0 0 0 0 0 0
152000 153000 3 2 207 1097 0 0 321 588131 0 0 616 153 346 241 3000 3000 3000 0 128 128 128 0 1 1
153000 154000 1 1 81 0 0 0 125 230975 0 0 274 274 274 0 0 0 0 0 0 0 0 0 0 0
154000 155000 2 2 151 2390 0 0 267 457735 0 0 932 275 603 464 3000 3000 3000 0 128 128 128 0 1 1
155000 156000 2 1 90 877 0 0 122 243015 0 0 928 66 497 609 0 0 0 0 0 0 0 0 0 0
156000 157000 3 2 252 1658 0 0 398 674455 0 0 907 65 419 436 3000 3000 3000 0 128 128 128 0 1 1
157000 158000 2 1 101 841 0 0 90 135143 0 0 907 91 499 576 0 0 0 0 0 0 0 0 0 0
158000 159000 3 2 126 1657 0 0 219 409686 0 0 903 66 418 434 3000 3000 3000 0 128 128 128 0 1 1
159000 160000 2 1 111 822 0 0 166 300268 0 0 901 95 498 569 0 0 0 0 0 0 0 0 0 0
160000 161000 3 2 196 1670 0 0 335 645442 0 0 893 94 418 420 3000 3000 3000 0 128 128 128 0 1 1
161000 162000 2 1 71 852 0 0 92 177357 0 0 892 106 499 556 0 0 0 0 0 0 0 0 0 0
162000 163000 3 2 266 1644 0 0 376 613786 0 0 887 66 411 425 3000 3000 3000 0 128 128 128 0 1 1
163000 164000 2 1 78 828 0 0 118 194359 0 0 887 111 499 548 0 0 0 0 0 0 0 0 0 0
164000 165000 3 2 205 1667 0 0 346 678139 0 0 878 103 413 410 3000 3000 3000 0 128 128 128 0 1 1
165000 166000 2 1 46 1569 0 0 52 101010 0 0 878 118 498 537 0 0 0 0 0 0 0 0 0 0
166000 167000 3 2 168 1033 0 0 257 417582 0 0 863 115 410 398 3000 3000 3000 0 128 128 128 0 1 1
167000 168000 2 1 111 726 0 0 166 297951 0 0 862 134 498 514 0 0 0 0 0 0 0 0 0 0
168000 169000 2 1 11 93 0 0 16 30522 0 0 110 0 55 78 0 0 0 0 0 0 0 0 0 0
169000 170000 0 0 0 0 0 0 0 0 0 0 0 0 0 0 0 0 0 0 0 0 0 0 0 0
170000 171000 2 2 186 3121 0 0 282 570477 0 0 933 862 897 49 3000 3000 3000 0 128 128 128 0 1 1
171000 172000 5 3 380 1723 0 0 529 886812 0 0 860 63 385 385 3000 3000 3000 0 128 128 128 0 1 1
172000 173000 3 2 30 159 0 0 42 69459 0 0 91 0 54 48 0 0 0 0 0 0 0 0 0 0
173000 174000 0 0 0 0 0 0 0 0 0 0 0 0 0 0 0 0 0 0 0 0 0 0 0 0
174000 175000 2 2 169 3129 0 0 263 516129 0 0 933 863 898 49 3000 3000 3000 0 128 128 128 0 1 1
175000 176000 5 3 310 2467 0 0 452 805053 0 0 918 14 511 423 3000 3000 3000 0 128 128 128 0 1 1
176000 177000 6 4 289 3225 0 0 441 833050 0 0 847 66 325 280 3000 3000 3000 0 128 128 128 0 1 1
177000 178000 2 1 71 1439 0 0 98 185937 0 0 846 151 499 491 0 0 0 0 0 0 0 0 0 0
178000 179000 3 2 164 1062 0 0 258 487782 0 0 631 130 336 262 3000 3000 3000 0 128 128 128 0 1 1
179000 180000 3 2 274 1755 0 0 431 807491 0 0 776 367 591 207 3000 3000 3000 0 128 128 128 0 1 1
180000 181000 3 2 85 746 0 0 112 195645 0 0 337 223 293 61 0 0 0 0 0 0 0 0 0 0
181000 182000 1 1 2 0 0 0 2 21 0 0 755 755 755 0 0 0 0 0 0 0 0 0 0 0
182000 183000 3 3 162 2397 0 0 277 492640 0 0 934 93 428 445 3000 3000 3000 0 128 128 128 0 1 1
183000 184000 3 2 295 2370 0 0 445 856785 0 0 932 62 614 479 3000 3000 3000 0 128 128 128 0 1 1
184000 185000 4 2 261 1790 0 0 380 659831 0 0 848 66 407 366 3000 3000 3000 0 128 128 128 0 1 1
185000 186000 2 1 125 1554 0 0 170 313593 0 0 845 151 498 490 0 0 0 0 0 0 0 0 0 0
186000 187000 3 2 240 959 0 0 374 675650 0 0 860 138 412 391 3000 3000 3000 0 128 128 128 0 1 1
187000 188000 2 1 62 1568 0 0 69 124445 0 0 859 137 498 510 0 0 0 0 0 0 0 0 0 0
188000 189000 3 2 160 944 0 0 280 519887 0 0 874 122 417 401 6500 6500 6500 0 128 128 128 0 1 1
189000 190000 2 1 300 105 0 0 464 859548 0 0 871 124 498 528 0 0 0 0 0 0 0 0 0 0
190000 191000 3 2 270 2394 0 0 348 571667 0 0 870 127 559 385 6500 6500 6500 0 128 128 128 0 1 1
191000 192000 2 1 287 107 0 0 432 856178 0 0 869 126 498 524 0 0 0 0 0 0 0 0 0 0
192000 193000 3 2 252 820 0 0 297 480911 0 0 442 128 280 156 0 0 0 0 0 0 0 0 0 0
193000 194000 0 0 0 0 0 0 0 0 0 0 0 0 0 0 0 0 0 0 0 0 0 0 0 0
194000 195000 0 0 0 0 0 0 0 0 0 0 0 0 0 0 0 0 0 0 0 0 0 0 0 0
195000 196000 1 1 2 820 0 0 3 2918 0 0 253 253 253 0 0 0 0 0 0 0 0 0 0 0
196000 197000 0 0 0 0 0 0 0 0 0 0 0 0 0 0 0 0 0 0 0 0 0 0 0 0
197000 198000 0 0 0 0 0 0 0 0 0 0 0 0 0 0 0 0 0 0 0 0 0 0 0 0
198000 199000 0 0 0 0 0 0 0 0 0 0 0 0 0 0 0 0 0 0 0 0 0 0 0 0
199000 200000 2 2 3 820 0 0 4 0 0 0 469 292 380 125 0 0 0 0 0 0 0 0 0 0
200000 201000 2 2 181 3963 0 0 281 550682 0 0 786 699 743 61 4400 4400 4400 0 128 128 128 0 1 1
201000 202000 5 4 229 7471 0 0 341 611669 0 0 759 212 446 199 288 288 288 0 128 128 128 0 3 2
202000 203000 5 4 99 4704 0 0 162 244195 0 0 774 6 358 284 2300 288 1294 1422 128 128 128 0 2 2
203000 204000 4 2 311 3185 0 0 501 874780 0 0 773 223 494 271 2300 2300 2300 0 128 128 128 0 1 1
204000 205000 4 2 313 1682 0 0 534 895961 0 0 627 137 366 257 2300 2300 2300 0 128 128 128 0 1 1
205000 206000 1 1 234 0 0 0 331 537537 0 0 469 469 469 0 0 0 0 0 0 0 0 0 0 0
206000 207000 3 3 182 2423 0 0 273 505482 0 0 934 78 420 452 2300 2300 2300 0 128 128 128 0 1 1
207000 208000 1 1 7 78 0 0 12 23359 0 0 46 46 46 0 0 0 0 0 0 0 0 0 0 0
208000 209000 3 3 200 2429 0 0 289 532210 0 0 934 17 405 474 2300 2300 2300 0 128 128 128 0 1 1
209000 210000 2 1 10 837 0 0 12 22838 0 0 913 42 478 615 0 0 0 0 0 0 0 0 0 0
210000 211000 3 2 226 1736 0 0 348 637490 0 0 750 65 402 342 2300 2300 2300 0 128 128 128 0 1 1
211000 212000 0 0 0 0 0 0 0 0 0 0 0 0 0 0 0 0 0 0 0 0 0 0 0 0
212000 213000 2 2 218 2502 0 0 337 613113 0 0 738 376 557 255 2300 2300 2300 0 128 128 128 0 1 1
213000 214000 0 0 0 0 0 0 0 0 0 0 0 0 0 0 0 0 0 0 0 0 0 0 0 0
214000 215000 2 2 182 2154 0 0 273 589156 0 0 933 360 646 405 2300 2300 2300 0 128 128 128 0 1 1
215000 216000 2 2 12 347 0 0 17 32775 0 0 195 30 112 116 0 0 0 0 0 0 0 0 0 0
216000 217000 2 2 167 2391 0 0 271 537141 0 0 932 288 610 455 2300 2300 2300 0 128 128 128 0 1 1
217000 218000 2 1 28 876 0 0 27 56474 0 0 930 66 498 610 0 0 0 0 0 0 0 0 0 0
218000 219000 3 2 141 1720 0 0 230 393859 0 0 689 66 372 311 2300 2300 2300 0 128 128 128 0 1 1
219000 220000 4 3 267 3485 0 0 412 746366 0 0 857 223 519 301 2300 2300 2300 0 128 128 128 0 1 1
220000 221000 4 2 223 1412 0 0 335 603468 0 0 817 34 298 353 2300 2300 2300 0 128 128 128 0 1 1
221000 222000 1 1 30 122 0 0 44 81237 0 0 139 139 139 0 0 0 0 0 0 0 0 0 0 0
222000 223000 2 2 183 2341 0 0 311 554006 0 0 809 402 605 287 6500 6500 6500 0 128 128 128 0 1 1
223000 224000 2 1 234 1507 0 0 361 690509 0 0 805 190 498 434 0 0 0 0 0 0 0 0 0 0
224000 225000 3 2 203 996 0 0 331 619816 0 0 810 187 417 342 6500 6500 6500 0 128 128 128 0 1 1
225000 226000 2 1 334 158 0 0 480 838886 0 0 808 188 498 438 0 0 0 0 0 0 0 0 0 0
226000 227000 3 2 175 820 0 0 218 363011 0 0 263 190 236 40 0 0 0 0 0 0 0 0 0 0
227000 228000 0 0 0 0 0 0 0 0 0 0 0 0 0 0 0 0 0 0 0 0 0 0 0 0
228000 229000 2 2 178 3196 0 0 288 524008 0 0 827 826 827 0 6500 6500 6500 0 128 128 128 0 1 2
229000 230000 2 1 265 145 0 0 414 818119 0 0 825 172 499 461 0 0 0 0 0 0 0 0 0 0
230000 231000 4 3 334 2272 0 0 508 966583 0 0 891 171 535 375 4400 4400 4400 0 0 0 0 0 1 0
231000 232000 4 2 255 1736 0 0 362 698425 0 0 889 106 437 369 4400 4400 4400 0 128 128 128 0 1 1
232000 233000 4 2 260 154 0 0 387 771821 0 0 545 91 297 214 0 0 0 0 0 0 0 0 0 0
233000 234000 0 0 0 0 0 0 0 0 0 0 0 0 0 0 0 0 0 0 0 0 0 0 0 0
234000 235000 2 2 171 1868 0 0 272 482513 0 0 933 361 647 404 4400 4400 4400 0 128 128 128 0 1 1
235000 236000 3 2 444 633 0 0 505 759231 0 0 922 66 529 432 0 0 0 0 0 0 0 0 0 0
236000 237000 2 2 165 2317 0 0 257 500172 0 0 932 362 647 403 4400 4400 4400 0 128 128 128 0 1 1
237000 238000 3 2 140 948 0 0 197 407981 0 0 928 34 343 507 0 0 0 0 0 0 0 0 0 0
238000 239000 3 2 164 1660 0 0 264 505271 0 0 907 67 434 429 4400 4400 4400 0 128 128 128 0 1 1
239000 240000 2 1 369 820 0 0 446 713095 0 0 905 90 498 576 0 0 0 0 0 0 0 0 0 0
240000 241000 3 2 287 1279 0 0 398 618703 0 0 830 92 428 373 4400 4400 4400 0 128 128 128 0 1 1
241000 242000 5 3 261 478 0 0 349 626377 0 0 794 0 367 332 0 0 0 0 0 0 0 0 0 0
242000 243000 1 1 39 3527 0 0 84 100077 0 0 935 935 935 0 4400 4400 4400 0 0 0 0 0 1 0
243000 244000 3 2 541 239 0 0 631 929888 0 0 934 21 339 515 0 0 0 0 128 128 128 0 0 1
244000 245000 4 3 213 7365 0 0 318 507842 0 0 933 63 493 460 4400 4400 4400 0 128 128 128 0 1 1
245000 246000 4 3 555 2178 0 0 884 1417132 0 0 932 66 476 373 4400 4400 4400 0 0 0 0 0 1 0
246000 247000 6 3 279 1557 0 0 425 787387 0 0 688 63 273 218 3000 3000 3000 0 128 128 128 0 1 1
247000 248000 4 3 333 2373 0 0 452 785473 0 0 860 167 543 354 0 0 0 0 128 128 128 0 0 1
248000 249000 4 2 251 1502 0 0 397 684994 0 0 801 89 415 370 3000 3000 3000 0 128 128 128 0 1 1
249000 250000 3 2 91 1515 0 0 142 234467 0 0 799 127 374 369 0 0 0 0 0 0 0 0 0 0
250000 251000 3 2 161 789 0 0 257 461903 0 0 790 185 446 311 3000 3000 3000 0 128 128 128 0 1 1
251000 252000 3 2 127 1096 0 0 188 350739 0 0 790 209 425 317 0 0 0 0 0 0 0 0 0 0
252000 253000 2 1 11 86 0 0 16 29249 0 0 93 1 47 64 0 0 0 0 0 0 0 0 0 0
253000 254000 0 0 0 0 0 0 0 0 0 0 0 0 0 0 0 0 0 0 0 0 0 0 0 0
254000 255000 3 3 196 2412 0 0 310 584418 0 0 934 50 449 448 3000 3000 3000 0 128 128 128 0 2 1
255000 256000 5 3 231 1812 0 0 350 688366 0 0 947 48 339 367 0 0 0 0 128 128 128 0 0 1
256000 257000 3 2 181 2461 0 0 308 553981 0 0 950 46 515 453 3000 3000 3000 0 128 128 128 0 1 1
257000 258000 1 1 162 0 0 0 249 443081 0 0 553 553 553 0 0 0 0 0 0 0 0 0 0 0
258000 259000 1 1 2 820 0 0 3 2913 0 0 255 255 255 0 0 0 0 0 0 0 0 0 0 0
259000 260000 0 0 0 0 0 0 0 0 0 0 0 0 0 0 0 0 0 0 0 0 0 0 0 0
260000 261000 2 2 230 2395 0 0 355 669543 0 0 933 251 592 481 3000 3000 3000 0 128 128 128 0 1 1
261000 262000 2 1 50 106 0 0 76 141133 0 0 126 64 95 44 0 0 0 0 0 0 0 0 0 0
262000 263000 1 1 2 1597 0 0 3 2799 0 0 931 931 931 0 0 0 0 0 0 0 0 0 0 0
263000 264000 3 2 209 2164 0 0 338 628265 0 0 860 37 537 438 3000 3000 3000 0 128 128 128 0 2 1
264000 265000 5 3 358 2543 0 0 553 1005374 0 0 856 137 420 308 3000 3000 3000 0 128 128 128 0 1 1
265000 266000 4 2 213 380 0 0 313 617756 0 0 618 0 266 283 0 0 0 0 128 128 128 0 0 1
266000 267000 1 1 2 820 0 0 3 2913 0 0 271 271 271 0 0 0 0 0 0 0 0 0 0 0
267000 268000 1 1 28 134 0 0 46 94097 0 0 160 160 160 0 3000 3000 3000 0 0 0 0 0 1 0
268000 269000 4 3 189 3462 0 0 301 590261 0 0 839 159 521 355 3000 3000 3000 0 128 128 128 0 1 1
269000 270000 2 2 276 586 0 0 424 765441 0 0 820 368 594 319 0 0 0 0 128 128 128 0 0 1
270000 271000 3 2 167 2330 0 0 276 510040 0 0 795 70 457 365 3000 3000 3000 0 128 128 128 0 1 1
271000 272000 2 1 111 1511 0 0 169 313001 0 0 795 202 498 418 0 0 0 0 0 0 0 0 0 0
272000 273000 3 2 194 1093 0 0 293 526525 0 0 784 190 445 306 3000 3000 3000 0 128 128 128 0 1 1
273000 274000 3 2 106 1395 0 0 148 286623 0 0 783 31 342 392 0 0 0 0 0 0 0 0 0 0
274000 275000 3 2 144 1035 0 0 231 412010 0 0 777 197 444 299 3000 3000 3000 0 128 128 128 0 1 1
275000 276000 3 2 100 1466 0 0 142 287098 0 0 775 71 356 370 0 0 0 0 0 0 0 0 0 0
276000 277000 3 2 176 1080 0 0 278 507632 0 0 768 195 441 294 3000 3000 3000 0 128 128 128 0 1 1
277000 278000 3 2 139 1378 0 0 202 346956 0 0 766 45 347 374 0 0 0 0 0 0 0 0 0 0
278000 279000 3 2 200 1216 0 0 268 445761 0 0 541 224 351 167 3000 3000 3000 0 128 128 128 0 1 1
279000 280000 2 1 147 1167 0 0 187 305140 0 0 540 458 499 57 0 0 0 0 0 0 0 0 0 0
280000 281000 3 2 171 1197 0 0 249 472988 0 0 524 229 372 148 3000 3000 3000 0 128 128 128 0 1 1
281000 282000 3 2 146 1020 0 0 208 394671 0 0 523 70 355 248 0 0 0 0 0 0 0 0 0 0
282000 283000 3 2 174 1533 0 0 251 463768 0 0 504 362 442 72 3000 3000 3000 0 128 128 128 0 1 1
283000 284000 2 2 109 85 0 0 163 306372 0 0 359 40 200 225 0 0 0 0 0 0 0 0 0 0
284000 285000 2 2 118 2291 0 0 182 364521 0 0 934 362 648 404 3000 3000 3000 0 128 128 128 0 1 1
285000 286000 3 2 138 976 0 0 176 381472 0 0 931 50 349 504 0 0 0 0 0 0 0 0 0 0
286000 287000 3 2 137 1662 0 0 218 403526 0 0 912 65 421 438 3000 3000 3000 0 128 128 128 0 1 1
287000 288000 2 1 166 838 0 0 223 419769 0 0 911 87 499 582 0 0 0 0 0 0 0 0 0 0
288000 289000 3 2 214 1662 0 0 339 606445 0 0 910 65 442 429 3000 3000 3000 0 128 128 128 0 1 1
289000 290000 2 1 152 822 0 0 148 229627 0 0 909 89 499 579 0 0 0 0 0 0 0 0 0 0
290000 291000 3 2 211 1510 0 0 332 552127 0 0 868 88 440 395 3000 3000 3000 0 128 128 128 0 1 1
291000 292000 3 2 122 977 0 0 162 304942 0 0 867 68 355 444 0 0 0 0 0 0 0 0 0 0
292000 293000 2 1 10 86 0 0 13 26199 0 0 102 0 51 72 0 0 0 0 0 0 0 0 0 0
293000 294000 0 0 0 0 0 0 0 0 0 0 0 0 0 0 0 0 0 0 0 0 0 0 0 0
294000 295000 0 0 0 0 0 0 0 0 0 0 0 0 0 0 0 0 0 0 0 0 0 0 0 0
295000 296000 1 1 2 820 0 0 4 2911 0 0 274 274 274 0 0 0 0 0 0 0 0 0 0 0
296000 297000 0 0 0 0 0 0 0 0 0 0 0 0 0 0 0 0 0 0 0 0 0 0 0 0
297000 298000 0 0 0 0 0 0 0 0 0 0 0 0 0 0 0 0 0 0 0 0 0 0 0 0
298000 299000 2 2 150 3037 0 0 244 417633 0 0 669 657 663 8 3000 3000 3000 0 128 128 128 0 1 1
299000 300000 5 3 300 3372 0 0 475 832588 0 0 674 226 488 198 3000 3000 3000 0 128 128 128 0 1 1
