ts te s_bytes_all avg_video_rate
0.0 1000.0 0.0 0.0
1000.0 2000.0 0.0 0.0
2000.0 3000.0 0.0 0.0
3000.0 4000.0 0.0 0.0
4000.0 5000.0 0.0 0.0
5000.0 6000.0 0.0 0.0
6000.0 7000.0 0.0 0.0
7000.0 8000.0 810195.895060782 2300.0
8000.0 9000.0 794812.2667809224 2300.0
9000.0 10000.0 1647774.3555402188 2300.0
10000.0 11000.0 2595303.837806733 4400.0
11000.0 12000.0 418445.64481134416 0.0
12000.0 13000.0 1032926.5932225031 4400.0
13000.0 14000.0 7.406777496913055 0.0
14000.0 15000.0 1247961.8810505054 8000.0
15000.0 16000.0 2518912.030445476 8000.0
16000.0 17000.0 161376.0885040184 0.0
17000.0 18000.0 1934496.4069538324 8000.0
18000.0 19000.0 58449.59304616767 0.0
19000.0 20000.0 2101649.0 8000.0
20000.0 21000.0 0.0 0.0
21000.0 22000.0 1829511.0 8000.0
22000.0 23000.0 0.0 0.0
23000.0 24000.0 1970986.0 8000.0
24000.0 25000.0 0.0 0.0
25000.0 26000.0 1966110.0 8000.0
26000.0 27000.0 0.0 0.0
27000.0 28000.0 1955409.0 8000.0
28000.0 29000.0 0.0 0.0
29000.0 30000.0 1745776.0 8000.0
30000.0 31000.0 0.0 0.0
31000.0 32000.0 1863420.0 8000.0
32000.0 33000.0 941956.4675909929 8000.0
33000.0 34000.0 1216761.5324090072 0.0
34000.0 35000.0 0.0 0.0
35000.0 36000.0 1994149.0 8000.0
36000.0 37000.0 0.0 0.0
37000.0 38000.0 1773273.0 8000.0
38000.0 39000.0 0.0 0.0
39000.0 40000.0 2068248.0 8000.0
40000.0 41000.0 0.0 0.0
41000.0 42000.0 1363660.786923585 8000.0
42000.0 43000.0 1838371.6455639582 8000.0
43000.0 44000.0 447596.89407163893 0.0
44000.0 45000.0 1535048.6264775754 8000.0
45000.0 46000.0 554575.128873635 0.0
46000.0 47000.0 1460257.8582014076 8000.0
47000.0 48000.0 2519339.9852363723 8000.0
48000.0 49000.0 34232.07465182776 0.0
49000.0 50000.0 908038.9806969354 8000.0
50000.0 51000.0 1029926.0193030644 0.0
51000.0 52000.0 1938897.3605850332 8000.0
52000.0 53000.0 92140.63941496694 0.0
53000.0 54000.0 1649213.158559599 8000.0
54000.0 55000.0 145602.84144040113 0.0
55000.0 56000.0 1516699.1608621543 8000.0
56000.0 57000.0 399733.8391378457 0.0
57000.0 58000.0 1993480.0 8000.0
58000.0 59000.0 0.0 0.0
59000.0 60000.0 1794528.3877695478 8000.0
60000.0 61000.0 18.61223045232221 0.0
61000.0 62000.0 2011181.0 8000.0
62000.0 63000.0 0.0 0.0
63000.0 64000.0 1965657.0 8000.0
64000.0 65000.0 0.0 0.0
65000.0 66000.0 2027209.0 8000.0
66000.0 67000.0 0.0 0.0
67000.0 68000.0 1904799.0 8000.0
68000.0 69000.0 0.0 0.0
69000.0 70000.0 1962246.0 8000.0
70000.0 71000.0 0.0 0.0
71000.0 72000.0 2088729.0 8000.0
72000.0 73000.0 0.0 0.0
73000.0 74000.0 1927328.0 8000.0
74000.0 75000.0 0.0 0.0
75000.0 76000.0 2071490.0 8000.0
76000.0 77000.0 0.0 0.0
77000.0 78000.0 1835152.0 8000.0
78000.0 79000.0 0.0 0.0
79000.0 80000.0 1720516.0 8000.0
80000.0 81000.0 0.0 0.0
81000.0 82000.0 2147797.0 8000.0
82000.0 83000.0 0.0 0.0
83000.0 84000.0 1795231.0 8000.0
84000.0 85000.0 0.0 0.0
85000.0 86000.0 2072983.0 8000.0
86000.0 87000.0 0.0 0.0
87000.0 88000.0 1382311.9370593568 8000.0
88000.0 89000.0 1912293.4182568104 8000.0
89000.0 90000.0 488974.43261963525 0.0
90000.0 91000.0 1596977.5701417108 8000.0
91000.0 92000.0 575463.2241082483 0.0
92000.0 93000.0 1925481.4178142387 8000.0
93000.0 94000.0 2152.4971010637114 0.0
94000.0 95000.0 1956406.5028989364 8000.0
95000.0 96000.0 1489377.9667616514 8000.0
96000.0 97000.0 523296.03323834855 0.0
97000.0 98000.0 1347407.6715843445 8000.0
98000.0 99000.0 558757.3284156555 0.0
99000.0 100000.0 871452.9443849309 8000.0
100000.0 101000.0 1171239.055615069 0.0
101000.0 102000.0 901799.1201058693 8000.0
102000.0 103000.0 1002335.8798941307 0.0
103000.0 104000.0 1553702.731886043 8000.0
104000.0 105000.0 365256.268113957 0.0
105000.0 106000.0 2124496.0 8000.0
106000.0 107000.0 0.0 0.0
107000.0 108000.0 1886634.0 8000.0
108000.0 109000.0 0.0 0.0
109000.0 110000.0 2913.0 0.0
110000.0 111000.0 0.0 0.0
111000.0 112000.0 1996674.0 8000.0
112000.0 113000.0 842920.9347728633 8000.0
113000.0 114000.0 1183425.0652271367 0.0
114000.0 115000.0 716777.4761161677 8000.0
115000.0 116000.0 1165500.5238838324 0.0
116000.0 117000.0 1924861.8313130676 8000.0
117000.0 118000.0 2139.345605398061 0.0
118000.0 119000.0 1992171.8230815344 8000.0
119000.0 120000.0 848248.8561240605 8000.0
120000.0 121000.0 1141563.1438759395 0.0
121000.0 122000.0 1950599.0 8000.0
122000.0 123000.0 0.0 0.0
123000.0 124000.0 2058183.0 8000.0
124000.0 125000.0 0.0 0.0
125000.0 126000.0 1870569.0 8000.0
126000.0 127000.0 799984.2945181353 8000.0
127000.0 128000.0 1235170.7054818647 0.0
128000.0 129000.0 870420.1977735788 8000.0
129000.0 130000.0 1093421.8022264212 0.0
130000.0 131000.0 803256.3683020944 8000.0
131000.0 132000.0 1182939.6316979057 0.0
132000.0 133000.0 1955136.0 8000.0
133000.0 134000.0 2156.83799529645 0.0
134000.0 135000.0 1344964.0160582564 8000.0
135000.0 136000.0 574729.499155674 0.0
136000.0 137000.0 1995968.6467907731 8000.0
137000.0 138000.0 2913.0 0.0
138000.0 139000.0 0.0 0.0
139000.0 140000.0 1347106.436755629 8000.0
140000.0 141000.0 2039550.0390281612 8000.0
141000.0 142000.0 532521.52421621 0.0
142000.0 143000.0 0.0 0.0
143000.0 144000.0 2025226.0 8000.0
144000.0 145000.0 0.0 0.0
145000.0 146000.0 3951468.0 8000.0
146000.0 147000.0 0.0 0.0
147000.0 148000.0 1899631.5354597585 8000.0
148000.0 149000.0 44412.464540241635 0.0
149000.0 150000.0 1340418.3221187901 8000.0
150000.0 151000.0 592279.6778812099 0.0
151000.0 152000.0 2137101.0 8000.0
152000.0 153000.0 0.0 0.0
153000.0 154000.0 2915.0 0.0
154000.0 155000.0 0.0 0.0
155000.0 156000.0 3744334.0 8000.0
156000.0 157000.0 0.0 0.0
157000.0 158000.0 1955419.0 8000.0
158000.0 159000.0 0.0 0.0
159000.0 160000.0 1912504.0 8000.0
160000.0 161000.0 0.0 0.0
161000.0 162000.0 1840521.0 8000.0
162000.0 163000.0 0.0 0.0
163000.0 164000.0 1905270.0 8000.0
164000.0 165000.0 0.0 0.0
165000.0 166000.0 1959685.0 8000.0
166000.0 167000.0 891711.9224471933 8000.0
167000.0 168000.0 1169523.0775528068 0.0
168000.0 169000.0 804979.2576952332 8000.0
169000.0 170000.0 1118729.7423047668 0.0
170000.0 171000.0 849238.279697113 8000.0
171000.0 172000.0 1051787.720302887 0.0
172000.0 173000.0 858863.5828188639 8000.0
173000.0 174000.0 1263361.417181136 0.0
174000.0 175000.0 0.0 0.0
175000.0 176000.0 1902554.0 8000.0
176000.0 177000.0 0.0 0.0
177000.0 178000.0 1467538.8195749538 8000.0
178000.0 179000.0 1905990.9659830653 8000.0
179000.0 180000.0 591425.2144419808 0.0
180000.0 181000.0 753130.6591286277 8000.0
181000.0 182000.0 1029009.3408713723 0.0
182000.0 183000.0 2024263.0 8000.0
183000.0 184000.0 2152.8171005629374 0.0
184000.0 185000.0 1903650.1828994371 8000.0
185000.0 186000.0 2082.73985426446 0.0
186000.0 187000.0 1806617.2601457355 8000.0
187000.0 188000.0 2920.0 0.0
188000.0 189000.0 0.0 0.0
189000.0 190000.0 1181165.045271737 8000.0
190000.0 191000.0 810843.254630782 0.0
191000.0 192000.0 1095857.0819066542 8000.0
192000.0 193000.0 959484.6181908267 0.0
193000.0 194000.0 2005847.0 8000.0
194000.0 195000.0 0.0 0.0
195000.0 196000.0 2029170.0 8000.0
196000.0 197000.0 0.0 0.0
197000.0 198000.0 1963939.0 8000.0
198000.0 199000.0 830688.2282109921 8000.0
199000.0 200000.0 1049073.7717890078 0.0
200000.0 201000.0 1976289.0 8000.0
201000.0 202000.0 2154.778809683794 0.0
202000.0 203000.0 2000502.2211903161 8000.0
203000.0 204000.0 939861.5551330906 8000.0
204000.0 205000.0 976882.4448669093 0.0
205000.0 206000.0 2099593.0 8000.0
206000.0 207000.0 0.0 0.0
207000.0 208000.0 1892491.0 8000.0
208000.0 209000.0 0.0 0.0
209000.0 210000.0 1913931.0 8000.0
210000.0 211000.0 0.0 0.0
211000.0 212000.0 2028487.0 8000.0
212000.0 213000.0 0.0 0.0
213000.0 214000.0 1932530.0 8000.0
214000.0 215000.0 860817.4927587074 8000.0
215000.0 216000.0 1176943.5072412926 0.0
216000.0 217000.0 0.0 0.0
217000.0 218000.0 1893069.0 8000.0
218000.0 219000.0 787724.282094722 8000.0
219000.0 220000.0 1204755.7179052779 0.0
220000.0 221000.0 882296.0905118677 8000.0
221000.0 222000.0 1145418.9094881322 0.0
222000.0 223000.0 834502.7463586293 8000.0
223000.0 224000.0 1119215.253641371 0.0
224000.0 225000.0 859329.8882786016 8000.0
225000.0 226000.0 1121316.1117213985 0.0
226000.0 227000.0 807566.2297642533 8000.0
227000.0 228000.0 1167504.7702357466 0.0
228000.0 229000.0 1976306.0 8000.0
229000.0 230000.0 2151.2980745068785 0.0
230000.0 231000.0 1987984.701925493 8000.0
231000.0 232000.0 2145.5312370889787 0.0
232000.0 233000.0 1911868.468762911 8000.0
233000.0 234000.0 2154.9212138839985 0.0
234000.0 235000.0 1944313.078786116 8000.0
235000.0 236000.0 2912.0 0.0
236000.0 237000.0 0.0 0.0
237000.0 238000.0 1304891.6798144053 8000.0
238000.0 239000.0 2098426.3019814207 8000.0
239000.0 240000.0 2407515.002464489 8000.0
240000.0 241000.0 145038.01573968472 0.0
241000.0 242000.0 1977085.0 8000.0
242000.0 243000.0 0.0 0.0
243000.0 244000.0 1509748.7980988664 8000.0
244000.0 245000.0 446818.2019011336 0.0
245000.0 246000.0 1946721.0 8000.0
246000.0 247000.0 0.0 0.0
247000.0 248000.0 1800079.5228008523 8000.0
248000.0 249000.0 114558.47719914754 0.0
249000.0 250000.0 2050737.0 8000.0
250000.0 251000.0 0.0 0.0
251000.0 252000.0 1429082.3678438216 8000.0
252000.0 253000.0 502876.6321561783 0.0
253000.0 254000.0 2020799.0 8000.0
254000.0 255000.0 0.0 0.0
255000.0 256000.0 1911506.0 8000.0
256000.0 257000.0 0.0 0.0
257000.0 258000.0 1977124.0 8000.0
258000.0 259000.0 0.0 0.0
259000.0 260000.0 1846262.0 8000.0
260000.0 261000.0 0.0 0.0
261000.0 262000.0 2008608.0 8000.0
262000.0 263000.0 17.364394092745783 0.0
263000.0 264000.0 1624975.6356059073 8000.0
264000.0 265000.0 0.0 0.0
265000.0 266000.0 2471942.0 8000.0
266000.0 267000.0 0.0 0.0
267000.0 268000.0 1761049.0 8000.0
268000.0 269000.0 0.0 0.0
269000.0 270000.0 2064.0104909296 0.0
270000.0 271000.0 1892782.9895090703 8000.0
271000.0 272000.0 2151.0059876878317 0.0
272000.0 273000.0 1867517.9940123123 8000.0
273000.0 274000.0 2028930.5421598186 8000.0
274000.0 275000.0 71312.45784018147 0.0
275000.0 276000.0 1709295.642277206 8000.0
276000.0 277000.0 126554.3577227939 0.0
277000.0 278000.0 2089667.0 8000.0
278000.0 279000.0 0.0 0.0
279000.0 280000.0 1892515.0 8000.0
280000.0 281000.0 826476.9469849629 8000.0
281000.0 282000.0 1170080.0530150372 0.0
282000.0 283000.0 827781.535061769 8000.0
283000.0 284000.0 1158402.464938231 0.0
284000.0 285000.0 1879105.0 8000.0
285000.0 286000.0 2134.1529861031695 0.0
286000.0 287000.0 2058353.8470138968 8000.0
287000.0 288000.0 2135.8882593263097 0.0
288000.0 289000.0 1899915.1117406737 8000.0
289000.0 290000.0 1529486.4046242996 8000.0
290000.0 291000.0 496248.59537570033 0.0
291000.0 292000.0 1857908.0 8000.0
292000.0 293000.0 0.0 0.0
293000.0 294000.0 1113460.1729372272 8000.0
294000.0 295000.0 1044773.8270627729 0.0
295000.0 296000.0 1788675.0 8000.0
296000.0 297000.0 0.0 0.0
297000.0 298000.0 1387143.6266507371 8000.0
298000.0 299000.0 713324.3733492629 0.0
299000.0 300000.0 1880028.0 8000.0
300000.0 301000.0 0.0 0.0
