ts te s_bytes_all avg_video_rate
0.0 1000.0 0.0 0.0
1000.0 2000.0 0.0 0.0
2000.0 3000.0 0.0 0.0
3000.0 4000.0 0.0 0.0
4000.0 5000.0 0.0 0.0
5000.0 6000.0 6914.0 0.0
6000.0 7000.0 558360.1941801405 4400.0
7000.0 8000.0 1841436.4172452244 4400.0
8000.0 9000.0 2570635.270996538 4400.0
9000.0 10000.0 1806230.905235635 4400.0
10000.0 11000.0 1711110.2123424625 4400.0
11000.0 12000.0 1071930.0 0.0
12000.0 13000.0 1523145.7451944654 8000.0
13000.0 14000.0 446833.25480553467 0.0
14000.0 15000.0 1713120.0 8000.0
15000.0 16000.0 0.0 0.0
16000.0 17000.0 2082432.0 8000.0
17000.0 18000.0 1774777.3623194015 8000.0
18000.0 19000.0 268503.8374740153 0.0
19000.0 20000.0 1519511.1445789873 8000.0
20000.0 21000.0 582383.8967274446 0.0
21000.0 22000.0 1483835.7589001516 8000.0
22000.0 23000.0 18359.623091792713 0.0
23000.0 24000.0 2216894.3769082073 8000.0
24000.0 25000.0 981363.9456284516 8000.0
25000.0 26000.0 1019258.0543715484 0.0
26000.0 27000.0 1585303.7735135492 8000.0
27000.0 28000.0 367004.2264864507 0.0
28000.0 29000.0 1942502.0 8000.0
29000.0 30000.0 0.0 0.0
30000.0 31000.0 1965751.0 8000.0
31000.0 32000.0 0.0 0.0
32000.0 33000.0 1894217.0 8000.0
33000.0 34000.0 0.0 0.0
34000.0 35000.0 1975274.0 8000.0
35000.0 36000.0 1880686.6412140015 8000.0
36000.0 37000.0 68848.26181390152 0.0
37000.0 38000.0 1790834.5053397242 8000.0
38000.0 39000.0 91959.71166007449 0.0
39000.0 40000.0 1896947.1367286541 8000.0
40000.0 41000.0 125315.49168568582 0.0
41000.0 42000.0 1629040.2984382305 8000.0
42000.0 43000.0 465883.37487250107 0.0
43000.0 44000.0 1814018.0696960865 8000.0
44000.0 45000.0 111946.06822368981 0.0
45000.0 46000.0 1202995.9162593344 8000.0
46000.0 47000.0 814156.797410113 0.0
47000.0 48000.0 1947052.7266580025 8000.0
48000.0 49000.0 773307.0800872745 0.0
49000.0 50000.0 1060389.1523014929 8000.0
50000.0 51000.0 35059.77611169057 0.0
51000.0 52000.0 1975746.991499542 8000.0
52000.0 53000.0 19653.963401328787 0.0
53000.0 54000.0 1891549.0365986712 8000.0
54000.0 55000.0 1338813.2143778212 8000.0
55000.0 56000.0 771001.7856221789 0.0
56000.0 57000.0 788933.4996382848 8000.0
57000.0 58000.0 1013254.5003617152 0.0
58000.0 59000.0 1786437.9772430374 8000.0
59000.0 60000.0 295769.0227569626 0.0
60000.0 61000.0 935798.6879582184 8000.0
61000.0 62000.0 1170978.3120417818 0.0
62000.0 63000.0 1177748.0327829067 8000.0
63000.0 64000.0 561871.9672170932 0.0
64000.0 65000.0 1205911.7413070195 8000.0
65000.0 66000.0 840519.2586929803 0.0
66000.0 67000.0 1033065.7580684666 8000.0
67000.0 68000.0 864797.2419315333 0.0
68000.0 69000.0 780468.137340177 8000.0
69000.0 70000.0 1323319.862659823 0.0
70000.0 71000.0 1346810.9411931834 8000.0
71000.0 72000.0 517774.5186005313 0.0
72000.0 73000.0 1119965.8314382534 8000.0
73000.0 74000.0 889650.7087680321 0.0
74000.0 75000.0 2049066.0 8000.0
75000.0 76000.0 0.0 0.0
76000.0 77000.0 2036932.0 8000.0
77000.0 78000.0 0.0 0.0
78000.0 79000.0 1857075.0 8000.0
79000.0 80000.0 0.0 0.0
80000.0 81000.0 2074767.0 8000.0
81000.0 82000.0 0.0 0.0
82000.0 83000.0 1919954.0 8000.0
83000.0 84000.0 1701400.8740245567 8000.0
84000.0 85000.0 170592.4954852078 0.0
85000.0 86000.0 1467712.7641209792 8000.0
86000.0 87000.0 467786.3459756143 0.0
87000.0 88000.0 1718669.4460283103 8000.0
88000.0 89000.0 92436.90675349122 0.0
89000.0 90000.0 1798415.325218348 8000.0
90000.0 91000.0 402301.4870613211 0.0
91000.0 92000.0 1833712.3985188704 8000.0
92000.0 93000.0 207677.01706039984 0.0
93000.0 94000.0 1013629.3514602745 8000.0
94000.0 95000.0 803258.5882926267 0.0
95000.0 96000.0 0.0 0.0
96000.0 97000.0 1007413.6539176513 8000.0
97000.0 98000.0 1089468.3460823488 0.0
98000.0 99000.0 1799594.6207863134 8000.0
99000.0 100000.0 62403.37921368668 0.0
100000.0 101000.0 2015799.0 8000.0
101000.0 102000.0 0.0 0.0
102000.0 103000.0 1931123.0 8000.0
103000.0 104000.0 0.0 0.0
104000.0 105000.0 1994288.0 8000.0
105000.0 106000.0 1707735.0261203884 8000.0
106000.0 107000.0 94773.62863114507 0.0
107000.0 108000.0 1813927.3006059853 8000.0
108000.0 109000.0 300927.4600552716 0.0
109000.0 110000.0 1990692.5845872094 8000.0
110000.0 111000.0 679063.6057401777 8000.0
111000.0 112000.0 1135891.3942598223 0.0
112000.0 113000.0 1175451.8536754444 8000.0
113000.0 114000.0 836918.1463245556 0.0
114000.0 115000.0 1048302.9853622207 8000.0
115000.0 116000.0 923291.0146377793 0.0
116000.0 117000.0 1054968.606727119 8000.0
117000.0 118000.0 948207.3932728809 0.0
118000.0 119000.0 510817.47430488945 8000.0
119000.0 120000.0 1461458.5256951104 0.0
120000.0 121000.0 1504996.0634166535 8000.0
121000.0 122000.0 422046.93658334634 0.0
122000.0 123000.0 0.0 0.0
123000.0 124000.0 2290077.922325897 8000.0
124000.0 125000.0 1536526.0776741027 8000.0
125000.0 126000.0 0.0 0.0
126000.0 127000.0 2080151.0 8000.0
127000.0 128000.0 0.0 0.0
128000.0 129000.0 1932543.0 8000.0
129000.0 130000.0 1749615.153794858 8000.0
130000.0 131000.0 208927.84620514195 0.0
131000.0 132000.0 0.0 0.0
132000.0 133000.0 2137141.0 8000.0
133000.0 134000.0 1315688.1038914893 8000.0
134000.0 135000.0 626099.7798361033 0.0
135000.0 136000.0 1727385.1162724074 8000.0
136000.0 137000.0 1235.6664199412976 0.0
137000.0 138000.0 1801098.6063100582 8000.0
138000.0 139000.0 1201573.0399226423 0.0
139000.0 140000.0 1155157.6873473583 8000.0
140000.0 141000.0 1211.2902140876886 0.0
141000.0 142000.0 1312681.7377898777 8000.0
142000.0 143000.0 537228.7026131687 0.0
143000.0 144000.0 2191184.269382866 8000.0
144000.0 145000.0 19288.509547908605 0.0
145000.0 146000.0 1704912.4904520914 8000.0
146000.0 147000.0 18499.19321206207 0.0
147000.0 148000.0 1973918.8067879379 8000.0
148000.0 149000.0 19504.734855965246 0.0
149000.0 150000.0 1850661.2651440348 8000.0
150000.0 151000.0 18536.07013757238 0.0
151000.0 152000.0 2051916.9298624275 8000.0
152000.0 153000.0 990388.2828603915 8000.0
153000.0 154000.0 914301.7171396085 0.0
154000.0 155000.0 832519.5169194604 8000.0
155000.0 156000.0 1176227.4830805399 0.0
156000.0 157000.0 1079064.2771904273 8000.0
157000.0 158000.0 848912.7228095726 0.0
158000.0 159000.0 845077.5499836577 8000.0
159000.0 160000.0 1124793.4500163423 0.0
160000.0 161000.0 938599.9008225353 8000.0
161000.0 162000.0 1126083.0991774646 0.0
162000.0 163000.0 730523.8646049 8000.0
163000.0 164000.0 1238673.1353951 0.0
164000.0 165000.0 1210181.0997045767 8000.0
165000.0 166000.0 623542.9002954232 0.0
166000.0 167000.0 1844847.925440008 8000.0
167000.0 168000.0 135146.07455999212 0.0
168000.0 169000.0 903297.5649955657 8000.0
169000.0 170000.0 1109319.435004434 0.0
170000.0 171000.0 1989197.0 8000.0
171000.0 172000.0 0.0 0.0
172000.0 173000.0 1779004.0 8000.0
173000.0 174000.0 0.0 0.0
174000.0 175000.0 1238.137013716636 0.0
175000.0 176000.0 1599611.8444649945 8000.0
176000.0 177000.0 601342.2469991633 0.0
177000.0 178000.0 1075969.6190676284 8000.0
178000.0 179000.0 870887.9642089773 0.0
179000.0 180000.0 1855216.18824552 8000.0
180000.0 181000.0 19772.296714767144 0.0
181000.0 182000.0 2053550.703285233 8000.0
182000.0 183000.0 1678441.8920186288 8000.0
183000.0 184000.0 202592.1079813712 0.0
184000.0 185000.0 1780522.6485947215 8000.0
185000.0 186000.0 321445.3514052784 0.0
186000.0 187000.0 1938972.0 8000.0
187000.0 188000.0 0.0 0.0
188000.0 189000.0 1953084.0 8000.0
189000.0 190000.0 1436505.594561865 8000.0
190000.0 191000.0 524006.05285977287 0.0
191000.0 192000.0 1688436.005257551 8000.0
192000.0 193000.0 390030.347320811 0.0
193000.0 194000.0 0.0 0.0
194000.0 195000.0 903351.858470909 8000.0
195000.0 196000.0 902622.1415290912 0.0
196000.0 197000.0 1465307.1542675227 8000.0
197000.0 198000.0 534105.8457324771 0.0
198000.0 199000.0 1212953.8155678578 8000.0
199000.0 200000.0 718531.1844321421 0.0
200000.0 201000.0 1156684.6612071162 8000.0
201000.0 202000.0 2713490.338792884 8000.0
202000.0 203000.0 826516.1534395402 8000.0
203000.0 204000.0 1347457.8465604596 0.0
204000.0 205000.0 1427416.7827854587 8000.0
205000.0 206000.0 512954.21721454134 0.0
206000.0 207000.0 2128796.0 8000.0
207000.0 208000.0 0.0 0.0
208000.0 209000.0 1175680.9078948218 8000.0
209000.0 210000.0 547489.0921051782 0.0
210000.0 211000.0 1257595.157964863 8000.0
211000.0 212000.0 718313.842035137 0.0
212000.0 213000.0 1386715.5451270132 8000.0
213000.0 214000.0 622298.4548729869 0.0
214000.0 215000.0 938986.1984678536 8000.0
215000.0 216000.0 1011919.8015321463 0.0
216000.0 217000.0 974375.8990755186 8000.0
217000.0 218000.0 805188.1009244814 0.0
218000.0 219000.0 899088.2155956152 8000.0
219000.0 220000.0 1190115.784404385 0.0
220000.0 221000.0 793115.821029231 8000.0
221000.0 222000.0 1232784.178970769 0.0
222000.0 223000.0 1284899.3202525957 8000.0
223000.0 224000.0 353210.67974740424 0.0
224000.0 225000.0 1130583.499187168 8000.0
225000.0 226000.0 1018674.5008128321 0.0
226000.0 227000.0 1845031.0 8000.0
227000.0 228000.0 1690271.4531821944 8000.0
228000.0 229000.0 174679.3907624376 0.0
229000.0 230000.0 1650684.4288683475 8000.0
230000.0 231000.0 96458.80575159902 0.0
231000.0 232000.0 1940311.5632603064 8000.0
232000.0 233000.0 257380.41370100252 0.0
233000.0 234000.0 1787495.1689979879 8000.0
234000.0 235000.0 179501.57604294812 0.0
235000.0 236000.0 1981903.1994331763 8000.0
236000.0 237000.0 18184.068255285612 0.0
237000.0 238000.0 1786968.9317447143 8000.0
238000.0 239000.0 1237.0768087455144 0.0
239000.0 240000.0 2008436.9231912545 8000.0
240000.0 241000.0 2918.0 0.0
241000.0 242000.0 0.0 0.0
242000.0 243000.0 1317.7091865141012 0.0
243000.0 244000.0 3279842.7672628546 8000.0
244000.0 245000.0 803939.8425804857 0.0
245000.0 246000.0 1882353.6809701456 8000.0
246000.0 247000.0 682577.7380775573 8000.0
247000.0 248000.0 1277707.2619224428 0.0
248000.0 249000.0 1380233.8927119244 8000.0
249000.0 250000.0 543256.1072880756 0.0
250000.0 251000.0 1267862.6284529075 8000.0
251000.0 252000.0 807971.3715470925 0.0
252000.0 253000.0 1273041.7336571156 8000.0
253000.0 254000.0 657984.2663428844 0.0
254000.0 255000.0 2916.0 0.0
255000.0 256000.0 0.0 0.0
256000.0 257000.0 1978568.0 8000.0
257000.0 258000.0 0.0 0.0
258000.0 259000.0 1979562.0 8000.0
259000.0 260000.0 1631831.7813817635 8000.0
260000.0 261000.0 333894.21861823654 0.0
261000.0 262000.0 1617932.5847346291 8000.0
262000.0 263000.0 171666.17122875748 0.0
263000.0 264000.0 2046651.6670166764 8000.0
264000.0 265000.0 68942.00646233426 0.0
265000.0 266000.0 1994727.570557603 8000.0
266000.0 267000.0 777937.6483267182 8000.0
267000.0 268000.0 1165630.3516732818 0.0
268000.0 269000.0 1927126.0 8000.0
269000.0 270000.0 0.0 0.0
270000.0 271000.0 1939922.0 8000.0
271000.0 272000.0 0.0 0.0
272000.0 273000.0 2040411.0 8000.0
273000.0 274000.0 791533.5722699033 8000.0
274000.0 275000.0 1053754.4277300965 0.0
275000.0 276000.0 0.0 0.0
276000.0 277000.0 2096926.0 8000.0
277000.0 278000.0 1849410.2815103813 8000.0
278000.0 279000.0 67333.88152615559 0.0
279000.0 280000.0 1581027.3265191026 8000.0
280000.0 281000.0 371798.6066167722 0.0
281000.0 282000.0 1859767.6438158767 8000.0
282000.0 283000.0 196988.52210863185 0.0
283000.0 284000.0 1251205.678125536 8000.0
284000.0 285000.0 724340.4897463334 0.0
285000.0 286000.0 1880552.5700312103 8000.0
286000.0 287000.0 1218.7678033460795 0.0
287000.0 288000.0 1127663.1231677295 8000.0
288000.0 289000.0 884527.2200799296 0.0
289000.0 290000.0 1937010.888948995 8000.0
290000.0 291000.0 19378.100859298163 0.0
291000.0 292000.0 1986788.8991407019 8000.0
292000.0 293000.0 19443.882415867673 0.0
293000.0 294000.0 1961232.1175841324 8000.0
294000.0 295000.0 17878.226931605965 0.0
295000.0 296000.0 1942975.773068394 8000.0
296000.0 297000.0 909501.61972189 8000.0
297000.0 298000.0 1100628.38027811 0.0
298000.0 299000.0 1086825.1140454924 8000.0
299000.0 300000.0 881899.8859545074 0.0
300000.0 301000.0 0.0 0.0
