ts te s_bytes_all avg_video_rate
0.0 1000.0 0.0 0.0
1000.0 2000.0 0.0 0.0
2000.0 3000.0 0.0 0.0
3000.0 4000.0 0.0 0.0
4000.0 5000.0 0.0 0.0
5000.0 6000.0 0.0 0.0
6000.0 7000.0 0.0 0.0
7000.0 8000.0 444284.83723842923 4400.0
8000.0 9000.0 734781.1627615707 0.0
9000.0 10000.0 401372.66860670265 4400.0
10000.0 11000.0 2382357.8266587225 4400.0
11000.0 12000.0 3821210.6042110054 4400.0
12000.0 13000.0 1340123.9502435764 4400.0
13000.0 14000.0 839626.9502799931 0.0
14000.0 15000.0 2041777.0 8000.0
15000.0 16000.0 19716.833524180227 0.0
16000.0 17000.0 1978555.1664758197 8000.0
17000.0 18000.0 20803.683783650693 0.0
18000.0 19000.0 1930613.3162163494 8000.0
19000.0 20000.0 1122609.4012581822 8000.0
20000.0 21000.0 616378.5987418176 0.0
21000.0 22000.0 1332350.2385736906 8000.0
22000.0 23000.0 642969.7614263092 0.0
23000.0 24000.0 1537554.540144544 8000.0
24000.0 25000.0 467574.4598554558 0.0
25000.0 26000.0 1033199.4547115349 8000.0
26000.0 27000.0 1020130.5452884651 0.0
27000.0 28000.0 1286235.6643286487 8000.0
28000.0 29000.0 643283.3356713512 0.0
29000.0 30000.0 1010264.912428085 8000.0
30000.0 31000.0 1013698.0875719151 0.0
31000.0 32000.0 1424307.469587334 8000.0
32000.0 33000.0 510744.5304126661 0.0
33000.0 34000.0 638607.04518476 8000.0
34000.0 35000.0 1360642.9548152399 0.0
35000.0 36000.0 1410660.1301257533 8000.0
36000.0 37000.0 2603003.869874247 8000.0
37000.0 38000.0 2911.0 0.0
38000.0 39000.0 0.0 0.0
39000.0 40000.0 1555333.5691815275 8000.0
40000.0 41000.0 2160891.4308184725 8000.0
41000.0 42000.0 760373.7482560906 8000.0
42000.0 43000.0 1403599.2517439094 0.0
43000.0 44000.0 1045980.6186787012 8000.0
44000.0 45000.0 897831.3813212989 0.0
45000.0 46000.0 794152.1243290409 8000.0
46000.0 47000.0 1112908.8756709592 0.0
47000.0 48000.0 855038.3524503489 8000.0
48000.0 49000.0 1059048.647549651 0.0
49000.0 50000.0 600356.7303334343 8000.0
50000.0 51000.0 1458805.2696665656 0.0
51000.0 52000.0 888361.4553607865 8000.0
52000.0 53000.0 1130971.5446392135 0.0
53000.0 54000.0 790225.2422431641 8000.0
54000.0 55000.0 1091831.757756836 0.0
55000.0 56000.0 1027339.4359968569 8000.0
56000.0 57000.0 1016218.5640031431 0.0
57000.0 58000.0 794112.1480412486 8000.0
58000.0 59000.0 1178527.8519587514 0.0
59000.0 60000.0 1282625.304567937 8000.0
60000.0 61000.0 770407.6954320631 0.0
61000.0 62000.0 800084.9747931873 8000.0
62000.0 63000.0 1064376.0252068127 0.0
63000.0 64000.0 519349.24944207293 8000.0
64000.0 65000.0 1531431.7505579272 0.0
65000.0 66000.0 566914.8987205693 8000.0
66000.0 67000.0 1412375.1012794308 0.0
67000.0 68000.0 960004.0318994414 8000.0
68000.0 69000.0 884209.9681005586 0.0
69000.0 70000.0 769648.0065514381 8000.0
70000.0 71000.0 1178338.993448562 0.0
71000.0 72000.0 873057.5651185565 8000.0
72000.0 73000.0 963971.4348814434 0.0
73000.0 74000.0 892108.4658743686 8000.0
74000.0 75000.0 1245027.5341256314 0.0
75000.0 76000.0 777735.2928269634 8000.0
76000.0 77000.0 1149550.7071730366 0.0
77000.0 78000.0 715507.9464964708 8000.0
78000.0 79000.0 1286462.0535035292 0.0
79000.0 80000.0 1114360.4622070028 8000.0
80000.0 81000.0 844735.5377929972 0.0
81000.0 82000.0 671617.6448643092 8000.0
82000.0 83000.0 1332853.355135691 0.0
83000.0 84000.0 919930.1006985798 8000.0
84000.0 85000.0 1002788.2563357303 0.0
85000.0 86000.0 980902.9629338697 8000.0
86000.0 87000.0 903017.6800318202 0.0
87000.0 88000.0 1013242.4755806224 8000.0
88000.0 89000.0 3111700.5244193776 8000.0
89000.0 90000.0 1098908.1776519858 8000.0
90000.0 91000.0 791521.8223480142 0.0
91000.0 92000.0 729762.526005083 8000.0
92000.0 93000.0 1259322.473994917 0.0
93000.0 94000.0 956465.4009433319 8000.0
94000.0 95000.0 990635.5990566682 0.0
95000.0 96000.0 729904.2535573655 8000.0
96000.0 97000.0 1268454.7464426344 0.0
97000.0 98000.0 785756.5512071535 8000.0
98000.0 99000.0 1202869.4487928466 0.0
99000.0 100000.0 1075055.7583974162 8000.0
100000.0 101000.0 913756.2416025837 0.0
101000.0 102000.0 722893.3118864016 8000.0
102000.0 103000.0 1199983.6881135984 0.0
103000.0 104000.0 20787.84397269574 0.0
104000.0 105000.0 1937389.1560273042 8000.0
105000.0 106000.0 778051.7620965531 8000.0
106000.0 107000.0 1197785.237903447 0.0
107000.0 108000.0 1409438.939761388 8000.0
108000.0 109000.0 610316.0602386119 0.0
109000.0 110000.0 608104.3183003233 8000.0
110000.0 111000.0 1411042.6816996767 0.0
111000.0 112000.0 1116863.8058946787 8000.0
112000.0 113000.0 795549.1941053213 0.0
113000.0 114000.0 882081.427482041 8000.0
114000.0 115000.0 1102649.5725179592 0.0
115000.0 116000.0 617422.6792619643 8000.0
116000.0 117000.0 1312235.320738036 0.0
117000.0 118000.0 1554032.8290704852 8000.0
118000.0 119000.0 402474.1709295148 0.0
119000.0 120000.0 1010002.4564315634 8000.0
120000.0 121000.0 861926.5435684366 0.0
121000.0 122000.0 1222237.0263261048 8000.0
122000.0 123000.0 851151.9736738951 0.0
123000.0 124000.0 1194110.840217201 8000.0
124000.0 125000.0 719007.1597827988 0.0
125000.0 126000.0 1179431.6866569864 8000.0
126000.0 127000.0 896288.3133430138 0.0
127000.0 128000.0 1246501.076501182 8000.0
128000.0 129000.0 709937.9234988181 0.0
129000.0 130000.0 1064544.8648143285 8000.0
130000.0 131000.0 878649.1351856714 0.0
131000.0 132000.0 1168386.8124769419 8000.0
132000.0 133000.0 769848.1875230583 0.0
133000.0 134000.0 872221.2887701616 8000.0
134000.0 135000.0 1097635.7112298382 0.0
135000.0 136000.0 897737.590512462 8000.0
136000.0 137000.0 1047549.4094875382 0.0
137000.0 138000.0 940369.4868436713 8000.0
138000.0 139000.0 2891505.5131563284 8000.0
139000.0 140000.0 1450796.3546771903 8000.0
140000.0 141000.0 693060.6453228095 0.0
141000.0 142000.0 986316.1151776515 8000.0
142000.0 143000.0 1001240.8848223485 0.0
143000.0 144000.0 1221610.5298825845 8000.0
144000.0 145000.0 736267.4701174154 0.0
145000.0 146000.0 508923.95408188517 8000.0
146000.0 147000.0 1475188.0459181147 0.0
147000.0 148000.0 1057592.2737264764 8000.0
148000.0 149000.0 914868.7262735238 0.0
149000.0 150000.0 907045.1817396984 8000.0
150000.0 151000.0 1008721.8182603015 0.0
151000.0 152000.0 1319955.0442849863 8000.0
152000.0 153000.0 632160.9557150138 0.0
153000.0 154000.0 625079.3680362641 8000.0
154000.0 155000.0 1334822.631963736 0.0
155000.0 156000.0 1627230.2214014612 8000.0
156000.0 157000.0 391157.7785985388 0.0
157000.0 158000.0 673174.0247970102 8000.0
158000.0 159000.0 1311147.9752029898 0.0
159000.0 160000.0 888978.5056100973 8000.0
160000.0 161000.0 994224.4943899027 0.0
161000.0 162000.0 823416.3535903236 8000.0
162000.0 163000.0 1181067.6464096764 0.0
163000.0 164000.0 862836.7664167965 8000.0
164000.0 165000.0 1120914.2335832035 0.0
165000.0 166000.0 703210.2864388647 8000.0
166000.0 167000.0 1339847.7135611353 0.0
167000.0 168000.0 1296984.0387552958 8000.0
168000.0 169000.0 644335.9612447043 0.0
169000.0 170000.0 875015.215064301 8000.0
170000.0 171000.0 1016726.784935699 0.0
171000.0 172000.0 1552652.3748699338 8000.0
172000.0 173000.0 436775.6251300662 0.0
173000.0 174000.0 1303818.111226548 8000.0
174000.0 175000.0 578428.888773452 0.0
175000.0 176000.0 998660.0246294403 8000.0
176000.0 177000.0 1094151.9753705596 0.0
177000.0 178000.0 1252798.3793767048 8000.0
178000.0 179000.0 745288.6206232952 0.0
179000.0 180000.0 1146121.7932905597 8000.0
180000.0 181000.0 832616.2067094406 0.0
181000.0 182000.0 1053396.03174287 8000.0
182000.0 183000.0 810500.96825713 0.0
183000.0 184000.0 1131676.5293270242 8000.0
184000.0 185000.0 2931202.4706729758 8000.0
185000.0 186000.0 849.984380505249 0.0
186000.0 187000.0 1384594.1968410267 8000.0
187000.0 188000.0 425157.27589489304 0.0
188000.0 189000.0 2163784.542883575 8000.0
189000.0 190000.0 585563.1721308704 8000.0
190000.0 191000.0 1256740.8278691296 0.0
191000.0 192000.0 794849.321671129 8000.0
192000.0 193000.0 1229466.678328871 0.0
193000.0 194000.0 989023.9720763939 8000.0
194000.0 195000.0 928597.027923606 0.0
195000.0 196000.0 1677042.032321366 8000.0
196000.0 197000.0 349894.96767863404 0.0
197000.0 198000.0 1041145.1813409516 8000.0
198000.0 199000.0 863527.8186590483 0.0
199000.0 200000.0 1564041.4891906653 8000.0
200000.0 201000.0 497011.51080933464 0.0
201000.0 202000.0 1599728.207606822 8000.0
202000.0 203000.0 328712.79239317804 0.0
203000.0 204000.0 1346286.94734902 8000.0
204000.0 205000.0 636617.0526509798 0.0
205000.0 206000.0 1436881.3105074586 8000.0
206000.0 207000.0 597307.6894925415 0.0
207000.0 208000.0 1158445.359497407 8000.0
208000.0 209000.0 718260.640502593 0.0
209000.0 210000.0 1071300.8296165434 8000.0
210000.0 211000.0 883154.1703834565 0.0
211000.0 212000.0 919344.6001455031 8000.0
212000.0 213000.0 1104916.399854497 0.0
213000.0 214000.0 1144572.8830443365 8000.0
214000.0 215000.0 820177.1169556634 0.0
215000.0 216000.0 1037527.4921138498 8000.0
216000.0 217000.0 780287.5078861503 0.0
217000.0 218000.0 1044441.3880545839 8000.0
218000.0 219000.0 1013360.6119454161 0.0
219000.0 220000.0 1112221.3576899862 8000.0
220000.0 221000.0 868532.6423100135 0.0
221000.0 222000.0 828071.8824224111 8000.0
222000.0 223000.0 3140768.117577589 8000.0
223000.0 224000.0 2909.0 0.0
224000.0 225000.0 0.0 0.0
225000.0 226000.0 1195988.5644018746 8000.0
226000.0 227000.0 710358.4355981254 0.0
227000.0 228000.0 790299.6900987559 8000.0
228000.0 229000.0 3189017.309901244 8000.0
229000.0 230000.0 2911.0 0.0
230000.0 231000.0 0.0 0.0
231000.0 232000.0 619650.0071305814 8000.0
232000.0 233000.0 3388757.9928694186 8000.0
233000.0 234000.0 1277460.7023862654 8000.0
234000.0 235000.0 614243.2976137346 0.0
235000.0 236000.0 2913.0 0.0
236000.0 237000.0 0.0 0.0
237000.0 238000.0 1159533.1750302 8000.0
238000.0 239000.0 826156.8249697998 0.0
239000.0 240000.0 1055271.27205196 8000.0
240000.0 241000.0 2919210.7279480402 8000.0
241000.0 242000.0 2909.0 0.0
242000.0 243000.0 0.0 0.0
243000.0 244000.0 846422.4192804145 8000.0
244000.0 245000.0 3069822.5807195855 8000.0
245000.0 246000.0 977585.9642643571 8000.0
246000.0 247000.0 999711.0357356428 0.0
247000.0 248000.0 1101839.9646406232 8000.0
248000.0 249000.0 883398.0353593769 0.0
249000.0 250000.0 1124108.497358999 8000.0
250000.0 251000.0 808831.5026410009 0.0
251000.0 252000.0 1202327.091760647 8000.0
252000.0 253000.0 794022.9082393529 0.0
253000.0 254000.0 1184667.2128975098 8000.0
254000.0 255000.0 2663458.7871024907 8000.0
255000.0 256000.0 875782.6104873627 8000.0
256000.0 257000.0 1144460.3895126374 0.0
257000.0 258000.0 1342413.9686549592 8000.0
258000.0 259000.0 578379.0313450408 0.0
259000.0 260000.0 2911.0 0.0
260000.0 261000.0 0.0 0.0
261000.0 262000.0 1206944.3295635637 8000.0
262000.0 263000.0 819398.6704364363 0.0
263000.0 264000.0 1226410.7175482383 8000.0
264000.0 265000.0 724783.2824517617 0.0
265000.0 266000.0 1821973.2107894237 8000.0
266000.0 267000.0 2134495.7892105766 8000.0
267000.0 268000.0 1276406.9579728614 8000.0
268000.0 269000.0 717837.0420271389 0.0
269000.0 270000.0 2909.0 0.0
270000.0 271000.0 0.0 0.0
271000.0 272000.0 1557772.5149249767 8000.0
272000.0 273000.0 2358173.485075023 8000.0
273000.0 274000.0 843013.7585612288 8000.0
274000.0 275000.0 1155195.2414387711 0.0
275000.0 276000.0 715399.6291696271 8000.0
276000.0 277000.0 1250078.370830373 0.0
277000.0 278000.0 2912.0 0.0
278000.0 279000.0 0.0 0.0
279000.0 280000.0 1509166.5756799765 8000.0
280000.0 281000.0 2430093.4243200235 8000.0
281000.0 282000.0 1271840.0676046237 8000.0
282000.0 283000.0 704426.9323953761 0.0
283000.0 284000.0 1155282.3353937368 8000.0
284000.0 285000.0 778238.6646062633 0.0
285000.0 286000.0 1504890.024147022 8000.0
286000.0 287000.0 497532.975852978 0.0
287000.0 288000.0 997666.7573625069 8000.0
288000.0 289000.0 918354.2426374931 0.0
289000.0 290000.0 2911.0 0.0
290000.0 291000.0 0.0 0.0
291000.0 292000.0 1100390.4485164229 8000.0
292000.0 293000.0 932918.5514835769 0.0
293000.0 294000.0 1129763.0866570533 8000.0
294000.0 295000.0 802550.9133429467 0.0
295000.0 296000.0 794866.4060139611 8000.0
296000.0 297000.0 1148160.593986039 0.0
297000.0 298000.0 1113154.558471026 8000.0
298000.0 299000.0 926560.4415289741 0.0
299000.0 300000.0 1305226.6367629527 8000.0
300000.0 301000.0 1521683.3632370473 8000.0
