ts te s_bytes_all avg_video_rate
0.0 1000.0 0.0 0.0
1000.0 2000.0 0.0 0.0
2000.0 3000.0 0.0 0.0
3000.0 4000.0 0.0 0.0
4000.0 5000.0 0.0 0.0
5000.0 6000.0 0.0 0.0
6000.0 7000.0 1109098.1285514012 4400.0
7000.0 8000.0 2196533.9467069847 4400.0
8000.0 9000.0 1016553.9247416137 0.0
9000.0 10000.0 2160314.360328533 4400.0
10000.0 11000.0 3343275.049101469 4400.0
11000.0 12000.0 53343.2426097722 0.0
12000.0 13000.0 478724.76962104003 4400.0
13000.0 14000.0 2568447.5783391856 8000.0
14000.0 15000.0 571557.2029166581 8000.0
15000.0 16000.0 1380183.7970833417 0.0
16000.0 17000.0 2017912.0 8000.0
17000.0 18000.0 0.0 0.0
18000.0 19000.0 1944489.0 8000.0
19000.0 20000.0 0.0 0.0
20000.0 21000.0 1965917.0 8000.0
21000.0 22000.0 0.0 0.0
22000.0 23000.0 1922600.0 8000.0
23000.0 24000.0 0.0 0.0
24000.0 25000.0 2001041.0 8000.0
25000.0 26000.0 0.0 0.0
26000.0 27000.0 2003485.0 8000.0
27000.0 28000.0 0.0 0.0
28000.0 29000.0 2011350.0 8000.0
29000.0 30000.0 0.0 0.0
30000.0 31000.0 1884671.0 8000.0
31000.0 32000.0 0.0 0.0
32000.0 33000.0 2016682.0 8000.0
33000.0 34000.0 236190.1679527331 8000.0
34000.0 35000.0 1717953.832047267 0.0
35000.0 36000.0 0.0 0.0
36000.0 37000.0 867910.0606323626 8000.0
37000.0 38000.0 2037648.9687827216 8000.0
38000.0 39000.0 1025008.9705849157 0.0
39000.0 40000.0 0.0 0.0
40000.0 41000.0 2043199.3905423246 8000.0
41000.0 42000.0 44462.60945767536 0.0
42000.0 43000.0 1839041.0 8000.0
43000.0 44000.0 0.0 0.0
44000.0 45000.0 2010602.0 8000.0
45000.0 46000.0 0.0 0.0
46000.0 47000.0 1932622.0 8000.0
47000.0 48000.0 0.0 0.0
48000.0 49000.0 2000484.0 8000.0
49000.0 50000.0 0.0 0.0
50000.0 51000.0 2000188.0 8000.0
51000.0 52000.0 0.0 0.0
52000.0 53000.0 1906546.0 8000.0
53000.0 54000.0 0.0 0.0
54000.0 55000.0 0.0 0.0
55000.0 56000.0 1099.8558372873902 0.0
56000.0 57000.0 1814.1441627126096 0.0
57000.0 58000.0 2096683.1443799809 8000.0
58000.0 59000.0 1826061.8556200191 0.0
59000.0 60000.0 1098.443979648107 0.0
60000.0 61000.0 1486422.2255861256 8000.0
61000.0 62000.0 2510773.3304342264 8000.0
62000.0 63000.0 3592933.099900771 8000.0
63000.0 64000.0 278896.90009922883 0.0
64000.0 65000.0 2030322.0 8000.0
65000.0 66000.0 0.0 0.0
66000.0 67000.0 2003403.0 8000.0
67000.0 68000.0 0.0 0.0
68000.0 69000.0 2001951.0 8000.0
69000.0 70000.0 0.0 0.0
70000.0 71000.0 1907123.0 8000.0
71000.0 72000.0 0.0 0.0
72000.0 73000.0 2913.0 0.0
73000.0 74000.0 0.0 0.0
74000.0 75000.0 3737416.202226161 8000.0
75000.0 76000.0 195874.79777383903 0.0
76000.0 77000.0 1510976.7047220708 8000.0
77000.0 78000.0 594567.2952779292 0.0
78000.0 79000.0 1835146.0 8000.0
79000.0 80000.0 0.0 0.0
80000.0 81000.0 1655555.4461504377 8000.0
81000.0 82000.0 368193.5538495623 0.0
82000.0 83000.0 1923773.0 8000.0
83000.0 84000.0 0.0 0.0
84000.0 85000.0 1907721.0 8000.0
85000.0 86000.0 0.0 0.0
86000.0 87000.0 975601.0662118096 8000.0
87000.0 88000.0 2064935.4404593254 8000.0
88000.0 89000.0 927969.0415385503 0.0
89000.0 90000.0 1929864.4517903144 8000.0
90000.0 91000.0 17528.03154593647 0.0
91000.0 92000.0 2010602.9684540636 8000.0
92000.0 93000.0 2162.5647669026575 0.0
93000.0 94000.0 1989642.4352330973 8000.0
94000.0 95000.0 1506.4685243496365 0.0
95000.0 96000.0 1953781.5314756504 8000.0
96000.0 97000.0 17830.75797005427 0.0
97000.0 98000.0 1958293.2420299458 8000.0
98000.0 99000.0 2917.0 0.0
99000.0 100000.0 0.0 0.0
100000.0 101000.0 1932792.0 8000.0
101000.0 102000.0 0.0 0.0
102000.0 103000.0 1963760.0 8000.0
103000.0 104000.0 217151.59810639132 8000.0
104000.0 105000.0 1768626.4018936087 0.0
105000.0 106000.0 218024.5599195488 8000.0
106000.0 107000.0 1844209.440080451 0.0
107000.0 108000.0 1885318.0 8000.0
108000.0 109000.0 17859.80276418458 0.0
109000.0 110000.0 1927924.1972358155 8000.0
110000.0 111000.0 17848.43032098187 0.0
111000.0 112000.0 1908076.569679018 8000.0
112000.0 113000.0 459471.2284384611 8000.0
113000.0 114000.0 1611584.771561539 0.0
114000.0 115000.0 1809098.670883015 8000.0
115000.0 116000.0 158581.3291169849 0.0
116000.0 117000.0 1931278.0 8000.0
117000.0 118000.0 0.0 0.0
118000.0 119000.0 1999933.0 8000.0
119000.0 120000.0 0.0 0.0
120000.0 121000.0 1964289.0 8000.0
121000.0 122000.0 0.0 0.0
122000.0 123000.0 0.0 0.0
123000.0 124000.0 1976039.0 8000.0
124000.0 125000.0 1470937.4694217606 8000.0
125000.0 126000.0 475078.5305782395 0.0
126000.0 127000.0 1979977.0 8000.0
127000.0 128000.0 0.0 0.0
128000.0 129000.0 2006927.0 8000.0
129000.0 130000.0 0.0 0.0
130000.0 131000.0 1540035.9328993477 8000.0
131000.0 132000.0 426733.0671006523 0.0
132000.0 133000.0 1425911.424024807 8000.0
133000.0 134000.0 670872.9451357145 8000.0
134000.0 135000.0 1818617.6308394787 0.0
135000.0 136000.0 1987679.0 8000.0
136000.0 137000.0 1511.2174657186808 0.0
137000.0 138000.0 1883086.7825342813 8000.0
138000.0 139000.0 1503.8238472606058 0.0
139000.0 140000.0 1986419.7149384774 8000.0
140000.0 141000.0 31979.46121426199 0.0
141000.0 142000.0 1999393.0 8000.0
142000.0 143000.0 1495.0024294932264 0.0
143000.0 144000.0 1960902.9975705068 8000.0
144000.0 145000.0 4272.38624301571 0.0
145000.0 146000.0 1938739.6137569842 8000.0
146000.0 147000.0 470978.26650792407 8000.0
147000.0 148000.0 1452508.733492076 0.0
148000.0 149000.0 632781.5388188523 8000.0
149000.0 150000.0 1424272.4611811477 0.0
150000.0 151000.0 430638.8848690343 8000.0
151000.0 152000.0 1468485.115130966 0.0
152000.0 153000.0 347274.2264325068 8000.0
153000.0 154000.0 1695388.773567493 0.0
154000.0 155000.0 1765667.400459312 8000.0
155000.0 156000.0 169960.59954068818 0.0
156000.0 157000.0 0.0 0.0
157000.0 158000.0 2528.172477505799 0.0
158000.0 159000.0 1457513.7517161118 8000.0
159000.0 160000.0 518380.07580638235 0.0
160000.0 161000.0 2268661.583038258 8000.0
161000.0 162000.0 1681853.4169617419 0.0
162000.0 163000.0 1923116.0 8000.0
163000.0 164000.0 0.0 0.0
164000.0 165000.0 2057743.0 8000.0
165000.0 166000.0 0.0 0.0
166000.0 167000.0 1895700.0 8000.0
167000.0 168000.0 0.0 0.0
168000.0 169000.0 1642309.2239504317 8000.0
169000.0 170000.0 332143.7760495684 0.0
170000.0 171000.0 2009815.0 8000.0
171000.0 172000.0 0.0 0.0
172000.0 173000.0 1907329.0 8000.0
173000.0 174000.0 0.0 0.0
174000.0 175000.0 1982382.0 8000.0
175000.0 176000.0 0.0 0.0
176000.0 177000.0 1999470.0 8000.0
177000.0 178000.0 0.0 0.0
178000.0 179000.0 1495.1750631556781 0.0
179000.0 180000.0 2025515.8249368444 8000.0
180000.0 181000.0 17638.320232099046 0.0
181000.0 182000.0 1891208.6797679008 8000.0
182000.0 183000.0 480451.1292280754 8000.0
183000.0 184000.0 1475401.8707719245 0.0
184000.0 185000.0 1516082.970162484 8000.0
185000.0 186000.0 447340.02983751585 0.0
186000.0 187000.0 1335345.3102490192 8000.0
187000.0 188000.0 652501.6897509808 0.0
188000.0 189000.0 1968795.0 8000.0
189000.0 190000.0 0.0 0.0
190000.0 191000.0 2027658.0 8000.0
191000.0 192000.0 0.0 0.0
192000.0 193000.0 1924663.0 8000.0
193000.0 194000.0 0.0 0.0
194000.0 195000.0 1992574.0 8000.0
195000.0 196000.0 0.0 0.0
196000.0 197000.0 1930951.0 8000.0
197000.0 198000.0 0.0 0.0
198000.0 199000.0 1434275.8277538554 8000.0
199000.0 200000.0 577109.1722461446 0.0
200000.0 201000.0 1931027.0 8000.0
201000.0 202000.0 0.0 0.0
202000.0 203000.0 1944549.0 8000.0
203000.0 204000.0 0.0 0.0
204000.0 205000.0 2061131.0 8000.0
205000.0 206000.0 0.0 0.0
206000.0 207000.0 2444548.4842312625 8000.0
207000.0 208000.0 1383079.5157687373 0.0
208000.0 209000.0 2026001.0 8000.0
209000.0 210000.0 0.0 0.0
210000.0 211000.0 1970522.0 8000.0
211000.0 212000.0 0.0 0.0
212000.0 213000.0 2019945.0 8000.0
213000.0 214000.0 0.0 0.0
214000.0 215000.0 1723970.9894466952 8000.0
215000.0 216000.0 197536.01055330475 0.0
216000.0 217000.0 1995931.0 8000.0
217000.0 218000.0 0.0 0.0
218000.0 219000.0 1957122.0 8000.0
219000.0 220000.0 0.0 0.0
220000.0 221000.0 1952444.0 8000.0
221000.0 222000.0 0.0 0.0
222000.0 223000.0 1968944.0 8000.0
223000.0 224000.0 0.0 0.0
224000.0 225000.0 2028700.0 8000.0
225000.0 226000.0 0.0 0.0
226000.0 227000.0 1940718.0 8000.0
227000.0 228000.0 0.0 0.0
228000.0 229000.0 20970.704716648885 0.0
229000.0 230000.0 1828450.295283351 8000.0
230000.0 231000.0 1137168.4051789476 8000.0
231000.0 232000.0 2883534.5948210526 8000.0
232000.0 233000.0 17694.663447600207 0.0
233000.0 234000.0 1961152.3365523997 8000.0
234000.0 235000.0 0.0 0.0
235000.0 236000.0 1060.9827218917376 0.0
236000.0 237000.0 1857.0172781082626 0.0
237000.0 238000.0 1032.3287829029216 0.0
238000.0 239000.0 1885.6712170970784 0.0
239000.0 240000.0 5908995.0 8000.0
240000.0 241000.0 0.0 0.0
241000.0 242000.0 2918.0 0.0
242000.0 243000.0 1369831.3684291898 8000.0
243000.0 244000.0 629963.6315708103 0.0
244000.0 245000.0 1259750.6327610845 8000.0
245000.0 246000.0 719631.3672389155 0.0
246000.0 247000.0 1943378.0 8000.0
247000.0 248000.0 0.0 0.0
248000.0 249000.0 1962721.0 8000.0
249000.0 250000.0 0.0 0.0
250000.0 251000.0 2166129.0921776253 8000.0
251000.0 252000.0 1785189.9078223747 0.0
252000.0 253000.0 1944293.0 8000.0
253000.0 254000.0 0.0 0.0
254000.0 255000.0 1987733.0 8000.0
255000.0 256000.0 0.0 0.0
256000.0 257000.0 1991720.0 8000.0
257000.0 258000.0 0.0 0.0
258000.0 259000.0 2919.0 0.0
259000.0 260000.0 200000.90955478628 8000.0
260000.0 261000.0 1736607.0904452137 0.0
261000.0 262000.0 235583.9999094374 8000.0
262000.0 263000.0 1748335.0000905625 0.0
263000.0 264000.0 1969772.0 8000.0
264000.0 265000.0 2141.398218522419 0.0
265000.0 266000.0 1951983.6017814777 8000.0
266000.0 267000.0 363327.67743121495 8000.0
267000.0 268000.0 1664890.3225687852 0.0
268000.0 269000.0 1357291.8404502333 8000.0
269000.0 270000.0 599245.1595497665 0.0
270000.0 271000.0 1941479.0 8000.0
271000.0 272000.0 0.0 0.0
272000.0 273000.0 2001535.0 8000.0
273000.0 274000.0 0.0 0.0
274000.0 275000.0 2912.0 0.0
275000.0 276000.0 0.0 0.0
276000.0 277000.0 0.0 0.0
277000.0 278000.0 1096.3370427814918 0.0
278000.0 279000.0 1815.6629572185082 0.0
279000.0 280000.0 1141.459645439706 0.0
280000.0 281000.0 1770.5403545602937 0.0
281000.0 282000.0 1117.0494837261863 0.0
282000.0 283000.0 1794.9505162738137 0.0
283000.0 284000.0 145387.05479756638 288.0
284000.0 285000.0 2002893.7462098962 3029.3333333333335
285000.0 286000.0 2367758.4680962423 4400.0
286000.0 287000.0 1045447.7935641658 4400.0
287000.0 288000.0 187270.93733212957 0.0
288000.0 289000.0 1176874.44872669 8000.0
289000.0 290000.0 841081.5512733101 0.0
290000.0 291000.0 1597907.4028185513 8000.0
291000.0 292000.0 331462.5971814487 0.0
292000.0 293000.0 1976843.9960676427 8000.0
293000.0 294000.0 26311.003932357227 0.0
294000.0 295000.0 1952312.0 8000.0
295000.0 296000.0 0.0 0.0
296000.0 297000.0 1651547.7895846853 8000.0
297000.0 298000.0 293174.2104153146 0.0
298000.0 299000.0 1947715.7431580396 8000.0
299000.0 300000.0 31647.25684196038 0.0
300000.0 301000.0 0.0 0.0
