ts te s_bytes_all avg_video_rate
0.0 1000.0 0.0 0.0
1000.0 2000.0 0.0 0.0
2000.0 3000.0 0.0 0.0
3000.0 4000.0 0.0 0.0
4000.0 5000.0 0.0 0.0
5000.0 6000.0 0.0 0.0
6000.0 7000.0 6916.0 0.0
7000.0 8000.0 4941024.972286011 4400.0
8000.0 9000.0 1475700.6140516705 4400.0
9000.0 10000.0 2226204.413662318 4400.0
10000.0 11000.0 0.0 0.0
11000.0 12000.0 2772320.300863786 8000.0
12000.0 13000.0 1106898.8678712326 8000.0
13000.0 14000.0 17402.83126498132 0.0
14000.0 15000.0 1883994.0 8000.0
15000.0 16000.0 3364.5059699581257 0.0
16000.0 17000.0 1992497.4940300419 8000.0
17000.0 18000.0 2055953.0 8000.0
18000.0 19000.0 0.0 0.0
19000.0 20000.0 1881871.0 8000.0
20000.0 21000.0 0.0 0.0
21000.0 22000.0 1787088.0 8000.0
22000.0 23000.0 0.0 0.0
23000.0 24000.0 2228139.0 8000.0
24000.0 25000.0 0.0 0.0
25000.0 26000.0 1870690.0 8000.0
26000.0 27000.0 0.0 0.0
27000.0 28000.0 1966117.0 8000.0
28000.0 29000.0 0.0 0.0
29000.0 30000.0 2033223.6798626846 8000.0
30000.0 31000.0 82060.51465202056 0.0
31000.0 32000.0 1897942.805485295 8000.0
32000.0 33000.0 0.0 0.0
33000.0 34000.0 1853617.0 8000.0
34000.0 35000.0 0.0 0.0
35000.0 36000.0 1919867.4399484722 8000.0
36000.0 37000.0 1084384.4867019015 8000.0
37000.0 38000.0 934105.0733496264 0.0
38000.0 39000.0 1850147.0 8000.0
39000.0 40000.0 29409.799136446898 0.0
40000.0 41000.0 2005620.2008635532 8000.0
41000.0 42000.0 28556.992252640648 0.0
42000.0 43000.0 2051686.0077473593 8000.0
43000.0 44000.0 30060.843050319134 0.0
44000.0 45000.0 1912529.1569496808 8000.0
45000.0 46000.0 2501.191348456875 0.0
46000.0 47000.0 2063136.8086515432 8000.0
47000.0 48000.0 2912.0 0.0
48000.0 49000.0 0.0 0.0
49000.0 50000.0 1919145.0 8000.0
50000.0 51000.0 0.0 0.0
51000.0 52000.0 1901891.0 8000.0
52000.0 53000.0 0.0 0.0
53000.0 54000.0 2051111.0 8000.0
54000.0 55000.0 0.0 0.0
55000.0 56000.0 1878785.0 8000.0
56000.0 57000.0 0.0 0.0
57000.0 58000.0 28256.41675241842 0.0
58000.0 59000.0 3138645.444650282 8000.0
59000.0 60000.0 2781748.1385972993 8000.0
60000.0 61000.0 0.0 0.0
61000.0 62000.0 1820307.0 8000.0
62000.0 63000.0 0.0 0.0
63000.0 64000.0 2012022.0 8000.0
64000.0 65000.0 0.0 0.0
65000.0 66000.0 1959173.0 8000.0
66000.0 67000.0 0.0 0.0
67000.0 68000.0 0.0 0.0
68000.0 69000.0 0.0 0.0
69000.0 70000.0 2917.0 0.0
70000.0 71000.0 0.0 0.0
71000.0 72000.0 1219741.6807001638 8000.0
72000.0 73000.0 4646305.185455336 8000.0
73000.0 74000.0 1967298.1338444995 8000.0
74000.0 75000.0 0.0 0.0
75000.0 76000.0 1971228.0 8000.0
76000.0 77000.0 0.0 0.0
77000.0 78000.0 1959252.0 8000.0
78000.0 79000.0 0.0 0.0
79000.0 80000.0 1438208.0 8000.0
80000.0 81000.0 0.0 0.0
81000.0 82000.0 2123721.0 8000.0
82000.0 83000.0 0.0 0.0
83000.0 84000.0 2031423.0 8000.0
84000.0 85000.0 0.0 0.0
85000.0 86000.0 1787374.0 8000.0
86000.0 87000.0 0.0 0.0
87000.0 88000.0 2016582.0 8000.0
88000.0 89000.0 0.0 0.0
89000.0 90000.0 2035912.0 8000.0
90000.0 91000.0 0.0 0.0
91000.0 92000.0 2001919.0 8000.0
92000.0 93000.0 0.0 0.0
93000.0 94000.0 2031494.0 8000.0
94000.0 95000.0 0.0 0.0
95000.0 96000.0 1741451.0 8000.0
96000.0 97000.0 0.0 0.0
97000.0 98000.0 2084794.0 8000.0
98000.0 99000.0 0.0 0.0
99000.0 100000.0 1465762.0504437406 8000.0
100000.0 101000.0 437957.94955625926 0.0
101000.0 102000.0 2036594.0 8000.0
102000.0 103000.0 0.0 0.0
103000.0 104000.0 1945977.0 8000.0
104000.0 105000.0 0.0 0.0
105000.0 106000.0 1929769.0 8000.0
106000.0 107000.0 1181651.75730154 8000.0
107000.0 108000.0 831935.2426984599 0.0
108000.0 109000.0 0.0 0.0
109000.0 110000.0 2918.0 0.0
110000.0 111000.0 0.0 0.0
111000.0 112000.0 2918.0 0.0
112000.0 113000.0 361996.4684430059 8000.0
113000.0 114000.0 6270889.5477649765 8000.0
114000.0 115000.0 1115740.9837920174 0.0
115000.0 116000.0 1949087.0 8000.0
116000.0 117000.0 0.0 0.0
117000.0 118000.0 2013885.0 8000.0
118000.0 119000.0 35.17546846697033 0.0
119000.0 120000.0 1905430.824531533 8000.0
120000.0 121000.0 0.0 0.0
121000.0 122000.0 1996381.0 8000.0
122000.0 123000.0 0.0 0.0
123000.0 124000.0 4325.092745678221 0.0
124000.0 125000.0 1114017.9072543217 4400.0
125000.0 126000.0 1057048.5353374272 4400.0
126000.0 127000.0 52299.46466257302 0.0
127000.0 128000.0 1710932.7661890632 8000.0
128000.0 129000.0 132359.23381093686 0.0
129000.0 130000.0 1836010.2634864638 8000.0
130000.0 131000.0 210773.73651353625 0.0
131000.0 132000.0 2011935.0 8000.0
132000.0 133000.0 0.0 0.0
133000.0 134000.0 1926294.0 8000.0
134000.0 135000.0 0.0 0.0
135000.0 136000.0 1950032.0 8000.0
136000.0 137000.0 0.0 0.0
137000.0 138000.0 2015053.0 8000.0
138000.0 139000.0 0.0 0.0
139000.0 140000.0 1918685.0 8000.0
140000.0 141000.0 0.0 0.0
141000.0 142000.0 2060420.0 8000.0
142000.0 143000.0 0.0 0.0
143000.0 144000.0 1901598.0 8000.0
144000.0 145000.0 0.0 0.0
145000.0 146000.0 2003290.0 8000.0
146000.0 147000.0 0.0 0.0
147000.0 148000.0 1912316.0 8000.0
148000.0 149000.0 0.0 0.0
149000.0 150000.0 2018391.0 8000.0
150000.0 151000.0 0.0 0.0
151000.0 152000.0 1987220.0 8000.0
152000.0 153000.0 0.0 0.0
153000.0 154000.0 3894803.597567477 8000.0
154000.0 155000.0 4000.4024325231717 0.0
155000.0 156000.0 0.0 0.0
156000.0 157000.0 0.0 0.0
157000.0 158000.0 2914.0 0.0
158000.0 159000.0 12.11450353474402 0.0
159000.0 160000.0 2925.885496465256 0.0
160000.0 161000.0 0.0 0.0
161000.0 162000.0 4661245.48389964 8000.0
162000.0 163000.0 3214216.489720221 8000.0
163000.0 164000.0 1924286.026380139 8000.0
164000.0 165000.0 0.0 0.0
165000.0 166000.0 0.0 0.0
166000.0 167000.0 759488.6088594481 8000.0
167000.0 168000.0 3235373.391140552 8000.0
168000.0 169000.0 0.0 0.0
169000.0 170000.0 2021998.0 8000.0
170000.0 171000.0 0.0 0.0
171000.0 172000.0 1972923.0 8000.0
172000.0 173000.0 16.886578911874302 0.0
173000.0 174000.0 1942782.113421088 8000.0
174000.0 175000.0 0.0 0.0
175000.0 176000.0 1950779.0 8000.0
176000.0 177000.0 0.0 0.0
177000.0 178000.0 1959127.0 8000.0
178000.0 179000.0 0.0 0.0
179000.0 180000.0 1839692.063536146 8000.0
180000.0 181000.0 1215916.9788099923 8000.0
181000.0 182000.0 907387.9576538617 0.0
182000.0 183000.0 2000715.0 8000.0
183000.0 184000.0 2917.0 0.0
184000.0 185000.0 1032214.1958396531 8000.0
185000.0 186000.0 876222.8041603469 0.0
186000.0 187000.0 1965889.0 8000.0
187000.0 188000.0 29317.08343292907 0.0
188000.0 189000.0 1938580.9165670709 8000.0
189000.0 190000.0 2519.6235416660434 0.0
190000.0 191000.0 2004789.376458334 8000.0
191000.0 192000.0 9332.019640416815 0.0
192000.0 193000.0 1962072.9803595832 8000.0
193000.0 194000.0 1515437.099527438 8000.0
194000.0 195000.0 405012.900472562 0.0
195000.0 196000.0 1327034.5985964276 8000.0
196000.0 197000.0 659050.1571421442 0.0
197000.0 198000.0 1294596.2383100265 8000.0
198000.0 199000.0 740045.0059514018 0.0
199000.0 200000.0 1864198.5038049417 8000.0
200000.0 201000.0 31137.496195058364 0.0
201000.0 202000.0 1988809.0 8000.0
202000.0 203000.0 0.0 0.0
203000.0 204000.0 1243499.3590194725 8000.0
204000.0 205000.0 696308.6409805274 0.0
205000.0 206000.0 1980083.0189070762 8000.0
206000.0 207000.0 35349.98109292369 0.0
207000.0 208000.0 1922133.1925868008 8000.0
208000.0 209000.0 42327.80741319922 0.0
209000.0 210000.0 1606828.5727494457 8000.0
210000.0 211000.0 390516.4272505542 0.0
211000.0 212000.0 1978188.0 8000.0
212000.0 213000.0 0.0 0.0
213000.0 214000.0 1918089.0 8000.0
214000.0 215000.0 0.0 0.0
215000.0 216000.0 1992381.0 8000.0
216000.0 217000.0 0.0 0.0
217000.0 218000.0 1682779.0530333482 8000.0
218000.0 219000.0 309090.946966652 0.0
219000.0 220000.0 1976800.0 8000.0
220000.0 221000.0 0.0 0.0
221000.0 222000.0 1945821.0 8000.0
222000.0 223000.0 0.0 0.0
223000.0 224000.0 1728416.6876680916 8000.0
224000.0 225000.0 209920.3123319084 0.0
225000.0 226000.0 1989699.0 8000.0
226000.0 227000.0 1058905.4069043025 8000.0
227000.0 228000.0 921722.5930956976 0.0
228000.0 229000.0 0.0 0.0
229000.0 230000.0 1955303.0 8000.0
230000.0 231000.0 1098940.6838604107 8000.0
231000.0 232000.0 920652.3161395893 0.0
232000.0 233000.0 1921206.0 8000.0
233000.0 234000.0 2917.0 0.0
234000.0 235000.0 1073345.0773095281 8000.0
235000.0 236000.0 891307.9226904718 0.0
236000.0 237000.0 1949397.0 8000.0
237000.0 238000.0 30054.169937083127 0.0
238000.0 239000.0 1944469.830062917 8000.0
239000.0 240000.0 2919.0 0.0
240000.0 241000.0 0.0 0.0
241000.0 242000.0 2918.0 0.0
242000.0 243000.0 0.0 0.0
243000.0 244000.0 3970692.0 8000.0
244000.0 245000.0 0.0 0.0
245000.0 246000.0 1934682.0 8000.0
246000.0 247000.0 0.0 0.0
247000.0 248000.0 2012446.0 8000.0
248000.0 249000.0 19.420923323380617 0.0
249000.0 250000.0 1962307.5790766766 8000.0
250000.0 251000.0 1098388.8357924882 8000.0
251000.0 252000.0 861577.1642075118 0.0
252000.0 253000.0 1941724.0 8000.0
253000.0 254000.0 29628.340808381083 0.0
254000.0 255000.0 1957185.959433043 8000.0
255000.0 256000.0 2002959.699758576 8000.0
256000.0 257000.0 0.0 0.0
257000.0 258000.0 1972771.0 8000.0
258000.0 259000.0 0.0 0.0
259000.0 260000.0 1978510.0 8000.0
260000.0 261000.0 0.0 0.0
261000.0 262000.0 1972176.0 8000.0
262000.0 263000.0 0.0 0.0
263000.0 264000.0 1972938.0 8000.0
264000.0 265000.0 0.0 0.0
265000.0 266000.0 2000400.0 8000.0
266000.0 267000.0 0.0 0.0
267000.0 268000.0 1947556.0 8000.0
268000.0 269000.0 0.0 0.0
269000.0 270000.0 1978546.0 8000.0
270000.0 271000.0 0.0 0.0
271000.0 272000.0 1888293.0 8000.0
272000.0 273000.0 0.0 0.0
273000.0 274000.0 1950936.0 8000.0
274000.0 275000.0 1104024.7808320222 8000.0
275000.0 276000.0 868430.2191679779 0.0
276000.0 277000.0 2015282.0 8000.0
277000.0 278000.0 29218.866389565956 0.0
278000.0 279000.0 1945764.1336104341 8000.0
279000.0 280000.0 210214.17799387497 0.0
280000.0 281000.0 1774589.822006125 8000.0
281000.0 282000.0 29752.36637492936 0.0
282000.0 283000.0 1915963.6336250706 8000.0
283000.0 284000.0 28347.532275543752 0.0
284000.0 285000.0 1941347.4677244562 8000.0
285000.0 286000.0 3667.7046125003044 0.0
286000.0 287000.0 1958381.2953874997 8000.0
287000.0 288000.0 30166.55039580003 0.0
288000.0 289000.0 1970373.4496042 8000.0
289000.0 290000.0 1546812.4430147198 8000.0
290000.0 291000.0 389243.5569852801 0.0
291000.0 292000.0 30191.354105019196 0.0
292000.0 293000.0 1979521.6458949808 8000.0
293000.0 294000.0 1948502.0 8000.0
294000.0 295000.0 0.0 0.0
295000.0 296000.0 2003689.0 8000.0
296000.0 297000.0 0.0 0.0
297000.0 298000.0 1946149.0 8000.0
298000.0 299000.0 0.0 0.0
299000.0 300000.0 1829954.1798138497 8000.0
300000.0 301000.0 117149.82018615023 0.0
