ts te s_bytes_all avg_video_rate
0.0 1000.0 0.0 0.0
1000.0 2000.0 0.0 0.0
2000.0 3000.0 0.0 0.0
3000.0 4000.0 0.0 0.0
4000.0 5000.0 0.0 0.0
5000.0 6000.0 6917.0 0.0
6000.0 7000.0 1002561.4075917284 4400.0
7000.0 8000.0 1845118.7555697486 4400.0
8000.0 9000.0 2210459.893288556 4400.0
9000.0 10000.0 1635388.109660395 4400.0
10000.0 11000.0 724395.3382686342 0.0
11000.0 12000.0 2318655.936125212 4400.0
12000.0 13000.0 613286.169711147 4400.0
13000.0 14000.0 589782.3897845794 0.0
14000.0 15000.0 1516686.976887784 8000.0
15000.0 16000.0 547187.023112216 0.0
16000.0 17000.0 329474.1628741656 8000.0
17000.0 18000.0 1454733.8371258343 0.0
18000.0 19000.0 2261646.097930371 8000.0
19000.0 20000.0 1797978.9020696294 0.0
20000.0 21000.0 1409087.4219684924 8000.0
21000.0 22000.0 526298.5780315076 0.0
22000.0 23000.0 2915.0 0.0
23000.0 24000.0 0.0 0.0
24000.0 25000.0 1243116.3946653751 8000.0
25000.0 26000.0 646849.6053346248 0.0
26000.0 27000.0 1280270.112257528 8000.0
27000.0 28000.0 712622.8877424719 0.0
28000.0 29000.0 1586238.0 8000.0
29000.0 30000.0 0.0 0.0
30000.0 31000.0 1495331.2106977014 8000.0
31000.0 32000.0 689127.7893022987 0.0
32000.0 33000.0 1826603.0 8000.0
33000.0 34000.0 0.0 0.0
34000.0 35000.0 2792550.7941326876 8000.0
35000.0 36000.0 1254682.2058673124 0.0
36000.0 37000.0 709809.4997622473 8000.0
37000.0 38000.0 1263381.500237753 0.0
38000.0 39000.0 35666.0 8000.0
39000.0 40000.0 0.0 0.0
40000.0 41000.0 1308786.8800628097 8000.0
41000.0 42000.0 1342245.9979803956 0.0
42000.0 43000.0 135893.03689253115 0.0
43000.0 44000.0 2428743.5964693706 8000.0
44000.0 45000.0 634044.4885948932 8000.0
45000.0 46000.0 1863111.0 0.0
46000.0 47000.0 461712.197107285 8000.0
47000.0 48000.0 990082.8350096876 0.0
48000.0 49000.0 2564541.967883027 8000.0
49000.0 50000.0 0.0 0.0
50000.0 51000.0 1090193.3171363054 8000.0
51000.0 52000.0 883399.6828636947 0.0
52000.0 53000.0 35907.0 8000.0
53000.0 54000.0 0.0 0.0
54000.0 55000.0 3557424.8304774696 8000.0
55000.0 56000.0 388091.16952253075 0.0
56000.0 57000.0 2911.0 0.0
57000.0 58000.0 0.0 0.0
58000.0 59000.0 2393071.277891864 8000.0
59000.0 60000.0 1397458.722108136 8000.0
60000.0 61000.0 2684943.6346541285 8000.0
61000.0 62000.0 861338.3653458717 0.0
62000.0 63000.0 1326879.6340292054 8000.0
63000.0 64000.0 794828.3659707946 0.0
64000.0 65000.0 2912.0 0.0
65000.0 66000.0 0.0 0.0
66000.0 67000.0 1814734.2743002467 8000.0
67000.0 68000.0 241858.72569975333 0.0
68000.0 69000.0 1734929.8824567618 8000.0
69000.0 70000.0 217206.1175432382 0.0
70000.0 71000.0 1658348.26015749 8000.0
71000.0 72000.0 326554.73984251014 0.0
72000.0 73000.0 625224.0986166943 8000.0
73000.0 74000.0 1556195.7213748929 0.0
74000.0 75000.0 3659776.180008413 8000.0
75000.0 76000.0 0.0 0.0
76000.0 77000.0 749951.809963505 8000.0
77000.0 78000.0 1227371.190036495 0.0
78000.0 79000.0 1500848.4148508199 8000.0
79000.0 80000.0 422048.58514918 0.0
80000.0 81000.0 1154907.394944479 8000.0
81000.0 82000.0 806954.605055521 0.0
82000.0 83000.0 728076.8617394345 8000.0
83000.0 84000.0 1320901.1382605655 0.0
84000.0 85000.0 2913.0 0.0
85000.0 86000.0 0.0 0.0
86000.0 87000.0 2704775.1628021067 8000.0
87000.0 88000.0 1296847.8371978933 0.0
88000.0 89000.0 739163.1297918663 8000.0
89000.0 90000.0 1170613.8702081337 0.0
90000.0 91000.0 1170638.122553327 8000.0
91000.0 92000.0 726571.877446673 0.0
92000.0 93000.0 947343.2843147123 8000.0
93000.0 94000.0 1072336.7156852875 0.0
94000.0 95000.0 502168.7582583293 8000.0
95000.0 96000.0 975435.8201419892 0.0
96000.0 97000.0 1619940.7348289397 8000.0
97000.0 98000.0 671517.686770742 0.0
98000.0 99000.0 2914.0 0.0
99000.0 100000.0 0.0 0.0
100000.0 101000.0 2224286.717466693 8000.0
101000.0 102000.0 1798728.2825333069 0.0
102000.0 103000.0 1221311.3238298 8000.0
103000.0 104000.0 721208.6761702002 0.0
104000.0 105000.0 35919.0 8000.0
105000.0 106000.0 183669.33835828048 0.0
106000.0 107000.0 2300485.472945061 8000.0
107000.0 108000.0 948985.2357325134 0.0
108000.0 109000.0 839247.8436142623 3000.0
109000.0 110000.0 381879.10934988275 0.0
110000.0 111000.0 772037.0 3000.0
111000.0 112000.0 0.0 0.0
112000.0 113000.0 1994617.0 8000.0
113000.0 114000.0 0.0 0.0
114000.0 115000.0 1818035.220063634 8000.0
115000.0 116000.0 1037625.512601039 0.0
116000.0 117000.0 1010056.267335327 0.0
117000.0 118000.0 0.0 0.0
118000.0 119000.0 1603986.807395224 8000.0
119000.0 120000.0 2118781.192604776 0.0
120000.0 121000.0 849214.8319493178 8000.0
121000.0 122000.0 1315175.168050682 0.0
122000.0 123000.0 0.0 0.0
123000.0 124000.0 1949327.317736835 8000.0
124000.0 125000.0 835500.2883122731 8000.0
125000.0 126000.0 1141959.393950892 0.0
126000.0 127000.0 2915.0 0.0
127000.0 128000.0 0.0 0.0
128000.0 129000.0 1785149.1423505777 8000.0
129000.0 130000.0 133643.85764942222 0.0
130000.0 131000.0 2096107.58339206 8000.0
131000.0 132000.0 1718053.41660794 0.0
132000.0 133000.0 1076007.2563792798 8000.0
133000.0 134000.0 890387.7436207203 0.0
134000.0 135000.0 1066832.6726386305 8000.0
135000.0 136000.0 929708.3273613695 0.0
136000.0 137000.0 763651.2573242435 8000.0
137000.0 138000.0 854048.7426757565 0.0
138000.0 139000.0 879028.4713725395 8000.0
139000.0 140000.0 1206327.5286274604 0.0
140000.0 141000.0 975928.7643297234 8000.0
141000.0 142000.0 968606.2356702766 0.0
142000.0 143000.0 995475.2375410195 8000.0
143000.0 144000.0 1073627.7624589805 0.0
144000.0 145000.0 23484.780104673853 8000.0
145000.0 146000.0 12295.219895326147 0.0
146000.0 147000.0 3012597.522229026 8000.0
147000.0 148000.0 886554.4777709738 0.0
148000.0 149000.0 408555.9754509884 8000.0
149000.0 150000.0 972725.127310863 0.0
150000.0 151000.0 1627851.9923322697 8000.0
151000.0 152000.0 904544.9049058789 0.0
152000.0 153000.0 1700951.1525517954 8000.0
153000.0 154000.0 2277081.8474482046 0.0
154000.0 155000.0 777070.9269913762 8000.0
155000.0 156000.0 1108454.073008624 0.0
156000.0 157000.0 2916.0 0.0
157000.0 158000.0 0.0 0.0
158000.0 159000.0 294697.19354076264 8000.0
159000.0 160000.0 1005729.7047229242 0.0
160000.0 161000.0 1772689.8229399836 8000.0
161000.0 162000.0 2939530.2787963296 0.0
162000.0 163000.0 481060.2973505684 8000.0
163000.0 164000.0 1187143.6537113218 0.0
164000.0 165000.0 1089930.8127435714 8000.0
165000.0 166000.0 1122012.2361945387 0.0
166000.0 167000.0 1150137.0267818873 8000.0
167000.0 168000.0 836276.973218113 0.0
168000.0 169000.0 27515.148448092947 8000.0
169000.0 170000.0 8229.851551907055 0.0
170000.0 171000.0 2424632.5350304786 8000.0
171000.0 172000.0 1389825.4649695216 0.0
172000.0 173000.0 1033002.5136433027 8000.0
173000.0 174000.0 869701.4863566973 0.0
174000.0 175000.0 0.0 0.0
175000.0 176000.0 0.0 0.0
176000.0 177000.0 2920.0 0.0
177000.0 178000.0 0.0 0.0
178000.0 179000.0 2920.0 0.0
179000.0 180000.0 0.0 0.0
180000.0 181000.0 5399635.860066116 8000.0
181000.0 182000.0 2246503.139933885 8000.0
182000.0 183000.0 951207.9229458795 8000.0
183000.0 184000.0 949948.0770541205 0.0
184000.0 185000.0 782670.3622380176 8000.0
185000.0 186000.0 1071018.7488043862 0.0
186000.0 187000.0 1310959.9074153109 8000.0
187000.0 188000.0 855375.9815422852 0.0
188000.0 189000.0 1096836.8111540426 8000.0
189000.0 190000.0 611553.1888459575 0.0
190000.0 191000.0 1607810.672084124 8000.0
191000.0 192000.0 579200.3279158759 0.0
192000.0 193000.0 1167547.5870928327 8000.0
193000.0 194000.0 801948.4129071672 0.0
194000.0 195000.0 789227.696218603 8000.0
195000.0 196000.0 1034889.303781397 0.0
196000.0 197000.0 2914.0 0.0
197000.0 198000.0 0.0 0.0
198000.0 199000.0 1544264.2139695832 8000.0
199000.0 200000.0 831566.7860304168 0.0
200000.0 201000.0 830765.1051446287 8000.0
201000.0 202000.0 266569.89485537127 0.0
202000.0 203000.0 915393.1784056126 8000.0
203000.0 204000.0 1723080.8215943873 0.0
204000.0 205000.0 0.0 0.0
205000.0 206000.0 1260176.0 0.0
206000.0 207000.0 2738474.0402704864 8000.0
207000.0 208000.0 1080371.9597295136 0.0
208000.0 209000.0 181001.8801627565 8000.0
209000.0 210000.0 662997.2332681407 0.0
210000.0 211000.0 2233678.6336201313 8000.0
211000.0 212000.0 849044.2529489716 0.0
212000.0 213000.0 774164.5110949007 8000.0
213000.0 214000.0 1169987.4889050995 0.0
214000.0 215000.0 1292260.5090020015 8000.0
215000.0 216000.0 671843.4909979984 0.0
216000.0 217000.0 2915.0 0.0
217000.0 218000.0 0.0 0.0
218000.0 219000.0 1976239.5403100809 8000.0
219000.0 220000.0 1363246.8058926847 0.0
220000.0 221000.0 1380690.3916973958 8000.0
221000.0 222000.0 1080111.2620998383 0.0
222000.0 223000.0 2913.0 0.0
223000.0 224000.0 0.0 0.0
224000.0 225000.0 1970937.7833686266 8000.0
225000.0 226000.0 663562.5238324794 0.0
226000.0 227000.0 2645675.3109998317 8000.0
227000.0 228000.0 539019.3817990625 0.0
228000.0 229000.0 1317395.9714493903 8000.0
229000.0 230000.0 677222.0285506098 0.0
230000.0 231000.0 234519.42536206034 8000.0
231000.0 232000.0 867670.5828679558 0.0
232000.0 233000.0 1712346.3175560362 8000.0
233000.0 234000.0 1095309.6742139475 0.0
234000.0 235000.0 923084.3723170706 8000.0
235000.0 236000.0 1040909.6276829293 0.0
236000.0 237000.0 438011.3696260307 8000.0
237000.0 238000.0 1065404.5412038611 0.0
238000.0 239000.0 1194261.388823719 8000.0
239000.0 240000.0 1347625.700346389 0.0
240000.0 241000.0 923181.6113846547 8000.0
241000.0 242000.0 970764.3886153453 0.0
242000.0 243000.0 9483.151884392211 0.0
243000.0 244000.0 2017502.8481156079 8000.0
244000.0 245000.0 1000173.3600092214 8000.0
245000.0 246000.0 861675.6399907786 0.0
246000.0 247000.0 1046950.6899169489 8000.0
247000.0 248000.0 971341.3100830511 0.0
248000.0 249000.0 679608.6612550111 8000.0
249000.0 250000.0 1155903.338744989 0.0
250000.0 251000.0 1334521.478612266 8000.0
251000.0 252000.0 648547.521387734 0.0
252000.0 253000.0 1979176.0 8000.0
253000.0 254000.0 0.0 0.0
254000.0 255000.0 1380682.0379066444 8000.0
255000.0 256000.0 335812.9620933556 0.0
256000.0 257000.0 2147379.0 8000.0
257000.0 258000.0 0.0 0.0
258000.0 259000.0 2532512.7997614257 8000.0
259000.0 260000.0 1405792.2002385745 0.0
260000.0 261000.0 432123.0740880836 8000.0
261000.0 262000.0 827540.7048285287 0.0
262000.0 263000.0 1933663.7957828818 8000.0
263000.0 264000.0 732940.8316340236 0.0
264000.0 265000.0 1073518.263592537 8000.0
265000.0 266000.0 915604.3300739453 0.0
266000.0 267000.0 2917.0 0.0
267000.0 268000.0 0.0 0.0
268000.0 269000.0 1982016.0 8000.0
269000.0 270000.0 0.0 0.0
270000.0 271000.0 1572380.8697619084 8000.0
271000.0 272000.0 403021.13023809163 0.0
272000.0 273000.0 2766849.986952843 8000.0
273000.0 274000.0 1002613.0130471567 0.0
274000.0 275000.0 842374.6876876407 8000.0
275000.0 276000.0 1250098.3123123595 0.0
276000.0 277000.0 1178266.5247109125 8000.0
277000.0 278000.0 797144.4752890876 0.0
278000.0 279000.0 799503.8378129498 8000.0
279000.0 280000.0 1205823.1621870503 0.0
280000.0 281000.0 541586.2700994423 8000.0
281000.0 282000.0 1374367.7299005575 0.0
282000.0 283000.0 1268845.180436551 8000.0
283000.0 284000.0 751684.8195634488 0.0
284000.0 285000.0 1236531.9153865448 8000.0
285000.0 286000.0 596820.0846134552 0.0
286000.0 287000.0 1390407.2135689575 8000.0
287000.0 288000.0 330324.7864310425 0.0
288000.0 289000.0 19596.79454068598 0.0
289000.0 290000.0 2063716.205459314 8000.0
290000.0 291000.0 1080686.2219174227 8000.0
291000.0 292000.0 826849.778082577 0.0
292000.0 293000.0 231268.13165461386 8000.0
293000.0 294000.0 819488.9516158097 0.0
294000.0 295000.0 1858122.9622536895 8000.0
295000.0 296000.0 917403.9544758869 0.0
296000.0 297000.0 1936898.5309589747 8000.0
297000.0 298000.0 190451.46904102515 0.0
298000.0 299000.0 725214.5319956472 8000.0
299000.0 300000.0 3104989.468004353 8000.0
300000.0 301000.0 0.0 0.0
