ts te s_bytes_all avg_video_rate
0.0 1000.0 0.0 0.0
1000.0 2000.0 0.0 0.0
2000.0 3000.0 0.0 0.0
3000.0 4000.0 0.0 0.0
4000.0 5000.0 0.0 0.0
5000.0 6000.0 104498.85650537831 4400.0
6000.0 7000.0 1007254.1434946216 0.0
7000.0 8000.0 2991854.011536024 4400.0
8000.0 9000.0 4613555.9884639755 4400.0
9000.0 10000.0 74050.12802068131 0.0
10000.0 11000.0 1103610.8719793188 4400.0
11000.0 12000.0 1986349.7869026968 8000.0
12000.0 13000.0 4717.2130973030735 0.0
13000.0 14000.0 6061.553814787538 0.0
14000.0 15000.0 1975392.4461852123 8000.0
15000.0 16000.0 1884457.4271725118 8000.0
16000.0 17000.0 88689.57282748821 0.0
17000.0 18000.0 1813308.4050692315 8000.0
18000.0 19000.0 1273592.138730697 8000.0
19000.0 20000.0 836372.9390378122 0.0
20000.0 21000.0 2024589.5171622592 8000.0
21000.0 22000.0 166633.69740682596 0.0
22000.0 23000.0 1732935.302593174 8000.0
23000.0 24000.0 6977.619042934688 0.0
24000.0 25000.0 1968552.3809570654 8000.0
25000.0 26000.0 1653044.2603385341 8000.0
26000.0 27000.0 331865.739661466 0.0
27000.0 28000.0 8453.76398210206 0.0
28000.0 29000.0 1939768.236017898 8000.0
29000.0 30000.0 11326.724307876686 0.0
30000.0 31000.0 1968631.2756921232 8000.0
31000.0 32000.0 1836069.8984681913 8000.0
32000.0 33000.0 122253.10153180876 0.0
33000.0 34000.0 1891066.8245076477 8000.0
34000.0 35000.0 128803.17549235246 0.0
35000.0 36000.0 1736322.684161215 8000.0
36000.0 37000.0 118793.31583878509 0.0
37000.0 38000.0 1937659.9634449058 8000.0
38000.0 39000.0 1856268.3360711501 8000.0
39000.0 40000.0 225313.24720912523 0.0
40000.0 41000.0 1876131.6997898298 8000.0
41000.0 42000.0 89808.53176002247 0.0
42000.0 43000.0 1570944.0941853295 8000.0
43000.0 44000.0 425172.9968061698 0.0
44000.0 45000.0 1959271.1307334674 8000.0
45000.0 46000.0 2155.842707641582 0.0
46000.0 47000.0 1911300.1572923583 8000.0
47000.0 48000.0 2263.0459321298285 0.0
48000.0 49000.0 1935254.0655279362 8000.0
49000.0 50000.0 101195.88853993412 0.0
50000.0 51000.0 0.0 0.0
51000.0 52000.0 2401.8048127684797 0.0
52000.0 53000.0 511.19518723152066 0.0
53000.0 54000.0 0.0 0.0
54000.0 55000.0 0.0 0.0
55000.0 56000.0 1637863.4895312472 8000.0
56000.0 57000.0 5901611.452800862 8000.0
57000.0 58000.0 252631.49759303845 0.0
58000.0 59000.0 2053836.5600748528 8000.0
59000.0 60000.0 10256.577042672205 0.0
60000.0 61000.0 1925703.4229573277 8000.0
61000.0 62000.0 11629.557679569589 0.0
62000.0 63000.0 2030966.4423204304 8000.0
63000.0 64000.0 8854.046464843932 0.0
64000.0 65000.0 1904963.953535156 8000.0
65000.0 66000.0 5245.116226877071 0.0
66000.0 67000.0 1925112.883773123 8000.0
67000.0 68000.0 5098.750253749207 0.0
68000.0 69000.0 2003258.2497462507 8000.0
69000.0 70000.0 1808.0123010780383 0.0
70000.0 71000.0 1103.9876989219617 0.0
71000.0 72000.0 142089.08956648636 0.0
72000.0 73000.0 3805490.9104335136 8000.0
73000.0 74000.0 10804.107034039238 0.0
74000.0 75000.0 1909280.8929659608 8000.0
75000.0 76000.0 6421.682670472468 0.0
76000.0 77000.0 2014984.3173295276 8000.0
77000.0 78000.0 11906.750924742193 0.0
78000.0 79000.0 1946717.249075258 8000.0
79000.0 80000.0 7718.135273055062 0.0
80000.0 81000.0 1900241.8647269448 8000.0
81000.0 82000.0 1914074.9157421216 8000.0
82000.0 83000.0 131693.08425787848 0.0
83000.0 84000.0 1810260.7728385916 8000.0
84000.0 85000.0 132032.22716140823 0.0
85000.0 86000.0 1888539.52396067 8000.0
86000.0 87000.0 2090691.47603933 8000.0
87000.0 88000.0 66807.18019015975 0.0
88000.0 89000.0 1173404.8598686578 8000.0
89000.0 90000.0 671710.774697197 0.0
90000.0 91000.0 1995516.1852439854 8000.0
91000.0 92000.0 2359.911012132789 0.0
92000.0 93000.0 1695946.4363365304 8000.0
93000.0 94000.0 308788.9965818599 0.0
94000.0 95000.0 1177.6560694766695 0.0
95000.0 96000.0 6248.663018735485 0.0
96000.0 97000.0 1917681.3369812644 8000.0
97000.0 98000.0 11481.532515006404 0.0
98000.0 99000.0 1993383.4674849936 8000.0
99000.0 100000.0 1994767.322512435 8000.0
100000.0 101000.0 3992.6774875648885 0.0
101000.0 102000.0 1288354.5870287018 8000.0
102000.0 103000.0 701543.4129712981 0.0
103000.0 104000.0 1738969.0361306218 8000.0
104000.0 105000.0 100679.96386937833 0.0
105000.0 106000.0 34654.382147628094 0.0
106000.0 107000.0 817409.8444173232 8000.0
107000.0 108000.0 1178533.9057336182 8000.0
108000.0 109000.0 3954439.8677014303 8000.0
109000.0 110000.0 4488.757937517691 0.0
110000.0 111000.0 1949854.2420624823 8000.0
111000.0 112000.0 4736.970660480838 0.0
112000.0 113000.0 1942734.029339519 8000.0
113000.0 114000.0 3438.483555535839 0.0
114000.0 115000.0 2064361.5164444642 8000.0
115000.0 116000.0 4979.913978221191 0.0
116000.0 117000.0 1899837.0860217789 8000.0
117000.0 118000.0 6593.472866032621 0.0
118000.0 119000.0 1959970.5271339673 8000.0
119000.0 120000.0 6292.218608573869 0.0
120000.0 121000.0 1944709.7813914262 8000.0
121000.0 122000.0 575295.3515858122 8000.0
122000.0 123000.0 1428100.2620154787 0.0
123000.0 124000.0 1669481.463049661 8000.0
124000.0 125000.0 259323.92334904856 0.0
125000.0 126000.0 1858537.1747346518 8000.0
126000.0 127000.0 104860.82526534819 0.0
127000.0 128000.0 1909477.5479597922 8000.0
128000.0 129000.0 80393.45204020788 0.0
129000.0 130000.0 1897716.741926879 8000.0
130000.0 131000.0 81417.25807312106 0.0
131000.0 132000.0 1831042.4803362945 8000.0
132000.0 133000.0 126214.51966370548 0.0
133000.0 134000.0 1912106.7949486603 8000.0
134000.0 135000.0 70419.20505133957 0.0
135000.0 136000.0 1893588.0979682412 8000.0
136000.0 137000.0 2058111.9020317588 8000.0
137000.0 138000.0 2241.613356310169 0.0
138000.0 139000.0 1295341.3174035256 8000.0
139000.0 140000.0 668342.5329540285 0.0
140000.0 141000.0 1962190.5362861357 8000.0
141000.0 142000.0 1954.0753332797485 0.0
142000.0 143000.0 959.9246667202515 0.0
143000.0 144000.0 9565.744104954318 0.0
144000.0 145000.0 1974023.2558950456 8000.0
145000.0 146000.0 5933.14754236994 0.0
146000.0 147000.0 3988700.85245763 8000.0
147000.0 148000.0 4539.45958922733 0.0
148000.0 149000.0 1887609.5404107727 8000.0
149000.0 150000.0 197.42465272692155 0.0
150000.0 151000.0 1219849.5808439043 8000.0
151000.0 152000.0 692988.4218394186 0.0
152000.0 153000.0 1999055.5726639503 8000.0
153000.0 154000.0 6237.862109034129 0.0
154000.0 155000.0 2029580.137890966 8000.0
155000.0 156000.0 6374.639511839242 0.0
156000.0 157000.0 1901604.3604881607 8000.0
157000.0 158000.0 1686.503044501894 0.0
158000.0 159000.0 1228.4969554981062 0.0
159000.0 160000.0 144742.55486732407 0.0
160000.0 161000.0 3791883.445132676 8000.0
161000.0 162000.0 1948.0699420048934 0.0
162000.0 163000.0 969.9300579951066 0.0
163000.0 164000.0 122804.53006076129 0.0
164000.0 165000.0 3848993.469939239 8000.0
165000.0 166000.0 3446.979436841794 0.0
166000.0 167000.0 2031658.0205631582 8000.0
167000.0 168000.0 5873.053585513848 0.0
168000.0 169000.0 1877784.946414486 8000.0
169000.0 170000.0 1934041.4636045094 8000.0
170000.0 171000.0 4147.5363954906925 0.0
171000.0 172000.0 1978029.0183950395 8000.0
172000.0 173000.0 5141.981604960573 0.0
173000.0 174000.0 1106.0906162551485 0.0
174000.0 175000.0 1810.9093837448515 0.0
175000.0 176000.0 1907493.6566276627 8000.0
176000.0 177000.0 1193880.065415809 8000.0
177000.0 178000.0 874898.959216353 0.0
178000.0 179000.0 1955287.3187401753 8000.0
179000.0 180000.0 6000.544679175804 0.0
180000.0 181000.0 1979358.4553208242 8000.0
181000.0 182000.0 7264.1730798244935 0.0
182000.0 183000.0 1999139.8269201755 8000.0
183000.0 184000.0 1496313.0077806788 8000.0
184000.0 185000.0 430811.9922193214 0.0
185000.0 186000.0 958814.3932036286 8000.0
186000.0 187000.0 1020347.6067963714 0.0
187000.0 188000.0 1840516.4180540899 8000.0
188000.0 189000.0 117054.58194591005 0.0
189000.0 190000.0 1821544.0167874717 8000.0
190000.0 191000.0 117013.9832125284 0.0
191000.0 192000.0 6806.108209726008 0.0
192000.0 193000.0 4025712.891790274 8000.0
193000.0 194000.0 1504.9239726097335 0.0
194000.0 195000.0 1406.0760273902663 0.0
195000.0 196000.0 0.0 0.0
196000.0 197000.0 0.0 0.0
197000.0 198000.0 2790907.470302508 8000.0
198000.0 199000.0 3045266.5296974923 8000.0
199000.0 200000.0 5623.522776102906 0.0
200000.0 201000.0 1978926.4772238971 8000.0
201000.0 202000.0 6890.185896584933 0.0
202000.0 203000.0 2012205.814103415 8000.0
203000.0 204000.0 3671.4650468035866 0.0
204000.0 205000.0 1986451.5349531963 8000.0
205000.0 206000.0 5346.621633403015 0.0
206000.0 207000.0 1863002.378366597 8000.0
207000.0 208000.0 3871.5024907826455 0.0
208000.0 209000.0 1965416.4975092174 8000.0
209000.0 210000.0 2788.5850119812703 0.0
210000.0 211000.0 2009121.4149880188 8000.0
211000.0 212000.0 6055.6652080177055 0.0
212000.0 213000.0 1968555.3347919823 8000.0
213000.0 214000.0 5173.227624128581 0.0
214000.0 215000.0 1928242.7723758714 8000.0
215000.0 216000.0 1533.499742886364 0.0
216000.0 217000.0 1378.500257113636 0.0
217000.0 218000.0 7147.977425273156 0.0
218000.0 219000.0 4015570.022574727 8000.0
219000.0 220000.0 11901.13682028036 0.0
220000.0 221000.0 1905818.8631797195 8000.0
221000.0 222000.0 11396.723495663426 0.0
222000.0 223000.0 1987107.2765043366 8000.0
223000.0 224000.0 7850.668451012615 0.0
224000.0 225000.0 1912030.3315489874 8000.0
225000.0 226000.0 7679.243726864561 0.0
226000.0 227000.0 1973431.7562731355 8000.0
227000.0 228000.0 10381.689813094667 0.0
228000.0 229000.0 1917074.3101869053 8000.0
229000.0 230000.0 11335.6234391118 0.0
230000.0 231000.0 2032473.3765608883 8000.0
231000.0 232000.0 9544.275199042855 0.0
232000.0 233000.0 1982900.7248009571 8000.0
233000.0 234000.0 3183.275165900017 0.0
234000.0 235000.0 1961362.7248340999 8000.0
235000.0 236000.0 14312.34094125446 0.0
236000.0 237000.0 1926550.6590587455 8000.0
237000.0 238000.0 109599.21244661046 0.0
238000.0 239000.0 3816017.7875533896 8000.0
239000.0 240000.0 980.0400279639631 0.0
240000.0 241000.0 1930.959972036037 0.0
241000.0 242000.0 0.0 0.0
242000.0 243000.0 199490.5887442344 8000.0
243000.0 244000.0 3822727.19405339 8000.0
244000.0 245000.0 1914839.2172023756 8000.0
245000.0 246000.0 3565.552982971462 0.0
246000.0 247000.0 1879790.4470170285 8000.0
247000.0 248000.0 5588.037338005018 0.0
248000.0 249000.0 1983255.962661995 8000.0
249000.0 250000.0 11705.09273839242 0.0
250000.0 251000.0 1946131.9072616075 8000.0
251000.0 252000.0 5892.720933747644 0.0
252000.0 253000.0 2026908.2790662523 8000.0
253000.0 254000.0 1885.1266565879268 0.0
254000.0 255000.0 1029.8733434120732 0.0
255000.0 256000.0 1226707.9353410157 8000.0
256000.0 257000.0 683316.0646589843 0.0
257000.0 258000.0 1762237.5173640745 8000.0
258000.0 259000.0 325405.4826359256 0.0
259000.0 260000.0 1795645.107245531 8000.0
260000.0 261000.0 1758982.3111714532 8000.0
261000.0 262000.0 412341.8902342228 0.0
262000.0 263000.0 1697955.619337527 8000.0
263000.0 264000.0 159736.73530994623 0.0
264000.0 265000.0 1960878.3367013193 8000.0
265000.0 266000.0 13862.224071067476 0.0
266000.0 267000.0 2047054.7759289325 8000.0
267000.0 268000.0 7370.689437486943 0.0
268000.0 269000.0 1887301.310562513 8000.0
269000.0 270000.0 7081.747407181274 0.0
270000.0 271000.0 1953180.2525928188 8000.0
271000.0 272000.0 10943.511604184316 0.0
272000.0 273000.0 2017935.4883958157 8000.0
273000.0 274000.0 11268.815075474547 0.0
274000.0 275000.0 1952468.1849245254 8000.0
275000.0 276000.0 9226.33546413751 0.0
276000.0 277000.0 1892762.6645358624 8000.0
277000.0 278000.0 12879.45783879349 0.0
278000.0 279000.0 1994802.5421612065 8000.0
279000.0 280000.0 11469.295557455618 0.0
280000.0 281000.0 1974022.7044425444 8000.0
281000.0 282000.0 5943.229503073809 0.0
282000.0 283000.0 1964785.7704969263 8000.0
283000.0 284000.0 10276.946977996628 0.0
284000.0 285000.0 1937620.0530220033 8000.0
285000.0 286000.0 11623.723265087434 0.0
286000.0 287000.0 1699139.2767349125 8000.0
287000.0 288000.0 9610.163380627057 0.0
288000.0 289000.0 2231579.836619373 8000.0
289000.0 290000.0 151851.3651083253 0.0
290000.0 291000.0 3863936.634891675 8000.0
291000.0 292000.0 6125.553293904337 0.0
292000.0 293000.0 1897617.4467060957 8000.0
293000.0 294000.0 8311.060090944155 0.0
294000.0 295000.0 1833248.9399090558 8000.0
295000.0 296000.0 291189.3411890019 0.0
296000.0 297000.0 1589574.658810998 8000.0
297000.0 298000.0 10361.831920528484 0.0
298000.0 299000.0 2122146.1680794717 8000.0
299000.0 300000.0 6203.152233392125 0.0
