ts te s_bytes_all avg_video_rate
0.0 1000.0 0.0 0.0
1000.0 2000.0 0.0 0.0
2000.0 3000.0 0.0 0.0
3000.0 4000.0 0.0 0.0
4000.0 5000.0 0.0 0.0
5000.0 6000.0 0.0 0.0
6000.0 7000.0 0.0 0.0
7000.0 8000.0 6915.0 0.0
8000.0 9000.0 634245.6904708693 4400.0
9000.0 10000.0 4346592.299563905 4400.0
10000.0 11000.0 3873905.023485477 6800.0
11000.0 12000.0 747508.9864797487 0.0
12000.0 13000.0 2010308.0 8000.0
13000.0 14000.0 24.0 0.0
14000.0 15000.0 2033334.0 8000.0
15000.0 16000.0 0.0 0.0
16000.0 17000.0 1970742.0 8000.0
17000.0 18000.0 496558.6757725676 8000.0
18000.0 19000.0 1484782.3242274325 0.0
19000.0 20000.0 495251.5665754077 8000.0
20000.0 21000.0 1438608.4334245923 0.0
21000.0 22000.0 1984993.0 8000.0
22000.0 23000.0 2636.594401544033 0.0
23000.0 24000.0 1966994.8598821536 8000.0
24000.0 25000.0 1996171.5457163025 8000.0
25000.0 26000.0 0.0 0.0
26000.0 27000.0 1982319.0 8000.0
27000.0 28000.0 0.0 0.0
28000.0 29000.0 1955485.0 8000.0
29000.0 30000.0 451779.64623513614 8000.0
30000.0 31000.0 1524514.353764864 0.0
31000.0 32000.0 514250.97260005947 8000.0
32000.0 33000.0 1447069.0273999406 0.0
33000.0 34000.0 550880.6803328972 8000.0
34000.0 35000.0 1434126.319667103 0.0
35000.0 36000.0 497021.8569953195 8000.0
36000.0 37000.0 1439980.1430046805 0.0
37000.0 38000.0 1956495.4235907379 8000.0
38000.0 39000.0 26938.57640926224 0.0
39000.0 40000.0 517336.6223646459 8000.0
40000.0 41000.0 1457733.3776353542 0.0
41000.0 42000.0 1970157.0 8000.0
42000.0 43000.0 21408.28844647519 0.0
43000.0 44000.0 1923171.7115535247 8000.0
44000.0 45000.0 20595.186620113654 0.0
45000.0 46000.0 1955409.8133798863 8000.0
46000.0 47000.0 20317.073769206465 0.0
47000.0 48000.0 1969666.9262307936 8000.0
48000.0 49000.0 20839.32065781581 0.0
49000.0 50000.0 1960517.6793421842 8000.0
50000.0 51000.0 21438.05907979967 0.0
51000.0 52000.0 1925954.9409202004 8000.0
52000.0 53000.0 1608261.9606645484 8000.0
53000.0 54000.0 365559.03933545144 0.0
54000.0 55000.0 1941222.0958337951 8000.0
55000.0 56000.0 5941.9041662049685 0.0
56000.0 57000.0 976334.1645078657 8000.0
57000.0 58000.0 1006485.8354921342 0.0
58000.0 59000.0 1563284.443178274 8000.0
59000.0 60000.0 409172.8490030477 0.0
60000.0 61000.0 1983966.7078186783 8000.0
61000.0 62000.0 0.0 0.0
62000.0 63000.0 1949834.0 8000.0
63000.0 64000.0 0.0 0.0
64000.0 65000.0 1999291.0 8000.0
65000.0 66000.0 0.0 0.0
66000.0 67000.0 1980587.0 8000.0
67000.0 68000.0 0.0 0.0
68000.0 69000.0 1933977.0 8000.0
69000.0 70000.0 0.0 0.0
70000.0 71000.0 1981540.0 8000.0
71000.0 72000.0 542394.8025545884 8000.0
72000.0 73000.0 1464285.1974454117 0.0
73000.0 74000.0 0.0 0.0
74000.0 75000.0 0.0 0.0
75000.0 76000.0 3760715.192457071 8000.0
76000.0 77000.0 185652.80754292881 0.0
77000.0 78000.0 510043.86697389785 8000.0
78000.0 79000.0 1420599.133026102 0.0
79000.0 80000.0 489571.6834615474 8000.0
80000.0 81000.0 1443610.3165384524 0.0
81000.0 82000.0 522607.217331326 8000.0
82000.0 83000.0 1683552.782668674 0.0
83000.0 84000.0 483472.27406013024 8000.0
84000.0 85000.0 1357197.7259398696 0.0
85000.0 86000.0 500928.057674614 8000.0
86000.0 87000.0 1471942.942325386 0.0
87000.0 88000.0 0.0 0.0
88000.0 89000.0 982644.1232523262 8000.0
89000.0 90000.0 2185438.222289465 8000.0
90000.0 91000.0 698033.2003550755 0.0
91000.0 92000.0 1829939.4541031336 8000.0
92000.0 93000.0 20987.643609547224 0.0
93000.0 94000.0 2065051.3563904527 8000.0
94000.0 95000.0 21495.358769112474 0.0
95000.0 96000.0 1953387.6412308875 8000.0
96000.0 97000.0 2917.0 0.0
97000.0 98000.0 0.0 0.0
98000.0 99000.0 1257516.744613554 8000.0
99000.0 100000.0 588577.2553864459 0.0
100000.0 101000.0 1936214.0 8000.0
101000.0 102000.0 0.0 0.0
102000.0 103000.0 1972664.0 8000.0
103000.0 104000.0 455619.0602163569 8000.0
104000.0 105000.0 1520075.939783643 0.0
105000.0 106000.0 499593.5413297486 8000.0
106000.0 107000.0 1471519.4586702513 0.0
107000.0 108000.0 1864523.0 8000.0
108000.0 109000.0 21201.151471110574 0.0
109000.0 110000.0 1978915.8485288895 8000.0
110000.0 111000.0 683460.8871769366 8000.0
111000.0 112000.0 1326462.1128230635 0.0
112000.0 113000.0 1148121.6082364935 8000.0
113000.0 114000.0 752317.3917635063 0.0
114000.0 115000.0 2227232.0 8000.0
115000.0 116000.0 0.0 0.0
116000.0 117000.0 1768748.0 8000.0
117000.0 118000.0 0.0 0.0
118000.0 119000.0 2133872.0 8000.0
119000.0 120000.0 0.0 0.0
120000.0 121000.0 1798152.0 8000.0
121000.0 122000.0 0.0 0.0
122000.0 123000.0 0.0 0.0
123000.0 124000.0 0.0 0.0
124000.0 125000.0 2917.0 0.0
125000.0 126000.0 444912.43592141825 8000.0
126000.0 127000.0 3816561.3319780855 8000.0
127000.0 128000.0 1960466.735110692 8000.0
128000.0 129000.0 1614988.4969898048 0.0
129000.0 130000.0 394779.5375827558 8000.0
130000.0 131000.0 1347749.4624172442 0.0
131000.0 132000.0 11.687499145640954 0.0
132000.0 133000.0 1943419.3125008543 8000.0
133000.0 134000.0 0.0 0.0
134000.0 135000.0 2022657.0 8000.0
135000.0 136000.0 0.0 0.0
136000.0 137000.0 1453361.0432768343 8000.0
137000.0 138000.0 193214.95672316573 0.0
138000.0 139000.0 1469187.2579957407 8000.0
139000.0 140000.0 2096859.283609638 8000.0
140000.0 141000.0 604426.5495893523 0.0
141000.0 142000.0 1897584.9088052688 8000.0
142000.0 143000.0 1804.748979358494 0.0
143000.0 144000.0 1703903.2510206415 8000.0
144000.0 145000.0 20605.899914804413 0.0
145000.0 146000.0 2200020.1000851956 8000.0
146000.0 147000.0 1209139.7584949299 8000.0
147000.0 148000.0 666974.2415050701 0.0
148000.0 149000.0 5117.612142676236 0.0
149000.0 150000.0 1715834.3878573237 8000.0
150000.0 151000.0 859928.9497734809 8000.0
151000.0 152000.0 1108126.0502265191 0.0
152000.0 153000.0 643929.8631069603 8000.0
153000.0 154000.0 1375806.1368930396 0.0
154000.0 155000.0 1797354.0 8000.0
155000.0 156000.0 0.0 0.0
156000.0 157000.0 2077730.6849169757 8000.0
157000.0 158000.0 38612.315083024165 0.0
158000.0 159000.0 1732763.8874440817 8000.0
159000.0 160000.0 289946.11255591817 0.0
160000.0 161000.0 1911452.0 8000.0
161000.0 162000.0 0.0 0.0
162000.0 163000.0 1989973.0 8000.0
163000.0 164000.0 0.0 0.0
164000.0 165000.0 1895354.0 8000.0
165000.0 166000.0 0.0 0.0
166000.0 167000.0 1762954.4796503512 8000.0
167000.0 168000.0 274357.5203496488 0.0
168000.0 169000.0 1887345.0 8000.0
169000.0 170000.0 0.0 0.0
170000.0 171000.0 1668784.6642318196 8000.0
171000.0 172000.0 216223.79724361055 0.0
172000.0 173000.0 1769288.986541707 8000.0
173000.0 174000.0 32184.55198286299 0.0
174000.0 175000.0 2073571.0 8000.0
175000.0 176000.0 0.0 0.0
176000.0 177000.0 2917.0 0.0
177000.0 178000.0 511630.5598712803 8000.0
178000.0 179000.0 1497871.4401287197 0.0
179000.0 180000.0 1924426.0 8000.0
180000.0 181000.0 20546.210982042125 0.0
181000.0 182000.0 1879806.7890179579 8000.0
182000.0 183000.0 2109591.0 8000.0
183000.0 184000.0 0.0 0.0
184000.0 185000.0 1962388.0 8000.0
185000.0 186000.0 0.0 0.0
186000.0 187000.0 1735730.0 8000.0
187000.0 188000.0 0.0 0.0
188000.0 189000.0 2106407.0 8000.0
189000.0 190000.0 497394.78511278477 8000.0
190000.0 191000.0 1484391.214887215 0.0
191000.0 192000.0 446599.04626475833 8000.0
192000.0 193000.0 1317397.9537352417 0.0
193000.0 194000.0 2063402.0 8000.0
194000.0 195000.0 1792.4374169410237 0.0
195000.0 196000.0 2028575.562583059 8000.0
196000.0 197000.0 670947.8613742325 8000.0
197000.0 198000.0 1288979.1386257673 0.0
198000.0 199000.0 472832.806191796 8000.0
199000.0 200000.0 1562988.193808204 0.0
200000.0 201000.0 1239086.1813583383 8000.0
201000.0 202000.0 611758.8186416618 0.0
202000.0 203000.0 1503208.8032859876 8000.0
203000.0 204000.0 439526.1967140124 0.0
204000.0 205000.0 1720190.7039400514 8000.0
205000.0 206000.0 400324.2960599487 0.0
206000.0 207000.0 1942073.0 8000.0
207000.0 208000.0 0.0 0.0
208000.0 209000.0 1748810.0 8000.0
209000.0 210000.0 0.0 0.0
210000.0 211000.0 1957842.0 8000.0
211000.0 212000.0 0.0 0.0
212000.0 213000.0 1913848.0 8000.0
213000.0 214000.0 0.0 0.0
214000.0 215000.0 2000458.0 8000.0
215000.0 216000.0 0.0 0.0
216000.0 217000.0 1910999.0 8000.0
217000.0 218000.0 0.0 0.0
218000.0 219000.0 2102001.0 8000.0
219000.0 220000.0 496184.2821941031 8000.0
220000.0 221000.0 1429942.717805897 0.0
221000.0 222000.0 496233.27557746967 8000.0
222000.0 223000.0 1520834.7244225303 0.0
223000.0 224000.0 558804.4652287944 8000.0
224000.0 225000.0 1428993.5347712056 0.0
225000.0 226000.0 477010.73221278295 8000.0
226000.0 227000.0 1455282.267787217 0.0
227000.0 228000.0 530865.4559536093 8000.0
228000.0 229000.0 1479647.5440463908 0.0
229000.0 230000.0 1820978.0 8000.0
230000.0 231000.0 2920.0 0.0
231000.0 232000.0 548107.8108283433 8000.0
232000.0 233000.0 1565292.1891716567 0.0
233000.0 234000.0 1935495.0 8000.0
234000.0 235000.0 1797.677864240026 0.0
235000.0 236000.0 1802381.32213576 8000.0
236000.0 237000.0 1751.9598478980818 0.0
237000.0 238000.0 1986731.1728105461 8000.0
238000.0 239000.0 43267.686950093565 0.0
239000.0 240000.0 1817194.1803914625 8000.0
240000.0 241000.0 1808.7580994585435 0.0
241000.0 242000.0 1892008.2419005414 8000.0
242000.0 243000.0 0.0 0.0
243000.0 244000.0 979043.9879111277 8000.0
244000.0 245000.0 2033813.803892857 8000.0
245000.0 246000.0 1056630.208196015 0.0
246000.0 247000.0 2912.0 0.0
247000.0 248000.0 0.0 0.0
248000.0 249000.0 3517410.6204431076 8000.0
249000.0 250000.0 502452.3795568923 0.0
250000.0 251000.0 660028.2113260999 8000.0
251000.0 252000.0 1262676.7886739 0.0
252000.0 253000.0 1797206.1741877254 8000.0
253000.0 254000.0 252263.82581227456 0.0
254000.0 255000.0 0.0 0.0
255000.0 256000.0 0.0 0.0
256000.0 257000.0 1958893.0 8000.0
257000.0 258000.0 488448.8756552149 8000.0
258000.0 259000.0 1379997.124344785 0.0
259000.0 260000.0 483573.8766685777 8000.0
260000.0 261000.0 1420589.1233314222 0.0
261000.0 262000.0 2074665.0 8000.0
262000.0 263000.0 2585.427114933573 0.0
263000.0 264000.0 1916953.5728850665 8000.0
264000.0 265000.0 21380.496509518132 0.0
265000.0 266000.0 1906651.5034904818 8000.0
266000.0 267000.0 1998191.0 8000.0
267000.0 268000.0 0.0 0.0
268000.0 269000.0 1979223.0 8000.0
269000.0 270000.0 0.0 0.0
270000.0 271000.0 2009665.0 8000.0
271000.0 272000.0 0.0 0.0
272000.0 273000.0 2052342.0 8000.0
273000.0 274000.0 557810.5170261585 8000.0
274000.0 275000.0 1457702.4829738415 0.0
275000.0 276000.0 431690.76655959414 8000.0
276000.0 277000.0 1238849.2334404057 0.0
277000.0 278000.0 472217.5675987789 8000.0
278000.0 279000.0 1375486.432401221 0.0
279000.0 280000.0 0.0 0.0
280000.0 281000.0 1232110.0397161264 8000.0
281000.0 282000.0 1802581.4003764058 8000.0
282000.0 283000.0 642752.8610244053 0.0
283000.0 284000.0 2035414.6988830625 8000.0
284000.0 285000.0 21078.92511832996 0.0
285000.0 286000.0 1996281.07488167 8000.0
286000.0 287000.0 4996.215388290619 0.0
287000.0 288000.0 1971988.7846117094 8000.0
288000.0 289000.0 20989.471981138733 0.0
289000.0 290000.0 1975081.5280188613 8000.0
290000.0 291000.0 1569205.6643423433 8000.0
291000.0 292000.0 366033.3356576567 0.0
292000.0 293000.0 1735167.5123161003 8000.0
293000.0 294000.0 246575.48768389956 0.0
294000.0 295000.0 1907056.0 8000.0
295000.0 296000.0 0.0 0.0
296000.0 297000.0 1144137.184771391 8000.0
297000.0 298000.0 867403.8152286089 0.0
298000.0 299000.0 864266.4680469513 8000.0
299000.0 300000.0 998256.5319530485 0.0
300000.0 301000.0 0.0 0.0
