ts te s_bytes_all avg_video_rate
0.0 1000.0 0.0 0.0
1000.0 2000.0 0.0 0.0
2000.0 3000.0 0.0 0.0
3000.0 4000.0 0.0 0.0
4000.0 5000.0 0.0 0.0
5000.0 6000.0 0.0 0.0
6000.0 7000.0 6911.0 0.0
7000.0 8000.0 1974528.7489429754 4400.0
8000.0 9000.0 2054761.5211004524 4400.0
9000.0 10000.0 1219838.1062199373 4400.0
10000.0 11000.0 3398931.623736635 4400.0
11000.0 12000.0 795513.3680308028 4400.0
12000.0 13000.0 374079.85075362807 0.0
13000.0 14000.0 1849572.7812155692 8000.0
14000.0 15000.0 0.0 0.0
15000.0 16000.0 2141420.0 8000.0
16000.0 17000.0 0.0 0.0
17000.0 18000.0 1640486.157444899 8000.0
18000.0 19000.0 38978.487637653765 0.0
19000.0 20000.0 1973226.3549174473 8000.0
20000.0 21000.0 0.0 0.0
21000.0 22000.0 1986151.0 8000.0
22000.0 23000.0 0.0 0.0
23000.0 24000.0 1877077.0 8000.0
24000.0 25000.0 0.0 0.0
25000.0 26000.0 1991480.0 8000.0
26000.0 27000.0 0.0 0.0
27000.0 28000.0 3820553.0770793543 8000.0
28000.0 29000.0 139791.9229206458 0.0
29000.0 30000.0 1940040.0 8000.0
30000.0 31000.0 0.0 0.0
31000.0 32000.0 1974489.0 8000.0
32000.0 33000.0 5.985373769956709 0.0
33000.0 34000.0 2044440.28370365 8000.0
34000.0 35000.0 36535.730922580144 0.0
35000.0 36000.0 1861097.0 8000.0
36000.0 37000.0 0.0 0.0
37000.0 38000.0 2047833.0 8000.0
38000.0 39000.0 0.0 0.0
39000.0 40000.0 1849659.0 8000.0
40000.0 41000.0 0.0 0.0
41000.0 42000.0 1958494.0 8000.0
42000.0 43000.0 0.0 0.0
43000.0 44000.0 1981633.0 8000.0
44000.0 45000.0 0.0 0.0
45000.0 46000.0 1849638.0 8000.0
46000.0 47000.0 0.0 0.0
47000.0 48000.0 0.0 0.0
48000.0 49000.0 0.0 0.0
49000.0 50000.0 3274021.301857752 8000.0
50000.0 51000.0 174356.6981422481 0.0
51000.0 52000.0 2191242.0 8000.0
52000.0 53000.0 0.0 0.0
53000.0 54000.0 1978206.0 8000.0
54000.0 55000.0 6.908071017169121 0.0
55000.0 56000.0 1452843.2055884942 8000.0
56000.0 57000.0 375260.8863404886 0.0
57000.0 58000.0 1777205.4428031237 8000.0
58000.0 59000.0 234581.55719687627 0.0
59000.0 60000.0 1999462.0 8000.0
60000.0 61000.0 0.0 0.0
61000.0 62000.0 1680218.0 8000.0
62000.0 63000.0 0.0 0.0
63000.0 64000.0 2256029.0 8000.0
64000.0 65000.0 0.0 0.0
65000.0 66000.0 2912766.457704257 8000.0
66000.0 67000.0 917850.542295743 0.0
67000.0 68000.0 2915.0 0.0
68000.0 69000.0 0.0 0.0
69000.0 70000.0 2580582.923579888 8000.0
70000.0 71000.0 957236.7623044371 0.0
71000.0 72000.0 2273564.314115675 8000.0
72000.0 73000.0 0.0 0.0
73000.0 74000.0 2011816.0 8000.0
74000.0 75000.0 0.0 0.0
75000.0 76000.0 1200253.7954135216 8000.0
76000.0 77000.0 578659.2045864786 0.0
77000.0 78000.0 2188063.0 8000.0
78000.0 79000.0 0.0 0.0
79000.0 80000.0 1643816.6185545942 8000.0
80000.0 81000.0 366189.3814454059 0.0
81000.0 82000.0 249119.18293981237 8000.0
82000.0 83000.0 1199984.1290466092 0.0
83000.0 84000.0 756874.9962823441 8000.0
84000.0 85000.0 1624476.43320798 0.0
85000.0 86000.0 1276178.5224872886 8000.0
86000.0 87000.0 663233.7360359658 0.0
87000.0 88000.0 1357242.3491031677 8000.0
88000.0 89000.0 433434.65089683235 0.0
89000.0 90000.0 1520728.2407208292 8000.0
90000.0 91000.0 423380.75927917083 0.0
91000.0 92000.0 1937573.8978275643 8000.0
92000.0 93000.0 63163.10217243582 0.0
93000.0 94000.0 1610454.7411549166 8000.0
94000.0 95000.0 188637.25884508336 0.0
95000.0 96000.0 22844.97497844136 0.0
96000.0 97000.0 1921193.0250215586 8000.0
97000.0 98000.0 2913.0 0.0
98000.0 99000.0 0.0 0.0
99000.0 100000.0 3918779.0 8000.0
100000.0 101000.0 0.0 0.0
101000.0 102000.0 2048056.0 8000.0
102000.0 103000.0 0.0 0.0
103000.0 104000.0 1886392.0 8000.0
104000.0 105000.0 677192.4798429378 8000.0
105000.0 106000.0 1298701.520157062 0.0
106000.0 107000.0 536375.264021629 8000.0
107000.0 108000.0 1083147.7359783712 0.0
108000.0 109000.0 2189968.0 8000.0
109000.0 110000.0 12002.548182379142 0.0
110000.0 111000.0 2103466.9806363476 8000.0
111000.0 112000.0 1654283.4711812735 8000.0
112000.0 113000.0 0.0 0.0
113000.0 114000.0 2172585.0 8000.0
114000.0 115000.0 0.0 0.0
115000.0 116000.0 1747106.0 8000.0
116000.0 117000.0 0.0 0.0
117000.0 118000.0 1911972.0 8000.0
118000.0 119000.0 0.0 0.0
119000.0 120000.0 1620942.8551443382 8000.0
120000.0 121000.0 415421.1448556618 0.0
121000.0 122000.0 1777127.0 8000.0
122000.0 123000.0 0.0 0.0
123000.0 124000.0 1184512.5832319774 8000.0
124000.0 125000.0 832779.4167680227 0.0
125000.0 126000.0 1595673.208241995 8000.0
126000.0 127000.0 381853.7917580049 0.0
127000.0 128000.0 2915.0 0.0
128000.0 129000.0 0.0 0.0
129000.0 130000.0 1968759.0 8000.0
130000.0 131000.0 0.0 0.0
131000.0 132000.0 1954161.0 8000.0
132000.0 133000.0 0.0 0.0
133000.0 134000.0 4009992.0 8000.0
134000.0 135000.0 0.0 0.0
135000.0 136000.0 1973384.0 8000.0
136000.0 137000.0 0.0 0.0
137000.0 138000.0 1957949.0 8000.0
138000.0 139000.0 0.0 0.0
139000.0 140000.0 1850101.0 8000.0
140000.0 141000.0 0.0 0.0
141000.0 142000.0 2085641.0 8000.0
142000.0 143000.0 0.0 0.0
143000.0 144000.0 1940599.0 8000.0
144000.0 145000.0 0.0 0.0
145000.0 146000.0 2002121.0 8000.0
146000.0 147000.0 0.0 0.0
147000.0 148000.0 1925411.0 8000.0
148000.0 149000.0 24.0 0.0
149000.0 150000.0 1924478.0 8000.0
150000.0 151000.0 0.0 0.0
151000.0 152000.0 2001267.0 8000.0
152000.0 153000.0 0.0 0.0
153000.0 154000.0 1598453.0 8000.0
154000.0 155000.0 0.0 0.0
155000.0 156000.0 2200296.0 8000.0
156000.0 157000.0 0.0 0.0
157000.0 158000.0 1884283.0 8000.0
158000.0 159000.0 0.0 0.0
159000.0 160000.0 1911298.0 8000.0
160000.0 161000.0 0.0 0.0
161000.0 162000.0 1823412.2632389055 8000.0
162000.0 163000.0 264428.7367610944 0.0
163000.0 164000.0 1778303.0 8000.0
164000.0 165000.0 0.0 0.0
165000.0 166000.0 3256642.002155387 8000.0
166000.0 167000.0 688003.9978446134 0.0
167000.0 168000.0 2912.0 0.0
168000.0 169000.0 0.0 0.0
169000.0 170000.0 1860117.1823739512 8000.0
170000.0 171000.0 164013.7378723987 0.0
171000.0 172000.0 3865955.07975365 8000.0
172000.0 173000.0 0.0 0.0
173000.0 174000.0 1996846.0 8000.0
174000.0 175000.0 0.0 0.0
175000.0 176000.0 2914.0 0.0
176000.0 177000.0 641657.3834406136 8000.0
177000.0 178000.0 1353885.6165593863 0.0
178000.0 179000.0 1987855.0 8000.0
179000.0 180000.0 1117046.1968724628 8000.0
180000.0 181000.0 869347.8031275371 0.0
181000.0 182000.0 1617314.6068862688 8000.0
182000.0 183000.0 16230.393113731123 0.0
183000.0 184000.0 0.0 0.0
184000.0 185000.0 0.0 0.0
185000.0 186000.0 0.0 0.0
186000.0 187000.0 5318896.528371134 8000.0
187000.0 188000.0 809418.4716288659 0.0
188000.0 189000.0 0.0 0.0
189000.0 190000.0 1999244.0 8000.0
190000.0 191000.0 0.0 0.0
191000.0 192000.0 1893847.1575458567 8000.0
192000.0 193000.0 29756.842454143276 0.0
193000.0 194000.0 1951235.0 8000.0
194000.0 195000.0 0.0 0.0
195000.0 196000.0 1799709.0 8000.0
196000.0 197000.0 0.0 0.0
197000.0 198000.0 2059410.0 8000.0
198000.0 199000.0 0.0 0.0
199000.0 200000.0 1783730.0 8000.0
200000.0 201000.0 0.0 0.0
201000.0 202000.0 1901332.0 8000.0
202000.0 203000.0 0.0 0.0
203000.0 204000.0 1944038.0 8000.0
204000.0 205000.0 0.0 0.0
205000.0 206000.0 2001047.4376838056 8000.0
206000.0 207000.0 1926219.5623161942 0.0
207000.0 208000.0 2030359.0 8000.0
208000.0 209000.0 0.0 0.0
209000.0 210000.0 1565389.0 8000.0
210000.0 211000.0 6.613431845984694 0.0
211000.0 212000.0 2287873.386568154 8000.0
212000.0 213000.0 0.0 0.0
213000.0 214000.0 1700785.0 8000.0
214000.0 215000.0 0.0 0.0
215000.0 216000.0 1752730.1321469368 8000.0
216000.0 217000.0 160102.86785306316 0.0
217000.0 218000.0 2038085.976816051 8000.0
218000.0 219000.0 26051.023183949063 0.0
219000.0 220000.0 1858630.0 8000.0
220000.0 221000.0 0.0 0.0
221000.0 222000.0 1461948.0 8000.0
222000.0 223000.0 0.0 0.0
223000.0 224000.0 1811150.0 8000.0
224000.0 225000.0 0.0 0.0
225000.0 226000.0 1601369.0 8000.0
226000.0 227000.0 0.0 0.0
227000.0 228000.0 1467680.273768719 8000.0
228000.0 229000.0 496377.72623128106 0.0
229000.0 230000.0 1902068.0 8000.0
230000.0 231000.0 0.0 0.0
231000.0 232000.0 2075711.0 8000.0
232000.0 233000.0 0.0 0.0
233000.0 234000.0 1797848.0 8000.0
234000.0 235000.0 0.0 0.0
235000.0 236000.0 1929609.2452730015 8000.0
236000.0 237000.0 134366.7547269986 0.0
237000.0 238000.0 1578185.5298723162 8000.0
238000.0 239000.0 2448.4701276838837 0.0
239000.0 240000.0 2911.0 0.0
240000.0 241000.0 0.0 0.0
241000.0 242000.0 3080104.0 8000.0
242000.0 243000.0 0.0 0.0
243000.0 244000.0 1733107.8518911842 8000.0
244000.0 245000.0 443546.1481088157 0.0
245000.0 246000.0 1810691.0 8000.0
246000.0 247000.0 0.0 0.0
247000.0 248000.0 1857002.0 8000.0
248000.0 249000.0 0.0 0.0
249000.0 250000.0 1812742.0 8000.0
250000.0 251000.0 0.0 0.0
251000.0 252000.0 1931051.0 8000.0
252000.0 253000.0 0.0 0.0
253000.0 254000.0 2014305.0 8000.0
254000.0 255000.0 0.0 0.0
255000.0 256000.0 1715438.0 8000.0
256000.0 257000.0 0.0 0.0
257000.0 258000.0 1926982.0 8000.0
258000.0 259000.0 0.0 0.0
259000.0 260000.0 1769952.9261742812 8000.0
260000.0 261000.0 430059.0738257188 0.0
261000.0 262000.0 1936168.0 8000.0
262000.0 263000.0 0.0 0.0
263000.0 264000.0 1869999.0 8000.0
264000.0 265000.0 0.0 0.0
265000.0 266000.0 3872027.0 8000.0
266000.0 267000.0 0.0 0.0
267000.0 268000.0 1979386.0 8000.0
268000.0 269000.0 0.0 0.0
269000.0 270000.0 1689169.0 8000.0
270000.0 271000.0 7.339518149522278 0.0
271000.0 272000.0 2188165.6604818506 8000.0
272000.0 273000.0 0.0 0.0
273000.0 274000.0 2921.0 0.0
274000.0 275000.0 0.0 0.0
275000.0 276000.0 3301375.581046146 8000.0
276000.0 277000.0 610649.4189538541 0.0
277000.0 278000.0 1931722.0 8000.0
278000.0 279000.0 0.0 0.0
279000.0 280000.0 2030617.0 8000.0
280000.0 281000.0 0.0 0.0
281000.0 282000.0 1896966.0 8000.0
282000.0 283000.0 0.0 0.0
283000.0 284000.0 2064920.0 8000.0
284000.0 285000.0 0.0 0.0
285000.0 286000.0 1838422.0 8000.0
286000.0 287000.0 0.0 0.0
287000.0 288000.0 2112308.0 8000.0
288000.0 289000.0 0.0 0.0
289000.0 290000.0 1781713.0 8000.0
290000.0 291000.0 0.0 0.0
291000.0 292000.0 1948936.0 8000.0
292000.0 293000.0 0.0 0.0
293000.0 294000.0 2003931.0 8000.0
294000.0 295000.0 0.0 0.0
295000.0 296000.0 1921890.0 8000.0
296000.0 297000.0 0.0 0.0
297000.0 298000.0 1966632.0 8000.0
298000.0 299000.0 0.0 0.0
299000.0 300000.0 1789874.0 8000.0
300000.0 301000.0 0.0 0.0
