ts te s_bytes_all avg_video_rate
0.0 1000.0 0.0 0.0
1000.0 2000.0 0.0 0.0
2000.0 3000.0 0.0 0.0
3000.0 4000.0 0.0 0.0
4000.0 5000.0 0.0 0.0
5000.0 6000.0 0.0 0.0
6000.0 7000.0 662173.7489275273 4400.0
7000.0 8000.0 372989.25107247266 0.0
8000.0 9000.0 1569080.4816351493 4400.0
9000.0 10000.0 2644290.6494415365 4400.0
10000.0 11000.0 3098301.522635456 4400.0
11000.0 12000.0 1116218.3462878577 0.0
12000.0 13000.0 18558.459361471356 0.0
13000.0 14000.0 1934668.5406385285 8000.0
14000.0 15000.0 2911.0 0.0
15000.0 16000.0 0.0 0.0
16000.0 17000.0 1263936.0589214943 8000.0
17000.0 18000.0 2765205.941078506 8000.0
18000.0 19000.0 1864897.0 8000.0
19000.0 20000.0 0.0 0.0
20000.0 21000.0 981248.1070408834 8000.0
21000.0 22000.0 950896.8929591165 0.0
22000.0 23000.0 1314160.2900918443 8000.0
23000.0 24000.0 813342.7099081557 0.0
24000.0 25000.0 1982308.0 8000.0
25000.0 26000.0 0.0 0.0
26000.0 27000.0 1900731.067654023 8000.0
27000.0 28000.0 152577.9323459772 0.0
28000.0 29000.0 1365967.328583237 8000.0
29000.0 30000.0 533588.6714167629 0.0
30000.0 31000.0 1663345.9910621194 8000.0
31000.0 32000.0 56636.00893788061 0.0
32000.0 33000.0 606756.382657782 8000.0
33000.0 34000.0 1337591.617342218 0.0
34000.0 35000.0 1998068.0 8000.0
35000.0 36000.0 0.0 0.0
36000.0 37000.0 1076285.8397796666 8000.0
37000.0 38000.0 942540.1602203334 0.0
38000.0 39000.0 1848483.0 8000.0
39000.0 40000.0 0.0 0.0
40000.0 41000.0 1424143.5018335578 8000.0
41000.0 42000.0 43103.49816644198 0.0
42000.0 43000.0 1472203.0363187862 8000.0
43000.0 44000.0 606558.9636812137 0.0
44000.0 45000.0 1315962.3181048965 8000.0
45000.0 46000.0 717244.6818951035 0.0
46000.0 47000.0 1677717.0939790185 8000.0
47000.0 48000.0 335910.9060209816 0.0
48000.0 49000.0 1055363.045543352 8000.0
49000.0 50000.0 724765.9544566481 0.0
50000.0 51000.0 2003752.3000211813 8000.0
51000.0 52000.0 2049491.6999788187 0.0
52000.0 53000.0 1363598.3756356568 8000.0
53000.0 54000.0 708833.6243643431 0.0
54000.0 55000.0 1370707.0 8000.0
55000.0 56000.0 0.0 0.0
56000.0 57000.0 1927488.928582736 8000.0
57000.0 58000.0 294611.0714172639 0.0
58000.0 59000.0 1721118.0 8000.0
59000.0 60000.0 0.0 0.0
60000.0 61000.0 2042620.0 8000.0
61000.0 62000.0 4.9773498116654675 0.0
62000.0 63000.0 1730503.0226501883 8000.0
63000.0 64000.0 0.0 0.0
64000.0 65000.0 1233359.0507720893 8000.0
65000.0 66000.0 496675.94922791066 0.0
66000.0 67000.0 610538.9461231714 8000.0
67000.0 68000.0 3219129.053876828 8000.0
68000.0 69000.0 2908.0 0.0
69000.0 70000.0 0.0 0.0
70000.0 71000.0 1321873.9311206932 8000.0
71000.0 72000.0 692214.0688793067 0.0
72000.0 73000.0 1739406.0 8000.0
73000.0 74000.0 0.0 0.0
74000.0 75000.0 2125356.049899414 8000.0
75000.0 76000.0 1900130.9501005858 8000.0
76000.0 77000.0 1695732.0591556367 8000.0
77000.0 78000.0 338687.9408443633 0.0
78000.0 79000.0 1964869.0 8000.0
79000.0 80000.0 0.0 0.0
80000.0 81000.0 1195947.7498054735 8000.0
81000.0 82000.0 687752.2501945265 0.0
82000.0 83000.0 2910.0 0.0
83000.0 84000.0 0.0 0.0
84000.0 85000.0 1973552.0 8000.0
85000.0 86000.0 0.0 0.0
86000.0 87000.0 2191375.9085477437 8000.0
87000.0 88000.0 1637332.0914522563 0.0
88000.0 89000.0 1523980.5798876008 8000.0
89000.0 90000.0 275081.42011239915 0.0
90000.0 91000.0 1801297.062614433 8000.0
91000.0 92000.0 6561.9373855669455 0.0
92000.0 93000.0 1958499.0 8000.0
93000.0 94000.0 0.0 0.0
94000.0 95000.0 14410.265717548062 0.0
95000.0 96000.0 1811298.734282452 8000.0
96000.0 97000.0 29831.172126694 0.0
97000.0 98000.0 1929536.8278733059 8000.0
98000.0 99000.0 2024589.0 8000.0
99000.0 100000.0 0.0 0.0
100000.0 101000.0 1945522.0 8000.0
101000.0 102000.0 0.0 0.0
102000.0 103000.0 1291419.6611738254 8000.0
103000.0 104000.0 830853.3388261745 0.0
104000.0 105000.0 1605949.3569067356 8000.0
105000.0 106000.0 117009.64309326437 0.0
106000.0 107000.0 922986.9621517853 8000.0
107000.0 108000.0 967322.0378482147 0.0
108000.0 109000.0 1750035.2325287824 8000.0
109000.0 110000.0 157434.76747121752 0.0
110000.0 111000.0 1976817.0 8000.0
111000.0 112000.0 0.0 0.0
112000.0 113000.0 2910.0 0.0
113000.0 114000.0 0.0 0.0
114000.0 115000.0 1888816.4613558403 8000.0
115000.0 116000.0 2151522.53864416 8000.0
116000.0 117000.0 1367280.4020983197 8000.0
117000.0 118000.0 549156.5979016802 0.0
118000.0 119000.0 1571763.6729919957 8000.0
119000.0 120000.0 443719.3270080042 0.0
120000.0 121000.0 1297589.6910810478 8000.0
121000.0 122000.0 781523.3089189521 0.0
122000.0 123000.0 0.0 0.0
123000.0 124000.0 2913.0 0.0
124000.0 125000.0 4165135.161653149 8000.0
125000.0 126000.0 1636850.8383468508 0.0
126000.0 127000.0 2906.0 0.0
127000.0 128000.0 0.0 0.0
128000.0 129000.0 1907235.0 8000.0
129000.0 130000.0 9.569344645036686 0.0
130000.0 131000.0 1478193.0888369482 8000.0
131000.0 132000.0 506957.3418184066 0.0
132000.0 133000.0 1675999.4817579542 8000.0
133000.0 134000.0 334663.5182420456 0.0
134000.0 135000.0 1286996.5175820058 8000.0
135000.0 136000.0 600926.4824179941 0.0
136000.0 137000.0 1496633.7278877993 8000.0
137000.0 138000.0 555976.2721122007 0.0
138000.0 139000.0 1737750.2974594592 8000.0
139000.0 140000.0 229044.70254054092 0.0
140000.0 141000.0 1512155.399876586 8000.0
141000.0 142000.0 2303730.600123414 0.0
142000.0 143000.0 2910.0 0.0
143000.0 144000.0 0.0 0.0
144000.0 145000.0 1487008.100404181 8000.0
145000.0 146000.0 2483395.899595819 0.0
146000.0 147000.0 1955424.0 8000.0
147000.0 148000.0 0.0 0.0
148000.0 149000.0 2051330.0 8000.0
149000.0 150000.0 0.0 0.0
150000.0 151000.0 1917386.0 8000.0
151000.0 152000.0 0.0 0.0
152000.0 153000.0 1986295.8962157168 8000.0
153000.0 154000.0 595.1037842832858 0.0
154000.0 155000.0 2143033.0 8000.0
155000.0 156000.0 0.0 0.0
156000.0 157000.0 1793203.0 8000.0
157000.0 158000.0 0.0 0.0
158000.0 159000.0 1956982.0 8000.0
159000.0 160000.0 0.0 0.0
160000.0 161000.0 1646588.0 8000.0
161000.0 162000.0 0.0 0.0
162000.0 163000.0 2908.0 0.0
163000.0 164000.0 0.0 0.0
164000.0 165000.0 1327145.5935501626 8000.0
165000.0 166000.0 906179.4064498373 0.0
166000.0 167000.0 1425325.2317461038 8000.0
167000.0 168000.0 2882505.609396675 8000.0
168000.0 169000.0 3217274.403496396 8000.0
169000.0 170000.0 214670.75536082542 0.0
170000.0 171000.0 924340.8840858265 8000.0
171000.0 172000.0 1096531.1159141737 0.0
172000.0 173000.0 2932.0 0.0
173000.0 174000.0 0.0 0.0
174000.0 175000.0 1520234.701960171 8000.0
175000.0 176000.0 422581.29803982895 0.0
176000.0 177000.0 1963303.0 8000.0
177000.0 178000.0 2022897.0 8000.0
178000.0 179000.0 1215.3197834179125 0.0
179000.0 180000.0 1579376.680216582 8000.0
180000.0 181000.0 30083.821112811533 0.0
181000.0 182000.0 2290049.1788871884 8000.0
182000.0 183000.0 1923618.0 8000.0
183000.0 184000.0 0.0 0.0
184000.0 185000.0 1515773.6765729573 8000.0
185000.0 186000.0 217579.32342704255 0.0
186000.0 187000.0 2122945.0 8000.0
187000.0 188000.0 0.0 0.0
188000.0 189000.0 507586.74335877574 8000.0
189000.0 190000.0 1440427.2566412243 0.0
190000.0 191000.0 1170254.3434034095 8000.0
191000.0 192000.0 464230.6565965905 0.0
192000.0 193000.0 2168716.0 8000.0
193000.0 194000.0 0.0 0.0
194000.0 195000.0 2909.0 0.0
195000.0 196000.0 0.0 0.0
196000.0 197000.0 1326566.904437527 8000.0
197000.0 198000.0 2669961.095562473 0.0
198000.0 199000.0 890507.1855642927 8000.0
199000.0 200000.0 996289.8144357073 0.0
200000.0 201000.0 1449157.6806370786 8000.0
201000.0 202000.0 469791.3193629214 0.0
202000.0 203000.0 1894472.0 8000.0
203000.0 204000.0 0.0 0.0
204000.0 205000.0 1579186.12934361 8000.0
205000.0 206000.0 439432.87065639003 0.0
206000.0 207000.0 1969203.0 8000.0
207000.0 208000.0 0.0 0.0
208000.0 209000.0 1954523.0 8000.0
209000.0 210000.0 0.0 0.0
210000.0 211000.0 1939535.0 8000.0
211000.0 212000.0 0.0 0.0
212000.0 213000.0 1463772.4159466887 8000.0
213000.0 214000.0 517291.5840533114 0.0
214000.0 215000.0 1546223.800605245 8000.0
215000.0 216000.0 390715.19939475507 0.0
216000.0 217000.0 1681376.9827890417 8000.0
217000.0 218000.0 313048.0172109583 0.0
218000.0 219000.0 1629018.006987173 8000.0
219000.0 220000.0 385377.9930128268 0.0
220000.0 221000.0 1524134.0141081566 8000.0
221000.0 222000.0 349885.98589184356 0.0
222000.0 223000.0 1466874.9862310148 8000.0
223000.0 224000.0 2505447.013768985 8000.0
224000.0 225000.0 1489539.6425698912 8000.0
225000.0 226000.0 465213.357430109 0.0
226000.0 227000.0 239943.9836501687 8000.0
227000.0 228000.0 1860447.0163498314 0.0
228000.0 229000.0 1634993.3716074992 8000.0
229000.0 230000.0 287412.628392501 0.0
230000.0 231000.0 1754539.7555247764 8000.0
231000.0 232000.0 221473.24447522365 0.0
232000.0 233000.0 1065403.1370770936 8000.0
233000.0 234000.0 980215.8629229064 0.0
234000.0 235000.0 2908.0 0.0
235000.0 236000.0 0.0 0.0
236000.0 237000.0 1439086.5186560052 8000.0
237000.0 238000.0 418994.4813439949 0.0
238000.0 239000.0 1679233.4011401648 8000.0
239000.0 240000.0 317372.59885983524 0.0
240000.0 241000.0 1603609.0098424086 8000.0
241000.0 242000.0 2245293.9901575916 0.0
242000.0 243000.0 0.0 0.0
243000.0 244000.0 709155.1138911869 8000.0
244000.0 245000.0 3005590.597169644 8000.0
245000.0 246000.0 276996.2889391688 0.0
246000.0 247000.0 1382902.8332656608 8000.0
247000.0 248000.0 309785.16673433915 0.0
248000.0 249000.0 1456215.701312498 8000.0
249000.0 250000.0 482848.29868750204 0.0
250000.0 251000.0 1332929.9887372432 8000.0
251000.0 252000.0 601361.0112627568 0.0
252000.0 253000.0 707598.3701460207 8000.0
253000.0 254000.0 1358086.6298539795 0.0
254000.0 255000.0 916624.5144812096 8000.0
255000.0 256000.0 1018254.4855187904 0.0
256000.0 257000.0 2019564.0 8000.0
257000.0 258000.0 0.0 0.0
258000.0 259000.0 1239179.69704773 8000.0
259000.0 260000.0 636823.3029522699 0.0
260000.0 261000.0 2010413.9836820718 8000.0
261000.0 262000.0 7026.016317928343 0.0
262000.0 263000.0 650128.8895763799 8000.0
263000.0 264000.0 3323912.11042362 8000.0
264000.0 265000.0 2912.0 0.0
265000.0 266000.0 0.0 0.0
266000.0 267000.0 1586356.5731070254 8000.0
267000.0 268000.0 323236.42689297465 0.0
268000.0 269000.0 1399821.3140159883 8000.0
269000.0 270000.0 610812.6859840116 0.0
270000.0 271000.0 1638691.727419935 8000.0
271000.0 272000.0 77285.27258006492 0.0
272000.0 273000.0 1472884.797448983 8000.0
273000.0 274000.0 2315328.2025510166 0.0
274000.0 275000.0 1803477.8539876805 8000.0
275000.0 276000.0 388345.14601231966 0.0
276000.0 277000.0 1513039.5430202081 8000.0
277000.0 278000.0 533347.4569797919 0.0
278000.0 279000.0 1215240.4114549644 8000.0
279000.0 280000.0 528341.5885450357 0.0
280000.0 281000.0 1737288.6817549383 8000.0
281000.0 282000.0 396393.3182450617 0.0
282000.0 283000.0 1589615.561856098 8000.0
283000.0 284000.0 421060.43814390193 0.0
284000.0 285000.0 1269588.6657713405 8000.0
285000.0 286000.0 641987.3342286595 0.0
286000.0 287000.0 1212253.2675246282 8000.0
287000.0 288000.0 751781.7324753719 0.0
288000.0 289000.0 1416029.5664265023 8000.0
289000.0 290000.0 495694.4335734977 0.0
290000.0 291000.0 1145122.4705671824 8000.0
291000.0 292000.0 803160.5294328177 0.0
292000.0 293000.0 1608337.2689890063 8000.0
293000.0 294000.0 348641.73101099365 0.0
294000.0 295000.0 1573781.6855015378 8000.0
295000.0 296000.0 401690.31449846237 0.0
296000.0 297000.0 1685145.4518741027 8000.0
297000.0 298000.0 329274.54812589724 0.0
298000.0 299000.0 1608114.887883288 8000.0
299000.0 300000.0 339946.11211671215 0.0
300000.0 301000.0 0.0 0.0
