ts te s_bytes_all avg_video_rate
0.0 1000.0 0.0 0.0
1000.0 2000.0 0.0 0.0
2000.0 3000.0 0.0 0.0
3000.0 4000.0 0.0 0.0
4000.0 5000.0 0.0 0.0
5000.0 6000.0 0.0 0.0
6000.0 7000.0 0.0 0.0
7000.0 8000.0 639805.1071417553 4400.0
8000.0 9000.0 470610.8928582447 0.0
9000.0 10000.0 809177.5800821176 4400.0
10000.0 11000.0 2624176.959713673 4400.0
11000.0 12000.0 3554885.674013089 4400.0
12000.0 13000.0 1773883.7861911205 4400.0
13000.0 14000.0 475915.34876434656 8000.0
14000.0 15000.0 1461710.6512356536 0.0
15000.0 16000.0 755205.4052451627 8000.0
16000.0 17000.0 1229647.5947548372 0.0
17000.0 18000.0 960155.0391218899 8000.0
18000.0 19000.0 1044400.9608781101 0.0
19000.0 20000.0 522732.93654833094 8000.0
20000.0 21000.0 1424255.063451669 0.0
21000.0 22000.0 1963489.0 8000.0
22000.0 23000.0 0.0 0.0
23000.0 24000.0 1943738.0 8000.0
24000.0 25000.0 2004710.0 8000.0
25000.0 26000.0 8562.68761973592 0.0
26000.0 27000.0 2010933.312380264 8000.0
27000.0 28000.0 555482.6797601201 8000.0
28000.0 29000.0 1329335.3202398797 0.0
29000.0 30000.0 507695.4656018544 8000.0
30000.0 31000.0 1350791.5343981457 0.0
31000.0 32000.0 774349.4776265955 8000.0
32000.0 33000.0 1322003.5223734046 0.0
33000.0 34000.0 521105.168496646 8000.0
34000.0 35000.0 1579332.831503354 0.0
35000.0 36000.0 458918.7720217067 8000.0
36000.0 37000.0 1346306.2279782933 0.0
37000.0 38000.0 342383.7603426608 8000.0
38000.0 39000.0 1689117.2396573392 0.0
39000.0 40000.0 633069.847286534 8000.0
40000.0 41000.0 1341507.1527134662 0.0
41000.0 42000.0 508765.2449752356 8000.0
42000.0 43000.0 1485540.7550247645 0.0
43000.0 44000.0 548978.0318438506 8000.0
44000.0 45000.0 1469510.9681561494 0.0
45000.0 46000.0 666094.1741329479 8000.0
46000.0 47000.0 1171029.825867052 0.0
47000.0 48000.0 35623.0 0.0
48000.0 49000.0 0.0 0.0
49000.0 50000.0 693645.4028853376 8000.0
50000.0 51000.0 946306.5971146624 0.0
51000.0 52000.0 808901.4789913297 8000.0
52000.0 53000.0 3329346.5210086703 8000.0
53000.0 54000.0 314616.0860112215 8000.0
54000.0 55000.0 1546074.9139887786 0.0
55000.0 56000.0 368872.3478972939 8000.0
56000.0 57000.0 1495035.652102706 0.0
57000.0 58000.0 623462.8393764535 8000.0
58000.0 59000.0 1424435.1606235462 0.0
59000.0 60000.0 759221.4237065227 8000.0
60000.0 61000.0 1239004.5762934773 0.0
61000.0 62000.0 795417.4853500914 8000.0
62000.0 63000.0 1091473.5146499088 0.0
63000.0 64000.0 162976.30891008122 8000.0
64000.0 65000.0 1796532.691089919 0.0
65000.0 66000.0 437495.66558540694 8000.0
66000.0 67000.0 1517819.3344145932 0.0
67000.0 68000.0 487540.6803527496 8000.0
68000.0 69000.0 3339086.3196472507 8000.0
69000.0 70000.0 730840.7177471716 8000.0
70000.0 71000.0 1188732.2822528284 0.0
71000.0 72000.0 118434.87988788132 8000.0
72000.0 73000.0 707701.4002683708 0.0
73000.0 74000.0 1635323.0444642256 8000.0
74000.0 75000.0 1509342.6753795221 0.0
75000.0 76000.0 865211.3516824676 8000.0
76000.0 77000.0 998576.6483175325 0.0
77000.0 78000.0 784158.6168498116 8000.0
78000.0 79000.0 1253636.3831501883 0.0
79000.0 80000.0 686305.9931401642 8000.0
80000.0 81000.0 1326105.0068598357 0.0
81000.0 82000.0 497568.13448024186 8000.0
82000.0 83000.0 1468842.865519758 0.0
83000.0 84000.0 644632.2363483225 8000.0
84000.0 85000.0 1269346.7636516774 0.0
85000.0 86000.0 552108.4938871786 8000.0
86000.0 87000.0 1378487.5061128214 0.0
87000.0 88000.0 788252.4660198374 8000.0
88000.0 89000.0 1236242.5339801626 0.0
89000.0 90000.0 654432.9103440635 8000.0
90000.0 91000.0 1250827.0896559365 0.0
91000.0 92000.0 520761.5921673899 8000.0
92000.0 93000.0 1522494.4078326102 0.0
93000.0 94000.0 781342.853027188 8000.0
94000.0 95000.0 1173538.1469728122 0.0
95000.0 96000.0 8337.27573196816 0.0
96000.0 97000.0 1912334.7242680318 8000.0
97000.0 98000.0 7579.877567845407 0.0
98000.0 99000.0 1990091.1224321546 8000.0
99000.0 100000.0 269410.658293742 8000.0
100000.0 101000.0 1734191.341706258 0.0
101000.0 102000.0 630574.8176069299 8000.0
102000.0 103000.0 1335200.18239307 0.0
103000.0 104000.0 594649.5976727211 8000.0
104000.0 105000.0 1369315.4023272789 0.0
105000.0 106000.0 1948470.0 8000.0
106000.0 107000.0 0.0 0.0
107000.0 108000.0 1894521.0 8000.0
108000.0 109000.0 2036708.0 8000.0
109000.0 110000.0 7844.498428096252 0.0
110000.0 111000.0 1988276.5015719037 8000.0
111000.0 112000.0 150826.8570938249 8000.0
112000.0 113000.0 1680348.142906175 0.0
113000.0 114000.0 525336.397803454 8000.0
114000.0 115000.0 1452165.602196546 0.0
115000.0 116000.0 256472.69898503798 8000.0
116000.0 117000.0 1819504.301014962 0.0
117000.0 118000.0 2909.0 0.0
118000.0 119000.0 0.0 0.0
119000.0 120000.0 1161827.5435312795 8000.0
120000.0 121000.0 2894157.4564687205 8000.0
121000.0 122000.0 7868.5554271944875 0.0
122000.0 123000.0 1807904.4445728054 8000.0
123000.0 124000.0 468710.3835554255 8000.0
124000.0 125000.0 1330360.6164445744 0.0
125000.0 126000.0 2934.0 0.0
126000.0 127000.0 0.0 0.0
127000.0 128000.0 452200.2048140805 8000.0
128000.0 129000.0 3592547.79518592 8000.0
129000.0 130000.0 513720.98427468986 8000.0
130000.0 131000.0 1390246.0157253102 0.0
131000.0 132000.0 2912.0 0.0
132000.0 133000.0 0.0 0.0
133000.0 134000.0 752692.0679628493 8000.0
134000.0 135000.0 3132678.932037151 8000.0
135000.0 136000.0 445551.5165640727 8000.0
136000.0 137000.0 1573762.4834359272 0.0
137000.0 138000.0 583102.7009448579 8000.0
138000.0 139000.0 1363911.299055142 0.0
139000.0 140000.0 2912.0 0.0
140000.0 141000.0 0.0 0.0
141000.0 142000.0 1218780.7656737391 8000.0
142000.0 143000.0 2727879.2343262606 8000.0
143000.0 144000.0 736782.364150309 8000.0
144000.0 145000.0 1249120.635849691 0.0
145000.0 146000.0 785611.2367406656 8000.0
146000.0 147000.0 1086305.7632593343 0.0
147000.0 148000.0 627274.993557255 8000.0
148000.0 149000.0 1342691.006442745 0.0
149000.0 150000.0 1251925.775306323 8000.0
150000.0 151000.0 2671588.224693677 8000.0
151000.0 152000.0 461677.23401049006 8000.0
152000.0 153000.0 1213497.76598951 0.0
153000.0 154000.0 15302.184751149209 0.0
154000.0 155000.0 2206085.8152488507 8000.0
155000.0 156000.0 2934.0 0.0
156000.0 157000.0 0.0 0.0
157000.0 158000.0 629728.1546891805 8000.0
158000.0 159000.0 1299985.8453108193 0.0
159000.0 160000.0 564080.9337396697 8000.0
160000.0 161000.0 1215447.0662603304 0.0
161000.0 162000.0 762321.6198904583 8000.0
162000.0 163000.0 1430030.3801095416 0.0
163000.0 164000.0 610585.0884899513 8000.0
164000.0 165000.0 1314063.9115100487 0.0
165000.0 166000.0 584321.4346061216 8000.0
166000.0 167000.0 1363912.5653938784 0.0
167000.0 168000.0 667588.6980501192 8000.0
168000.0 169000.0 1242939.3019498808 0.0
169000.0 170000.0 805227.8671076496 8000.0
170000.0 171000.0 3238505.1328923507 8000.0
171000.0 172000.0 2908.0 0.0
172000.0 173000.0 0.0 0.0
173000.0 174000.0 451683.0807438422 8000.0
174000.0 175000.0 1404343.919256158 0.0
175000.0 176000.0 881956.7170450896 8000.0
176000.0 177000.0 1205843.2829549105 0.0
177000.0 178000.0 268822.736116284 8000.0
178000.0 179000.0 3590458.263883716 8000.0
179000.0 180000.0 9094.085523963971 0.0
180000.0 181000.0 2004274.914476036 8000.0
181000.0 182000.0 22773.656761781425 0.0
182000.0 183000.0 1909934.3432382187 8000.0
183000.0 184000.0 2909.0 0.0
184000.0 185000.0 0.0 0.0
185000.0 186000.0 763154.1893727987 8000.0
186000.0 187000.0 3290951.8106272006 8000.0
187000.0 188000.0 245875.20565221706 8000.0
188000.0 189000.0 1612809.7943477829 0.0
189000.0 190000.0 2112476.0 8000.0
190000.0 191000.0 0.0 0.0
191000.0 192000.0 1915323.0 8000.0
192000.0 193000.0 1534890.7052566404 8000.0
193000.0 194000.0 372044.04983282625 0.0
194000.0 195000.0 1645608.2449105333 8000.0
195000.0 196000.0 9023.937158829765 0.0
196000.0 197000.0 1142580.0628411702 8000.0
197000.0 198000.0 26105.82573941927 0.0
198000.0 199000.0 1934110.1742605807 8000.0
199000.0 200000.0 2915.0 0.0
200000.0 201000.0 0.0 0.0
201000.0 202000.0 2909.0 0.0
202000.0 203000.0 0.0 0.0
203000.0 204000.0 159972.44769694144 288.0
204000.0 205000.0 1407168.0329371055 2344.0
205000.0 206000.0 1012468.5193659529 4400.0
206000.0 207000.0 1051384.0 0.0
207000.0 208000.0 163573.71225461664 4400.0
208000.0 209000.0 931114.2877453833 0.0
209000.0 210000.0 189458.86051121633 8000.0
210000.0 211000.0 1818821.139488784 0.0
211000.0 212000.0 316864.17357298866 8000.0
212000.0 213000.0 1485642.8264270113 0.0
213000.0 214000.0 719162.3600287085 8000.0
214000.0 215000.0 1308533.6399712914 0.0
215000.0 216000.0 777410.2976911494 8000.0
216000.0 217000.0 1206039.7023088506 0.0
217000.0 218000.0 779254.4586527308 8000.0
218000.0 219000.0 1212987.5413472692 0.0
219000.0 220000.0 648322.1839115358 8000.0
220000.0 221000.0 1263409.816088464 0.0
221000.0 222000.0 259169.4272058091 8000.0
222000.0 223000.0 1603114.5727941908 0.0
223000.0 224000.0 449374.88408283703 8000.0
224000.0 225000.0 1451238.115917163 0.0
225000.0 226000.0 376834.03613816184 8000.0
226000.0 227000.0 1676175.963861838 0.0
227000.0 228000.0 416567.3092231921 8000.0
228000.0 229000.0 1531039.6907768077 0.0
229000.0 230000.0 540159.2087652669 8000.0
230000.0 231000.0 1416435.791234733 0.0
231000.0 232000.0 615069.5190297867 8000.0
232000.0 233000.0 1412029.4809702132 0.0
233000.0 234000.0 530623.2187076237 8000.0
234000.0 235000.0 1379020.7812923763 0.0
235000.0 236000.0 658881.918651761 8000.0
236000.0 237000.0 3103375.371730975 8000.0
237000.0 238000.0 157878.34256645833 0.0
238000.0 239000.0 1907933.3670508054 8000.0
239000.0 240000.0 9324.79739153334 0.0
240000.0 241000.0 1999883.2026084666 8000.0
241000.0 242000.0 2908.0 0.0
242000.0 243000.0 0.0 0.0
243000.0 244000.0 1924114.0 8000.0
244000.0 245000.0 2013648.0 8000.0
245000.0 246000.0 7701.663107838324 0.0
246000.0 247000.0 1858127.8245948628 8000.0
247000.0 248000.0 79233.43297090834 0.0
248000.0 249000.0 1945173.0793263908 8000.0
249000.0 250000.0 343353.6689277342 8000.0
250000.0 251000.0 1596710.331072266 0.0
251000.0 252000.0 623566.8624797551 8000.0
252000.0 253000.0 1362392.1375202448 0.0
253000.0 254000.0 20681.24859834734 0.0
254000.0 255000.0 2004430.7514016526 8000.0
255000.0 256000.0 263705.83867509937 8000.0
256000.0 257000.0 1705417.1613249006 0.0
257000.0 258000.0 315610.59198321553 8000.0
258000.0 259000.0 1594960.4080167846 0.0
259000.0 260000.0 86982.62094889242 8000.0
260000.0 261000.0 1949382.3790511077 0.0
261000.0 262000.0 281982.136559701 8000.0
262000.0 263000.0 1657422.863440299 0.0
263000.0 264000.0 444445.18633776775 8000.0
264000.0 265000.0 1565716.8136622324 0.0
265000.0 266000.0 241651.16952549116 8000.0
266000.0 267000.0 1673142.830474509 0.0
267000.0 268000.0 575181.0406057308 8000.0
268000.0 269000.0 1287674.9593942692 0.0
269000.0 270000.0 639558.445888756 8000.0
270000.0 271000.0 1353118.5541112442 0.0
271000.0 272000.0 353942.3252875128 8000.0
272000.0 273000.0 1550048.6747124873 0.0
273000.0 274000.0 652089.3324048272 8000.0
274000.0 275000.0 1301089.6675951728 0.0
275000.0 276000.0 214953.6637217683 8000.0
276000.0 277000.0 1633520.3362782318 0.0
277000.0 278000.0 637099.0830734932 8000.0
278000.0 279000.0 1448050.916926507 0.0
279000.0 280000.0 263219.01000490895 8000.0
280000.0 281000.0 1731172.989995091 0.0
281000.0 282000.0 463919.8141941258 8000.0
282000.0 283000.0 1488714.1858058742 0.0
283000.0 284000.0 532656.9847975073 8000.0
284000.0 285000.0 2832640.156577668 8000.0
285000.0 286000.0 618015.1615564628 0.0
286000.0 287000.0 1889665.6970683616 8000.0
287000.0 288000.0 8998.03625953534 0.0
288000.0 289000.0 1966474.9637404648 8000.0
289000.0 290000.0 751.6764481735113 0.0
290000.0 291000.0 1654887.1135322363 8000.0
291000.0 292000.0 300542.482627852 0.0
292000.0 293000.0 1983904.7273917382 8000.0
293000.0 294000.0 8438.041492906179 0.0
294000.0 295000.0 2025185.9585070938 8000.0
295000.0 296000.0 550746.896217561 8000.0
296000.0 297000.0 1315925.1037824391 0.0
297000.0 298000.0 25520.506736139636 0.0
298000.0 299000.0 1897236.4932638605 8000.0
299000.0 300000.0 559480.8424628282 8000.0
