ts te s_bytes_all avg_video_rate
0.0 1000.0 0.0 0.0
1000.0 2000.0 0.0 0.0
2000.0 3000.0 0.0 0.0
3000.0 4000.0 0.0 0.0
4000.0 5000.0 0.0 0.0
5000.0 6000.0 8151.060877229209 0.0
6000.0 7000.0 976604.6766586145 4400.0
7000.0 8000.0 2730073.170214397 4400.0
8000.0 9000.0 2234120.467650175 4400.0
9000.0 10000.0 2389292.263144423 4400.0
10000.0 11000.0 1340126.3614551614 4400.0
11000.0 12000.0 24.0 0.0
12000.0 13000.0 1912559.0 8000.0
13000.0 14000.0 0.0 0.0
14000.0 15000.0 1894613.0 8000.0
15000.0 16000.0 0.0 0.0
16000.0 17000.0 2142091.0 8000.0
17000.0 18000.0 0.0 0.0
18000.0 19000.0 1932051.0 8000.0
19000.0 20000.0 0.0 0.0
20000.0 21000.0 1903247.0 8000.0
21000.0 22000.0 0.0 0.0
22000.0 23000.0 2103270.0 8000.0
23000.0 24000.0 0.0 0.0
24000.0 25000.0 1895769.0 8000.0
25000.0 26000.0 0.0 0.0
26000.0 27000.0 1835197.0 8000.0
27000.0 28000.0 0.0 0.0
28000.0 29000.0 3384275.153941892 8000.0
29000.0 30000.0 685686.8460581083 0.0
30000.0 31000.0 1957610.0 8000.0
31000.0 32000.0 0.0 0.0
32000.0 33000.0 2039868.0 8000.0
33000.0 34000.0 0.0 0.0
34000.0 35000.0 1835212.0 8000.0
35000.0 36000.0 0.0 0.0
36000.0 37000.0 1981229.0 8000.0
37000.0 38000.0 0.0 0.0
38000.0 39000.0 1919615.0 8000.0
39000.0 40000.0 0.0 0.0
40000.0 41000.0 2032876.0 8000.0
41000.0 42000.0 0.0 0.0
42000.0 43000.0 1933069.0 8000.0
43000.0 44000.0 0.0 0.0
44000.0 45000.0 1874359.4009025183 8000.0
45000.0 46000.0 54708.59909748179 0.0
46000.0 47000.0 2102713.0 8000.0
47000.0 48000.0 0.0 0.0
48000.0 49000.0 1900860.0 8000.0
49000.0 50000.0 0.0 0.0
50000.0 51000.0 1959038.0 8000.0
51000.0 52000.0 0.0 0.0
52000.0 53000.0 2031010.0 8000.0
53000.0 54000.0 0.0 0.0
54000.0 55000.0 1933165.0 8000.0
55000.0 56000.0 0.0 0.0
56000.0 57000.0 1908829.0 8000.0
57000.0 58000.0 0.0 0.0
58000.0 59000.0 2035253.0 8000.0
59000.0 60000.0 0.0 0.0
60000.0 61000.0 2058701.0 8000.0
61000.0 62000.0 0.0 0.0
62000.0 63000.0 1807443.0 8000.0
63000.0 64000.0 0.0 0.0
64000.0 65000.0 1992043.0 8000.0
65000.0 66000.0 0.0 0.0
66000.0 67000.0 2201630.0 8000.0
67000.0 68000.0 0.0 0.0
68000.0 69000.0 1888449.0 8000.0
69000.0 70000.0 0.0 0.0
70000.0 71000.0 1864777.0 8000.0
71000.0 72000.0 0.0 0.0
72000.0 73000.0 3701959.9404413663 8000.0
73000.0 74000.0 211125.0595586339 0.0
74000.0 75000.0 2911.0 0.0
75000.0 76000.0 0.0 0.0
76000.0 77000.0 3811774.902007584 8000.0
77000.0 78000.0 121248.09799241596 0.0
78000.0 79000.0 1971111.0 8000.0
79000.0 80000.0 0.0 0.0
80000.0 81000.0 1894457.0 8000.0
81000.0 82000.0 0.0 0.0
82000.0 83000.0 2044421.0 8000.0
83000.0 84000.0 0.0 0.0
84000.0 85000.0 1997800.0 8000.0
85000.0 86000.0 0.0 0.0
86000.0 87000.0 1915319.0 8000.0
87000.0 88000.0 0.0 0.0
88000.0 89000.0 1626023.4914356747 8000.0
89000.0 90000.0 347429.5085643252 0.0
90000.0 91000.0 1944891.0 8000.0
91000.0 92000.0 0.0 0.0
92000.0 93000.0 1945024.0 8000.0
93000.0 94000.0 0.0 0.0
94000.0 95000.0 2011060.0 8000.0
95000.0 96000.0 0.0 0.0
96000.0 97000.0 2020822.0 8000.0
97000.0 98000.0 0.0 0.0
98000.0 99000.0 891991.8993430948 8000.0
99000.0 100000.0 1004045.1006569052 0.0
100000.0 101000.0 2027225.6156239589 8000.0
101000.0 102000.0 4511.3843760410955 0.0
102000.0 103000.0 1910061.0 8000.0
103000.0 104000.0 0.0 0.0
104000.0 105000.0 2015433.0 8000.0
105000.0 106000.0 0.0 0.0
106000.0 107000.0 1973047.0 8000.0
107000.0 108000.0 0.0 0.0
108000.0 109000.0 1962797.0 8000.0
109000.0 110000.0 0.0 0.0
110000.0 111000.0 1892242.0 8000.0
111000.0 112000.0 0.0 0.0
112000.0 113000.0 1932270.0 8000.0
113000.0 114000.0 0.0 0.0
114000.0 115000.0 2033678.0 8000.0
115000.0 116000.0 0.0 0.0
116000.0 117000.0 1943686.0 8000.0
117000.0 118000.0 0.0 0.0
118000.0 119000.0 1880847.0 8000.0
119000.0 120000.0 0.0 0.0
120000.0 121000.0 2033505.0 8000.0
121000.0 122000.0 48.0 0.0
122000.0 123000.0 0.0 0.0
123000.0 124000.0 1641379.3513404622 8000.0
124000.0 125000.0 2502511.1029059943 8000.0
125000.0 126000.0 1832572.5388572868 0.0
126000.0 127000.0 1620077.3301357292 8000.0
127000.0 128000.0 335029.67676052725 0.0
128000.0 129000.0 2111261.0 8000.0
129000.0 130000.0 0.0 0.0
130000.0 131000.0 1653113.0 8000.0
131000.0 132000.0 0.0 0.0
132000.0 133000.0 50842.0 8000.0
133000.0 134000.0 0.0 0.0
134000.0 135000.0 1239630.0 8000.0
135000.0 136000.0 0.0 0.0
136000.0 137000.0 1857244.0 8000.0
137000.0 138000.0 0.0 0.0
138000.0 139000.0 1830697.0 8000.0
139000.0 140000.0 0.0 0.0
140000.0 141000.0 2013153.0 8000.0
141000.0 142000.0 0.0 0.0
142000.0 143000.0 2146529.0 8000.0
143000.0 144000.0 0.0 0.0
144000.0 145000.0 1901774.0 8000.0
145000.0 146000.0 0.0 0.0
146000.0 147000.0 1863336.0 8000.0
147000.0 148000.0 0.0 0.0
148000.0 149000.0 1859673.0 8000.0
149000.0 150000.0 0.0 0.0
150000.0 151000.0 2138242.0 8000.0
151000.0 152000.0 0.0 0.0
152000.0 153000.0 2040973.0 8000.0
153000.0 154000.0 0.0 0.0
154000.0 155000.0 1898962.0 8000.0
155000.0 156000.0 0.0 0.0
156000.0 157000.0 1943166.0 8000.0
157000.0 158000.0 0.0 0.0
158000.0 159000.0 1974869.0 8000.0
159000.0 160000.0 0.0 0.0
160000.0 161000.0 1937973.0 8000.0
161000.0 162000.0 0.0 0.0
162000.0 163000.0 2917.0 0.0
163000.0 164000.0 0.0 0.0
164000.0 165000.0 3854956.9887793427 8000.0
165000.0 166000.0 100906.01122065699 0.0
166000.0 167000.0 1963973.0 8000.0
167000.0 168000.0 0.0 0.0
168000.0 169000.0 2025974.6560419255 8000.0
169000.0 170000.0 1244726.5869740427 0.0
170000.0 171000.0 2660660.7569840318 8000.0
171000.0 172000.0 0.0 0.0
172000.0 173000.0 1868342.0 8000.0
173000.0 174000.0 0.0 0.0
174000.0 175000.0 2056454.0 8000.0
175000.0 176000.0 0.0 0.0
176000.0 177000.0 1957011.0 8000.0
177000.0 178000.0 0.0 0.0
178000.0 179000.0 2916.0 0.0
179000.0 180000.0 1602534.2611361835 8000.0
180000.0 181000.0 346198.7388638167 0.0
181000.0 182000.0 1604082.1201306917 8000.0
182000.0 183000.0 1519496.6361322768 8000.0
183000.0 184000.0 815222.2437370317 0.0
184000.0 185000.0 2009111.0 8000.0
185000.0 186000.0 0.0 0.0
186000.0 187000.0 2105824.0 8000.0
187000.0 188000.0 0.0 0.0
188000.0 189000.0 1814859.0 8000.0
189000.0 190000.0 0.0 0.0
190000.0 191000.0 1997694.0 8000.0
191000.0 192000.0 0.0 0.0
192000.0 193000.0 1837472.0 8000.0
193000.0 194000.0 0.0 0.0
194000.0 195000.0 2117363.0 8000.0
195000.0 196000.0 0.0 0.0
196000.0 197000.0 1952593.0 8000.0
197000.0 198000.0 0.0 0.0
198000.0 199000.0 2024265.0 8000.0
199000.0 200000.0 0.0 0.0
200000.0 201000.0 1786082.0 8000.0
201000.0 202000.0 0.0 0.0
202000.0 203000.0 2094547.0 8000.0
203000.0 204000.0 0.0 0.0
204000.0 205000.0 2012452.0 8000.0
205000.0 206000.0 0.0 0.0
206000.0 207000.0 1983066.0 8000.0
207000.0 208000.0 0.0 0.0
208000.0 209000.0 2066666.0 8000.0
209000.0 210000.0 0.0 0.0
210000.0 211000.0 1829661.0 8000.0
211000.0 212000.0 0.0 0.0
212000.0 213000.0 2022734.0 8000.0
213000.0 214000.0 0.0 0.0
214000.0 215000.0 1875194.0 8000.0
215000.0 216000.0 0.0 0.0
216000.0 217000.0 2919.0 0.0
217000.0 218000.0 0.0 0.0
218000.0 219000.0 3966660.0 8000.0
219000.0 220000.0 0.0 0.0
220000.0 221000.0 3759795.371923308 8000.0
221000.0 222000.0 139492.6280766925 0.0
222000.0 223000.0 1934275.0 8000.0
223000.0 224000.0 0.0 0.0
224000.0 225000.0 1991942.0 8000.0
225000.0 226000.0 0.0 0.0
226000.0 227000.0 1972154.0 8000.0
227000.0 228000.0 0.0 0.0
228000.0 229000.0 1782010.0 8000.0
229000.0 230000.0 0.0 0.0
230000.0 231000.0 2103457.0 8000.0
231000.0 232000.0 0.0 0.0
232000.0 233000.0 2065674.0 8000.0
233000.0 234000.0 0.0 0.0
234000.0 235000.0 1792595.0 8000.0
235000.0 236000.0 0.0 0.0
236000.0 237000.0 2159532.0 8000.0
237000.0 238000.0 0.0 0.0
238000.0 239000.0 1887954.2360864815 8000.0
239000.0 240000.0 12833.763913518389 0.0
240000.0 241000.0 2148753.0 8000.0
241000.0 242000.0 0.0 0.0
242000.0 243000.0 1473729.3342314556 8000.0
243000.0 244000.0 325542.66576854425 0.0
244000.0 245000.0 1859852.0 8000.0
245000.0 246000.0 0.0 0.0
246000.0 247000.0 2054238.0 8000.0
247000.0 248000.0 0.0 0.0
248000.0 249000.0 1988789.0 8000.0
249000.0 250000.0 0.0 0.0
250000.0 251000.0 1769788.0 8000.0
251000.0 252000.0 0.0 0.0
252000.0 253000.0 2076809.0 8000.0
253000.0 254000.0 0.0 0.0
254000.0 255000.0 2030740.0 8000.0
255000.0 256000.0 0.0 0.0
256000.0 257000.0 1990552.0 8000.0
257000.0 258000.0 0.0 0.0
258000.0 259000.0 2083924.0 8000.0
259000.0 260000.0 0.0 0.0
260000.0 261000.0 1849685.0 8000.0
261000.0 262000.0 0.0 0.0
262000.0 263000.0 1870855.0 8000.0
263000.0 264000.0 0.0 0.0
264000.0 265000.0 2072130.0 8000.0
265000.0 266000.0 0.0 0.0
266000.0 267000.0 3873178.5756979436 8000.0
267000.0 268000.0 107285.42430205655 0.0
268000.0 269000.0 1899940.0 8000.0
269000.0 270000.0 0.0 0.0
270000.0 271000.0 1975261.4823463908 8000.0
271000.0 272000.0 32882.51765360904 0.0
272000.0 273000.0 1838450.0 8000.0
273000.0 274000.0 0.0 0.0
274000.0 275000.0 2066604.0 8000.0
275000.0 276000.0 0.0 0.0
276000.0 277000.0 2006992.0 8000.0
277000.0 278000.0 0.0 0.0
278000.0 279000.0 1859092.0 8000.0
279000.0 280000.0 0.0 0.0
280000.0 281000.0 2042308.0 8000.0
281000.0 282000.0 0.0 0.0
282000.0 283000.0 1868965.0 8000.0
283000.0 284000.0 0.0 0.0
284000.0 285000.0 1993308.0 8000.0
285000.0 286000.0 0.0 0.0
286000.0 287000.0 2031437.0 8000.0
287000.0 288000.0 0.0 0.0
288000.0 289000.0 1934788.0 8000.0
289000.0 290000.0 0.0 0.0
290000.0 291000.0 1972277.0 8000.0
291000.0 292000.0 0.0 0.0
292000.0 293000.0 2008792.0 8000.0
293000.0 294000.0 0.0 0.0
294000.0 295000.0 1943529.0 8000.0
295000.0 296000.0 0.0 0.0
296000.0 297000.0 1974035.0 8000.0
297000.0 298000.0 0.0 0.0
298000.0 299000.0 2013388.0 8000.0
299000.0 300000.0 0.0 0.0
300000.0 301000.0 0.0 0.0
