ts te s_bytes_all avg_video_rate
0.0 1000.0 0.0 0.0
1000.0 2000.0 0.0 0.0
2000.0 3000.0 0.0 0.0
3000.0 4000.0 0.0 0.0
4000.0 5000.0 0.0 0.0
5000.0 6000.0 20442.66939750192 0.0
6000.0 7000.0 1004024.330602498 4400.0
7000.0 8000.0 3074633.17096778 4400.0
8000.0 9000.0 1792760.1701835818 4400.0
9000.0 10000.0 2038890.2561108829 4400.0
10000.0 11000.0 1805079.402737755 4400.0
11000.0 12000.0 24.0 0.0
12000.0 13000.0 1111160.0 4400.0
13000.0 14000.0 0.0 0.0
14000.0 15000.0 2002489.0 8000.0
15000.0 16000.0 0.0 0.0
16000.0 17000.0 2016049.0 8000.0
17000.0 18000.0 0.0 0.0
18000.0 19000.0 1828897.0 8000.0
19000.0 20000.0 0.0 0.0
20000.0 21000.0 1990329.0 8000.0
21000.0 22000.0 0.0 0.0
22000.0 23000.0 2029005.0 8000.0
23000.0 24000.0 0.0 0.0
24000.0 25000.0 1961745.0 8000.0
25000.0 26000.0 0.0 0.0
26000.0 27000.0 1982368.0 8000.0
27000.0 28000.0 0.0 0.0
28000.0 29000.0 1730495.0 8000.0
29000.0 30000.0 0.0 0.0
30000.0 31000.0 2219545.0 8000.0
31000.0 32000.0 0.0 0.0
32000.0 33000.0 1929890.0 8000.0
33000.0 34000.0 0.0 0.0
34000.0 35000.0 3875097.0 8000.0
35000.0 36000.0 0.0 0.0
36000.0 37000.0 2013938.0 8000.0
37000.0 38000.0 0.0 0.0
38000.0 39000.0 1766234.0 8000.0
39000.0 40000.0 21.635818028868858 0.0
40000.0 41000.0 1865373.3641819712 8000.0
41000.0 42000.0 0.0 0.0
42000.0 43000.0 1996024.0 8000.0
43000.0 44000.0 0.0 0.0
44000.0 45000.0 1839987.0 8000.0
45000.0 46000.0 0.0 0.0
46000.0 47000.0 1870169.0 8000.0
47000.0 48000.0 0.0 0.0
48000.0 49000.0 1951406.0 8000.0
49000.0 50000.0 0.0 0.0
50000.0 51000.0 2047370.0 8000.0
51000.0 52000.0 0.0 0.0
52000.0 53000.0 1937855.0 8000.0
53000.0 54000.0 0.0 0.0
54000.0 55000.0 1896729.0 8000.0
55000.0 56000.0 0.0 0.0
56000.0 57000.0 1908994.0 8000.0
57000.0 58000.0 0.0 0.0
58000.0 59000.0 2075112.0 8000.0
59000.0 60000.0 0.0 0.0
60000.0 61000.0 1976886.0 8000.0
61000.0 62000.0 0.0 0.0
62000.0 63000.0 1972961.0 8000.0
63000.0 64000.0 0.0 0.0
64000.0 65000.0 950442.8782940769 8000.0
65000.0 66000.0 2937337.1217059228 0.0
66000.0 67000.0 3464.0 0.0
67000.0 68000.0 0.0 0.0
68000.0 69000.0 1991571.0 8000.0
69000.0 70000.0 0.0 0.0
70000.0 71000.0 1982392.0 8000.0
71000.0 72000.0 17.328930344318177 0.0
72000.0 73000.0 1982184.6710696556 8000.0
73000.0 74000.0 0.0 0.0
74000.0 75000.0 1816723.0 8000.0
75000.0 76000.0 0.0 0.0
76000.0 77000.0 1846172.0 8000.0
77000.0 78000.0 0.0 0.0
78000.0 79000.0 1985001.0 8000.0
79000.0 80000.0 0.0 0.0
80000.0 81000.0 1966359.0 8000.0
81000.0 82000.0 0.0 0.0
82000.0 83000.0 3816879.0 8000.0
83000.0 84000.0 0.0 0.0
84000.0 85000.0 1968329.0 8000.0
85000.0 86000.0 0.0 0.0
86000.0 87000.0 2019884.0 8000.0
87000.0 88000.0 0.0 0.0
88000.0 89000.0 1973194.0 8000.0
89000.0 90000.0 0.0 0.0
90000.0 91000.0 1912784.0 8000.0
91000.0 92000.0 0.0 0.0
92000.0 93000.0 2004166.0 8000.0
93000.0 94000.0 0.0 0.0
94000.0 95000.0 1897571.0 8000.0
95000.0 96000.0 0.0 0.0
96000.0 97000.0 2007137.0 8000.0
97000.0 98000.0 0.0 0.0
98000.0 99000.0 1824623.904482932 8000.0
99000.0 100000.0 166068.0955170679 0.0
100000.0 101000.0 1825237.0 8000.0
101000.0 102000.0 0.0 0.0
102000.0 103000.0 2028300.0 8000.0
103000.0 104000.0 0.0 0.0
104000.0 105000.0 2018178.0 8000.0
105000.0 106000.0 0.0 0.0
106000.0 107000.0 1963240.0 8000.0
107000.0 108000.0 0.0 0.0
108000.0 109000.0 1988720.0 8000.0
109000.0 110000.0 0.0 0.0
110000.0 111000.0 1908427.0 8000.0
111000.0 112000.0 0.0 0.0
112000.0 113000.0 2030556.0 8000.0
113000.0 114000.0 0.0 0.0
114000.0 115000.0 1897312.0 8000.0
115000.0 116000.0 0.0 0.0
116000.0 117000.0 3236273.914469662 8000.0
117000.0 118000.0 590471.6865984693 0.0
118000.0 119000.0 459480.3015193976 8000.0
119000.0 120000.0 1317116.303093357 0.0
120000.0 121000.0 179941.79431911418 0.0
121000.0 122000.0 0.0 0.0
122000.0 123000.0 0.0 0.0
123000.0 124000.0 3347669.0885439077 8000.0
124000.0 125000.0 376305.9114560925 0.0
125000.0 126000.0 0.0 0.0
126000.0 127000.0 1882446.0 8000.0
127000.0 128000.0 0.0 0.0
128000.0 129000.0 1860839.0 8000.0
129000.0 130000.0 0.0 0.0
130000.0 131000.0 4034589.0 8000.0
131000.0 132000.0 0.0 0.0
132000.0 133000.0 1945476.0 8000.0
133000.0 134000.0 0.0 0.0
134000.0 135000.0 1939268.0 8000.0
135000.0 136000.0 0.0 0.0
136000.0 137000.0 2080395.0 8000.0
137000.0 138000.0 0.0 0.0
138000.0 139000.0 1957582.0 8000.0
139000.0 140000.0 0.0 0.0
140000.0 141000.0 2022201.0 8000.0
141000.0 142000.0 0.0 0.0
142000.0 143000.0 1889625.0 8000.0
143000.0 144000.0 0.0 0.0
144000.0 145000.0 1913195.0 8000.0
145000.0 146000.0 0.0 0.0
146000.0 147000.0 1951288.0 8000.0
147000.0 148000.0 0.0 0.0
148000.0 149000.0 2912.0 0.0
149000.0 150000.0 0.0 0.0
150000.0 151000.0 2056296.0 8000.0
151000.0 152000.0 0.0 0.0
152000.0 153000.0 3553336.473981426 8000.0
153000.0 154000.0 2258755.6750926124 8000.0
154000.0 155000.0 87750.8509259616 0.0
155000.0 156000.0 0.0 0.0
156000.0 157000.0 2734063.0 8000.0
157000.0 158000.0 970015.1930080829 0.0
158000.0 159000.0 170830.80699191714 0.0
159000.0 160000.0 0.0 0.0
160000.0 161000.0 2020372.0 8000.0
161000.0 162000.0 21.700102436006393 0.0
162000.0 163000.0 2027729.299897564 8000.0
163000.0 164000.0 0.0 0.0
164000.0 165000.0 1882293.0 8000.0
165000.0 166000.0 0.0 0.0
166000.0 167000.0 2046965.0 8000.0
167000.0 168000.0 0.0 0.0
168000.0 169000.0 1901331.0 8000.0
169000.0 170000.0 0.0 0.0
170000.0 171000.0 0.0 0.0
171000.0 172000.0 1103763.3646509028 8000.0
172000.0 173000.0 2882986.635349097 8000.0
173000.0 174000.0 0.0 0.0
174000.0 175000.0 2019809.0 8000.0
175000.0 176000.0 0.0 0.0
176000.0 177000.0 1943490.0 8000.0
177000.0 178000.0 0.0 0.0
178000.0 179000.0 3041080.42558676 8000.0
179000.0 180000.0 879223.5606229233 0.0
180000.0 181000.0 1909545.4770741628 8000.0
181000.0 182000.0 7666.536716154076 0.0
182000.0 183000.0 1907554.9382774131 8000.0
183000.0 184000.0 89956.06172258685 0.0
184000.0 185000.0 1943863.0 8000.0
185000.0 186000.0 0.0 0.0
186000.0 187000.0 1959498.0 8000.0
187000.0 188000.0 0.0 0.0
188000.0 189000.0 2041398.0 8000.0
189000.0 190000.0 0.0 0.0
190000.0 191000.0 1254290.410503232 8000.0
191000.0 192000.0 521118.62624177104 0.0
192000.0 193000.0 2114345.963254997 8000.0
193000.0 194000.0 0.0 0.0
194000.0 195000.0 2021343.0 8000.0
195000.0 196000.0 0.0 0.0
196000.0 197000.0 1938180.0 8000.0
197000.0 198000.0 0.0 0.0
198000.0 199000.0 2005109.0 8000.0
199000.0 200000.0 0.0 0.0
200000.0 201000.0 1919224.0 8000.0
201000.0 202000.0 0.0 0.0
202000.0 203000.0 1959113.0 8000.0
203000.0 204000.0 0.0 0.0
204000.0 205000.0 2034672.0 8000.0
205000.0 206000.0 0.0 0.0
206000.0 207000.0 1824791.0 8000.0
207000.0 208000.0 0.0 0.0
208000.0 209000.0 2116307.0 8000.0
209000.0 210000.0 0.0 0.0
210000.0 211000.0 1945233.0 8000.0
211000.0 212000.0 0.0 0.0
212000.0 213000.0 2008764.0 8000.0
213000.0 214000.0 0.0 0.0
214000.0 215000.0 1931960.0 8000.0
215000.0 216000.0 0.0 0.0
216000.0 217000.0 1968580.0 8000.0
217000.0 218000.0 22.932336790540745 0.0
218000.0 219000.0 2012746.0676632095 8000.0
219000.0 220000.0 0.0 0.0
220000.0 221000.0 1989119.0 8000.0
221000.0 222000.0 0.0 0.0
222000.0 223000.0 1945291.0 8000.0
223000.0 224000.0 0.0 0.0
224000.0 225000.0 1906009.0 8000.0
225000.0 226000.0 0.0 0.0
226000.0 227000.0 3853342.0 8000.0
227000.0 228000.0 0.0 0.0
228000.0 229000.0 1203568.9228325316 8000.0
229000.0 230000.0 761007.8670987433 0.0
230000.0 231000.0 2083300.210068725 8000.0
231000.0 232000.0 20.729380132774512 0.0
232000.0 233000.0 3.270619867225486 0.0
233000.0 234000.0 0.0 0.0
234000.0 235000.0 2913.0 0.0
235000.0 236000.0 0.0 0.0
236000.0 237000.0 2913.0 0.0
237000.0 238000.0 0.0 0.0
238000.0 239000.0 1790632.7434868123 2858.6666666666665
239000.0 240000.0 1317114.5736886398 2344.0
240000.0 241000.0 1258059.682824548 4400.0
241000.0 242000.0 0.0 0.0
242000.0 243000.0 1103716.0 4400.0
243000.0 244000.0 0.0 0.0
244000.0 245000.0 58110.0 4400.0
245000.0 246000.0 1002306.1244469322 0.0
246000.0 247000.0 1144428.8755530678 4400.0
247000.0 248000.0 0.0 0.0
248000.0 249000.0 1020847.0 4400.0
249000.0 250000.0 0.0 0.0
250000.0 251000.0 1202270.0 4400.0
251000.0 252000.0 0.0 0.0
252000.0 253000.0 1077525.0 4400.0
253000.0 254000.0 0.0 0.0
254000.0 255000.0 818542.1221333507 8000.0
255000.0 256000.0 2921009.388695635 8000.0
256000.0 257000.0 140325.48917101414 0.0
257000.0 258000.0 0.0 0.0
258000.0 259000.0 2023847.0 8000.0
259000.0 260000.0 0.0 0.0
260000.0 261000.0 1925897.0 8000.0
261000.0 262000.0 0.0 0.0
262000.0 263000.0 2022825.0 8000.0
263000.0 264000.0 0.0 0.0
264000.0 265000.0 1862743.0 8000.0
265000.0 266000.0 0.0 0.0
266000.0 267000.0 2075452.0 8000.0
267000.0 268000.0 0.0 0.0
268000.0 269000.0 1852148.0 8000.0
269000.0 270000.0 0.0 0.0
270000.0 271000.0 2030742.0 8000.0
271000.0 272000.0 0.0 0.0
272000.0 273000.0 2011524.0 8000.0
273000.0 274000.0 0.0 0.0
274000.0 275000.0 2006966.0 8000.0
275000.0 276000.0 0.0 0.0
276000.0 277000.0 3766523.0 8000.0
277000.0 278000.0 0.0 0.0
278000.0 279000.0 2064904.0 8000.0
279000.0 280000.0 0.0 0.0
280000.0 281000.0 1270552.089005857 8000.0
281000.0 282000.0 2524788.7510814406 8000.0
282000.0 283000.0 138840.15991270196 0.0
283000.0 284000.0 0.0 0.0
284000.0 285000.0 1986531.0 8000.0
285000.0 286000.0 0.0 0.0
286000.0 287000.0 2016137.0 8000.0
287000.0 288000.0 0.0 0.0
288000.0 289000.0 2020374.0 8000.0
289000.0 290000.0 0.0 0.0
290000.0 291000.0 1943330.0 8000.0
291000.0 292000.0 0.0 0.0
292000.0 293000.0 1924077.0 8000.0
293000.0 294000.0 0.0 0.0
294000.0 295000.0 1992721.0 8000.0
295000.0 296000.0 0.0 0.0
296000.0 297000.0 1909787.0 8000.0
297000.0 298000.0 0.0 0.0
298000.0 299000.0 3902112.842440758 8000.0
299000.0 300000.0 80368.1575592424 0.0
300000.0 301000.0 0.0 0.0
