ts te s_bytes_all avg_video_rate
0.0 1000.0 0.0 0.0
1000.0 2000.0 0.0 0.0
2000.0 3000.0 0.0 0.0
3000.0 4000.0 0.0 0.0
4000.0 5000.0 0.0 0.0
5000.0 6000.0 0.0 0.0
6000.0 7000.0 17282.81600446559 0.0
7000.0 8000.0 2203779.707873695 2300.0
8000.0 9000.0 1248846.9736144128 2300.0
9000.0 10000.0 1723114.5025074265 4400.0
10000.0 11000.0 0.0 0.0
11000.0 12000.0 1183526.0 4400.0
12000.0 13000.0 24.0 0.0
13000.0 14000.0 1706941.0 8000.0
14000.0 15000.0 0.0 0.0
15000.0 16000.0 2117497.0 8000.0
16000.0 17000.0 0.0 0.0
17000.0 18000.0 1952712.0 8000.0
18000.0 19000.0 0.0 0.0
19000.0 20000.0 1991499.0 8000.0
20000.0 21000.0 0.0 0.0
21000.0 22000.0 2099224.0 8000.0
22000.0 23000.0 0.0 0.0
23000.0 24000.0 1799903.0 8000.0
24000.0 25000.0 0.0 0.0
25000.0 26000.0 1908920.0 8000.0
26000.0 27000.0 0.0 0.0
27000.0 28000.0 3812113.0 8000.0
28000.0 29000.0 0.0 0.0
29000.0 30000.0 2038804.0 8000.0
30000.0 31000.0 0.0 0.0
31000.0 32000.0 1889244.0 8000.0
32000.0 33000.0 0.0 0.0
33000.0 34000.0 1957960.0 8000.0
34000.0 35000.0 0.0 0.0
35000.0 36000.0 2014983.0 8000.0
36000.0 37000.0 0.0 0.0
37000.0 38000.0 2016242.0 8000.0
38000.0 39000.0 0.0 0.0
39000.0 40000.0 1951268.0 8000.0
40000.0 41000.0 0.0 0.0
41000.0 42000.0 1854245.0 8000.0
42000.0 43000.0 0.0 0.0
43000.0 44000.0 1965365.0 8000.0
44000.0 45000.0 0.0 0.0
45000.0 46000.0 1975430.0 8000.0
46000.0 47000.0 0.0 0.0
47000.0 48000.0 2195185.0 8000.0
48000.0 49000.0 0.0 0.0
49000.0 50000.0 1722225.0 8000.0
50000.0 51000.0 0.0 0.0
51000.0 52000.0 1897750.0 8000.0
52000.0 53000.0 0.0 0.0
53000.0 54000.0 3991606.0 8000.0
54000.0 55000.0 0.0 0.0
55000.0 56000.0 1944617.0 8000.0
56000.0 57000.0 0.0 0.0
57000.0 58000.0 1922669.0 8000.0
58000.0 59000.0 21.841835148151947 0.0
59000.0 60000.0 1971679.1581648518 8000.0
60000.0 61000.0 0.0 0.0
61000.0 62000.0 2913.0 0.0
62000.0 63000.0 0.0 0.0
63000.0 64000.0 3935713.0 8000.0
64000.0 65000.0 0.0 0.0
65000.0 66000.0 1953853.0 8000.0
66000.0 67000.0 0.0 0.0
67000.0 68000.0 1947935.0 8000.0
68000.0 69000.0 0.0 0.0
69000.0 70000.0 2024825.0 8000.0
70000.0 71000.0 0.0 0.0
71000.0 72000.0 1880024.0 8000.0
72000.0 73000.0 0.0 0.0
73000.0 74000.0 1969806.0 8000.0
74000.0 75000.0 0.0 0.0
75000.0 76000.0 2913.0 0.0
76000.0 77000.0 0.0 0.0
77000.0 78000.0 3784375.0 8000.0
78000.0 79000.0 0.0 0.0
79000.0 80000.0 2009974.0 8000.0
80000.0 81000.0 0.0 0.0
81000.0 82000.0 1970360.0 8000.0
82000.0 83000.0 0.0 0.0
83000.0 84000.0 2915.0 0.0
84000.0 85000.0 0.0 0.0
85000.0 86000.0 3864267.0 8000.0
86000.0 87000.0 0.0 0.0
87000.0 88000.0 2136943.0 8000.0
88000.0 89000.0 0.0 0.0
89000.0 90000.0 1984613.0 8000.0
90000.0 91000.0 19.48842612544955 0.0
91000.0 92000.0 1960381.5115738746 8000.0
92000.0 93000.0 0.0 0.0
93000.0 94000.0 1982234.0 8000.0
94000.0 95000.0 0.0 0.0
95000.0 96000.0 1970662.0 8000.0
96000.0 97000.0 0.0 0.0
97000.0 98000.0 4102764.0 8000.0
98000.0 99000.0 0.0 0.0
99000.0 100000.0 1667479.7559766925 8000.0
100000.0 101000.0 112573.24402330737 0.0
101000.0 102000.0 2917.0 0.0
102000.0 103000.0 0.0 0.0
103000.0 104000.0 3887338.0 8000.0
104000.0 105000.0 0.0 0.0
105000.0 106000.0 2001164.0 8000.0
106000.0 107000.0 0.0 0.0
107000.0 108000.0 1841387.0 8000.0
108000.0 109000.0 0.0 0.0
109000.0 110000.0 2914.0 0.0
110000.0 111000.0 0.0 0.0
111000.0 112000.0 1974318.0 8000.0
112000.0 113000.0 1183150.298942255 8000.0
113000.0 114000.0 844448.701057745 0.0
114000.0 115000.0 1162068.6761795874 8000.0
115000.0 116000.0 846230.3238204126 0.0
116000.0 117000.0 1513264.6288718032 8000.0
117000.0 118000.0 121713.18241219656 0.0
118000.0 119000.0 2103962.188716 8000.0
119000.0 120000.0 1921228.0 8000.0
120000.0 121000.0 0.0 0.0
121000.0 122000.0 2910.0 0.0
122000.0 123000.0 0.0 0.0
123000.0 124000.0 1956151.0 8000.0
124000.0 125000.0 0.0 0.0
125000.0 126000.0 2079361.0 8000.0
126000.0 127000.0 0.0 0.0
127000.0 128000.0 3811623.0 8000.0
128000.0 129000.0 0.0 0.0
129000.0 130000.0 1848393.0 8000.0
130000.0 131000.0 0.0 0.0
131000.0 132000.0 2154762.0 8000.0
132000.0 133000.0 19.480976547420298 0.0
133000.0 134000.0 1917650.5190234527 8000.0
134000.0 135000.0 0.0 0.0
135000.0 136000.0 2024166.0 8000.0
136000.0 137000.0 0.0 0.0
137000.0 138000.0 1908380.0 8000.0
138000.0 139000.0 0.0 0.0
139000.0 140000.0 1873730.0 8000.0
140000.0 141000.0 0.0 0.0
141000.0 142000.0 2002696.0 8000.0
142000.0 143000.0 0.0 0.0
143000.0 144000.0 1942062.0 8000.0
144000.0 145000.0 0.0 0.0
145000.0 146000.0 2111400.0 8000.0
146000.0 147000.0 0.0 0.0
147000.0 148000.0 1802122.0 8000.0
148000.0 149000.0 0.0 0.0
149000.0 150000.0 2079564.0 8000.0
150000.0 151000.0 0.0 0.0
151000.0 152000.0 1928287.0 8000.0
152000.0 153000.0 0.0 0.0
153000.0 154000.0 2054094.0 8000.0
154000.0 155000.0 0.0 0.0
155000.0 156000.0 1814300.0 8000.0
156000.0 157000.0 0.0 0.0
157000.0 158000.0 2034251.0 8000.0
158000.0 159000.0 0.0 0.0
159000.0 160000.0 1842553.0 8000.0
160000.0 161000.0 0.0 0.0
161000.0 162000.0 2171218.0 8000.0
162000.0 163000.0 0.0 0.0
163000.0 164000.0 3667560.6750178263 8000.0
164000.0 165000.0 126638.32498217352 0.0
165000.0 166000.0 2915.0 0.0
166000.0 167000.0 0.0 0.0
167000.0 168000.0 1985250.0 8000.0
168000.0 169000.0 18.06035820381647 0.0
169000.0 170000.0 3874166.939641796 8000.0
170000.0 171000.0 0.0 0.0
171000.0 172000.0 2122323.0 8000.0
172000.0 173000.0 0.0 0.0
173000.0 174000.0 1928757.0 8000.0
174000.0 175000.0 0.0 0.0
175000.0 176000.0 1904185.0 8000.0
176000.0 177000.0 0.0 0.0
177000.0 178000.0 2091996.0 8000.0
178000.0 179000.0 0.0 0.0
179000.0 180000.0 1954590.0 8000.0
180000.0 181000.0 0.0 0.0
181000.0 182000.0 1872171.0 8000.0
182000.0 183000.0 0.0 0.0
183000.0 184000.0 2114868.0 8000.0
184000.0 185000.0 0.0 0.0
185000.0 186000.0 2100083.0 8000.0
186000.0 187000.0 0.0 0.0
187000.0 188000.0 1618654.0 8000.0
188000.0 189000.0 0.0 0.0
189000.0 190000.0 1678584.814043583 8000.0
190000.0 191000.0 479581.18595641694 0.0
191000.0 192000.0 1888498.0 8000.0
192000.0 193000.0 0.0 0.0
193000.0 194000.0 1876821.0 8000.0
194000.0 195000.0 0.0 0.0
195000.0 196000.0 1956288.0 8000.0
196000.0 197000.0 0.0 0.0
197000.0 198000.0 2006827.0 8000.0
198000.0 199000.0 0.0 0.0
199000.0 200000.0 1913565.0 8000.0
200000.0 201000.0 0.0 0.0
201000.0 202000.0 2090807.0 8000.0
202000.0 203000.0 0.0 0.0
203000.0 204000.0 3816791.0 8000.0
204000.0 205000.0 0.0 0.0
205000.0 206000.0 2915.0 0.0
206000.0 207000.0 0.0 0.0
207000.0 208000.0 4001752.0 8000.0
208000.0 209000.0 0.0 0.0
209000.0 210000.0 2088488.0 8000.0
210000.0 211000.0 0.0 0.0
211000.0 212000.0 2914.0 0.0
212000.0 213000.0 0.0 0.0
213000.0 214000.0 1829953.0 8000.0
214000.0 215000.0 0.0 0.0
215000.0 216000.0 1974306.0 8000.0
216000.0 217000.0 0.0 0.0
217000.0 218000.0 1887173.0 8000.0
218000.0 219000.0 0.0 0.0
219000.0 220000.0 2146800.0 8000.0
220000.0 221000.0 0.0 0.0
221000.0 222000.0 3832100.0 8000.0
222000.0 223000.0 0.0 0.0
223000.0 224000.0 1918636.0 8000.0
224000.0 225000.0 0.0 0.0
225000.0 226000.0 2064213.0 8000.0
226000.0 227000.0 0.0 0.0
227000.0 228000.0 1891270.0 8000.0
228000.0 229000.0 0.0 0.0
229000.0 230000.0 2911.0 0.0
230000.0 231000.0 0.0 0.0
231000.0 232000.0 3474314.569792825 8000.0
232000.0 233000.0 364545.43020717555 0.0
233000.0 234000.0 1826012.0 8000.0
234000.0 235000.0 0.0 0.0
235000.0 236000.0 2147043.0 8000.0
236000.0 237000.0 0.0 0.0
237000.0 238000.0 1869268.0 8000.0
238000.0 239000.0 0.0 0.0
239000.0 240000.0 1901552.0 8000.0
240000.0 241000.0 0.0 0.0
241000.0 242000.0 2107914.0 8000.0
242000.0 243000.0 0.0 0.0
243000.0 244000.0 1936539.0 8000.0
244000.0 245000.0 0.0 0.0
245000.0 246000.0 2083102.0 8000.0
246000.0 247000.0 0.0 0.0
247000.0 248000.0 1838942.0 8000.0
248000.0 249000.0 0.0 0.0
249000.0 250000.0 4057071.0 8000.0
250000.0 251000.0 0.0 0.0
251000.0 252000.0 1716553.0 8000.0
252000.0 253000.0 0.0 0.0
253000.0 254000.0 2034603.0 8000.0
254000.0 255000.0 0.0 0.0
255000.0 256000.0 1989639.0 8000.0
256000.0 257000.0 0.0 0.0
257000.0 258000.0 1964269.0 8000.0
258000.0 259000.0 0.0 0.0
259000.0 260000.0 1831923.0 8000.0
260000.0 261000.0 0.0 0.0
261000.0 262000.0 1830578.0 8000.0
262000.0 263000.0 0.0 0.0
263000.0 264000.0 1889625.0 8000.0
264000.0 265000.0 0.0 0.0
265000.0 266000.0 2016013.0 8000.0
266000.0 267000.0 0.0 0.0
267000.0 268000.0 2919.0 0.0
268000.0 269000.0 1158107.1958162375 8000.0
269000.0 270000.0 799105.8041837625 0.0
270000.0 271000.0 1191299.3775609222 8000.0
271000.0 272000.0 822728.6224390779 0.0
272000.0 273000.0 1912420.0 8000.0
273000.0 274000.0 9140.57537660121 0.0
274000.0 275000.0 1961971.4246233988 8000.0
275000.0 276000.0 2021907.0 8000.0
276000.0 277000.0 0.0 0.0
277000.0 278000.0 1974162.0 8000.0
278000.0 279000.0 0.0 0.0
279000.0 280000.0 2915.0 0.0
280000.0 281000.0 0.0 0.0
281000.0 282000.0 3964260.0 8000.0
282000.0 283000.0 0.0 0.0
283000.0 284000.0 1890849.0 8000.0
284000.0 285000.0 0.0 0.0
285000.0 286000.0 1894609.0 8000.0
286000.0 287000.0 0.0 0.0
287000.0 288000.0 2053699.0 8000.0
288000.0 289000.0 0.0 0.0
289000.0 290000.0 1987069.0 8000.0
290000.0 291000.0 0.0 0.0
291000.0 292000.0 3721175.0 8000.0
292000.0 293000.0 0.0 0.0
293000.0 294000.0 2916.0 0.0
294000.0 295000.0 21.272591520971552 0.0
295000.0 296000.0 3946171.727408479 8000.0
296000.0 297000.0 0.0 0.0
297000.0 298000.0 2914.0 0.0
298000.0 299000.0 0.0 0.0
299000.0 300000.0 3846932.5502789533 8000.0
