ts te s_bytes_all avg_video_rate
0.0 1000.0 0.0 0.0
1000.0 2000.0 0.0 0.0
2000.0 3000.0 0.0 0.0
3000.0 4000.0 0.0 0.0
4000.0 5000.0 0.0 0.0
5000.0 6000.0 0.0 0.0
6000.0 7000.0 6437.0 0.0
7000.0 8000.0 316882.63508657337 4400.0
8000.0 9000.0 1432616.9196363334 4400.0
9000.0 10000.0 2695089.4766246877 3000.0
10000.0 11000.0 1338982.5364088295 3350.0
11000.0 12000.0 2003477.4322435758 4400.0
12000.0 13000.0 180983.6912355879 8000.0
13000.0 14000.0 1643062.3087644123 0.0
14000.0 15000.0 2081339.0 8000.0
15000.0 16000.0 11023.68515529482 0.0
16000.0 17000.0 1970348.3148447052 8000.0
17000.0 18000.0 540699.4549173936 8000.0
18000.0 19000.0 1246898.5450826064 0.0
19000.0 20000.0 597468.7625706119 8000.0
20000.0 21000.0 1585874.237429388 0.0
21000.0 22000.0 1901748.3268906344 8000.0
22000.0 23000.0 1991.6731093656076 0.0
23000.0 24000.0 2121294.8834048845 8000.0
24000.0 25000.0 173265.83775510755 8000.0
25000.0 26000.0 1717892.278840008 0.0
26000.0 27000.0 153234.65566353887 8000.0
27000.0 28000.0 1739654.344336461 0.0
28000.0 29000.0 2057036.0 8000.0
29000.0 30000.0 8986.25203632725 0.0
30000.0 31000.0 1904081.7479636727 8000.0
31000.0 32000.0 497021.48605191277 8000.0
32000.0 33000.0 1493988.5139480873 0.0
33000.0 34000.0 363743.60345412575 8000.0
34000.0 35000.0 1516406.3965458744 0.0
35000.0 36000.0 2045631.944202901 8000.0
36000.0 37000.0 43085.05579709879 0.0
37000.0 38000.0 1919929.897761283 8000.0
38000.0 39000.0 172269.47786358956 8000.0
39000.0 40000.0 1802006.6243751273 0.0
40000.0 41000.0 174297.71503125902 8000.0
41000.0 42000.0 1843958.284968741 0.0
42000.0 43000.0 161672.0626404382 8000.0
43000.0 44000.0 1753134.9373595617 0.0
44000.0 45000.0 151636.21289675083 8000.0
45000.0 46000.0 1730308.7871032492 0.0
46000.0 47000.0 2075562.0 8000.0
47000.0 48000.0 8968.691851806641 0.0
48000.0 49000.0 1898047.3081481934 8000.0
49000.0 50000.0 9023.968406531223 0.0
50000.0 51000.0 2025299.0315934687 8000.0
51000.0 52000.0 8857.798065503483 0.0
52000.0 53000.0 1977281.7322687255 8000.0
53000.0 54000.0 10158.55533112808 0.0
54000.0 55000.0 1605451.1592544625 8000.0
55000.0 56000.0 307230.4194335541 8000.0
56000.0 57000.0 1854124.335646626 0.0
57000.0 58000.0 377766.8553329805 8000.0
58000.0 59000.0 1719599.1446670194 0.0
59000.0 60000.0 434921.4462818386 8000.0
60000.0 61000.0 1539795.5537181615 0.0
61000.0 62000.0 548570.2826340272 8000.0
62000.0 63000.0 1399331.717365973 0.0
63000.0 64000.0 367601.22469277366 8000.0
64000.0 65000.0 1710895.7753072262 0.0
65000.0 66000.0 308765.23552458803 8000.0
66000.0 67000.0 1518755.764475412 0.0
67000.0 68000.0 1953902.6518893375 8000.0
68000.0 69000.0 1888.3481106625486 0.0
69000.0 70000.0 1980379.0918695123 8000.0
70000.0 71000.0 1871.9081304875679 0.0
71000.0 72000.0 1980511.6625580816 8000.0
72000.0 73000.0 2680.3374419184493 0.0
73000.0 74000.0 1674731.713800563 8000.0
74000.0 75000.0 232135.28619943708 0.0
75000.0 76000.0 2023369.6384182153 8000.0
76000.0 77000.0 1876.3615817845875 0.0
77000.0 78000.0 1709579.5622501243 8000.0
78000.0 79000.0 176801.83274790185 8000.0
79000.0 80000.0 1856671.6050019737 0.0
80000.0 81000.0 0.0 0.0
81000.0 82000.0 2139545.294683108 8000.0
82000.0 83000.0 160216.3221957269 8000.0
83000.0 84000.0 1672445.3831211645 0.0
84000.0 85000.0 343707.69624196773 8000.0
85000.0 86000.0 1693123.2229080752 0.0
86000.0 87000.0 165114.35694533426 8000.0
87000.0 88000.0 1685914.7239046227 0.0
88000.0 89000.0 551288.7140167147 8000.0
89000.0 90000.0 1316229.656741206 0.0
90000.0 91000.0 168604.87104201416 8000.0
91000.0 92000.0 1685523.7582000652 0.0
92000.0 93000.0 2162511.0 8000.0
93000.0 94000.0 8918.502802115276 0.0
94000.0 95000.0 1956373.4971978848 8000.0
95000.0 96000.0 0.0 0.0
96000.0 97000.0 0.0 0.0
97000.0 98000.0 1896.7806466776897 0.0
98000.0 99000.0 1022.2193533223102 0.0
99000.0 100000.0 1637.5860036384959 0.0
100000.0 101000.0 1281.4139963615044 0.0
101000.0 102000.0 2907675.9879632127 8000.0
102000.0 103000.0 5024962.012036787 8000.0
103000.0 104000.0 432276.98092409637 8000.0
104000.0 105000.0 1385269.0190759036 0.0
105000.0 106000.0 497981.12536914035 8000.0
106000.0 107000.0 1493166.9727016594 0.0
107000.0 108000.0 340228.71500438417 8000.0
108000.0 109000.0 1701692.1869248163 0.0
109000.0 110000.0 15950.686445223688 0.0
110000.0 111000.0 1934094.3135547764 8000.0
111000.0 112000.0 315180.61508272093 8000.0
112000.0 113000.0 1660975.3849172788 0.0
113000.0 114000.0 280757.8817059911 8000.0
114000.0 115000.0 1700330.118294009 0.0
115000.0 116000.0 421280.9641281685 8000.0
116000.0 117000.0 1525263.0358718315 0.0
117000.0 118000.0 18571.540224525506 8000.0
118000.0 119000.0 17436.459775474497 0.0
119000.0 120000.0 2290676.7950878995 8000.0
120000.0 121000.0 1662968.2049121002 0.0
121000.0 122000.0 370093.7758191844 8000.0
122000.0 123000.0 1599984.2241808155 0.0
123000.0 124000.0 0.0 0.0
124000.0 125000.0 1627210.5339256576 8000.0
125000.0 126000.0 2252842.0224051727 8000.0
126000.0 127000.0 183650.95239628784 8000.0
127000.0 128000.0 1816906.4912728814 0.0
128000.0 129000.0 168683.62526905077 8000.0
129000.0 130000.0 1724990.3747309493 0.0
130000.0 131000.0 158112.9451621456 8000.0
131000.0 132000.0 1822360.0548378543 0.0
132000.0 133000.0 163140.08385870434 8000.0
133000.0 134000.0 1827179.9161412956 0.0
134000.0 135000.0 151445.32247458404 8000.0
135000.0 136000.0 1768297.6775254158 0.0
136000.0 137000.0 191376.20795533704 8000.0
137000.0 138000.0 1847621.4505948855 0.0
138000.0 139000.0 1978643.3414497774 8000.0
139000.0 140000.0 2433.9662218607 0.0
140000.0 141000.0 159471.56279946168 8000.0
141000.0 142000.0 1735797.4709786777 0.0
142000.0 143000.0 1868082.0 8000.0
143000.0 144000.0 9005.47109140271 0.0
144000.0 145000.0 2074958.0415736646 8000.0
145000.0 146000.0 146628.56013583636 0.0
146000.0 147000.0 1344928.685296896 8000.0
147000.0 148000.0 308742.55217517674 0.0
148000.0 149000.0 1590830.6897270235 8000.0
149000.0 150000.0 8864.853115376918 0.0
150000.0 151000.0 1889828.146884623 8000.0
151000.0 152000.0 9032.147477004426 0.0
152000.0 153000.0 2170614.852522996 8000.0
153000.0 154000.0 555807.0484096869 8000.0
154000.0 155000.0 1358253.9515903133 0.0
155000.0 156000.0 946207.1575755803 8000.0
156000.0 157000.0 1044255.8424244197 0.0
157000.0 158000.0 359605.39787744975 8000.0
158000.0 159000.0 1630983.6021225501 0.0
159000.0 160000.0 312319.02134850645 8000.0
160000.0 161000.0 1631742.9786514936 0.0
161000.0 162000.0 390383.71159714874 8000.0
162000.0 163000.0 1398202.2884028514 0.0
163000.0 164000.0 2071414.9941459873 8000.0
164000.0 165000.0 1869.0058540126697 0.0
165000.0 166000.0 2012232.1481860357 8000.0
166000.0 167000.0 7256.8518139643475 0.0
167000.0 168000.0 1981202.387240214 8000.0
168000.0 169000.0 484.6127597859267 0.0
169000.0 170000.0 2008276.4572962848 8000.0
170000.0 171000.0 1813.5427037152153 0.0
171000.0 172000.0 1897366.8905555126 8000.0
172000.0 173000.0 2632.109444487361 0.0
173000.0 174000.0 1940910.0554050968 8000.0
174000.0 175000.0 178733.27587172072 8000.0
175000.0 176000.0 1790663.6687231825 0.0
176000.0 177000.0 0.0 0.0
177000.0 178000.0 1583091.4903981832 8000.0
178000.0 179000.0 646604.2380148141 8000.0
179000.0 180000.0 1703462.2715870028 0.0
180000.0 181000.0 0.0 0.0
181000.0 182000.0 464166.2649717574 8000.0
182000.0 183000.0 1537822.280812908 8000.0
183000.0 184000.0 2022894.454215335 0.0
184000.0 185000.0 142432.840155088 8000.0
185000.0 186000.0 1537480.1598449121 0.0
186000.0 187000.0 168727.7176853362 8000.0
187000.0 188000.0 1849731.2823146638 0.0
188000.0 189000.0 173299.06595345752 8000.0
189000.0 190000.0 1822380.9340465425 0.0
190000.0 191000.0 1400542.3384853755 8000.0
191000.0 192000.0 644075.749254864 0.0
192000.0 193000.0 1942559.9122597605 8000.0
193000.0 194000.0 10369.335295372728 0.0
194000.0 195000.0 1962059.0658605692 8000.0
195000.0 196000.0 35634.47057379387 0.0
196000.0 197000.0 496.128270264331 0.0
197000.0 198000.0 206325.67592261118 8000.0
198000.0 199000.0 1625561.3240773887 0.0
199000.0 200000.0 371013.48514421075 8000.0
200000.0 201000.0 1600057.5148557893 0.0
201000.0 202000.0 455321.90942538396 8000.0
202000.0 203000.0 1535807.090574616 0.0
203000.0 204000.0 1713328.1027889308 8000.0
204000.0 205000.0 322565.00388314243 8000.0
205000.0 206000.0 1990616.8933279268 0.0
206000.0 207000.0 203092.1583193 8000.0
207000.0 208000.0 1812625.8416807 0.0
208000.0 209000.0 1968447.0 8000.0
209000.0 210000.0 8412.593704230976 0.0
210000.0 211000.0 1781195.406295769 8000.0
211000.0 212000.0 428561.6869568941 8000.0
212000.0 213000.0 1560043.361427932 0.0
213000.0 214000.0 243083.53849287794 8000.0
214000.0 215000.0 1726404.413122296 0.0
215000.0 216000.0 333553.5150286006 8000.0
216000.0 217000.0 1737532.4849713994 0.0
217000.0 218000.0 319260.0128762502 8000.0
218000.0 219000.0 1573775.98712375 0.0
219000.0 220000.0 2055943.6958517 8000.0
220000.0 221000.0 2492.3041483001516 0.0
221000.0 222000.0 1850453.7012511033 8000.0
222000.0 223000.0 1133.2987488966503 0.0
223000.0 224000.0 1935099.373925766 8000.0
224000.0 225000.0 195634.4146044429 8000.0
225000.0 226000.0 1938764.2114697911 0.0
226000.0 227000.0 161019.75718472275 8000.0
227000.0 228000.0 1722654.2428152773 0.0
228000.0 229000.0 166152.95565924328 8000.0
229000.0 230000.0 1737572.0443407567 0.0
230000.0 231000.0 163024.05125150562 8000.0
231000.0 232000.0 1883017.9487484943 0.0
232000.0 233000.0 164098.69007855188 8000.0
233000.0 234000.0 1855648.3099214481 0.0
234000.0 235000.0 168241.2216648862 8000.0
235000.0 236000.0 1831650.7783351138 0.0
236000.0 237000.0 1508596.2460728346 8000.0
237000.0 238000.0 133074.3261428414 0.0
238000.0 239000.0 352076.8964837438 8000.0
239000.0 240000.0 1309360.5313005801 0.0
240000.0 241000.0 1762501.0 8000.0
241000.0 242000.0 8509.129732821124 0.0
242000.0 243000.0 2069220.8702671789 8000.0
243000.0 244000.0 0.0 0.0
244000.0 245000.0 2002333.0 8000.0
245000.0 246000.0 8879.688796597095 0.0
246000.0 247000.0 1927694.311203403 8000.0
247000.0 248000.0 396345.76086362824 8000.0
248000.0 249000.0 1606822.239136372 0.0
249000.0 250000.0 156672.41744588566 8000.0
250000.0 251000.0 1721919.5825541143 0.0
251000.0 252000.0 580761.2227015614 8000.0
252000.0 253000.0 1420057.7772984384 0.0
253000.0 254000.0 241873.07138327122 8000.0
254000.0 255000.0 1723524.9286167286 0.0
255000.0 256000.0 327786.93836485094 8000.0
256000.0 257000.0 1721574.0616351492 0.0
257000.0 258000.0 1281579.6823233191 8000.0
258000.0 259000.0 626063.3176766809 0.0
259000.0 260000.0 293309.1752353675 8000.0
260000.0 261000.0 1742367.8247646326 0.0
261000.0 262000.0 1916366.7240534476 8000.0
262000.0 263000.0 1672.2759465524769 0.0
263000.0 264000.0 1953529.4614977916 8000.0
264000.0 265000.0 2495.5385022083437 0.0
265000.0 266000.0 2004238.5847836623 8000.0
266000.0 267000.0 1866.4152163377626 0.0
267000.0 268000.0 1783241.265521992 8000.0
268000.0 269000.0 99322.73447800793 0.0
269000.0 270000.0 1986465.1770991902 8000.0
270000.0 271000.0 103269.82290080976 0.0
271000.0 272000.0 1800224.2165880725 8000.0
272000.0 273000.0 674589.604560182 8000.0
273000.0 274000.0 1392151.1788517453 0.0
274000.0 275000.0 164128.8404265177 8000.0
275000.0 276000.0 1827534.1595734821 0.0
276000.0 277000.0 0.0 0.0
277000.0 278000.0 2287.7287790801834 0.0
278000.0 279000.0 163920.29144957365 8000.0
279000.0 280000.0 1683550.979771346 0.0
280000.0 281000.0 2111720.0 8000.0
281000.0 282000.0 299237.710781535 8000.0
282000.0 283000.0 1764355.2892184649 0.0
283000.0 284000.0 723727.6273413654 8000.0
284000.0 285000.0 1119735.3726586343 0.0
285000.0 286000.0 1993912.5171667268 8000.0
286000.0 287000.0 1562.4828332732277 0.0
287000.0 288000.0 1469052.5116682525 8000.0
288000.0 289000.0 657480.1469545804 8000.0
289000.0 290000.0 1745851.3413771668 0.0
290000.0 291000.0 165924.7963857594 8000.0
291000.0 292000.0 1746057.2036142407 0.0
292000.0 293000.0 2069713.0 8000.0
293000.0 294000.0 9142.737660890818 0.0
294000.0 295000.0 1898984.262339109 8000.0
295000.0 296000.0 669706.0940635549 8000.0
296000.0 297000.0 1273030.905936445 0.0
297000.0 298000.0 228204.28166903133 8000.0
298000.0 299000.0 1800088.7183309686 0.0
299000.0 300000.0 19976.48682915166 0.0
