ts te s_bytes_all avg_video_rate
0.0 1000.0 0.0 0.0
1000.0 2000.0 0.0 0.0
2000.0 3000.0 0.0 0.0
3000.0 4000.0 0.0 0.0
4000.0 5000.0 0.0 0.0
5000.0 6000.0 0.0 0.0
6000.0 7000.0 0.0 0.0
7000.0 8000.0 1400.0 0.0
8000.0 9000.0 0.0 0.0
9000.0 10000.0 0.0 0.0
10000.0 11000.0 1889.7972382572734 0.0
11000.0 12000.0 809321.2748622525 4400.0
12000.0 13000.0 305083.9278994902 0.0
13000.0 14000.0 73610.63063560419 288.0
14000.0 15000.0 60716.58489245322 288.0
15000.0 16000.0 168362.0873813034 288.0
16000.0 17000.0 178756.78811538307 288.0
17000.0 18000.0 120644.56060200123 288.0
18000.0 19000.0 740493.3141216636 2300.0
19000.0 20000.0 560870.1364331453 0.0
20000.0 21000.0 187508.0964767591 6500.0
21000.0 22000.0 734548.4381036254 0.0
22000.0 23000.0 632982.7352390591 6500.0
23000.0 24000.0 400608.892982088 0.0
24000.0 25000.0 609056.1827480949 0.0
25000.0 26000.0 694198.4192456371 2300.0
26000.0 27000.0 437920.23193162895 2300.0
27000.0 28000.0 901513.408652151 2300.0
28000.0 29000.0 163448.19094747014 0.0
29000.0 30000.0 56377.26197562547 0.0
30000.0 31000.0 394681.19213857874 2300.0
31000.0 32000.0 596313.5234057338 4400.0
32000.0 33000.0 639297.396809456 4400.0
33000.0 34000.0 870674.4933905904 4400.0
34000.0 35000.0 791727.7022951855 4400.0
35000.0 36000.0 508348.5301125486 0.0
36000.0 37000.0 641675.96737586 4400.0
37000.0 38000.0 598080.830433276 0.0
38000.0 39000.0 335253.52183353656 4400.0
39000.0 40000.0 159873.16921485198 0.0
40000.0 41000.0 293998.7449785014 0.0
41000.0 42000.0 328308.2088558273 1500.0
42000.0 43000.0 409401.3823236846 1500.0
43000.0 44000.0 259535.35096779146 1500.0
44000.0 45000.0 396639.83328078676 1500.0
45000.0 46000.0 348901.89967525855 1500.0
46000.0 47000.0 156040.1931744338 0.0
47000.0 48000.0 563369.6691691893 1500.0
48000.0 49000.0 30144.43008121595 0.0
49000.0 50000.0 426648.5214924339 3000.0
50000.0 51000.0 642180.2561969722 3000.0
51000.0 52000.0 353971.9746468415 8000.0
52000.0 53000.0 423336.07618789765 8000.0
53000.0 54000.0 435874.17147585476 0.0
54000.0 55000.0 293891.95208474033 0.0
55000.0 56000.0 648102.4006748346 840.0
56000.0 57000.0 172577.64724042514 840.0
57000.0 58000.0 689453.7640402688 4400.0
58000.0 59000.0 342200.2359597311 0.0
59000.0 60000.0 950317.8031501625 4400.0
60000.0 61000.0 133481.19684983755 0.0
61000.0 62000.0 553842.0460926702 6500.0
62000.0 63000.0 760123.2612134409 0.0
63000.0 64000.0 739592.1518389775 6500.0
64000.0 65000.0 595877.6879861804 0.0
65000.0 66000.0 437228.16400325764 2300.0
66000.0 67000.0 434708.4380566182 2300.0
67000.0 68000.0 1425290.7584287655 2300.0
68000.0 69000.0 283729.61674343917 0.0
69000.0 70000.0 649837.2491069483 2300.0
70000.0 71000.0 29425.62652970233 0.0
71000.0 72000.0 171198.8753510767 8000.0
72000.0 73000.0 363131.02567376825 0.0
73000.0 74000.0 933945.594873941 8000.0
74000.0 75000.0 940681.991375658 0.0
75000.0 76000.0 948464.8969712424 0.0
76000.0 77000.0 589284.9003379578 4400.0
77000.0 78000.0 425300.18301111483 0.0
78000.0 79000.0 391745.0430771798 0.0
79000.0 80000.0 604712.9888476667 4400.0
80000.0 81000.0 374929.9100311278 0.0
81000.0 82000.0 585956.6775104289 4400.0
82000.0 83000.0 364665.34866193583 0.0
83000.0 84000.0 280340.6907952004 0.0
84000.0 85000.0 368398.99737776234 3000.0
85000.0 86000.0 251731.26152084465 0.0
86000.0 87000.0 360523.8848207764 3000.0
87000.0 88000.0 259380.99676162092 0.0
88000.0 89000.0 209920.72777449485 0.0
89000.0 90000.0 227681.39564321382 0.0
90000.0 91000.0 493433.5449344032 2300.0
91000.0 92000.0 1293489.4362846017 3000.0
92000.0 93000.0 379774.75971071306 0.0
93000.0 94000.0 176692.2319100859 0.0
94000.0 95000.0 911300.7135630518 4400.0
95000.0 96000.0 649850.6022512969 0.0
96000.0 97000.0 181924.3209288361 0.0
97000.0 98000.0 129465.0 4400.0
98000.0 99000.0 170232.11850477057 0.0
99000.0 100000.0 92030.13592669554 0.0
100000.0 101000.0 97727.11247487417 0.0
101000.0 102000.0 79893.89121172734 0.0
102000.0 103000.0 394914.96780807007 4400.0
103000.0 104000.0 522307.7248477619 0.0
104000.0 105000.0 536939.8663003528 1500.0
105000.0 106000.0 1295807.6258323186 1500.0
106000.0 107000.0 918497.7517861289 1500.0
107000.0 108000.0 418391.8053073 1500.0
108000.0 109000.0 4758.947354116106 0.0
109000.0 110000.0 1052625.052645884 4400.0
110000.0 111000.0 18.48854395396927 0.0
111000.0 112000.0 651120.988196486 8000.0
112000.0 113000.0 787122.9446487839 0.0
113000.0 114000.0 1681098.578610776 4400.0
114000.0 115000.0 0.0 0.0
115000.0 116000.0 1072291.0 4400.0
116000.0 117000.0 0.0 0.0
117000.0 118000.0 302802.6161524227 8000.0
118000.0 119000.0 468300.08003250463 2300.0
119000.0 120000.0 1212571.3038150726 3350.0
120000.0 121000.0 1009500.0 0.0
121000.0 122000.0 2913.0 0.0
122000.0 123000.0 0.0 0.0
123000.0 124000.0 1126843.0 4400.0
124000.0 125000.0 0.0 0.0
125000.0 126000.0 1994653.0 8000.0
126000.0 127000.0 0.0 0.0
127000.0 128000.0 3921866.0 8000.0
128000.0 129000.0 0.0 0.0
129000.0 130000.0 1981103.0 8000.0
130000.0 131000.0 0.0 0.0
131000.0 132000.0 1966929.0 8000.0
132000.0 133000.0 18.764185171198417 0.0
133000.0 134000.0 2040555.235814829 8000.0
134000.0 135000.0 0.0 0.0
135000.0 136000.0 1878754.0 8000.0
136000.0 137000.0 0.0 0.0
137000.0 138000.0 1992392.0 8000.0
138000.0 139000.0 0.0 0.0
139000.0 140000.0 1824060.0 8000.0
140000.0 141000.0 0.0 0.0
141000.0 142000.0 2126591.0 8000.0
142000.0 143000.0 0.0 0.0
143000.0 144000.0 2031212.0 8000.0
144000.0 145000.0 0.0 0.0
145000.0 146000.0 1882936.0 8000.0
146000.0 147000.0 0.0 0.0
147000.0 148000.0 2913.0 0.0
148000.0 149000.0 0.0 0.0
149000.0 150000.0 3917080.2390799583 8000.0
150000.0 151000.0 1320.7609200415154 0.0
151000.0 152000.0 1976258.0 8000.0
152000.0 153000.0 0.0 0.0
153000.0 154000.0 1981034.0 8000.0
154000.0 155000.0 7.149483858942838 0.0
155000.0 156000.0 1932064.8505161412 8000.0
156000.0 157000.0 0.0 0.0
157000.0 158000.0 1968418.0 8000.0
158000.0 159000.0 0.0 0.0
159000.0 160000.0 2060311.0 8000.0
160000.0 161000.0 0.0 0.0
161000.0 162000.0 1912704.0 8000.0
162000.0 163000.0 0.0 0.0
163000.0 164000.0 1992666.0 8000.0
164000.0 165000.0 0.0 0.0
165000.0 166000.0 1919072.0 8000.0
166000.0 167000.0 0.0 0.0
167000.0 168000.0 1985822.0 8000.0
168000.0 169000.0 0.0 0.0
169000.0 170000.0 1895610.0 8000.0
170000.0 171000.0 0.0 0.0
171000.0 172000.0 2109671.0 8000.0
172000.0 173000.0 0.0 0.0
173000.0 174000.0 3773131.0 8000.0
174000.0 175000.0 0.0 0.0
175000.0 176000.0 1974874.0 8000.0
176000.0 177000.0 0.0 0.0
177000.0 178000.0 1978801.0 8000.0
178000.0 179000.0 17.773310498455828 0.0
179000.0 180000.0 2007476.2266895014 8000.0
180000.0 181000.0 0.0 0.0
181000.0 182000.0 1940406.0 8000.0
182000.0 183000.0 0.0 0.0
183000.0 184000.0 2003255.0 8000.0
184000.0 185000.0 0.0 0.0
185000.0 186000.0 1478390.2395810098 8000.0
186000.0 187000.0 128179.76041899003 0.0
187000.0 188000.0 2328563.0 8000.0
188000.0 189000.0 0.0 0.0
189000.0 190000.0 1936269.0 8000.0
190000.0 191000.0 0.0 0.0
191000.0 192000.0 1864281.0 8000.0
192000.0 193000.0 0.0 0.0
193000.0 194000.0 1965593.0 8000.0
194000.0 195000.0 0.0 0.0
195000.0 196000.0 1960505.0 8000.0
196000.0 197000.0 0.0 0.0
197000.0 198000.0 1971062.0 8000.0
198000.0 199000.0 0.0 0.0
199000.0 200000.0 1791590.0 8000.0
200000.0 201000.0 0.0 0.0
201000.0 202000.0 2138051.0 8000.0
202000.0 203000.0 0.0 0.0
203000.0 204000.0 1914048.0 8000.0
204000.0 205000.0 0.0 0.0
205000.0 206000.0 1888375.0 8000.0
206000.0 207000.0 0.0 0.0
207000.0 208000.0 2115090.0 8000.0
208000.0 209000.0 0.0 0.0
209000.0 210000.0 1957780.0 8000.0
210000.0 211000.0 0.0 0.0
211000.0 212000.0 1922330.0 8000.0
212000.0 213000.0 0.0 0.0
213000.0 214000.0 1989174.0 8000.0
214000.0 215000.0 0.0 0.0
215000.0 216000.0 1947988.0 8000.0
216000.0 217000.0 0.0 0.0
217000.0 218000.0 3928278.037237587 8000.0
218000.0 219000.0 106201.96276241312 0.0
219000.0 220000.0 2914.0 0.0
220000.0 221000.0 0.0 0.0
221000.0 222000.0 2914.0 0.0
222000.0 223000.0 13.30358610790271 0.0
223000.0 224000.0 10.696413892097292 0.0
224000.0 225000.0 336597.0363274269 0.0
225000.0 226000.0 3040811.9922334515 8000.0
226000.0 227000.0 4191198.0618022853 8000.0
227000.0 228000.0 2224401.9096368365 8000.0
228000.0 229000.0 0.0 0.0
229000.0 230000.0 1895225.0 8000.0
230000.0 231000.0 0.0 0.0
231000.0 232000.0 1713869.5278164363 8000.0
232000.0 233000.0 305600.4721835638 0.0
233000.0 234000.0 1978084.0 8000.0
234000.0 235000.0 0.0 0.0
235000.0 236000.0 1892950.0 8000.0
236000.0 237000.0 0.0 0.0
237000.0 238000.0 2159439.0 8000.0
238000.0 239000.0 0.0 0.0
239000.0 240000.0 1668045.0 8000.0
240000.0 241000.0 0.0 0.0
241000.0 242000.0 2224284.0 8000.0
242000.0 243000.0 0.0 0.0
243000.0 244000.0 1832382.0 8000.0
244000.0 245000.0 0.0 0.0
245000.0 246000.0 1949497.0 8000.0
246000.0 247000.0 0.0 0.0
247000.0 248000.0 2914.0 0.0
248000.0 249000.0 0.0 0.0
249000.0 250000.0 3439617.429649717 8000.0
250000.0 251000.0 247927.33982630295 0.0
251000.0 252000.0 2007087.23052398 8000.0
252000.0 253000.0 0.0 0.0
253000.0 254000.0 2274945.0 8000.0
254000.0 255000.0 17.64007723773336 0.0
255000.0 256000.0 1793053.3599227623 8000.0
256000.0 257000.0 0.0 0.0
257000.0 258000.0 2001786.0 8000.0
258000.0 259000.0 0.0 0.0
259000.0 260000.0 2917.0 0.0
260000.0 261000.0 0.0 0.0
261000.0 262000.0 3879101.801825586 8000.0
262000.0 263000.0 26619.19817441416 0.0
263000.0 264000.0 2019075.0 8000.0
264000.0 265000.0 0.0 0.0
265000.0 266000.0 1918650.0 8000.0
266000.0 267000.0 0.0 0.0
267000.0 268000.0 1907649.0 8000.0
268000.0 269000.0 0.0 0.0
269000.0 270000.0 2073616.0 8000.0
270000.0 271000.0 0.0 0.0
271000.0 272000.0 3878614.2156640217 8000.0
272000.0 273000.0 71.78433597816024 0.0
273000.0 274000.0 2917.0 0.0
274000.0 275000.0 0.0 0.0
275000.0 276000.0 1970570.0 8000.0
276000.0 277000.0 13.573395760193318 0.0
277000.0 278000.0 2059323.4266042397 8000.0
278000.0 279000.0 0.0 0.0
279000.0 280000.0 1957703.0 8000.0
280000.0 281000.0 0.0 0.0
281000.0 282000.0 3585246.5113116554 8000.0
282000.0 283000.0 370931.4886883446 0.0
283000.0 284000.0 1914961.0 8000.0
284000.0 285000.0 0.0 0.0
285000.0 286000.0 1982428.0 8000.0
286000.0 287000.0 0.0 0.0
287000.0 288000.0 1955071.0 8000.0
288000.0 289000.0 0.0 0.0
289000.0 290000.0 1932030.0 8000.0
290000.0 291000.0 0.0 0.0
291000.0 292000.0 2075564.0 8000.0
292000.0 293000.0 0.0 0.0
293000.0 294000.0 1884247.0 8000.0
294000.0 295000.0 0.0 0.0
295000.0 296000.0 1923094.0 8000.0
296000.0 297000.0 0.0 0.0
297000.0 298000.0 1904638.9764512621 8000.0
298000.0 299000.0 66901.0235487379 0.0
299000.0 300000.0 2054786.0 8000.0
300000.0 301000.0 0.0 0.0
