ts te s_bytes_all avg_video_rate
0.0 1000.0 0.0 0.0
1000.0 2000.0 0.0 0.0
2000.0 3000.0 0.0 0.0
3000.0 4000.0 0.0 0.0
4000.0 5000.0 0.0 0.0
5000.0 6000.0 6438.0 0.0
6000.0 7000.0 1131853.4276413266 4400.0
7000.0 8000.0 2141920.786972629 4400.0
8000.0 9000.0 962179.8612101182 0.0
9000.0 10000.0 1285472.9241759265 4400.0
10000.0 11000.0 2284587.334651964 4400.0
11000.0 12000.0 1259864.0874930979 4400.0
12000.0 13000.0 1051675.4419143973 4400.0
13000.0 14000.0 1365019.6163530932 4400.0
14000.0 15000.0 518566.5195874477 0.0
15000.0 16000.0 1940832.0 8000.0
16000.0 17000.0 661756.7529600271 8000.0
17000.0 18000.0 1285969.2470399728 0.0
18000.0 19000.0 2012382.0 8000.0
19000.0 20000.0 0.0 0.0
20000.0 21000.0 1631792.7321595356 8000.0
21000.0 22000.0 312898.26784046425 0.0
22000.0 23000.0 1671058.6401749428 8000.0
23000.0 24000.0 301977.35982505727 0.0
24000.0 25000.0 1782561.6818344463 8000.0
25000.0 26000.0 127484.31816555376 0.0
26000.0 27000.0 1821699.0 8000.0
27000.0 28000.0 0.0 0.0
28000.0 29000.0 1892633.0 8000.0
29000.0 30000.0 0.0 0.0
30000.0 31000.0 1919382.0 8000.0
31000.0 32000.0 0.0 0.0
32000.0 33000.0 1557169.1235830681 8000.0
33000.0 34000.0 363306.876416932 0.0
34000.0 35000.0 1993666.0 8000.0
35000.0 36000.0 0.0 0.0
36000.0 37000.0 1669317.415416382 8000.0
37000.0 38000.0 256642.58458361795 0.0
38000.0 39000.0 1926286.0 8000.0
39000.0 40000.0 0.0 0.0
40000.0 41000.0 2027370.0 8000.0
41000.0 42000.0 0.0 0.0
42000.0 43000.0 1783355.0 8000.0
43000.0 44000.0 0.0 0.0
44000.0 45000.0 1713087.224082836 8000.0
45000.0 46000.0 1538022.5064158812 0.0
46000.0 47000.0 622645.2083841357 0.0
47000.0 48000.0 1979641.0611171476 8000.0
48000.0 49000.0 24586.572170879434 0.0
49000.0 50000.0 1974825.4278291205 8000.0
50000.0 51000.0 2911.0 0.0
51000.0 52000.0 0.0 0.0
52000.0 53000.0 0.0 0.0
53000.0 54000.0 0.0 0.0
54000.0 55000.0 2911.0 0.0
55000.0 56000.0 0.0 0.0
56000.0 57000.0 2911.0 0.0
57000.0 58000.0 0.0 0.0
58000.0 59000.0 2433022.5015923595 8000.0
59000.0 60000.0 5089967.399644498 8000.0
60000.0 61000.0 4093887.098763143 8000.0
61000.0 62000.0 0.0 0.0
62000.0 63000.0 2018000.0 8000.0
63000.0 64000.0 0.0 0.0
64000.0 65000.0 1797030.0 8000.0
65000.0 66000.0 0.0 0.0
66000.0 67000.0 2032486.0 8000.0
67000.0 68000.0 0.0 0.0
68000.0 69000.0 1972909.0 8000.0
69000.0 70000.0 0.0 0.0
70000.0 71000.0 2023244.0 8000.0
71000.0 72000.0 0.0 0.0
72000.0 73000.0 2912.0 0.0
73000.0 74000.0 0.0 0.0
74000.0 75000.0 1874619.0 8000.0
75000.0 76000.0 0.0 0.0
76000.0 77000.0 3920502.2790720053 8000.0
77000.0 78000.0 47484.72092799469 0.0
78000.0 79000.0 2033505.0 8000.0
79000.0 80000.0 0.0 0.0
80000.0 81000.0 1659823.8101114398 8000.0
81000.0 82000.0 289413.1898885603 0.0
82000.0 83000.0 1873470.0 8000.0
83000.0 84000.0 0.0 0.0
84000.0 85000.0 1946123.551000319 8000.0
85000.0 86000.0 25193.448999680924 0.0
86000.0 87000.0 1784706.0 8000.0
87000.0 88000.0 0.0 0.0
88000.0 89000.0 1480462.1206291053 8000.0
89000.0 90000.0 621097.8793708947 0.0
90000.0 91000.0 1995901.0 8000.0
91000.0 92000.0 0.0 0.0
92000.0 93000.0 1458346.132598179 8000.0
93000.0 94000.0 1773798.01111791 0.0
94000.0 95000.0 479736.8562839109 0.0
95000.0 96000.0 2069319.0 8000.0
96000.0 97000.0 25832.529505444254 0.0
97000.0 98000.0 1950098.4704945558 8000.0
98000.0 99000.0 2917.0 0.0
99000.0 100000.0 0.0 0.0
100000.0 101000.0 1371737.6316835573 8000.0
101000.0 102000.0 655777.3683164428 0.0
102000.0 103000.0 1759708.0 8000.0
103000.0 104000.0 0.0 0.0
104000.0 105000.0 1886677.0 8000.0
105000.0 106000.0 925596.6172252025 8000.0
106000.0 107000.0 868330.3827747975 0.0
107000.0 108000.0 1143846.7524763234 8000.0
108000.0 109000.0 1035887.2475236766 0.0
109000.0 110000.0 1011379.349297182 8000.0
110000.0 111000.0 964586.6507028178 0.0
111000.0 112000.0 1736158.0 8000.0
112000.0 113000.0 2605.367868855561 0.0
113000.0 114000.0 2073456.552608537 8000.0
114000.0 115000.0 1126452.8272134173 8000.0
115000.0 116000.0 917696.25230919 0.0
116000.0 117000.0 1329004.5366135666 8000.0
117000.0 118000.0 328200.46338643326 0.0
118000.0 119000.0 2069102.0 8000.0
119000.0 120000.0 0.0 0.0
120000.0 121000.0 1985924.0 8000.0
121000.0 122000.0 24.0 0.0
122000.0 123000.0 0.0 0.0
123000.0 124000.0 768270.6141852466 8000.0
124000.0 125000.0 2932550.3858147534 8000.0
125000.0 126000.0 0.0 0.0
126000.0 127000.0 1982532.0 8000.0
127000.0 128000.0 0.0 0.0
128000.0 129000.0 1831405.0 8000.0
129000.0 130000.0 0.0 0.0
130000.0 131000.0 1612201.3708648602 8000.0
131000.0 132000.0 300453.62913513975 0.0
132000.0 133000.0 1964009.0 8000.0
133000.0 134000.0 0.0 0.0
134000.0 135000.0 2008918.0 8000.0
135000.0 136000.0 0.0 0.0
136000.0 137000.0 2005761.0 8000.0
137000.0 138000.0 0.0 0.0
138000.0 139000.0 1989932.0 8000.0
139000.0 140000.0 0.0 0.0
140000.0 141000.0 1153407.2997383818 8000.0
141000.0 142000.0 2609401.7002616185 8000.0
142000.0 143000.0 2916.0 0.0
143000.0 144000.0 2042117.6169818805 8000.0
144000.0 145000.0 34670.383018119435 0.0
145000.0 146000.0 1899355.0 8000.0
146000.0 147000.0 1607637.0158401662 8000.0
147000.0 148000.0 397573.9841598338 0.0
148000.0 149000.0 2657.502121678913 0.0
149000.0 150000.0 2016957.497878321 8000.0
150000.0 151000.0 1142464.9209976 8000.0
151000.0 152000.0 729134.0790024 0.0
152000.0 153000.0 2915.0 0.0
153000.0 154000.0 0.0 0.0
154000.0 155000.0 1984344.4620872077 8000.0
155000.0 156000.0 62954.537912792424 0.0
156000.0 157000.0 3271642.5889393277 8000.0
157000.0 158000.0 507519.41106067254 0.0
158000.0 159000.0 1720177.5575326872 8000.0
159000.0 160000.0 274831.4424673128 0.0
160000.0 161000.0 1754582.0772303345 8000.0
161000.0 162000.0 241704.92276966566 0.0
162000.0 163000.0 1550267.0258809363 8000.0
163000.0 164000.0 323260.9741190639 0.0
164000.0 165000.0 1649140.666087072 8000.0
165000.0 166000.0 348724.3339129279 0.0
166000.0 167000.0 2070936.0 8000.0
167000.0 168000.0 0.0 0.0
168000.0 169000.0 1805070.0 8000.0
169000.0 170000.0 0.0 0.0
170000.0 171000.0 2030772.0 8000.0
171000.0 172000.0 0.0 0.0
172000.0 173000.0 2001897.0 8000.0
173000.0 174000.0 0.0 0.0
174000.0 175000.0 1745199.0 8000.0
175000.0 176000.0 0.0 0.0
176000.0 177000.0 2041422.0 8000.0
177000.0 178000.0 0.0 0.0
178000.0 179000.0 2919.0 0.0
179000.0 180000.0 0.0 0.0
180000.0 181000.0 3455092.697055286 8000.0
181000.0 182000.0 328837.302944714 0.0
182000.0 183000.0 2604.5997366539373 0.0
183000.0 184000.0 2101654.4405580494 8000.0
184000.0 185000.0 2073364.9597052964 8000.0
185000.0 186000.0 0.0 0.0
186000.0 187000.0 1766810.0 8000.0
187000.0 188000.0 0.0 0.0
188000.0 189000.0 2020787.0 8000.0
189000.0 190000.0 0.0 0.0
190000.0 191000.0 2046698.0 8000.0
191000.0 192000.0 0.0 0.0
192000.0 193000.0 1783654.0 8000.0
193000.0 194000.0 0.0 0.0
194000.0 195000.0 1838795.0 8000.0
195000.0 196000.0 0.0 0.0
196000.0 197000.0 2020062.0 8000.0
197000.0 198000.0 0.0 0.0
198000.0 199000.0 1819372.0 8000.0
199000.0 200000.0 0.0 0.0
200000.0 201000.0 3638951.911787537 8000.0
201000.0 202000.0 520681.0882124631 0.0
202000.0 203000.0 1932969.0 8000.0
203000.0 204000.0 0.0 0.0
204000.0 205000.0 1988242.0 8000.0
205000.0 206000.0 13.18214251160872 0.0
206000.0 207000.0 2922.8178574883914 0.0
207000.0 208000.0 0.0 0.0
208000.0 209000.0 2025344.0 8000.0
209000.0 210000.0 0.0 0.0
210000.0 211000.0 3245846.554262678 8000.0
211000.0 212000.0 626733.4457373215 0.0
212000.0 213000.0 2913.0 0.0
213000.0 214000.0 0.0 0.0
214000.0 215000.0 1623752.3660177067 8000.0
215000.0 216000.0 2283335.6339822933 0.0
216000.0 217000.0 1687293.1760409432 8000.0
217000.0 218000.0 229534.82395905702 0.0
218000.0 219000.0 1893213.0 8000.0
219000.0 220000.0 0.0 0.0
220000.0 221000.0 2010923.0 8000.0
221000.0 222000.0 0.0 0.0
222000.0 223000.0 2123561.0 8000.0
223000.0 224000.0 0.0 0.0
224000.0 225000.0 1883663.0 8000.0
225000.0 226000.0 0.0 0.0
226000.0 227000.0 1819721.2502931177 8000.0
227000.0 228000.0 197857.74970688228 0.0
228000.0 229000.0 1660707.1437425532 8000.0
229000.0 230000.0 221834.8562574469 0.0
230000.0 231000.0 2912.0 0.0
231000.0 232000.0 0.0 0.0
232000.0 233000.0 3961669.0 8000.0
233000.0 234000.0 0.0 0.0
234000.0 235000.0 2046242.0 8000.0
235000.0 236000.0 0.0 0.0
236000.0 237000.0 2914.0 0.0
237000.0 238000.0 0.0 0.0
238000.0 239000.0 3884085.0 8000.0
239000.0 240000.0 0.0 0.0
240000.0 241000.0 1969106.0 8000.0
241000.0 242000.0 0.0 0.0
242000.0 243000.0 0.0 0.0
243000.0 244000.0 1990427.0 8000.0
244000.0 245000.0 1962541.0 8000.0
245000.0 246000.0 0.0 0.0
246000.0 247000.0 1998557.0 8000.0
247000.0 248000.0 0.0 0.0
248000.0 249000.0 1915483.0 8000.0
249000.0 250000.0 0.0 0.0
250000.0 251000.0 3637042.2752396706 8000.0
251000.0 252000.0 334264.72476032935 0.0
252000.0 253000.0 1741583.8766415783 8000.0
253000.0 254000.0 204452.1233584216 0.0
254000.0 255000.0 2033793.0 8000.0
255000.0 256000.0 0.0 0.0
256000.0 257000.0 1766641.0 8000.0
257000.0 258000.0 0.0 0.0
258000.0 259000.0 1892886.8599301062 8000.0
259000.0 260000.0 196138.1400698938 0.0
260000.0 261000.0 1979840.0 8000.0
261000.0 262000.0 0.0 0.0
262000.0 263000.0 2914.0 0.0
263000.0 264000.0 0.0 0.0
264000.0 265000.0 3898605.3351852037 8000.0
265000.0 266000.0 3952.664814796467 0.0
266000.0 267000.0 1767926.8517118527 8000.0
267000.0 268000.0 283298.1482881473 0.0
268000.0 269000.0 1904210.0 8000.0
269000.0 270000.0 0.0 0.0
270000.0 271000.0 2027145.0 8000.0
271000.0 272000.0 0.0 0.0
272000.0 273000.0 1927209.0 8000.0
273000.0 274000.0 0.0 0.0
274000.0 275000.0 1790761.3519858387 8000.0
275000.0 276000.0 194134.64801416133 0.0
276000.0 277000.0 1826692.7417442556 8000.0
277000.0 278000.0 35426.258255744346 0.0
278000.0 279000.0 2043503.0 8000.0
279000.0 280000.0 0.0 0.0
280000.0 281000.0 1878615.0 8000.0
281000.0 282000.0 0.0 0.0
282000.0 283000.0 1948159.0 8000.0
283000.0 284000.0 0.0 0.0
284000.0 285000.0 1322540.3709467635 8000.0
285000.0 286000.0 1674496.3332946557 8000.0
286000.0 287000.0 808512.2957585807 0.0
287000.0 288000.0 1948726.0 8000.0
288000.0 289000.0 17689.005375252567 0.0
289000.0 290000.0 1964873.9946247474 8000.0
290000.0 291000.0 25461.545951956727 0.0
291000.0 292000.0 1820243.4540480433 8000.0
292000.0 293000.0 2914.0 0.0
293000.0 294000.0 0.0 0.0
294000.0 295000.0 2060957.0 8000.0
295000.0 296000.0 0.0 0.0
296000.0 297000.0 1835971.0 8000.0
297000.0 298000.0 0.0 0.0
298000.0 299000.0 1941512.0 8000.0
299000.0 300000.0 0.0 0.0
300000.0 301000.0 0.0 0.0
