ts te s_bytes_all avg_video_rate
0.0 1000.0 0.0 0.0
1000.0 2000.0 0.0 0.0
2000.0 3000.0 0.0 0.0
3000.0 4000.0 0.0 0.0
4000.0 5000.0 0.0 0.0
5000.0 6000.0 0.0 0.0
6000.0 7000.0 0.0 0.0
7000.0 8000.0 0.0 0.0
8000.0 9000.0 0.0 0.0
9000.0 10000.0 0.0 0.0
10000.0 11000.0 19763.99268134361 0.0
11000.0 12000.0 1559670.685938802 4400.0
12000.0 13000.0 2843664.137847674 4400.0
13000.0 14000.0 1720605.6469487967 4400.0
14000.0 15000.0 2525751.543228644 4400.0
15000.0 16000.0 1215564.9933547394 4400.0
16000.0 17000.0 1579.4615259634836 0.0
17000.0 18000.0 2014743.5384740366 8000.0
18000.0 19000.0 1893.682724082363 0.0
19000.0 20000.0 1763387.3172759176 8000.0
20000.0 21000.0 1638.067912304962 0.0
21000.0 22000.0 1989954.932087695 8000.0
22000.0 23000.0 1754.7460609395225 0.0
23000.0 24000.0 1746060.2539390605 8000.0
24000.0 25000.0 1676.1662104740335 0.0
25000.0 26000.0 2193395.833789526 8000.0
26000.0 27000.0 1655.9757359989721 0.0
27000.0 28000.0 1804727.024264001 8000.0
28000.0 29000.0 1401.704442724554 0.0
29000.0 30000.0 1920837.2955572754 8000.0
30000.0 31000.0 1499.2447161457274 0.0
31000.0 32000.0 2003967.7552838542 8000.0
32000.0 33000.0 1617.9221545808027 0.0
33000.0 34000.0 2028473.0778454193 8000.0
34000.0 35000.0 1982.6382503365735 0.0
35000.0 36000.0 3541540.3617496635 8000.0
36000.0 37000.0 221.05706870364068 0.0
37000.0 38000.0 2693.9429312963593 0.0
38000.0 39000.0 1998.4091365476531 0.0
39000.0 40000.0 3916347.4289993523 8000.0
40000.0 41000.0 208864.5591021489 0.0
41000.0 42000.0 1998094.6027619513 8000.0
42000.0 43000.0 1390.1715418266542 0.0
43000.0 44000.0 1928435.8284581734 8000.0
44000.0 45000.0 1660.9629020594998 0.0
45000.0 46000.0 1953330.0370979405 8000.0
46000.0 47000.0 1862.6201786928132 0.0
47000.0 48000.0 1860398.3798213073 8000.0
48000.0 49000.0 1824.3601241266417 0.0
49000.0 50000.0 2099462.6398758735 8000.0
50000.0 51000.0 1728.26523336266 0.0
51000.0 52000.0 1769983.7347666374 8000.0
52000.0 53000.0 710.7479759554321 0.0
53000.0 54000.0 2117172.2520240447 8000.0
54000.0 55000.0 1628.9517739661655 0.0
55000.0 56000.0 1934340.0482260338 8000.0
56000.0 57000.0 1729.2269267404165 0.0
57000.0 58000.0 1948922.7730732595 8000.0
58000.0 59000.0 1790.132630799726 0.0
59000.0 60000.0 1954693.8673692003 8000.0
60000.0 61000.0 1854.4053056708665 0.0
61000.0 62000.0 2044017.5946943292 8000.0
62000.0 63000.0 41749.265327916146 0.0
63000.0 64000.0 3866252.7346720835 8000.0
64000.0 65000.0 1737.6069013231026 0.0
65000.0 66000.0 1693321.3930986768 8000.0
66000.0 67000.0 1229.1009073091282 0.0
67000.0 68000.0 2199975.899092691 8000.0
68000.0 69000.0 1658.460362052186 0.0
69000.0 70000.0 1953134.539637948 8000.0
70000.0 71000.0 1282.2515146958553 0.0
71000.0 72000.0 1850453.7484853042 8000.0
72000.0 73000.0 1794.5367823073018 0.0
73000.0 74000.0 2056012.4632176927 8000.0
74000.0 75000.0 1448.8643597076325 0.0
75000.0 76000.0 1988252.1356402924 8000.0
76000.0 77000.0 1753.84202686655 0.0
77000.0 78000.0 1922906.1579731335 8000.0
78000.0 79000.0 1489.230657617864 0.0
79000.0 80000.0 2076116.7693423822 8000.0
80000.0 81000.0 2099.0746571762834 0.0
81000.0 82000.0 1858858.9253428236 8000.0
82000.0 83000.0 1691.0401001168318 0.0
83000.0 84000.0 1818685.9598998833 8000.0
84000.0 85000.0 1257.6316535168396 0.0
85000.0 86000.0 1905258.3683464832 8000.0
86000.0 87000.0 1630.8362020913785 0.0
87000.0 88000.0 2149795.1637979085 8000.0
88000.0 89000.0 1602.347027794689 0.0
89000.0 90000.0 1973475.6529722053 8000.0
90000.0 91000.0 1452.0248809800419 0.0
91000.0 92000.0 1992327.9751190199 8000.0
92000.0 93000.0 1602.4576560812718 0.0
93000.0 94000.0 1854018.5423439187 8000.0
94000.0 95000.0 1769.371079596363 0.0
95000.0 96000.0 2023656.6289204035 8000.0
96000.0 97000.0 1384.982365438837 0.0
97000.0 98000.0 1847459.017634561 8000.0
98000.0 99000.0 1015.7064284356223 0.0
99000.0 100000.0 2089381.2935715644 8000.0
100000.0 101000.0 1250.9510950635758 0.0
101000.0 102000.0 1904522.0489049365 8000.0
102000.0 103000.0 1066.9853944213908 0.0
103000.0 104000.0 1962851.0146055785 8000.0
104000.0 105000.0 1618.646651090765 0.0
105000.0 106000.0 2059690.3533489092 8000.0
106000.0 107000.0 1682.38825164546 0.0
107000.0 108000.0 1765777.6117483545 8000.0
108000.0 109000.0 1808.8295828803432 0.0
109000.0 110000.0 2061633.1704171197 8000.0
110000.0 111000.0 1747320.804780946 8000.0
111000.0 112000.0 202295.19521905386 0.0
112000.0 113000.0 1576534.0464050919 8000.0
113000.0 114000.0 907238.083163453 8000.0
114000.0 115000.0 1371854.4296199295 0.0
115000.0 116000.0 424633.6945700621 8000.0
116000.0 117000.0 1421595.810065789 0.0
117000.0 118000.0 1986362.9361756744 8000.0
118000.0 119000.0 1728.9891588493028 0.0
119000.0 120000.0 1969827.0108411508 8000.0
120000.0 121000.0 1778.7000603819365 0.0
121000.0 122000.0 1932748.299939618 8000.0
122000.0 123000.0 1201.8187210512096 0.0
123000.0 124000.0 1930902.1812789487 8000.0
124000.0 125000.0 1749.7687777384672 0.0
125000.0 126000.0 2051244.2312222614 8000.0
126000.0 127000.0 0.0 0.0
127000.0 128000.0 0.0 0.0
128000.0 129000.0 1464377.6483143943 8000.0
129000.0 130000.0 2435353.351685606 8000.0
130000.0 131000.0 1130.5429791755848 0.0
131000.0 132000.0 1941471.4570208243 8000.0
132000.0 133000.0 1774.611122303096 0.0
133000.0 134000.0 1990908.3888776968 8000.0
134000.0 135000.0 1802.0783125131209 0.0
135000.0 136000.0 2115338.921687487 8000.0
136000.0 137000.0 1294.1584939849793 0.0
137000.0 138000.0 1850408.841506015 8000.0
138000.0 139000.0 1192.3321245922639 0.0
139000.0 140000.0 2206848.6678754077 8000.0
140000.0 141000.0 1725.3333888020945 0.0
141000.0 142000.0 1608338.6666111979 8000.0
142000.0 143000.0 1664.7666971567442 0.0
143000.0 144000.0 1933665.2333028433 8000.0
144000.0 145000.0 1512.2354286962952 0.0
145000.0 146000.0 2388068.7645713035 8000.0
146000.0 147000.0 1585.7267796438014 0.0
147000.0 148000.0 1591512.273220356 8000.0
148000.0 149000.0 1669.0097497049478 0.0
149000.0 150000.0 1623687.990250295 8000.0
150000.0 151000.0 1813.9556080631535 0.0
151000.0 152000.0 1919647.0443919369 8000.0
152000.0 153000.0 1543.2998366898032 0.0
153000.0 154000.0 1919779.7001633102 8000.0
154000.0 155000.0 1602.2135432241116 0.0
155000.0 156000.0 1747088.7864567759 8000.0
156000.0 157000.0 1633.3896614235125 0.0
157000.0 158000.0 1818792.6103385766 8000.0
158000.0 159000.0 1335.8367113028194 0.0
159000.0 160000.0 2289152.163288697 8000.0
160000.0 161000.0 1918.8377045455175 0.0
161000.0 162000.0 2345012.7540576053 8000.0
162000.0 163000.0 484225.2249075825 0.0
163000.0 164000.0 2316332.7144081593 8000.0
164000.0 165000.0 440541.97288689855 0.0
165000.0 166000.0 292446.43993553816 8000.0
166000.0 167000.0 212620.56773211015 0.0
167000.0 168000.0 263119.54839457007 0.0
168000.0 169000.0 449973.991544109 840.0
169000.0 170000.0 1127714.9484288811 4400.0
170000.0 171000.0 1736.6584918999072 0.0
171000.0 172000.0 1717665.3415081 8000.0
172000.0 173000.0 1637.4382582591802 0.0
173000.0 174000.0 2016659.561741741 8000.0
174000.0 175000.0 1885.4250886030973 0.0
175000.0 176000.0 2118404.574911397 8000.0
176000.0 177000.0 1615.685742478484 0.0
177000.0 178000.0 2093705.3142575214 8000.0
178000.0 179000.0 1762.1720204987466 0.0
179000.0 180000.0 1855044.8279795013 8000.0
180000.0 181000.0 1739.7496931534938 0.0
181000.0 182000.0 1682974.2503068466 8000.0
182000.0 183000.0 1829.9491980405628 0.0
183000.0 184000.0 2099995.0508019594 8000.0
184000.0 185000.0 1619.809941009941 0.0
185000.0 186000.0 1863169.1897890414 8000.0
186000.0 187000.0 59890.910960864145 0.0
187000.0 188000.0 1902747.0893090847 8000.0
188000.0 189000.0 1659.3817624709195 0.0
189000.0 190000.0 2148875.618237529 8000.0
190000.0 191000.0 1429.477578564816 0.0
191000.0 192000.0 1877665.5224214352 8000.0
192000.0 193000.0 1693.2630054242882 0.0
193000.0 194000.0 1595274.7369945757 8000.0
194000.0 195000.0 1608.7554271303359 0.0
195000.0 196000.0 2074006.2445728697 8000.0
196000.0 197000.0 1419.3665000263286 0.0
197000.0 198000.0 1744304.6334999737 8000.0
198000.0 199000.0 1726.7904125831717 0.0
199000.0 200000.0 1881268.2095874168 8000.0
200000.0 201000.0 1597.92562228462 0.0
201000.0 202000.0 1784834.0743777154 8000.0
202000.0 203000.0 994.0672173098286 0.0
203000.0 204000.0 2333145.93278269 8000.0
204000.0 205000.0 1878.5534328856972 0.0
205000.0 206000.0 1689562.4465671142 8000.0
206000.0 207000.0 3500.332697075559 0.0
207000.0 208000.0 2616470.2769925883 8000.0
208000.0 209000.0 1440675.007623752 0.0
209000.0 210000.0 1930606.3826865843 8000.0
210000.0 211000.0 1862.4966095870498 0.0
211000.0 212000.0 1619425.503390413 8000.0
212000.0 213000.0 1518.0457034604387 0.0
213000.0 214000.0 1909615.9542965398 8000.0
214000.0 215000.0 1678.0720904927464 0.0
215000.0 216000.0 2083306.9279095072 8000.0
216000.0 217000.0 1635.7538038612465 0.0
217000.0 218000.0 2122566.2461961387 8000.0
218000.0 219000.0 206.66649493222542 0.0
219000.0 220000.0 2713.3335050677747 0.0
220000.0 221000.0 1926.549662013466 0.0
221000.0 222000.0 2331546.1777189616 8000.0
222000.0 223000.0 619185.8944049913 0.0
223000.0 224000.0 2370337.682826159 8000.0
224000.0 225000.0 229266.15675546587 0.0
225000.0 226000.0 172712.96710395694 0.0
226000.0 227000.0 155369.67283603916 0.0
227000.0 228000.0 40304.89869241252 0.0
228000.0 229000.0 66609.10409365335 0.0
229000.0 230000.0 4352710.158640518 8000.0
230000.0 231000.0 3272448.3396283803 8000.0
231000.0 232000.0 2181537.397637448 8000.0
232000.0 233000.0 1305.237920538399 0.0
233000.0 234000.0 1837477.7620794617 8000.0
234000.0 235000.0 1913.7499906866485 0.0
235000.0 236000.0 2021597.2500093135 8000.0
236000.0 237000.0 1587.6997560376667 0.0
237000.0 238000.0 2001474.3002439623 8000.0
238000.0 239000.0 1790.5782644361936 0.0
239000.0 240000.0 1872056.4217355638 8000.0
240000.0 241000.0 1656.737257596913 0.0
241000.0 242000.0 2051291.2627424032 8000.0
242000.0 243000.0 1808.9725676844764 0.0
243000.0 244000.0 1762116.0274323155 8000.0
244000.0 245000.0 1792.7296830591063 0.0
245000.0 246000.0 1890007.270316941 8000.0
246000.0 247000.0 0.0 0.0
247000.0 248000.0 1205822.3986004412 8000.0
248000.0 249000.0 2526422.5059904205 0.0
249000.0 250000.0 3139.0582646122684 0.0
250000.0 251000.0 1442.3110384664153 0.0
251000.0 252000.0 1834621.7261060593 8000.0
252000.0 253000.0 1722.5868929125556 0.0
253000.0 254000.0 1755263.4131070874 8000.0
254000.0 255000.0 408148.97255513567 0.0
255000.0 256000.0 2642097.5754864705 8000.0
256000.0 257000.0 408738.36822764965 0.0
257000.0 258000.0 868775.1208688132 2225.0
258000.0 259000.0 784079.8058112155 0.0
259000.0 260000.0 1153184.1570507153 4400.0
260000.0 261000.0 1854.9433664089613 0.0
261000.0 262000.0 1921865.056633591 8000.0
262000.0 263000.0 1401.3249260988352 0.0
263000.0 264000.0 2007386.6750739012 8000.0
264000.0 265000.0 1665.7681244410815 0.0
265000.0 266000.0 1967676.2318755588 8000.0
266000.0 267000.0 0.0 0.0
267000.0 268000.0 0.0 0.0
268000.0 269000.0 0.0 0.0
269000.0 270000.0 2919.0 0.0
270000.0 271000.0 416830.7156787648 8000.0
271000.0 272000.0 3344625.284321235 8000.0
272000.0 273000.0 13437.313517286693 0.0
273000.0 274000.0 34.68648271330692 0.0
274000.0 275000.0 339567.30642042647 8000.0
275000.0 276000.0 2013074.7839271831 8000.0
276000.0 277000.0 1579316.4421524983 0.0
277000.0 278000.0 98373.1746577003 8000.0
278000.0 279000.0 337380.3313898251 0.0
279000.0 280000.0 2696.961452366686 0.0
280000.0 281000.0 198044.65542424688 0.0
281000.0 282000.0 150668.34457575314 0.0
282000.0 283000.0 174.94423711681873 0.0
283000.0 284000.0 2740.055762883181 0.0
284000.0 285000.0 35141.31890127019 0.0
285000.0 286000.0 257502.54133137877 288.0
286000.0 287000.0 1586447.4128767913 4400.0
287000.0 288000.0 2919118.72689056 4400.0
288000.0 289000.0 1745.8859878681296 0.0
289000.0 290000.0 1098799.114012132 4400.0
290000.0 291000.0 1827.6848632129092 0.0
291000.0 292000.0 2134241.315136787 8000.0
292000.0 293000.0 1768.1209879260166 0.0
293000.0 294000.0 1923845.879012074 8000.0
294000.0 295000.0 1859.2229876429694 0.0
295000.0 296000.0 1880644.777012357 8000.0
296000.0 297000.0 1746.2317401078549 0.0
297000.0 298000.0 2148688.7682598922 8000.0
298000.0 299000.0 1906.5165153124308 0.0
299000.0 300000.0 1678333.4834846875 8000.0
300000.0 301000.0 0.0 0.0
