ts te s_bytes_all avg_video_rate
0.0 1000.0 0.0 0.0
1000.0 2000.0 0.0 0.0
2000.0 3000.0 0.0 0.0
3000.0 4000.0 0.0 0.0
4000.0 5000.0 0.0 0.0
5000.0 6000.0 0.0 0.0
6000.0 7000.0 1052306.6769840366 4400.0
7000.0 8000.0 2107305.4614086496 4400.0
8000.0 9000.0 2487369.827091465 4400.0
9000.0 10000.0 1303501.5573852232 4400.0
10000.0 11000.0 2372794.6468603085 4400.0
11000.0 12000.0 515885.8302703178 0.0
12000.0 13000.0 636980.7880234352 4400.0
13000.0 14000.0 432016.21197656484 0.0
14000.0 15000.0 890621.1884051437 8000.0
15000.0 16000.0 1131615.8115948564 0.0
16000.0 17000.0 791397.1599434238 8000.0
17000.0 18000.0 1217805.840056576 0.0
18000.0 19000.0 1321573.8319112572 8000.0
19000.0 20000.0 435591.16808874265 0.0
20000.0 21000.0 1499999.1987081317 8000.0
21000.0 22000.0 526670.8012918684 0.0
22000.0 23000.0 1680998.0403168504 8000.0
23000.0 24000.0 493742.9596831497 0.0
24000.0 25000.0 1442853.0097989654 8000.0
25000.0 26000.0 277061.9902010344 0.0
26000.0 27000.0 1653907.641210832 8000.0
27000.0 28000.0 475089.3587891683 0.0
28000.0 29000.0 1158504.9259177118 8000.0
29000.0 30000.0 729534.0740822883 0.0
30000.0 31000.0 1829849.2959457857 8000.0
31000.0 32000.0 178651.70405421423 0.0
32000.0 33000.0 1021042.9461111795 8000.0
33000.0 34000.0 822719.0538888206 0.0
34000.0 35000.0 1636561.6701519121 8000.0
35000.0 36000.0 430263.3298480879 0.0
36000.0 37000.0 1455427.1843891612 8000.0
37000.0 38000.0 399737.8156108387 0.0
38000.0 39000.0 1588078.7308498002 8000.0
39000.0 40000.0 438346.26915019966 0.0
40000.0 41000.0 2446159.5157316183 8000.0
41000.0 42000.0 1443570.4842683817 0.0
42000.0 43000.0 1786624.6162938478 8000.0
43000.0 44000.0 209784.38370615215 0.0
44000.0 45000.0 789623.6559189074 8000.0
45000.0 46000.0 1122431.3440810926 0.0
46000.0 47000.0 2913.0 0.0
47000.0 48000.0 0.0 0.0
48000.0 49000.0 1067877.5697212883 8000.0
49000.0 50000.0 1748923.9995053536 8000.0
50000.0 51000.0 1161892.4307733583 0.0
51000.0 52000.0 0.0 0.0
52000.0 53000.0 1812492.8997628363 8000.0
53000.0 54000.0 2167741.1002371637 8000.0
54000.0 55000.0 1037893.7814950387 8000.0
55000.0 56000.0 868318.2185049613 0.0
56000.0 57000.0 1400484.074029875 8000.0
57000.0 58000.0 677973.9259701251 0.0
58000.0 59000.0 1185654.3465204532 8000.0
59000.0 60000.0 693323.6534795468 0.0
60000.0 61000.0 1505104.6482074137 8000.0
61000.0 62000.0 502636.3517925862 0.0
62000.0 63000.0 961476.9828110416 8000.0
63000.0 64000.0 882625.0171889585 0.0
64000.0 65000.0 944422.7669084506 8000.0
65000.0 66000.0 1086232.2330915492 0.0
66000.0 67000.0 1287368.6695624834 8000.0
67000.0 68000.0 577317.3304375167 0.0
68000.0 69000.0 1114107.8385716744 8000.0
69000.0 70000.0 915660.1614283257 0.0
70000.0 71000.0 1324591.873689642 8000.0
71000.0 72000.0 752191.126310358 0.0
72000.0 73000.0 1993940.0 8000.0
73000.0 74000.0 0.0 0.0
74000.0 75000.0 1783966.4844244176 8000.0
75000.0 76000.0 74371.5155755825 0.0
76000.0 77000.0 1305463.3351256466 8000.0
77000.0 78000.0 686346.6648743536 0.0
78000.0 79000.0 993539.1665852288 8000.0
79000.0 80000.0 995599.8334147712 0.0
80000.0 81000.0 996980.2090875091 8000.0
81000.0 82000.0 752763.790912491 0.0
82000.0 83000.0 1397645.3937926101 8000.0
83000.0 84000.0 591415.6062073899 0.0
84000.0 85000.0 1336679.6078174417 8000.0
85000.0 86000.0 745549.4296990389 0.0
86000.0 87000.0 762836.7252070766 8000.0
87000.0 88000.0 1085297.2372764428 0.0
88000.0 89000.0 1958483.6928158188 8000.0
89000.0 90000.0 2208523.307184181 8000.0
90000.0 91000.0 1549349.3930551445 8000.0
91000.0 92000.0 253699.60694485548 0.0
92000.0 93000.0 1177801.4823377612 8000.0
93000.0 94000.0 914735.5176622389 0.0
94000.0 95000.0 1413189.4458683343 8000.0
95000.0 96000.0 416203.5541316656 0.0
96000.0 97000.0 1323703.433559717 8000.0
97000.0 98000.0 746859.5664402831 0.0
98000.0 99000.0 19030.533515191015 0.0
99000.0 100000.0 1726191.2533714715 8000.0
100000.0 101000.0 188606.21311333744 0.0
101000.0 102000.0 0.0 0.0
102000.0 103000.0 1912273.1686493172 8000.0
103000.0 104000.0 1878558.831350683 0.0
104000.0 105000.0 2912.0 0.0
105000.0 106000.0 0.0 0.0
106000.0 107000.0 1033846.8812229942 8000.0
107000.0 108000.0 839945.1187770059 0.0
108000.0 109000.0 2092208.7917020093 8000.0
109000.0 110000.0 2073646.2082979907 8000.0
110000.0 111000.0 1350462.1924489243 8000.0
111000.0 112000.0 558504.8075510759 0.0
112000.0 113000.0 1506560.8344594827 8000.0
113000.0 114000.0 278537.16554051737 0.0
114000.0 115000.0 1274445.072112367 8000.0
115000.0 116000.0 493523.9278876329 0.0
116000.0 117000.0 1752801.9625241272 8000.0
117000.0 118000.0 410083.03747587296 0.0
118000.0 119000.0 1367368.078536362 8000.0
119000.0 120000.0 529011.9214636382 0.0
120000.0 121000.0 1810363.1313103847 8000.0
121000.0 122000.0 225883.86868961513 0.0
122000.0 123000.0 0.0 0.0
123000.0 124000.0 2447941.4391787183 8000.0
124000.0 125000.0 1520120.560821282 0.0
125000.0 126000.0 0.0 0.0
126000.0 127000.0 1344253.472853475 8000.0
127000.0 128000.0 511121.5271465251 0.0
128000.0 129000.0 1332507.6840929773 8000.0
129000.0 130000.0 708466.3159070227 0.0
130000.0 131000.0 1513601.8913136872 8000.0
131000.0 132000.0 369594.1086863128 0.0
132000.0 133000.0 1588890.494110386 8000.0
133000.0 134000.0 370185.505889614 0.0
134000.0 135000.0 1705599.527945798 8000.0
135000.0 136000.0 264828.47205420217 0.0
136000.0 137000.0 2246544.955129342 8000.0
137000.0 138000.0 1697820.0448706583 0.0
138000.0 139000.0 999901.6080610945 8000.0
139000.0 140000.0 923971.3919389056 0.0
140000.0 141000.0 1592728.3421261266 8000.0
141000.0 142000.0 449099.65787387337 0.0
142000.0 143000.0 1994828.0 8000.0
143000.0 144000.0 0.0 0.0
144000.0 145000.0 1714560.1000274222 8000.0
145000.0 146000.0 340576.8999725777 0.0
146000.0 147000.0 1084605.5190516408 8000.0
147000.0 148000.0 619294.6023539328 0.0
148000.0 149000.0 1532037.654627882 8000.0
149000.0 150000.0 533569.2239665444 0.0
150000.0 151000.0 1009877.148125576 8000.0
151000.0 152000.0 803011.8518744239 0.0
152000.0 153000.0 1040778.0765116364 8000.0
153000.0 154000.0 1039595.9234883635 0.0
154000.0 155000.0 1733923.0 8000.0
155000.0 156000.0 0.0 0.0
156000.0 157000.0 1642366.6296924741 8000.0
157000.0 158000.0 469697.37030752585 0.0
158000.0 159000.0 1514355.5190791346 8000.0
159000.0 160000.0 380408.48092086543 0.0
160000.0 161000.0 971921.3866665465 8000.0
161000.0 162000.0 1078327.6133334537 0.0
162000.0 163000.0 1199429.4058587924 8000.0
163000.0 164000.0 806134.5941412076 0.0
164000.0 165000.0 1574661.5356283088 8000.0
165000.0 166000.0 353056.46437169134 0.0
166000.0 167000.0 1707273.9296912118 8000.0
167000.0 168000.0 165804.07030878818 0.0
168000.0 169000.0 1589098.7411539953 8000.0
169000.0 170000.0 582683.2588460048 0.0
170000.0 171000.0 1471930.7853693964 8000.0
171000.0 172000.0 450135.2146306036 0.0
172000.0 173000.0 1372419.4545532838 8000.0
173000.0 174000.0 536380.5454467165 0.0
174000.0 175000.0 1576603.4406121853 8000.0
175000.0 176000.0 343589.55938781454 0.0
176000.0 177000.0 1847383.1453295604 8000.0
177000.0 178000.0 82204.8546704397 0.0
178000.0 179000.0 1377435.51027457 8000.0
179000.0 180000.0 623258.4897254301 0.0
180000.0 181000.0 1100782.6415284649 8000.0
181000.0 182000.0 2850573.358471535 8000.0
182000.0 183000.0 2912.0 0.0
183000.0 184000.0 0.0 0.0
184000.0 185000.0 3061297.465646781 8000.0
185000.0 186000.0 937649.5343532191 0.0
186000.0 187000.0 1242007.6294448748 8000.0
187000.0 188000.0 619490.3705551252 0.0
188000.0 189000.0 652856.8950566906 8000.0
189000.0 190000.0 1207770.121380284 0.0
190000.0 191000.0 1909405.9835630255 8000.0
191000.0 192000.0 0.0 0.0
192000.0 193000.0 1299209.283387506 8000.0
193000.0 194000.0 631423.7166124941 0.0
194000.0 195000.0 913620.0627436783 8000.0
195000.0 196000.0 1153245.9372563215 0.0
196000.0 197000.0 1736846.0 8000.0
197000.0 198000.0 0.0 0.0
198000.0 199000.0 1028873.7652699152 8000.0
199000.0 200000.0 1000464.2347300847 0.0
200000.0 201000.0 1487512.8591028352 8000.0
201000.0 202000.0 377526.1408971647 0.0
202000.0 203000.0 1135006.5940880848 8000.0
203000.0 204000.0 655539.4059119151 0.0
204000.0 205000.0 1288558.569469687 8000.0
205000.0 206000.0 718221.4305303127 0.0
206000.0 207000.0 1593113.8734172096 8000.0
207000.0 208000.0 436197.12658279063 0.0
208000.0 209000.0 2048024.0 8000.0
209000.0 210000.0 0.0 0.0
210000.0 211000.0 1441326.1684719916 8000.0
211000.0 212000.0 484454.8315280084 0.0
212000.0 213000.0 1499014.8204668611 8000.0
213000.0 214000.0 480692.1795331389 0.0
214000.0 215000.0 1713023.0 8000.0
215000.0 216000.0 0.0 0.0
216000.0 217000.0 1240209.8221556896 8000.0
217000.0 218000.0 818981.1778443103 0.0
218000.0 219000.0 1528040.8795008152 8000.0
219000.0 220000.0 474962.1204991848 0.0
220000.0 221000.0 1243945.861961858 8000.0
221000.0 222000.0 779106.1380381419 0.0
222000.0 223000.0 997363.9316510112 8000.0
223000.0 224000.0 1726740.5205757432 8000.0
224000.0 225000.0 2517507.537615526 8000.0
225000.0 226000.0 570054.0101577193 0.0
226000.0 227000.0 2913.0 0.0
227000.0 228000.0 0.0 0.0
228000.0 229000.0 1509611.856268877 8000.0
229000.0 230000.0 360973.21397190477 0.0
230000.0 231000.0 1841308.1206276282 8000.0
231000.0 232000.0 145773.80913159007 0.0
232000.0 233000.0 2547561.362759916 8000.0
233000.0 234000.0 1336661.6372400841 0.0
234000.0 235000.0 1473482.6426275324 8000.0
235000.0 236000.0 526316.3573724678 0.0
236000.0 237000.0 1621379.7361545726 8000.0
237000.0 238000.0 307265.26384542737 0.0
238000.0 239000.0 2046911.841849054 8000.0
239000.0 240000.0 29390.158150946107 0.0
240000.0 241000.0 1092040.6997776674 8000.0
241000.0 242000.0 842226.3002223326 0.0
242000.0 243000.0 7401.471427532445 0.0
243000.0 244000.0 1931785.5285724676 8000.0
244000.0 245000.0 802036.4381672303 8000.0
245000.0 246000.0 1165335.5618327698 0.0
246000.0 247000.0 1728476.6630351823 8000.0
247000.0 248000.0 210882.3369648177 0.0
248000.0 249000.0 1494045.2630719761 8000.0
249000.0 250000.0 539924.736928024 0.0
250000.0 251000.0 1597057.8106314407 8000.0
251000.0 252000.0 316618.18936855916 0.0
252000.0 253000.0 1774464.0167950238 8000.0
253000.0 254000.0 208861.98320497628 0.0
254000.0 255000.0 1583330.3857980475 8000.0
255000.0 256000.0 354343.6142019524 0.0
256000.0 257000.0 1592504.6557406792 8000.0
257000.0 258000.0 318075.34425932064 0.0
258000.0 259000.0 1516093.1471422047 8000.0
259000.0 260000.0 457042.85285779525 0.0
260000.0 261000.0 1143369.3693858655 8000.0
261000.0 262000.0 892936.6306141344 0.0
262000.0 263000.0 1585274.8896379273 8000.0
263000.0 264000.0 534575.1103620727 0.0
264000.0 265000.0 1516876.405158989 8000.0
265000.0 266000.0 349908.5948410112 0.0
266000.0 267000.0 873154.1449275428 8000.0
267000.0 268000.0 1063602.855072457 0.0
268000.0 269000.0 1722184.9348244478 8000.0
269000.0 270000.0 294978.0651755522 0.0
270000.0 271000.0 1975916.0 8000.0
271000.0 272000.0 0.0 0.0
272000.0 273000.0 1416583.2572193744 8000.0
273000.0 274000.0 444317.7427806257 0.0
274000.0 275000.0 1468773.0037380378 8000.0
275000.0 276000.0 573857.9962619623 0.0
276000.0 277000.0 1416848.3180764439 8000.0
277000.0 278000.0 504987.681923556 0.0
278000.0 279000.0 2279740.2055780794 8000.0
279000.0 280000.0 1714678.794421921 0.0
280000.0 281000.0 1412665.2057942387 8000.0
281000.0 282000.0 513723.7942057612 0.0
282000.0 283000.0 1923887.0 8000.0
283000.0 284000.0 0.0 0.0
284000.0 285000.0 1341264.097793006 8000.0
285000.0 286000.0 655610.9022069941 0.0
286000.0 287000.0 1772800.6546457242 8000.0
287000.0 288000.0 287896.345354276 0.0
288000.0 289000.0 1925481.0 8000.0
289000.0 290000.0 0.0 0.0
290000.0 291000.0 1542679.6819692142 8000.0
291000.0 292000.0 302583.31803078577 0.0
292000.0 293000.0 1641660.3860500448 8000.0
293000.0 294000.0 526585.6139499553 0.0
294000.0 295000.0 1326221.2188427805 8000.0
295000.0 296000.0 564803.7811572194 0.0
296000.0 297000.0 1543610.6795514273 8000.0
297000.0 298000.0 431684.3204485727 0.0
298000.0 299000.0 1231713.0065023445 8000.0
299000.0 300000.0 764586.9934976555 0.0
300000.0 301000.0 0.0 0.0
