ts te s_bytes_all avg_video_rate
0.0 1000.0 0.0 0.0
1000.0 2000.0 0.0 0.0
2000.0 3000.0 0.0 0.0
3000.0 4000.0 0.0 0.0
4000.0 5000.0 0.0 0.0
5000.0 6000.0 0.0 0.0
6000.0 7000.0 4069.334443064261 0.0
7000.0 8000.0 608960.6655569357 2300.0
8000.0 9000.0 97755.27320856114 2300.0
9000.0 10000.0 1284427.9069799304 2300.0
10000.0 11000.0 1549941.184709437 2300.0
11000.0 12000.0 1706027.985370141 3350.0
12000.0 13000.0 515987.546726382 0.0
13000.0 14000.0 26915.030231399825 0.0
14000.0 15000.0 2018681.0727741495 8000.0
15000.0 16000.0 1885958.0 8000.0
16000.0 17000.0 0.0 0.0
17000.0 18000.0 1984925.0 8000.0
18000.0 19000.0 0.0 0.0
19000.0 20000.0 2081745.0 8000.0
20000.0 21000.0 0.0 0.0
21000.0 22000.0 1870809.0 8000.0
22000.0 23000.0 981188.612921392 8000.0
23000.0 24000.0 985227.3870786082 0.0
24000.0 25000.0 1712102.0 8000.0
25000.0 26000.0 7667.988360568125 0.0
26000.0 27000.0 2085359.0116394318 8000.0
27000.0 28000.0 1882538.0 8000.0
28000.0 29000.0 0.0 0.0
29000.0 30000.0 1839787.0 8000.0
30000.0 31000.0 0.0 0.0
31000.0 32000.0 2050247.0 8000.0
32000.0 33000.0 0.0 0.0
33000.0 34000.0 1965067.0 8000.0
34000.0 35000.0 0.0 0.0
35000.0 36000.0 1796453.0 8000.0
36000.0 37000.0 1103557.8451633889 8000.0
37000.0 38000.0 1075733.1548366111 0.0
38000.0 39000.0 1056708.5776895606 8000.0
39000.0 40000.0 1019216.4223104393 0.0
40000.0 41000.0 1948978.0 8000.0
41000.0 42000.0 3354.9427313409788 0.0
42000.0 43000.0 1831887.0572686591 8000.0
43000.0 44000.0 28004.02602733619 0.0
44000.0 45000.0 1877759.9739726637 8000.0
45000.0 46000.0 2909.0 0.0
46000.0 47000.0 0.0 0.0
47000.0 48000.0 1685508.0 8000.0
48000.0 49000.0 0.0 0.0
49000.0 50000.0 1674274.9318271917 8000.0
50000.0 51000.0 1953570.4074037299 8000.0
51000.0 52000.0 2495402.6607690784 8000.0
52000.0 53000.0 0.0 0.0
53000.0 54000.0 1908284.0 8000.0
54000.0 55000.0 0.0 0.0
55000.0 56000.0 2021498.0 8000.0
56000.0 57000.0 0.0 0.0
57000.0 58000.0 1924552.0 8000.0
58000.0 59000.0 0.0 0.0
59000.0 60000.0 1963699.0 8000.0
60000.0 61000.0 0.0 0.0
61000.0 62000.0 1986762.0 8000.0
62000.0 63000.0 0.0 0.0
63000.0 64000.0 1843965.0 8000.0
64000.0 65000.0 0.0 0.0
65000.0 66000.0 1721426.0 8000.0
66000.0 67000.0 0.0 0.0
67000.0 68000.0 2208452.0 8000.0
68000.0 69000.0 0.0 0.0
69000.0 70000.0 1954741.0 8000.0
70000.0 71000.0 0.0 0.0
71000.0 72000.0 1937849.0 8000.0
72000.0 73000.0 1012214.9690210589 8000.0
73000.0 74000.0 966313.030978941 0.0
74000.0 75000.0 970766.2903619627 8000.0
75000.0 76000.0 961405.7096380373 0.0
76000.0 77000.0 975310.0007036609 8000.0
77000.0 78000.0 950321.999296339 0.0
78000.0 79000.0 1039555.0726349333 8000.0
79000.0 80000.0 984132.9273650667 0.0
80000.0 81000.0 1043871.2394972396 8000.0
81000.0 82000.0 981641.7605027603 0.0
82000.0 83000.0 1051228.0910892314 8000.0
83000.0 84000.0 981475.9089107686 0.0
84000.0 85000.0 1922812.0 8000.0
85000.0 86000.0 2909.0 0.0
86000.0 87000.0 0.0 0.0
87000.0 88000.0 1866588.0 8000.0
88000.0 89000.0 0.0 0.0
89000.0 90000.0 1879170.0 8000.0
90000.0 91000.0 0.0 0.0
91000.0 92000.0 2056000.0 8000.0
92000.0 93000.0 0.0 0.0
93000.0 94000.0 1937235.0 8000.0
94000.0 95000.0 0.0 0.0
95000.0 96000.0 1650918.0404998888 8000.0
96000.0 97000.0 1827032.501499373 8000.0
97000.0 98000.0 481784.0461791877 0.0
98000.0 99000.0 1865109.4118215507 8000.0
99000.0 100000.0 2097123.0 8000.0
100000.0 101000.0 0.0 0.0
101000.0 102000.0 1909968.0 8000.0
102000.0 103000.0 0.0 0.0
103000.0 104000.0 2040945.0 8000.0
104000.0 105000.0 0.0 0.0
105000.0 106000.0 1892479.0 8000.0
106000.0 107000.0 0.0 0.0
107000.0 108000.0 1845669.0 8000.0
108000.0 109000.0 0.0 0.0
109000.0 110000.0 2033173.0 8000.0
110000.0 111000.0 0.0 0.0
111000.0 112000.0 2914.0 0.0
112000.0 113000.0 0.0 0.0
113000.0 114000.0 1847366.0 8000.0
114000.0 115000.0 1040677.3078232905 8000.0
115000.0 116000.0 1049654.6921767094 0.0
116000.0 117000.0 983229.3520233949 8000.0
117000.0 118000.0 973715.6479766051 0.0
118000.0 119000.0 1851999.0 8000.0
119000.0 120000.0 26775.713868682724 0.0
120000.0 121000.0 2072910.2861313173 8000.0
121000.0 122000.0 1946786.0 8000.0
122000.0 123000.0 0.0 0.0
123000.0 124000.0 1997216.0 8000.0
124000.0 125000.0 0.0 0.0
125000.0 126000.0 2011308.0 8000.0
126000.0 127000.0 936052.2469600115 8000.0
127000.0 128000.0 816855.7530399885 0.0
128000.0 129000.0 986568.4554836707 8000.0
129000.0 130000.0 1025230.5445163293 0.0
130000.0 131000.0 945627.4498893153 8000.0
131000.0 132000.0 968423.5501106847 0.0
132000.0 133000.0 1054540.8077626424 8000.0
133000.0 134000.0 978243.1922373578 0.0
134000.0 135000.0 1907478.0 8000.0
135000.0 136000.0 2217.1671424492274 0.0
136000.0 137000.0 1945186.8328575508 8000.0
137000.0 138000.0 16252.668300561849 0.0
138000.0 139000.0 1941119.3316994382 8000.0
139000.0 140000.0 27122.074739520656 0.0
140000.0 141000.0 1913416.9252604793 8000.0
141000.0 142000.0 27838.824437910156 0.0
142000.0 143000.0 1716202.1755620898 8000.0
143000.0 144000.0 2214129.0 8000.0
144000.0 145000.0 0.0 0.0
145000.0 146000.0 26785.618678931627 0.0
146000.0 147000.0 1963086.3813210684 8000.0
147000.0 148000.0 1817321.0 8000.0
148000.0 149000.0 0.0 0.0
149000.0 150000.0 2909.0 0.0
150000.0 151000.0 0.0 0.0
151000.0 152000.0 2017719.0 8000.0
152000.0 153000.0 0.0 0.0
153000.0 154000.0 1398206.3079907475 8000.0
154000.0 155000.0 620479.6920092524 0.0
155000.0 156000.0 2405810.7500634436 8000.0
156000.0 157000.0 1439960.5532071486 0.0
157000.0 158000.0 2011832.6967294072 8000.0
158000.0 159000.0 0.0 0.0
159000.0 160000.0 1900583.4696172557 8000.0
160000.0 161000.0 140398.53038274427 0.0
161000.0 162000.0 1951937.0 8000.0
162000.0 163000.0 0.0 0.0
163000.0 164000.0 1996589.0 8000.0
164000.0 165000.0 0.0 0.0
165000.0 166000.0 1780332.5636187645 8000.0
166000.0 167000.0 193033.4363812355 0.0
167000.0 168000.0 1917189.0 8000.0
168000.0 169000.0 778817.6626952131 8000.0
169000.0 170000.0 1173963.337304787 0.0
170000.0 171000.0 1103475.713825318 8000.0
171000.0 172000.0 876540.8957550938 0.0
172000.0 173000.0 1107742.1214094218 8000.0
173000.0 174000.0 890279.054489394 0.0
174000.0 175000.0 1051367.7051613294 8000.0
175000.0 176000.0 856508.270763344 0.0
176000.0 177000.0 1178689.5543209172 8000.0
177000.0 178000.0 964428.6842751817 0.0
178000.0 179000.0 0.0 0.0
179000.0 180000.0 1306849.0777959907 8000.0
180000.0 181000.0 1959942.062526867 8000.0
181000.0 182000.0 452016.85967714235 0.0
182000.0 183000.0 1007163.757569546 8000.0
183000.0 184000.0 1177220.2424304541 0.0
184000.0 185000.0 1731148.0 8000.0
185000.0 186000.0 27385.2506723224 0.0
186000.0 187000.0 1897079.7493276775 8000.0
187000.0 188000.0 27495.512723959455 0.0
188000.0 189000.0 1773519.4872760405 8000.0
189000.0 190000.0 2914.0 0.0
190000.0 191000.0 0.0 0.0
191000.0 192000.0 2176877.0 8000.0
192000.0 193000.0 0.0 0.0
193000.0 194000.0 1949800.0 8000.0
194000.0 195000.0 0.0 0.0
195000.0 196000.0 1827561.0 8000.0
196000.0 197000.0 0.0 0.0
197000.0 198000.0 2132433.0 8000.0
198000.0 199000.0 854379.1459466715 8000.0
199000.0 200000.0 1104216.8540533285 0.0
200000.0 201000.0 863975.1641138258 8000.0
201000.0 202000.0 895185.8358861741 0.0
202000.0 203000.0 2112576.0 8000.0
203000.0 204000.0 2245.2063480798643 0.0
204000.0 205000.0 2009577.79365192 8000.0
205000.0 206000.0 1491469.0244891667 8000.0
206000.0 207000.0 422074.97551083326 0.0
207000.0 208000.0 1958266.0 8000.0
208000.0 209000.0 0.0 0.0
209000.0 210000.0 2029334.0 8000.0
210000.0 211000.0 0.0 0.0
211000.0 212000.0 1767109.0 8000.0
212000.0 213000.0 0.0 0.0
213000.0 214000.0 2092101.0 8000.0
214000.0 215000.0 0.0 0.0
215000.0 216000.0 1976221.0 8000.0
216000.0 217000.0 0.0 0.0
217000.0 218000.0 1770208.0 8000.0
218000.0 219000.0 0.0 0.0
219000.0 220000.0 2153156.0 8000.0
220000.0 221000.0 0.0 0.0
221000.0 222000.0 1688265.968420122 8000.0
222000.0 223000.0 256913.031579878 0.0
223000.0 224000.0 1819868.0 8000.0
224000.0 225000.0 0.0 0.0
225000.0 226000.0 2100785.0 8000.0
226000.0 227000.0 0.0 0.0
227000.0 228000.0 1940704.0 8000.0
228000.0 229000.0 0.0 0.0
229000.0 230000.0 1994163.0 8000.0
230000.0 231000.0 0.0 0.0
231000.0 232000.0 1997588.0 8000.0
232000.0 233000.0 0.0 0.0
233000.0 234000.0 1431035.5801859258 8000.0
234000.0 235000.0 1988191.242063729 8000.0
235000.0 236000.0 513603.2776715072 0.0
236000.0 237000.0 1976966.9000788378 8000.0
237000.0 238000.0 26548.623124211368 0.0
238000.0 239000.0 2005430.3768757887 8000.0
239000.0 240000.0 1898111.0 8000.0
240000.0 241000.0 0.0 0.0
241000.0 242000.0 2914.0 0.0
242000.0 243000.0 1139141.4909520196 8000.0
243000.0 244000.0 2754321.5090479804 8000.0
244000.0 245000.0 0.0 0.0
245000.0 246000.0 1669072.401331259 8000.0
246000.0 247000.0 295259.59866874106 0.0
247000.0 248000.0 1998329.0 8000.0
248000.0 249000.0 0.0 0.0
249000.0 250000.0 1562014.761502048 8000.0
250000.0 251000.0 424733.238497952 0.0
251000.0 252000.0 1930383.0 8000.0
252000.0 253000.0 0.0 0.0
253000.0 254000.0 1898530.0 8000.0
254000.0 255000.0 19.848407767984565 0.0
255000.0 256000.0 1809613.151592232 8000.0
256000.0 257000.0 0.0 0.0
257000.0 258000.0 1991029.0 8000.0
258000.0 259000.0 0.0 0.0
259000.0 260000.0 2118796.0 8000.0
260000.0 261000.0 0.0 0.0
261000.0 262000.0 1888957.0 8000.0
262000.0 263000.0 0.0 0.0
263000.0 264000.0 1989066.0 8000.0
264000.0 265000.0 968054.6178756886 8000.0
265000.0 266000.0 966770.3821243115 0.0
266000.0 267000.0 0.0 0.0
267000.0 268000.0 1860993.0 8000.0
268000.0 269000.0 960615.3133329294 8000.0
269000.0 270000.0 992169.6866670706 0.0
270000.0 271000.0 0.0 0.0
271000.0 272000.0 15790.544847344718 0.0
272000.0 273000.0 2056049.4551526553 8000.0
273000.0 274000.0 27191.337043761683 0.0
274000.0 275000.0 1766553.6629562383 8000.0
275000.0 276000.0 1516627.1785150175 8000.0
276000.0 277000.0 432028.82148498256 0.0
277000.0 278000.0 1976697.0 8000.0
278000.0 279000.0 0.0 0.0
279000.0 280000.0 1922448.0 8000.0
280000.0 281000.0 0.0 0.0
281000.0 282000.0 2023171.0 8000.0
282000.0 283000.0 0.0 0.0
283000.0 284000.0 1930721.0 8000.0
284000.0 285000.0 1020018.4096433586 8000.0
285000.0 286000.0 1036664.5903566414 0.0
286000.0 287000.0 1869960.0 8000.0
287000.0 288000.0 27227.787715687347 0.0
288000.0 289000.0 1872359.2122843126 8000.0
289000.0 290000.0 1412499.562488457 8000.0
290000.0 291000.0 223165.43751154296 0.0
291000.0 292000.0 1683771.2679949014 8000.0
292000.0 293000.0 541241.7320050987 0.0
293000.0 294000.0 1908282.0 8000.0
294000.0 295000.0 0.0 0.0
295000.0 296000.0 1872419.0 8000.0
296000.0 297000.0 0.0 0.0
297000.0 298000.0 2080558.0 8000.0
298000.0 299000.0 0.0 0.0
299000.0 300000.0 1986508.0 8000.0
300000.0 301000.0 0.0 0.0
