ts te s_bytes_all avg_video_rate
0.0 1000.0 0.0 0.0
1000.0 2000.0 0.0 0.0
2000.0 3000.0 0.0 0.0
3000.0 4000.0 0.0 0.0
4000.0 5000.0 0.0 0.0
5000.0 6000.0 0.0 0.0
6000.0 7000.0 3998.0 0.0
7000.0 8000.0 928080.2781697816 4400.0
8000.0 9000.0 1383460.1444005177 4400.0
9000.0 10000.0 5385828.083207618 4400.0
10000.0 11000.0 960659.4942220828 0.0
11000.0 12000.0 1131162.0908758964 8000.0
12000.0 13000.0 711364.6406914184 0.0
13000.0 14000.0 661145.3609325843 8000.0
14000.0 15000.0 1166273.907500101 0.0
15000.0 16000.0 1192627.701549808 8000.0
16000.0 17000.0 731197.2984501921 0.0
17000.0 18000.0 826041.1038659642 8000.0
18000.0 19000.0 1116569.896134036 0.0
19000.0 20000.0 1008745.6633972832 8000.0
20000.0 21000.0 924882.3366027168 0.0
21000.0 22000.0 814746.7079705324 8000.0
22000.0 23000.0 1149621.2920294676 0.0
23000.0 24000.0 6964.0236653842385 0.0
24000.0 25000.0 3057551.854339812 8000.0
25000.0 26000.0 981681.1219948035 0.0
26000.0 27000.0 0.0 0.0
27000.0 28000.0 1112093.305135299 8000.0
28000.0 29000.0 2892179.694864701 8000.0
29000.0 30000.0 978144.8964853308 8000.0
30000.0 31000.0 725615.1035146691 0.0
31000.0 32000.0 1003474.2355633302 8000.0
32000.0 33000.0 1117981.7644366699 0.0
33000.0 34000.0 921292.8305289317 8000.0
34000.0 35000.0 609700.1694710683 0.0
35000.0 36000.0 1020072.2096028331 8000.0
36000.0 37000.0 1144688.7903971667 0.0
37000.0 38000.0 974884.2650469285 8000.0
38000.0 39000.0 988414.7349530717 0.0
39000.0 40000.0 825667.5530557944 8000.0
40000.0 41000.0 1153771.4469442056 0.0
41000.0 42000.0 624620.8164503634 8000.0
42000.0 43000.0 1318660.1835496367 0.0
43000.0 44000.0 493522.3763699912 8000.0
44000.0 45000.0 1325215.623630009 0.0
45000.0 46000.0 701924.7873275855 8000.0
46000.0 47000.0 1014934.2126724145 0.0
47000.0 48000.0 963828.5666971861 8000.0
48000.0 49000.0 1146808.4333028141 0.0
49000.0 50000.0 943997.1189494563 8000.0
50000.0 51000.0 1055584.8810505439 0.0
51000.0 52000.0 515055.5317214794 8000.0
52000.0 53000.0 1429454.4682785207 0.0
53000.0 54000.0 491260.3572338618 8000.0
54000.0 55000.0 1445802.642766138 0.0
55000.0 56000.0 960346.2152195208 8000.0
56000.0 57000.0 925832.7847804792 0.0
57000.0 58000.0 928817.14877412 8000.0
58000.0 59000.0 1024641.85122588 0.0
59000.0 60000.0 0.0 0.0
60000.0 61000.0 199.08516215865885 0.0
61000.0 62000.0 2711.914837841341 0.0
62000.0 63000.0 0.0 0.0
63000.0 64000.0 5803421.0 8000.0
64000.0 65000.0 0.0 0.0
65000.0 66000.0 0.0 0.0
66000.0 67000.0 0.0 0.0
67000.0 68000.0 2918.0 0.0
68000.0 69000.0 0.0 0.0
69000.0 70000.0 2918.0 0.0
70000.0 71000.0 0.0 0.0
71000.0 72000.0 0.0 0.0
72000.0 73000.0 2762750.8024704447 8000.0
73000.0 74000.0 6046125.264006313 8000.0
74000.0 75000.0 773843.9335232414 0.0
75000.0 76000.0 1166988.9581961473 8000.0
76000.0 77000.0 812126.0418038525 0.0
77000.0 78000.0 482140.9386937137 8000.0
78000.0 79000.0 3383337.061306286 8000.0
79000.0 80000.0 914840.0475794788 8000.0
80000.0 81000.0 999509.9524205211 0.0
81000.0 82000.0 742498.4427658593 8000.0
82000.0 83000.0 1322057.5572341406 0.0
83000.0 84000.0 636630.3289292199 8000.0
84000.0 85000.0 1011813.6710707801 0.0
85000.0 86000.0 849520.8615616913 8000.0
86000.0 87000.0 1209063.1384383086 0.0
87000.0 88000.0 544220.6233455654 8000.0
88000.0 89000.0 1460185.3766544345 0.0
89000.0 90000.0 635319.2649070182 8000.0
90000.0 91000.0 1143640.735092982 0.0
91000.0 92000.0 460990.72191682435 8000.0
92000.0 93000.0 1514122.2780831757 0.0
93000.0 94000.0 387022.3603099894 8000.0
94000.0 95000.0 1500483.6396900106 0.0
95000.0 96000.0 9773.595686489802 0.0
96000.0 97000.0 1999574.4043135103 8000.0
97000.0 98000.0 13094.659044444728 0.0
98000.0 99000.0 1957753.3409555552 8000.0
99000.0 100000.0 482451.2896408399 8000.0
100000.0 101000.0 1308435.71035916 0.0
101000.0 102000.0 243983.0921313327 8000.0
102000.0 103000.0 1923071.9078686673 0.0
103000.0 104000.0 576510.1164567515 8000.0
104000.0 105000.0 1369252.8835432485 0.0
105000.0 106000.0 915714.8788966867 8000.0
106000.0 107000.0 968979.1211033132 0.0
107000.0 108000.0 1245751.400383181 8000.0
108000.0 109000.0 921407.5996168191 0.0
109000.0 110000.0 649232.3525549327 8000.0
110000.0 111000.0 1196778.6474450673 0.0
111000.0 112000.0 884860.4989571433 8000.0
112000.0 113000.0 1110071.5010428566 0.0
113000.0 114000.0 720227.0679010531 8000.0
114000.0 115000.0 1008964.9320989469 0.0
115000.0 116000.0 727418.3078530962 8000.0
116000.0 117000.0 1225563.6921469038 0.0
117000.0 118000.0 440782.62835743424 8000.0
118000.0 119000.0 1482943.3716425658 0.0
119000.0 120000.0 904432.9698090102 8000.0
120000.0 121000.0 2879960.03019099 8000.0
121000.0 122000.0 0.0 0.0
122000.0 123000.0 21062.034134961046 0.0
123000.0 124000.0 3154075.2855048785 8000.0
124000.0 125000.0 680473.6803601604 0.0
125000.0 126000.0 542721.4087659455 8000.0
126000.0 127000.0 1367250.5912340544 0.0
127000.0 128000.0 893063.3675676187 8000.0
128000.0 129000.0 1112883.6324323812 0.0
129000.0 130000.0 523473.96503853693 8000.0
130000.0 131000.0 1389796.0349614632 0.0
131000.0 132000.0 754456.0647051934 8000.0
132000.0 133000.0 1184947.9352948065 0.0
133000.0 134000.0 721755.3817616502 8000.0
134000.0 135000.0 1283898.6182383497 0.0
135000.0 136000.0 692366.4874789322 8000.0
136000.0 137000.0 1141861.5125210679 0.0
137000.0 138000.0 702720.7485604888 8000.0
138000.0 139000.0 1270651.2514395113 0.0
139000.0 140000.0 2915.0 0.0
140000.0 141000.0 0.0 0.0
141000.0 142000.0 505250.79818692664 8000.0
142000.0 143000.0 1511095.2018130734 0.0
143000.0 144000.0 897504.4148004835 8000.0
144000.0 145000.0 2687786.5851995163 8000.0
145000.0 146000.0 210590.3108288184 8000.0
146000.0 147000.0 2194149.6378439064 8000.0
147000.0 148000.0 1578685.9468213245 0.0
148000.0 149000.0 2025694.1045059506 8000.0
149000.0 150000.0 11443.179221968216 0.0
150000.0 151000.0 1843247.8207780318 8000.0
151000.0 152000.0 2914.0 0.0
152000.0 153000.0 0.0 0.0
153000.0 154000.0 313507.2740179752 8000.0
154000.0 155000.0 1727375.7259820248 0.0
155000.0 156000.0 359559.36235475674 8000.0
156000.0 157000.0 1568726.6376452432 0.0
157000.0 158000.0 424859.79499257536 8000.0
158000.0 159000.0 1662530.2050074246 0.0
159000.0 160000.0 520982.4829769375 8000.0
160000.0 161000.0 1228051.5170230628 0.0
161000.0 162000.0 705357.5076144473 8000.0
162000.0 163000.0 1288930.4923855527 0.0
163000.0 164000.0 605726.6482672935 8000.0
164000.0 165000.0 1097133.3517327064 0.0
165000.0 166000.0 0.0 0.0
166000.0 167000.0 0.0 0.0
167000.0 168000.0 2915.0 0.0
168000.0 169000.0 0.0 0.0
169000.0 170000.0 5954827.0 8000.0
170000.0 171000.0 0.0 0.0
171000.0 172000.0 530327.9905432262 8000.0
172000.0 173000.0 3394771.0094567738 8000.0
173000.0 174000.0 743135.7464025372 8000.0
174000.0 175000.0 1216764.2535974625 0.0
175000.0 176000.0 0.0 0.0
176000.0 177000.0 246330.2379422062 8000.0
177000.0 178000.0 3744738.762057794 8000.0
178000.0 179000.0 0.0 0.0
179000.0 180000.0 750985.677220844 8000.0
180000.0 181000.0 1263588.322779156 0.0
181000.0 182000.0 369098.8164041913 8000.0
182000.0 183000.0 1514239.1835958087 0.0
183000.0 184000.0 591569.9431359215 8000.0
184000.0 185000.0 1361422.0568640786 0.0
185000.0 186000.0 400164.705186343 8000.0
186000.0 187000.0 1480925.294813657 0.0
187000.0 188000.0 979778.2335619946 8000.0
188000.0 189000.0 949343.7664380053 0.0
189000.0 190000.0 422827.61055562855 8000.0
190000.0 191000.0 1525668.3894443715 0.0
191000.0 192000.0 484928.8771489842 8000.0
192000.0 193000.0 3312308.122851016 8000.0
193000.0 194000.0 573.3889900012642 0.0
194000.0 195000.0 1907131.5393262317 8000.0
195000.0 196000.0 51148.88361823551 0.0
196000.0 197000.0 1977560.1880655317 8000.0
197000.0 198000.0 11698.553280679002 0.0
198000.0 199000.0 1923439.446719321 8000.0
199000.0 200000.0 13486.60716942399 0.0
200000.0 201000.0 1938737.392830576 8000.0
201000.0 202000.0 753199.1292517562 8000.0
202000.0 203000.0 1192737.8707482438 0.0
203000.0 204000.0 9615.420947996892 0.0
204000.0 205000.0 1620798.579052003 8000.0
205000.0 206000.0 395332.0218471765 8000.0
206000.0 207000.0 1737535.9781528234 0.0
207000.0 208000.0 887739.1213347738 8000.0
208000.0 209000.0 1066747.878665226 0.0
209000.0 210000.0 1056.8157809666975 0.0
210000.0 211000.0 1857.1842190333025 0.0
211000.0 212000.0 334835.88631465385 0.0
212000.0 213000.0 3536198.113685346 8000.0
213000.0 214000.0 554504.4449183962 8000.0
214000.0 215000.0 1411892.5550816038 0.0
215000.0 216000.0 526959.9090268495 8000.0
216000.0 217000.0 1209419.0909731505 0.0
217000.0 218000.0 776201.6138119505 8000.0
218000.0 219000.0 1230295.3861880496 0.0
219000.0 220000.0 905192.8153274507 8000.0
220000.0 221000.0 1160839.1846725491 0.0
221000.0 222000.0 798173.7092991346 8000.0
222000.0 223000.0 1035962.2907008656 0.0
223000.0 224000.0 377249.73723187606 8000.0
224000.0 225000.0 1677830.2627681238 0.0
225000.0 226000.0 459707.65813822974 8000.0
226000.0 227000.0 1545999.3418617703 0.0
227000.0 228000.0 858171.8633870409 8000.0
228000.0 229000.0 1063261.1366129592 0.0
229000.0 230000.0 538562.7745184221 8000.0
230000.0 231000.0 1385428.225481578 0.0
231000.0 232000.0 423147.8853985552 8000.0
232000.0 233000.0 1615180.1146014447 0.0
233000.0 234000.0 626091.1298863803 8000.0
234000.0 235000.0 1348951.8701136198 0.0
235000.0 236000.0 717198.6576211188 8000.0
236000.0 237000.0 1160507.3423788813 0.0
237000.0 238000.0 2914.0 0.0
238000.0 239000.0 0.0 0.0
239000.0 240000.0 1245756.1212358149 8000.0
240000.0 241000.0 2677557.8787641847 8000.0
241000.0 242000.0 0.0 0.0
242000.0 243000.0 387192.5478072425 8000.0
243000.0 244000.0 2451614.4544698154 8000.0
244000.0 245000.0 1014018.9977229418 0.0
245000.0 246000.0 92805.62984683905 8000.0
246000.0 247000.0 1965365.370153161 0.0
247000.0 248000.0 857576.7988866119 8000.0
248000.0 249000.0 1043520.2011133881 0.0
249000.0 250000.0 848922.9231396356 8000.0
250000.0 251000.0 1166732.0768603645 0.0
251000.0 252000.0 493342.93813033163 8000.0
252000.0 253000.0 1482013.061869668 0.0
253000.0 254000.0 514050.13291631127 8000.0
254000.0 255000.0 1525146.8670836887 0.0
255000.0 256000.0 902648.5891676979 8000.0
256000.0 257000.0 994095.4108323021 0.0
257000.0 258000.0 893876.5961290046 8000.0
258000.0 259000.0 1131403.4038709954 0.0
259000.0 260000.0 833045.8533679736 8000.0
260000.0 261000.0 1039902.1466320265 0.0
261000.0 262000.0 690512.9397085794 8000.0
262000.0 263000.0 1286719.0602914207 0.0
263000.0 264000.0 810455.3874863868 8000.0
264000.0 265000.0 3002897.6125136134 8000.0
265000.0 266000.0 581750.7416877052 8000.0
266000.0 267000.0 1303441.258312295 0.0
267000.0 268000.0 538126.2773543401 8000.0
268000.0 269000.0 1406321.72264566 0.0
269000.0 270000.0 479382.3169549572 8000.0
270000.0 271000.0 1475074.683045043 0.0
271000.0 272000.0 734980.3819929983 8000.0
272000.0 273000.0 1259753.6180070017 0.0
273000.0 274000.0 331877.30110798584 8000.0
274000.0 275000.0 1578426.698892014 0.0
275000.0 276000.0 541444.5085988146 8000.0
276000.0 277000.0 1423719.4914011855 0.0
277000.0 278000.0 641474.4968794523 8000.0
278000.0 279000.0 1306054.5031205476 0.0
279000.0 280000.0 481193.47458599135 8000.0
280000.0 281000.0 1334574.5254140086 0.0
281000.0 282000.0 808701.4216837116 8000.0
282000.0 283000.0 1143194.5783162883 0.0
283000.0 284000.0 807602.6014010865 8000.0
284000.0 285000.0 1132753.3985989136 0.0
285000.0 286000.0 851298.1851097858 8000.0
286000.0 287000.0 1149825.8148902142 0.0
287000.0 288000.0 569020.6364867762 8000.0
288000.0 289000.0 1346352.3635132238 0.0
289000.0 290000.0 1016666.3403760415 8000.0
290000.0 291000.0 850500.6596239585 0.0
291000.0 292000.0 424182.79593698523 8000.0
292000.0 293000.0 1578291.2040630148 0.0
293000.0 294000.0 853000.8926301368 8000.0
294000.0 295000.0 1073055.107369863 0.0
295000.0 296000.0 760452.9714248654 8000.0
296000.0 297000.0 1245925.0285751345 0.0
297000.0 298000.0 791781.1629872796 8000.0
298000.0 299000.0 1031959.8370127204 0.0
299000.0 300000.0 986060.6240318945 8000.0
300000.0 301000.0 1014354.3759681055 0.0
