ts te s_bytes_all avg_video_rate
0.0 1000.0 0.0 0.0
1000.0 2000.0 0.0 0.0
2000.0 3000.0 0.0 0.0
3000.0 4000.0 0.0 0.0
4000.0 5000.0 0.0 0.0
5000.0 6000.0 0.0 0.0
6000.0 7000.0 2259.8634353723114 0.0
7000.0 8000.0 1573.1365646276888 0.0
8000.0 9000.0 21679.24941874302 0.0
9000.0 10000.0 232413.1115485655 288.0
10000.0 11000.0 236159.86283467308 1096.0
11000.0 12000.0 389057.75672992825 1500.0
12000.0 13000.0 388519.19411239197 1500.0
13000.0 14000.0 1115608.9539959715 1500.0
14000.0 15000.0 31445.871359726614 0.0
15000.0 16000.0 1133329.0 4400.0
16000.0 17000.0 0.0 0.0
17000.0 18000.0 2106738.0 8000.0
18000.0 19000.0 0.0 0.0
19000.0 20000.0 1861988.0 8000.0
20000.0 21000.0 0.0 0.0
21000.0 22000.0 1916228.0 8000.0
22000.0 23000.0 0.0 0.0
23000.0 24000.0 1352271.785896514 8000.0
24000.0 25000.0 446298.0956001808 0.0
25000.0 26000.0 1885044.6104596222 8000.0
26000.0 27000.0 94093.50804368286 0.0
27000.0 28000.0 1958541.772923398 8000.0
28000.0 29000.0 2055872.5580598696 0.0
29000.0 30000.0 1278245.3398950968 8000.0
30000.0 31000.0 684535.3291216351 0.0
31000.0 32000.0 1899894.0 8000.0
32000.0 33000.0 0.0 0.0
33000.0 34000.0 1899153.939263282 8000.0
34000.0 35000.0 172317.06073671777 0.0
35000.0 36000.0 1804063.0 8000.0
36000.0 37000.0 0.0 0.0
37000.0 38000.0 1944840.6439044874 8000.0
38000.0 39000.0 154414.4429106407 0.0
39000.0 40000.0 1937288.9131848721 8000.0
40000.0 41000.0 0.0 0.0
41000.0 42000.0 2915.0 0.0
42000.0 43000.0 0.0 0.0
43000.0 44000.0 1749829.107679529 8000.0
44000.0 45000.0 204435.37904091013 0.0
45000.0 46000.0 2059434.5132795607 8000.0
46000.0 47000.0 0.0 0.0
47000.0 48000.0 1873849.0 8000.0
48000.0 49000.0 0.0 0.0
49000.0 50000.0 993871.0792799218 8000.0
50000.0 51000.0 781872.5070576929 0.0
51000.0 52000.0 1011824.9974739843 8000.0
52000.0 53000.0 736121.64466608 0.0
53000.0 54000.0 970277.2592337807 8000.0
54000.0 55000.0 1712398.8697433055 8000.0
55000.0 56000.0 2318911.3525891546 8000.0
56000.0 57000.0 600038.3843617112 0.0
57000.0 58000.0 43609.90559436984 0.0
58000.0 59000.0 0.0 0.0
59000.0 60000.0 1320317.7094320413 8000.0
60000.0 61000.0 601599.6466937045 0.0
61000.0 62000.0 1777018.9680668437 8000.0
62000.0 63000.0 1512927.848756699 8000.0
63000.0 64000.0 1616649.0116393096 8000.0
64000.0 65000.0 837764.848677557 0.0
65000.0 66000.0 1706519.3761344205 8000.0
66000.0 67000.0 505704.2177278766 0.0
67000.0 68000.0 1971957.2700147717 8000.0
68000.0 69000.0 26945.102856776215 0.0
69000.0 70000.0 1209436.779043209 8000.0
70000.0 71000.0 766047.9234775294 0.0
71000.0 72000.0 1842939.2974792614 8000.0
72000.0 73000.0 0.0 0.0
73000.0 74000.0 1907539.0 8000.0
74000.0 75000.0 0.0 0.0
75000.0 76000.0 1810700.5276983308 8000.0
76000.0 77000.0 1440162.639689433 8000.0
77000.0 78000.0 1700616.9075637208 8000.0
78000.0 79000.0 977675.3828339471 0.0
79000.0 80000.0 2093886.5422145682 8000.0
80000.0 81000.0 0.0 0.0
81000.0 82000.0 1427706.437156393 8000.0
82000.0 83000.0 478147.5013687499 0.0
83000.0 84000.0 284122.4538356387 8000.0
84000.0 85000.0 271725.5524822851 0.0
85000.0 86000.0 1294799.584425849 0.0
86000.0 87000.0 1241861.093516758 4400.0
87000.0 88000.0 1097055.3772143265 4400.0
88000.0 89000.0 0.0 0.0
89000.0 90000.0 2914.0 0.0
90000.0 91000.0 0.0 0.0
91000.0 92000.0 1161315.1267769774 8000.0
92000.0 93000.0 810536.520770934 0.0
93000.0 94000.0 1125585.7179885095 8000.0
94000.0 95000.0 968760.1735921634 0.0
95000.0 96000.0 2105774.2604216435 8000.0
96000.0 97000.0 71940.20044977253 0.0
97000.0 98000.0 0.0 0.0
98000.0 99000.0 0.0 0.0
99000.0 100000.0 0.0 0.0
100000.0 101000.0 24.0 0.0
101000.0 102000.0 102823.79756223629 288.0
102000.0 103000.0 807797.908695013 1096.0
103000.0 104000.0 1174671.2937427508 4400.0
104000.0 105000.0 0.0 0.0
105000.0 106000.0 1134813.0 4400.0
106000.0 107000.0 0.0 0.0
107000.0 108000.0 1820569.0 8000.0
108000.0 109000.0 0.0 0.0
109000.0 110000.0 2103054.0 8000.0
110000.0 111000.0 0.0 0.0
111000.0 112000.0 1826699.0 8000.0
112000.0 113000.0 0.0 0.0
113000.0 114000.0 2004560.0 8000.0
114000.0 115000.0 0.0 0.0
115000.0 116000.0 2049458.0 8000.0
116000.0 117000.0 0.0 0.0
117000.0 118000.0 1910042.0 8000.0
118000.0 119000.0 49165.07606264789 0.0
119000.0 120000.0 1935579.9239373521 8000.0
120000.0 121000.0 0.0 0.0
121000.0 122000.0 1942344.0 8000.0
122000.0 123000.0 0.0 0.0
123000.0 124000.0 4009744.0 8000.0
124000.0 125000.0 0.0 0.0
125000.0 126000.0 1920151.0 8000.0
126000.0 127000.0 0.0 0.0
127000.0 128000.0 2022532.0 8000.0
128000.0 129000.0 20.5507284271758 0.0
129000.0 130000.0 1925608.4492715728 8000.0
130000.0 131000.0 0.0 0.0
131000.0 132000.0 1952696.0 8000.0
132000.0 133000.0 0.0 0.0
133000.0 134000.0 2028029.0 8000.0
134000.0 135000.0 0.0 0.0
135000.0 136000.0 0.0 0.0
136000.0 137000.0 2677.774786207523 0.0
137000.0 138000.0 240.22521379247698 0.0
138000.0 139000.0 2707.646365110279 0.0
139000.0 140000.0 210.35363488972092 0.0
140000.0 141000.0 6018.95158770166 0.0
141000.0 142000.0 5843840.008560491 8000.0
142000.0 143000.0 1899706.0398518073 8000.0
143000.0 144000.0 2167881.0 8000.0
144000.0 145000.0 0.0 0.0
145000.0 146000.0 1801824.0 8000.0
146000.0 147000.0 20.869921875000003 0.0
147000.0 148000.0 1959294.130078125 8000.0
148000.0 149000.0 0.0 0.0
149000.0 150000.0 2034679.0 8000.0
150000.0 151000.0 0.0 0.0
151000.0 152000.0 2019070.0 8000.0
152000.0 153000.0 0.0 0.0
153000.0 154000.0 2910.0 0.0
154000.0 155000.0 0.0 0.0
155000.0 156000.0 1955183.0 8000.0
156000.0 157000.0 0.0 0.0
157000.0 158000.0 1905727.0 8000.0
158000.0 159000.0 0.0 0.0
159000.0 160000.0 4026662.0 8000.0
160000.0 161000.0 0.0 0.0
161000.0 162000.0 1882786.0 8000.0
162000.0 163000.0 0.0 0.0
163000.0 164000.0 2914.0 0.0
164000.0 165000.0 0.0 0.0
165000.0 166000.0 2052013.0 8000.0
166000.0 167000.0 0.0 0.0
167000.0 168000.0 3925339.0 8000.0
168000.0 169000.0 0.0 0.0
169000.0 170000.0 1922380.0 8000.0
170000.0 171000.0 0.0 0.0
171000.0 172000.0 4066348.0 8000.0
172000.0 173000.0 0.0 0.0
173000.0 174000.0 2915.0 0.0
174000.0 175000.0 0.0 0.0
175000.0 176000.0 3805721.0 8000.0
176000.0 177000.0 0.0 0.0
177000.0 178000.0 2126349.0 8000.0
178000.0 179000.0 0.0 0.0
179000.0 180000.0 2910.0 0.0
180000.0 181000.0 0.0 0.0
181000.0 182000.0 3806318.0 8000.0
182000.0 183000.0 0.0 0.0
183000.0 184000.0 1948795.0 8000.0
184000.0 185000.0 0.0 0.0
185000.0 186000.0 1983914.0 8000.0
186000.0 187000.0 0.0 0.0
187000.0 188000.0 1947387.0 8000.0
188000.0 189000.0 0.0 0.0
189000.0 190000.0 1949785.0 8000.0
190000.0 191000.0 0.0 0.0
191000.0 192000.0 1961500.0 8000.0
192000.0 193000.0 0.0 0.0
193000.0 194000.0 2916.0 0.0
194000.0 195000.0 0.0 0.0
195000.0 196000.0 2004823.0 8000.0
196000.0 197000.0 0.0 0.0
197000.0 198000.0 2016881.0 8000.0
198000.0 199000.0 0.0 0.0
199000.0 200000.0 1965171.0 8000.0
200000.0 201000.0 0.0 0.0
201000.0 202000.0 3949150.0 8000.0
202000.0 203000.0 0.0 0.0
203000.0 204000.0 1920829.0 8000.0
204000.0 205000.0 0.0 0.0
205000.0 206000.0 1991762.0 8000.0
206000.0 207000.0 19.668106928637833 0.0
207000.0 208000.0 2003720.3318930713 8000.0
208000.0 209000.0 0.0 0.0
209000.0 210000.0 1939785.0 8000.0
210000.0 211000.0 0.0 0.0
211000.0 212000.0 1949411.0 8000.0
212000.0 213000.0 0.0 0.0
213000.0 214000.0 1991393.0 8000.0
214000.0 215000.0 0.0 0.0
215000.0 216000.0 1952597.0 8000.0
216000.0 217000.0 0.0 0.0
217000.0 218000.0 2005119.0 8000.0
218000.0 219000.0 0.0 0.0
219000.0 220000.0 3888277.0 8000.0
220000.0 221000.0 0.0 0.0
221000.0 222000.0 2915.0 0.0
222000.0 223000.0 0.0 0.0
223000.0 224000.0 0.0 0.0
224000.0 225000.0 2743.9202669649258 0.0
225000.0 226000.0 195.07973303507433 0.0
226000.0 227000.0 2695.1724914686115 0.0
227000.0 228000.0 219.82750853138842 0.0
228000.0 229000.0 2725.149861836239 0.0
229000.0 230000.0 3144860.970784133 8000.0
230000.0 231000.0 6720888.999540474 8000.0
231000.0 232000.0 11945.879813557296 0.0
232000.0 233000.0 0.0 0.0
233000.0 234000.0 3943283.0 8000.0
234000.0 235000.0 0.0 0.0
235000.0 236000.0 1922463.0 8000.0
236000.0 237000.0 0.0 0.0
237000.0 238000.0 2038586.0 8000.0
238000.0 239000.0 0.0 0.0
239000.0 240000.0 2080700.0 8000.0
240000.0 241000.0 0.0 0.0
241000.0 242000.0 1784970.0 8000.0
242000.0 243000.0 0.0 0.0
243000.0 244000.0 2065207.0 8000.0
244000.0 245000.0 0.0 0.0
245000.0 246000.0 1916502.0 8000.0
246000.0 247000.0 0.0 0.0
247000.0 248000.0 1973108.0 8000.0
248000.0 249000.0 0.0 0.0
249000.0 250000.0 1974170.0 8000.0
250000.0 251000.0 0.0 0.0
251000.0 252000.0 2060851.0 8000.0
252000.0 253000.0 0.0 0.0
253000.0 254000.0 1897068.0 8000.0
254000.0 255000.0 0.0 0.0
255000.0 256000.0 1943199.0 8000.0
256000.0 257000.0 0.0 0.0
257000.0 258000.0 2009445.0 8000.0
258000.0 259000.0 0.0 0.0
259000.0 260000.0 1995687.0 8000.0
260000.0 261000.0 0.0 0.0
261000.0 262000.0 1832093.0 8000.0
262000.0 263000.0 0.0 0.0
263000.0 264000.0 2011520.0 8000.0
264000.0 265000.0 0.0 0.0
265000.0 266000.0 1968086.0 8000.0
266000.0 267000.0 0.0 0.0
267000.0 268000.0 3940305.0 8000.0
268000.0 269000.0 0.0 0.0
269000.0 270000.0 1992672.0 8000.0
270000.0 271000.0 0.0 0.0
271000.0 272000.0 1996289.0 8000.0
272000.0 273000.0 0.0 0.0
273000.0 274000.0 1971460.0 8000.0
274000.0 275000.0 0.0 0.0
275000.0 276000.0 2912.0 0.0
276000.0 277000.0 0.0 0.0
277000.0 278000.0 3912305.0 8000.0
278000.0 279000.0 0.0 0.0
279000.0 280000.0 1993562.0 8000.0
280000.0 281000.0 0.0 0.0
281000.0 282000.0 2002696.0 8000.0
282000.0 283000.0 0.0 0.0
283000.0 284000.0 1914577.0 8000.0
284000.0 285000.0 0.0 0.0
285000.0 286000.0 1983247.0 8000.0
286000.0 287000.0 0.0 0.0
287000.0 288000.0 2913.0 0.0
288000.0 289000.0 0.0 0.0
289000.0 290000.0 3919010.0 8000.0
290000.0 291000.0 0.0 0.0
291000.0 292000.0 2011532.0 8000.0
292000.0 293000.0 0.0 0.0
293000.0 294000.0 2001299.0 8000.0
294000.0 295000.0 0.0 0.0
295000.0 296000.0 1940756.0 8000.0
296000.0 297000.0 0.0 0.0
297000.0 298000.0 1897921.0 8000.0
298000.0 299000.0 0.0 0.0
299000.0 300000.0 2912.0 0.0
300000.0 301000.0 0.0 0.0
