ts te s_bytes_all avg_video_rate
0.0 1000.0 0.0 0.0
1000.0 2000.0 0.0 0.0
2000.0 3000.0 0.0 0.0
3000.0 4000.0 0.0 0.0
4000.0 5000.0 0.0 0.0
5000.0 6000.0 0.0 0.0
6000.0 7000.0 1167149.5176732484 4400.0
7000.0 8000.0 3932687.5647135214 4400.0
8000.0 9000.0 1643665.1734536742 4400.0
9000.0 10000.0 1935874.744159556 4400.0
10000.0 11000.0 696877.934361621 4400.0
11000.0 12000.0 412840.1822703613 0.0
12000.0 13000.0 1208343.2084110882 8000.0
13000.0 14000.0 847699.6749569293 0.0
14000.0 15000.0 1641512.104083708 8000.0
15000.0 16000.0 200969.89591629183 0.0
16000.0 17000.0 1859018.3063062571 8000.0
17000.0 18000.0 121345.69369374288 0.0
18000.0 19000.0 164491.6727729728 8000.0
19000.0 20000.0 1520832.3272270272 0.0
20000.0 21000.0 2092523.8863358942 8000.0
21000.0 22000.0 183787.11366410588 0.0
22000.0 23000.0 1803225.8439817298 8000.0
23000.0 24000.0 121922.15601827012 0.0
24000.0 25000.0 1783716.0 8000.0
25000.0 26000.0 0.0 0.0
26000.0 27000.0 1629695.420722209 8000.0
27000.0 28000.0 465025.5792777912 0.0
28000.0 29000.0 710191.9788097222 8000.0
29000.0 30000.0 1206640.021190278 0.0
30000.0 31000.0 2116355.0 8000.0
31000.0 32000.0 0.0 0.0
32000.0 33000.0 1845551.0 8000.0
33000.0 34000.0 0.0 0.0
34000.0 35000.0 1290984.303185633 8000.0
35000.0 36000.0 667844.696814367 0.0
36000.0 37000.0 760643.0280933192 8000.0
37000.0 38000.0 1160721.9719066808 0.0
38000.0 39000.0 1417426.6530937692 8000.0
39000.0 40000.0 565918.3469062306 0.0
40000.0 41000.0 1888519.1469121461 8000.0
41000.0 42000.0 97884.85308785374 0.0
42000.0 43000.0 1030586.4747446536 8000.0
43000.0 44000.0 917451.5252553466 0.0
44000.0 45000.0 1954306.0 8000.0
45000.0 46000.0 0.0 0.0
46000.0 47000.0 948370.9148946068 8000.0
47000.0 48000.0 1089844.085105393 0.0
48000.0 49000.0 1612620.8132657649 8000.0
49000.0 50000.0 337038.1867342352 0.0
50000.0 51000.0 943446.6565447897 8000.0
51000.0 52000.0 1132616.3434552103 0.0
52000.0 53000.0 1164282.5064121578 8000.0
53000.0 54000.0 2654621.493587842 8000.0
54000.0 55000.0 0.0 0.0
55000.0 56000.0 696.1111333369065 0.0
56000.0 57000.0 2216.8888666630937 0.0
57000.0 58000.0 704.9916724469693 0.0
58000.0 59000.0 2208.0083275530305 0.0
59000.0 60000.0 1299720.9547637706 8000.0
60000.0 61000.0 6604386.04523623 8000.0
61000.0 62000.0 0.0 0.0
62000.0 63000.0 1061246.538060805 8000.0
63000.0 64000.0 762047.4619391948 0.0
64000.0 65000.0 1568285.3655374497 8000.0
65000.0 66000.0 460382.6344625502 0.0
66000.0 67000.0 1605657.7644177494 8000.0
67000.0 68000.0 137379.23558225064 0.0
68000.0 69000.0 2203424.0 8000.0
69000.0 70000.0 0.0 0.0
70000.0 71000.0 856732.8295611754 8000.0
71000.0 72000.0 1148608.1704388245 0.0
72000.0 73000.0 1741028.0 8000.0
73000.0 74000.0 0.0 0.0
74000.0 75000.0 1776168.6143776434 8000.0
75000.0 76000.0 163908.38562235658 0.0
76000.0 77000.0 1224631.793113335 8000.0
77000.0 78000.0 927394.2068866648 0.0
78000.0 79000.0 1912376.0 8000.0
79000.0 80000.0 0.0 0.0
80000.0 81000.0 1705878.6574322158 8000.0
81000.0 82000.0 249156.34256778436 0.0
82000.0 83000.0 1506395.347185825 8000.0
83000.0 84000.0 314165.652814175 0.0
84000.0 85000.0 1809595.96266892 8000.0
85000.0 86000.0 201541.03733108012 0.0
86000.0 87000.0 1952414.0 8000.0
87000.0 88000.0 0.0 0.0
88000.0 89000.0 1382263.3552766342 8000.0
89000.0 90000.0 589543.6447233658 0.0
90000.0 91000.0 1920460.0 8000.0
91000.0 92000.0 0.0 0.0
92000.0 93000.0 1987143.0 8000.0
93000.0 94000.0 0.0 0.0
94000.0 95000.0 2016862.0 8000.0
95000.0 96000.0 0.0 0.0
96000.0 97000.0 1185260.6034872727 8000.0
97000.0 98000.0 547435.3965127273 0.0
98000.0 99000.0 1856104.6907916109 8000.0
99000.0 100000.0 2325081.309208389 0.0
100000.0 101000.0 1467507.5487171756 8000.0
101000.0 102000.0 323761.4512828244 0.0
102000.0 103000.0 0.0 0.0
103000.0 104000.0 678.0865696845276 0.0
104000.0 105000.0 2235.9134303154724 0.0
105000.0 106000.0 1309.1316229026543 0.0
106000.0 107000.0 1517687.9319372238 8000.0
107000.0 108000.0 4535584.936439874 8000.0
108000.0 109000.0 1790927.0 8000.0
109000.0 110000.0 0.0 0.0
110000.0 111000.0 842018.2238905398 8000.0
111000.0 112000.0 1086735.77610946 0.0
112000.0 113000.0 1436086.5782715392 8000.0
113000.0 114000.0 534375.4217284607 0.0
114000.0 115000.0 2001020.0 8000.0
115000.0 116000.0 0.0 0.0
116000.0 117000.0 1975892.0 8000.0
117000.0 118000.0 0.0 0.0
118000.0 119000.0 1820026.285846144 8000.0
119000.0 120000.0 128615.71415385608 0.0
120000.0 121000.0 1896623.062796521 8000.0
121000.0 122000.0 106375.93720347894 0.0
122000.0 123000.0 0.0 0.0
123000.0 124000.0 3579434.2497266904 8000.0
124000.0 125000.0 374668.7502733098 0.0
125000.0 126000.0 0.0 0.0
126000.0 127000.0 1957555.0 8000.0
127000.0 128000.0 0.0 0.0
128000.0 129000.0 2041217.0 8000.0
129000.0 130000.0 0.0 0.0
130000.0 131000.0 1423552.628543644 8000.0
131000.0 132000.0 510164.371456356 0.0
132000.0 133000.0 1637826.5043029282 8000.0
133000.0 134000.0 281824.4956970717 0.0
134000.0 135000.0 1634041.9958522038 8000.0
135000.0 136000.0 306861.00414779613 0.0
136000.0 137000.0 1556060.28505579 8000.0
137000.0 138000.0 312384.7149442099 0.0
138000.0 139000.0 1722748.4457780966 8000.0
139000.0 140000.0 357587.5542219035 0.0
140000.0 141000.0 1294817.2731227677 8000.0
141000.0 142000.0 711562.7268772322 0.0
142000.0 143000.0 1414802.898751408 8000.0
143000.0 144000.0 491230.1012485917 0.0
144000.0 145000.0 1258200.9766468753 8000.0
145000.0 146000.0 694782.0233531249 0.0
146000.0 147000.0 1611195.4745280033 8000.0
147000.0 148000.0 2384030.525471997 8000.0
148000.0 149000.0 1867841.0 8000.0
149000.0 150000.0 0.0 0.0
150000.0 151000.0 1089621.1103978779 8000.0
151000.0 152000.0 1182406.8896021221 0.0
152000.0 153000.0 1216770.0816401057 8000.0
153000.0 154000.0 416108.9183598943 0.0
154000.0 155000.0 1956387.0 8000.0
155000.0 156000.0 0.0 0.0
156000.0 157000.0 1914928.0 8000.0
157000.0 158000.0 0.0 0.0
158000.0 159000.0 1786109.619949949 8000.0
159000.0 160000.0 174241.38005005097 0.0
160000.0 161000.0 913344.3071782005 8000.0
161000.0 162000.0 968037.6928217995 0.0
162000.0 163000.0 990640.5391579447 8000.0
163000.0 164000.0 1032599.4608420553 0.0
164000.0 165000.0 1324248.2899892614 8000.0
165000.0 166000.0 658955.7100107388 0.0
166000.0 167000.0 1898812.1871940459 8000.0
167000.0 168000.0 131561.81280595416 0.0
168000.0 169000.0 1001032.5084336658 8000.0
169000.0 170000.0 1044921.4915663343 0.0
170000.0 171000.0 1776418.0 8000.0
171000.0 172000.0 0.0 0.0
172000.0 173000.0 2055492.0 8000.0
173000.0 174000.0 0.0 0.0
174000.0 175000.0 999191.3553607651 8000.0
175000.0 176000.0 982881.644639235 0.0
176000.0 177000.0 1656470.6023742626 8000.0
177000.0 178000.0 296225.3976257375 0.0
178000.0 179000.0 1178203.3347194765 8000.0
179000.0 180000.0 816229.6652805235 0.0
180000.0 181000.0 1265380.4163138797 8000.0
181000.0 182000.0 568789.5836861202 0.0
182000.0 183000.0 1069767.0958780395 8000.0
183000.0 184000.0 937593.9041219605 0.0
184000.0 185000.0 1693253.195309751 8000.0
185000.0 186000.0 57584.80469024922 0.0
186000.0 187000.0 2205486.0 8000.0
187000.0 188000.0 0.0 0.0
188000.0 189000.0 1942020.0 8000.0
189000.0 190000.0 0.0 0.0
190000.0 191000.0 1554520.8466792456 8000.0
191000.0 192000.0 370663.15332075435 0.0
192000.0 193000.0 1612589.74001785 8000.0
193000.0 194000.0 348043.2599821501 0.0
194000.0 195000.0 1814691.5071575935 8000.0
195000.0 196000.0 2178494.4928424065 0.0
196000.0 197000.0 1078114.4345181067 8000.0
197000.0 198000.0 875120.5654818933 0.0
198000.0 199000.0 879850.2247636361 8000.0
199000.0 200000.0 1087597.7752363638 0.0
200000.0 201000.0 1315744.363081092 8000.0
201000.0 202000.0 651685.6369189079 0.0
202000.0 203000.0 1456437.633891669 8000.0
203000.0 204000.0 600350.3661083309 0.0
204000.0 205000.0 1459030.9830735684 8000.0
205000.0 206000.0 401042.0169264316 0.0
206000.0 207000.0 1861713.3111904643 8000.0
207000.0 208000.0 27102.688809535768 0.0
208000.0 209000.0 1501.5072351856072 0.0
209000.0 210000.0 1200345.6587100753 8000.0
210000.0 211000.0 2699376.8340547387 0.0
211000.0 212000.0 0.0 0.0
212000.0 213000.0 1907663.0 8000.0
213000.0 214000.0 0.0 0.0
214000.0 215000.0 1210192.1764079116 8000.0
215000.0 216000.0 791368.8235920885 0.0
216000.0 217000.0 1261200.5932246842 8000.0
217000.0 218000.0 721375.4067753158 0.0
218000.0 219000.0 1594992.981490107 8000.0
219000.0 220000.0 375478.018509893 0.0
220000.0 221000.0 1495880.8548995105 8000.0
221000.0 222000.0 201575.14510048946 0.0
222000.0 223000.0 1716623.7339894972 8000.0
223000.0 224000.0 497291.26601050276 0.0
224000.0 225000.0 1711145.3712139241 8000.0
225000.0 226000.0 280701.6287860757 0.0
226000.0 227000.0 1181651.348098529 8000.0
227000.0 228000.0 517334.6519014711 0.0
228000.0 229000.0 1853123.5960323857 8000.0
229000.0 230000.0 230935.40396761446 0.0
230000.0 231000.0 1751778.5238334544 8000.0
231000.0 232000.0 234485.47616654556 0.0
232000.0 233000.0 1588693.8185481778 8000.0
233000.0 234000.0 327538.18145182205 0.0
234000.0 235000.0 1557304.6064166168 8000.0
235000.0 236000.0 450328.3935833831 0.0
236000.0 237000.0 1641637.674126501 8000.0
237000.0 238000.0 294347.32587349904 0.0
238000.0 239000.0 1656725.2309166796 8000.0
239000.0 240000.0 257817.76908332034 0.0
240000.0 241000.0 2441738.19509701 8000.0
241000.0 242000.0 1510513.8049029899 0.0
242000.0 243000.0 1812890.470543706 8000.0
243000.0 244000.0 126105.52945629376 0.0
244000.0 245000.0 1883186.507159702 8000.0
245000.0 246000.0 179428.49284029801 0.0
246000.0 247000.0 1556561.117822215 8000.0
247000.0 248000.0 463014.8821777851 0.0
248000.0 249000.0 919969.4212648973 8000.0
249000.0 250000.0 1002070.5787351028 0.0
250000.0 251000.0 1710822.0 8000.0
251000.0 252000.0 0.0 0.0
252000.0 253000.0 2209585.0 8000.0
253000.0 254000.0 0.0 0.0
254000.0 255000.0 1930480.0 8000.0
255000.0 256000.0 0.0 0.0
256000.0 257000.0 1816408.042570185 8000.0
257000.0 258000.0 46627.957429815215 0.0
258000.0 259000.0 2035824.0 8000.0
259000.0 260000.0 0.0 0.0
260000.0 261000.0 1909438.0 8000.0
261000.0 262000.0 0.0 0.0
262000.0 263000.0 1318894.6405033346 8000.0
263000.0 264000.0 746457.3594966653 0.0
264000.0 265000.0 1807819.0 8000.0
265000.0 266000.0 0.0 0.0
266000.0 267000.0 1986716.0 8000.0
267000.0 268000.0 0.0 0.0
268000.0 269000.0 1935545.0 8000.0
269000.0 270000.0 0.0 0.0
270000.0 271000.0 1564977.8032635513 8000.0
271000.0 272000.0 406622.1967364488 0.0
272000.0 273000.0 1548523.6732068392 8000.0
273000.0 274000.0 463631.32679316064 0.0
274000.0 275000.0 1586249.0940229902 8000.0
275000.0 276000.0 309865.90597700974 0.0
276000.0 277000.0 1843232.690854226 8000.0
277000.0 278000.0 268314.309145774 0.0
278000.0 279000.0 1618982.7493300254 8000.0
279000.0 280000.0 283545.2506699745 0.0
280000.0 281000.0 1260066.0025998382 8000.0
281000.0 282000.0 644757.9974001616 0.0
282000.0 283000.0 1697068.0213196904 8000.0
283000.0 284000.0 368601.9786803095 0.0
284000.0 285000.0 1611388.7612335298 8000.0
285000.0 286000.0 259116.23876647014 0.0
286000.0 287000.0 2992093.886877922 8000.0
287000.0 288000.0 973222.1131220782 0.0
288000.0 289000.0 1134033.1855701702 8000.0
289000.0 290000.0 839977.8144298298 0.0
290000.0 291000.0 1895448.639966786 8000.0
291000.0 292000.0 117707.36003321398 0.0
292000.0 293000.0 1963496.0 8000.0
293000.0 294000.0 0.0 0.0
294000.0 295000.0 1933256.0 8000.0
295000.0 296000.0 0.0 0.0
296000.0 297000.0 1317869.753564235 8000.0
297000.0 298000.0 663106.2464357648 0.0
298000.0 299000.0 1950397.0 8000.0
299000.0 300000.0 0.0 0.0
300000.0 301000.0 0.0 0.0
