ts te s_bytes_all avg_video_rate
0.0 1000.0 0.0 0.0
1000.0 2000.0 0.0 0.0
2000.0 3000.0 0.0 0.0
3000.0 4000.0 0.0 0.0
4000.0 5000.0 0.0 0.0
5000.0 6000.0 4554.835942925006 0.0
6000.0 7000.0 2621181.519192589 4400.0
7000.0 8000.0 4217301.954836496 4400.0
8000.0 9000.0 1169073.6723008682 4400.0
9000.0 10000.0 1889219.0177271217 4400.0
10000.0 11000.0 30795.775198079813 0.0
11000.0 12000.0 1981926.2248019201 8000.0
12000.0 13000.0 29215.811034127746 0.0
13000.0 14000.0 1755268.1889658722 8000.0
14000.0 15000.0 2020730.0 8000.0
15000.0 16000.0 0.0 0.0
16000.0 17000.0 2023135.0 8000.0
17000.0 18000.0 0.0 0.0
18000.0 19000.0 1947773.0 8000.0
19000.0 20000.0 0.0 0.0
20000.0 21000.0 2063932.0 8000.0
21000.0 22000.0 0.0 0.0
22000.0 23000.0 1851980.0 8000.0
23000.0 24000.0 0.0 0.0
24000.0 25000.0 2060736.0 8000.0
25000.0 26000.0 0.0 0.0
26000.0 27000.0 1849165.0 8000.0
27000.0 28000.0 1170914.632119939 8000.0
28000.0 29000.0 879512.3678800609 0.0
29000.0 30000.0 1126728.516935013 8000.0
30000.0 31000.0 834554.483064987 0.0
31000.0 32000.0 1158581.352013802 8000.0
32000.0 33000.0 825546.6479861981 0.0
33000.0 34000.0 1159076.9314625217 8000.0
34000.0 35000.0 821036.0685374782 0.0
35000.0 36000.0 1139546.968786131 8000.0
36000.0 37000.0 854974.0312138691 0.0
37000.0 38000.0 1108489.492467709 8000.0
38000.0 39000.0 790106.5075322912 0.0
39000.0 40000.0 0.0 0.0
40000.0 41000.0 2748797.674541558 8000.0
41000.0 42000.0 1239738.6933350917 8000.0
42000.0 43000.0 15041.63212335035 0.0
43000.0 44000.0 2021234.0 8000.0
44000.0 45000.0 31361.433804411194 0.0
45000.0 46000.0 1826060.5661955888 8000.0
46000.0 47000.0 28192.549994299974 0.0
47000.0 48000.0 2002635.4500057 8000.0
48000.0 49000.0 31615.84451103443 0.0
49000.0 50000.0 1856722.1554889656 8000.0
50000.0 51000.0 30323.76848018265 0.0
51000.0 52000.0 1988915.2315198174 8000.0
52000.0 53000.0 1944407.0 8000.0
53000.0 54000.0 0.0 0.0
54000.0 55000.0 1928321.0 8000.0
55000.0 56000.0 0.0 0.0
56000.0 57000.0 2023441.0 8000.0
57000.0 58000.0 0.0 0.0
58000.0 59000.0 1986860.0 8000.0
59000.0 60000.0 0.0 0.0
60000.0 61000.0 1963132.0 8000.0
61000.0 62000.0 0.0 0.0
62000.0 63000.0 1954580.0 8000.0
63000.0 64000.0 0.0 0.0
64000.0 65000.0 1947742.0 8000.0
65000.0 66000.0 0.0 0.0
66000.0 67000.0 2007042.0 8000.0
67000.0 68000.0 0.0 0.0
68000.0 69000.0 2012172.0 8000.0
69000.0 70000.0 0.0 0.0
70000.0 71000.0 1894294.0 8000.0
71000.0 72000.0 0.0 0.0
72000.0 73000.0 1845004.0 8000.0
73000.0 74000.0 1171218.15264645 8000.0
74000.0 75000.0 827296.8473535501 0.0
75000.0 76000.0 0.0 0.0
76000.0 77000.0 1842057.0 8000.0
77000.0 78000.0 1075634.0894647432 8000.0
78000.0 79000.0 836218.9105352568 0.0
79000.0 80000.0 1125001.1439603826 8000.0
80000.0 81000.0 853985.8560396173 0.0
81000.0 82000.0 1148141.1064072065 8000.0
82000.0 83000.0 832183.8935927936 0.0
83000.0 84000.0 1159355.8237669503 8000.0
84000.0 85000.0 840216.1762330498 0.0
85000.0 86000.0 1114503.9885059353 8000.0
86000.0 87000.0 872281.0114940646 0.0
87000.0 88000.0 1136624.2526459896 8000.0
88000.0 89000.0 894811.7473540104 0.0
89000.0 90000.0 1897691.0 8000.0
90000.0 91000.0 2917.0 0.0
91000.0 92000.0 0.0 0.0
92000.0 93000.0 1876098.0 8000.0
93000.0 94000.0 0.0 0.0
94000.0 95000.0 3849901.7250060486 8000.0
95000.0 96000.0 179170.27499395137 0.0
96000.0 97000.0 1682230.7929948978 8000.0
97000.0 98000.0 287240.20700510213 0.0
98000.0 99000.0 2915.0 0.0
99000.0 100000.0 0.0 0.0
100000.0 101000.0 1990218.0 8000.0
101000.0 102000.0 0.0 0.0
102000.0 103000.0 1957348.0 8000.0
103000.0 104000.0 0.0 0.0
104000.0 105000.0 1991030.0 8000.0
105000.0 106000.0 0.0 0.0
106000.0 107000.0 1990523.0 8000.0
107000.0 108000.0 1094531.5064829807 8000.0
108000.0 109000.0 841532.8699723964 0.0
109000.0 110000.0 1071111.4331511236 8000.0
110000.0 111000.0 903346.1903934997 0.0
111000.0 112000.0 2237863.5051418617 8000.0
112000.0 113000.0 1739080.4948581383 8000.0
113000.0 114000.0 0.0 0.0
114000.0 115000.0 1968144.0 8000.0
115000.0 116000.0 0.0 0.0
116000.0 117000.0 1975659.0 8000.0
117000.0 118000.0 0.0 0.0
118000.0 119000.0 1972710.0 8000.0
119000.0 120000.0 0.0 0.0
120000.0 121000.0 1972910.0 8000.0
121000.0 122000.0 21.277429029613714 0.0
122000.0 123000.0 1972881.7225709704 8000.0
123000.0 124000.0 1142190.8049570115 8000.0
124000.0 125000.0 832667.1950429884 0.0
125000.0 126000.0 0.0 0.0
126000.0 127000.0 1843780.0 8000.0
127000.0 128000.0 1012264.6878630221 8000.0
128000.0 129000.0 894170.3121369779 0.0
129000.0 130000.0 970102.4026253202 8000.0
130000.0 131000.0 774294.5973746798 0.0
131000.0 132000.0 1959739.0 8000.0
132000.0 133000.0 0.0 0.0
133000.0 134000.0 912441.4540588774 8000.0
134000.0 135000.0 1054895.5459411226 0.0
135000.0 136000.0 0.0 0.0
136000.0 137000.0 1932886.0 8000.0
137000.0 138000.0 0.0 0.0
138000.0 139000.0 1993271.0 8000.0
139000.0 140000.0 0.0 0.0
140000.0 141000.0 1534273.953471706 8000.0
141000.0 142000.0 1837862.4685944798 8000.0
142000.0 143000.0 540935.8363269763 0.0
143000.0 144000.0 1995301.7416068378 8000.0
144000.0 145000.0 30277.84396517354 0.0
145000.0 146000.0 1958290.1560348265 8000.0
146000.0 147000.0 31025.792076370457 0.0
147000.0 148000.0 1966228.2079236296 8000.0
148000.0 149000.0 1982523.0 8000.0
149000.0 150000.0 0.0 0.0
150000.0 151000.0 1971692.0 8000.0
151000.0 152000.0 0.0 0.0
152000.0 153000.0 1951799.6716068126 8000.0
153000.0 154000.0 15040.328393187523 0.0
154000.0 155000.0 1968640.0 8000.0
155000.0 156000.0 0.0 0.0
156000.0 157000.0 1964858.0 8000.0
157000.0 158000.0 0.0 0.0
158000.0 159000.0 1344258.0 8000.0
159000.0 160000.0 0.0 0.0
160000.0 161000.0 2379841.0 8000.0
161000.0 162000.0 0.0 0.0
162000.0 163000.0 1785076.0 8000.0
163000.0 164000.0 0.0 0.0
164000.0 165000.0 1963704.0 8000.0
165000.0 166000.0 0.0 0.0
166000.0 167000.0 1768353.0 8000.0
167000.0 168000.0 21.89579974990313 0.0
168000.0 169000.0 2045665.10420025 8000.0
169000.0 170000.0 0.0 0.0
170000.0 171000.0 1919320.0 8000.0
171000.0 172000.0 0.0 0.0
172000.0 173000.0 2099668.0 8000.0
173000.0 174000.0 1056085.111832904 8000.0
174000.0 175000.0 829517.8881670962 0.0
175000.0 176000.0 1186478.4497868132 8000.0
176000.0 177000.0 908354.5502131869 0.0
177000.0 178000.0 0.0 0.0
178000.0 179000.0 2912.0 0.0
179000.0 180000.0 1105159.7298803169 8000.0
180000.0 181000.0 783139.2701196832 0.0
181000.0 182000.0 2041551.0 8000.0
182000.0 183000.0 1923856.0 8000.0
183000.0 184000.0 0.0 0.0
184000.0 185000.0 1999183.0 8000.0
185000.0 186000.0 0.0 0.0
186000.0 187000.0 1884738.0 8000.0
187000.0 188000.0 0.0 0.0
188000.0 189000.0 2084770.0 8000.0
189000.0 190000.0 1041639.3064229839 8000.0
190000.0 191000.0 805509.6935770162 0.0
191000.0 192000.0 2003441.0204406842 8000.0
192000.0 193000.0 15459.979559315823 0.0
193000.0 194000.0 1866098.7942032698 8000.0
194000.0 195000.0 16330.205796730124 0.0
195000.0 196000.0 2048121.0 8000.0
196000.0 197000.0 29360.231616233406 0.0
197000.0 198000.0 1938766.7683837665 8000.0
198000.0 199000.0 1859010.786808401 8000.0
199000.0 200000.0 144390.2131915987 0.0
200000.0 201000.0 1995826.0 8000.0
201000.0 202000.0 0.0 0.0
202000.0 203000.0 1894581.0 8000.0
203000.0 204000.0 0.0 0.0
204000.0 205000.0 1875314.0 8000.0
205000.0 206000.0 0.0 0.0
206000.0 207000.0 2100947.0 8000.0
207000.0 208000.0 0.0 0.0
208000.0 209000.0 1894307.0 8000.0
209000.0 210000.0 0.0 0.0
210000.0 211000.0 2038055.0 8000.0
211000.0 212000.0 0.0 0.0
212000.0 213000.0 1940488.0 8000.0
213000.0 214000.0 0.0 0.0
214000.0 215000.0 1893428.0 8000.0
215000.0 216000.0 0.0 0.0
216000.0 217000.0 2064617.0 8000.0
217000.0 218000.0 0.0 0.0
218000.0 219000.0 1923386.0 8000.0
219000.0 220000.0 1785332.0787584998 8000.0
220000.0 221000.0 170822.92124150007 0.0
221000.0 222000.0 21.529698511955527 0.0
222000.0 223000.0 1923962.470301488 8000.0
223000.0 224000.0 1035769.9675541206 8000.0
224000.0 225000.0 811510.0324458794 0.0
225000.0 226000.0 1136129.9142693095 8000.0
226000.0 227000.0 893425.0857306905 0.0
227000.0 228000.0 1153821.3263502044 8000.0
228000.0 229000.0 818621.6736497957 0.0
229000.0 230000.0 1052955.2491043657 8000.0
230000.0 231000.0 830517.7508956344 0.0
231000.0 232000.0 1102479.9070958402 8000.0
232000.0 233000.0 851994.0929041598 0.0
233000.0 234000.0 1974652.0 8000.0
234000.0 235000.0 29044.50712589288 0.0
235000.0 236000.0 1928671.492874107 8000.0
236000.0 237000.0 31188.639690556774 0.0
237000.0 238000.0 1926052.3603094432 8000.0
238000.0 239000.0 2672.7378322179343 0.0
239000.0 240000.0 1964738.262167782 8000.0
240000.0 241000.0 31810.01448253411 0.0
241000.0 242000.0 1749180.985517466 8000.0
242000.0 243000.0 30181.822372706592 0.0
243000.0 244000.0 2053029.1776272934 8000.0
244000.0 245000.0 2039058.0 8000.0
245000.0 246000.0 0.0 0.0
246000.0 247000.0 2659.868835168187 0.0
247000.0 248000.0 1687704.566578376 8000.0
248000.0 249000.0 2752122.5645864555 8000.0
249000.0 250000.0 0.0 0.0
250000.0 251000.0 1476161.0 8000.0
251000.0 252000.0 0.0 0.0
252000.0 253000.0 1819604.0 8000.0
253000.0 254000.0 0.0 0.0
254000.0 255000.0 1949930.0 8000.0
255000.0 256000.0 0.0 0.0
256000.0 257000.0 2920.0 0.0
257000.0 258000.0 0.0 0.0
258000.0 259000.0 1896189.0 8000.0
259000.0 260000.0 0.0 0.0
260000.0 261000.0 1977377.0 8000.0
261000.0 262000.0 1069162.6041063666 8000.0
262000.0 263000.0 898951.3958936332 0.0
263000.0 264000.0 2012228.0 8000.0
264000.0 265000.0 30924.42958968297 0.0
265000.0 266000.0 1958276.570410317 8000.0
266000.0 267000.0 2039047.0 8000.0
267000.0 268000.0 0.0 0.0
268000.0 269000.0 1972536.0 8000.0
269000.0 270000.0 0.0 0.0
270000.0 271000.0 1959121.0 8000.0
271000.0 272000.0 0.0 0.0
272000.0 273000.0 1158444.0 8000.0
273000.0 274000.0 0.0 0.0
274000.0 275000.0 2383463.0 8000.0
275000.0 276000.0 961946.1766350023 8000.0
276000.0 277000.0 795685.8233649979 0.0
277000.0 278000.0 956435.8163324317 8000.0
278000.0 279000.0 772337.1836675681 0.0
279000.0 280000.0 2156451.0 8000.0
280000.0 281000.0 2914.0 0.0
281000.0 282000.0 1075501.8160881898 8000.0
282000.0 283000.0 868223.18391181 0.0
283000.0 284000.0 1913134.0 8000.0
284000.0 285000.0 30400.117631331283 0.0
285000.0 286000.0 1986351.8823686687 8000.0
286000.0 287000.0 28461.236543567928 0.0
287000.0 288000.0 1896514.7634564321 8000.0
288000.0 289000.0 29554.668847510136 0.0
289000.0 290000.0 1970710.3311524899 8000.0
290000.0 291000.0 30486.696360381135 0.0
291000.0 292000.0 1881186.303639619 8000.0
292000.0 293000.0 2051900.0 8000.0
293000.0 294000.0 0.0 0.0
294000.0 295000.0 1985445.0 8000.0
295000.0 296000.0 0.0 0.0
296000.0 297000.0 1942752.0 8000.0
297000.0 298000.0 0.0 0.0
298000.0 299000.0 1905793.0 8000.0
299000.0 300000.0 0.0 0.0
300000.0 301000.0 0.0 0.0
