ts te s_bytes_all avg_video_rate
0.0 1000.0 0.0 0.0
1000.0 2000.0 0.0 0.0
2000.0 3000.0 0.0 0.0
3000.0 4000.0 0.0 0.0
4000.0 5000.0 0.0 0.0
5000.0 6000.0 0.0 0.0
6000.0 7000.0 0.0 0.0
7000.0 8000.0 554.777629085477 0.0
8000.0 9000.0 6357.222370914523 0.0
9000.0 10000.0 960146.1413796627 4400.0
10000.0 11000.0 78678.85862033734 0.0
11000.0 12000.0 1606294.4883013018 4400.0
12000.0 13000.0 1151136.4843707103 4400.0
13000.0 14000.0 2605715.748648909 4400.0
14000.0 15000.0 2803840.6347978744 4400.0
15000.0 16000.0 678545.6438812045 0.0
16000.0 17000.0 1949778.0 8000.0
17000.0 18000.0 2345.6547548651015 0.0
18000.0 19000.0 1955431.3452451348 8000.0
19000.0 20000.0 740067.3972886719 8000.0
20000.0 21000.0 1262000.602711328 0.0
21000.0 22000.0 1964137.0 8000.0
22000.0 23000.0 0.0 0.0
23000.0 24000.0 1686141.017151884 8000.0
24000.0 25000.0 287983.9828481161 0.0
25000.0 26000.0 1779397.9930612422 8000.0
26000.0 27000.0 204133.006938758 0.0
27000.0 28000.0 1648694.1371264434 8000.0
28000.0 29000.0 317015.8628735567 0.0
29000.0 30000.0 1342192.1849489054 8000.0
30000.0 31000.0 639317.8150510946 0.0
31000.0 32000.0 954944.7719791348 8000.0
32000.0 33000.0 2121647.3609725838 8000.0
33000.0 34000.0 1643335.2464846373 8000.0
34000.0 35000.0 1099813.620563644 0.0
35000.0 36000.0 2065834.0 8000.0
36000.0 37000.0 0.0 0.0
37000.0 38000.0 1962497.0 8000.0
38000.0 39000.0 0.0 0.0
39000.0 40000.0 1578780.5701881968 8000.0
40000.0 41000.0 393432.42981180316 0.0
41000.0 42000.0 1958185.0 8000.0
42000.0 43000.0 0.0 0.0
43000.0 44000.0 1922903.0 8000.0
44000.0 45000.0 0.0 0.0
45000.0 46000.0 2022541.0 8000.0
46000.0 47000.0 0.0 0.0
47000.0 48000.0 1202111.414189843 8000.0
48000.0 49000.0 759474.585810157 0.0
49000.0 50000.0 1475293.6602390544 8000.0
50000.0 51000.0 497506.3397609458 0.0
51000.0 52000.0 823248.0535321645 8000.0
52000.0 53000.0 1085791.1751055613 0.0
53000.0 54000.0 1277832.1174070474 8000.0
54000.0 55000.0 756358.4445157705 0.0
55000.0 56000.0 949204.0351330256 8000.0
56000.0 57000.0 974098.1743064307 0.0
57000.0 58000.0 1050458.5896365654 8000.0
58000.0 59000.0 943919.4103634345 0.0
59000.0 60000.0 921515.7217067486 8000.0
60000.0 61000.0 1046896.2782932514 0.0
61000.0 62000.0 1971609.5021263917 8000.0
62000.0 63000.0 1977164.4978736085 0.0
63000.0 64000.0 1639703.5201425648 8000.0
64000.0 65000.0 320388.4798574352 0.0
65000.0 66000.0 1802568.0843166101 8000.0
66000.0 67000.0 233051.91568338996 0.0
67000.0 68000.0 2913.0 0.0
68000.0 69000.0 0.0 0.0
69000.0 70000.0 1921679.0 8000.0
70000.0 71000.0 0.0 0.0
71000.0 72000.0 1442282.2420743355 8000.0
72000.0 73000.0 456949.75792566454 0.0
73000.0 74000.0 2013252.0 8000.0
74000.0 75000.0 0.0 0.0
75000.0 76000.0 1209428.3085750726 8000.0
76000.0 77000.0 781030.6914249273 0.0
77000.0 78000.0 1648296.8539419132 8000.0
78000.0 79000.0 300194.14605808666 0.0
79000.0 80000.0 1323090.9720597384 8000.0
80000.0 81000.0 718980.0279402616 0.0
81000.0 82000.0 867753.3095844701 8000.0
82000.0 83000.0 1917809.5724305648 0.0
83000.0 84000.0 1050810.117984965 0.0
84000.0 85000.0 1400.0 0.0
85000.0 86000.0 1235162.6416080352 8000.0
86000.0 87000.0 2428606.663786982 8000.0
87000.0 88000.0 1476726.7290195841 8000.0
88000.0 89000.0 830226.965585399 0.0
89000.0 90000.0 1573447.0665887436 8000.0
90000.0 91000.0 348459.9334112564 0.0
91000.0 92000.0 1389922.188501183 8000.0
92000.0 93000.0 616895.8114988169 0.0
93000.0 94000.0 1953637.0 8000.0
94000.0 95000.0 0.0 0.0
95000.0 96000.0 1531409.2659154795 8000.0
96000.0 97000.0 476882.7340845206 0.0
97000.0 98000.0 1979608.0 8000.0
98000.0 99000.0 0.0 0.0
99000.0 100000.0 1865807.4034288158 8000.0
100000.0 101000.0 125008.59657118413 0.0
101000.0 102000.0 1925795.0 8000.0
102000.0 103000.0 0.0 0.0
103000.0 104000.0 917077.1738735265 8000.0
104000.0 105000.0 1030948.3471089026 0.0
105000.0 106000.0 733781.7206880569 8000.0
106000.0 107000.0 1253276.7583295137 0.0
107000.0 108000.0 278625.852622979 8000.0
108000.0 109000.0 908182.0656243633 0.0
109000.0 110000.0 2369501.540516452 8000.0
110000.0 111000.0 841965.4858174516 8000.0
111000.0 112000.0 1548826.0554187545 0.0
112000.0 113000.0 439400.19576208835 8000.0
113000.0 114000.0 1435733.8042379117 0.0
114000.0 115000.0 481896.8674169984 8000.0
115000.0 116000.0 1525460.1325830016 0.0
116000.0 117000.0 1984462.0 8000.0
117000.0 118000.0 830604.0894284637 8000.0
118000.0 119000.0 1120357.910571536 0.0
119000.0 120000.0 1907405.1779238926 8000.0
120000.0 121000.0 94305.82207610733 0.0
121000.0 122000.0 2007715.0 8000.0
122000.0 123000.0 0.0 0.0
123000.0 124000.0 0.0 0.0
124000.0 125000.0 2915.0 0.0
125000.0 126000.0 1951080.0 8000.0
126000.0 127000.0 0.0 0.0
127000.0 128000.0 1725416.6776436858 8000.0
128000.0 129000.0 260955.32235631428 0.0
129000.0 130000.0 1893845.0 8000.0
130000.0 131000.0 13.946217871253953 0.0
131000.0 132000.0 1862254.7300573958 8000.0
132000.0 133000.0 137285.3237247328 0.0
133000.0 134000.0 3499650.1773724053 8000.0
134000.0 135000.0 451446.82262759435 0.0
135000.0 136000.0 1825993.6351684257 8000.0
136000.0 137000.0 151364.36483157438 0.0
137000.0 138000.0 1839853.1660473563 8000.0
138000.0 139000.0 98930.83395264365 0.0
139000.0 140000.0 1977703.0 8000.0
140000.0 141000.0 0.0 0.0
141000.0 142000.0 1968983.0 8000.0
142000.0 143000.0 0.0 0.0
143000.0 144000.0 1574381.6255580103 8000.0
144000.0 145000.0 416963.37444198976 0.0
145000.0 146000.0 1642824.8875560516 8000.0
146000.0 147000.0 300259.11244394846 0.0
147000.0 148000.0 1967251.0 8000.0
148000.0 149000.0 0.0 0.0
149000.0 150000.0 1433290.8385456807 8000.0
150000.0 151000.0 574002.1614543191 0.0
151000.0 152000.0 1853003.9041340696 8000.0
152000.0 153000.0 103705.09586593049 0.0
153000.0 154000.0 1963982.0 8000.0
154000.0 155000.0 0.0 0.0
155000.0 156000.0 1990741.0 8000.0
156000.0 157000.0 0.0 0.0
157000.0 158000.0 1947425.0 8000.0
158000.0 159000.0 0.0 0.0
159000.0 160000.0 1638462.0274899018 8000.0
160000.0 161000.0 358227.9725100984 0.0
161000.0 162000.0 1940312.0 8000.0
162000.0 163000.0 0.0 0.0
163000.0 164000.0 1961491.0 8000.0
164000.0 165000.0 0.0 0.0
165000.0 166000.0 2022822.0 8000.0
166000.0 167000.0 0.0 0.0
167000.0 168000.0 1300721.3021043525 8000.0
168000.0 169000.0 599962.6978956474 0.0
169000.0 170000.0 2003249.0 8000.0
170000.0 171000.0 0.0 0.0
171000.0 172000.0 1733045.389670462 8000.0
172000.0 173000.0 214896.610329538 0.0
173000.0 174000.0 1400365.0659017854 8000.0
174000.0 175000.0 569939.9340982148 0.0
175000.0 176000.0 1927807.9309762516 8000.0
176000.0 177000.0 108120.06902374847 0.0
177000.0 178000.0 1648907.3755566545 8000.0
178000.0 179000.0 277055.62444334547 0.0
179000.0 180000.0 1923192.1903771518 8000.0
180000.0 181000.0 39442.80962284809 0.0
181000.0 182000.0 1388607.4465520203 8000.0
182000.0 183000.0 1615852.134385692 8000.0
183000.0 184000.0 2730887.94504687 8000.0
184000.0 185000.0 177681.4740154179 0.0
185000.0 186000.0 20268.23479787317 0.0
186000.0 187000.0 1935042.765202127 8000.0
187000.0 188000.0 436362.9378297034 8000.0
188000.0 189000.0 1580728.0621702964 0.0
189000.0 190000.0 960101.8646762292 8000.0
190000.0 191000.0 989152.1353237709 0.0
191000.0 192000.0 1105928.4988835943 8000.0
192000.0 193000.0 860329.5011164057 0.0
193000.0 194000.0 2044274.0 8000.0
194000.0 195000.0 0.0 0.0
195000.0 196000.0 1765687.508626884 8000.0
196000.0 197000.0 126816.49137311586 0.0
197000.0 198000.0 1528660.7958784834 8000.0
198000.0 199000.0 429390.2041215166 0.0
199000.0 200000.0 1803190.554601634 8000.0
200000.0 201000.0 158055.44539836608 0.0
201000.0 202000.0 1962284.0 8000.0
202000.0 203000.0 0.0 0.0
203000.0 204000.0 2223477.541338087 8000.0
204000.0 205000.0 1702639.458661913 0.0
205000.0 206000.0 896451.173767054 8000.0
206000.0 207000.0 1086102.826232946 0.0
207000.0 208000.0 1961344.0 8000.0
208000.0 209000.0 1.3272593422817045 0.0
209000.0 210000.0 1309379.000900676 8000.0
210000.0 211000.0 730612.6718399817 0.0
211000.0 212000.0 1693099.1162031197 8000.0
212000.0 213000.0 254514.88379688028 0.0
213000.0 214000.0 1936384.0 8000.0
214000.0 215000.0 0.0 0.0
215000.0 216000.0 2915.0 0.0
216000.0 217000.0 0.0 0.0
217000.0 218000.0 2322033.9082522476 8000.0
218000.0 219000.0 1619722.0917477524 0.0
219000.0 220000.0 1410272.5499084245 8000.0
220000.0 221000.0 580361.4500915754 0.0
221000.0 222000.0 2014922.0 8000.0
222000.0 223000.0 0.0 0.0
223000.0 224000.0 1545214.216150571 8000.0
224000.0 225000.0 380039.783849429 0.0
225000.0 226000.0 2910.0 0.0
226000.0 227000.0 0.0 0.0
227000.0 228000.0 1709729.2846088829 8000.0
228000.0 229000.0 2192719.715391117 8000.0
229000.0 230000.0 1734332.0983063516 8000.0
230000.0 231000.0 311200.9016936484 0.0
231000.0 232000.0 987411.0712424918 8000.0
232000.0 233000.0 948380.9287575083 0.0
233000.0 234000.0 1459238.2261671636 8000.0
234000.0 235000.0 479760.7738328363 0.0
235000.0 236000.0 1695406.8430904748 8000.0
236000.0 237000.0 317174.1569095251 0.0
237000.0 238000.0 2914.0 0.0
238000.0 239000.0 0.0 0.0
239000.0 240000.0 1901779.570367552 8000.0
240000.0 241000.0 2027830.4296324477 0.0
241000.0 242000.0 1983468.0 8000.0
242000.0 243000.0 0.0 0.0
243000.0 244000.0 5207.902782433453 0.0
244000.0 245000.0 544097.5166530361 8000.0
245000.0 246000.0 3351841.5805645306 8000.0
246000.0 247000.0 0.0 0.0
247000.0 248000.0 1514025.6882484718 8000.0
248000.0 249000.0 497518.31175152835 0.0
249000.0 250000.0 1952516.0 8000.0
250000.0 251000.0 0.0 0.0
251000.0 252000.0 1264268.4862893415 8000.0
252000.0 253000.0 711649.5137106584 0.0
253000.0 254000.0 2202215.0349128526 8000.0
254000.0 255000.0 1751627.9650871474 0.0
255000.0 256000.0 1483595.6850040092 8000.0
256000.0 257000.0 451584.3149959907 0.0
257000.0 258000.0 1948404.0 8000.0
258000.0 259000.0 3.155012416373334 0.0
259000.0 260000.0 1306572.3152951326 8000.0
260000.0 261000.0 726409.529692451 0.0
261000.0 262000.0 1359132.6847748598 8000.0
262000.0 263000.0 520347.31522514 0.0
263000.0 264000.0 2909.0 0.0
264000.0 265000.0 0.0 0.0
265000.0 266000.0 2041059.0 8000.0
266000.0 267000.0 0.0 0.0
267000.0 268000.0 1089201.4854768342 8000.0
268000.0 269000.0 863336.5145231658 0.0
269000.0 270000.0 1949475.0 8000.0
270000.0 271000.0 0.0 0.0
271000.0 272000.0 1780793.0407080702 8000.0
272000.0 273000.0 179160.9592919298 0.0
273000.0 274000.0 3232680.379896978 8000.0
274000.0 275000.0 726625.6201030217 0.0
275000.0 276000.0 2910.0 0.0
276000.0 277000.0 0.0 0.0
277000.0 278000.0 1779188.8599322555 8000.0
278000.0 279000.0 2167399.140067745 8000.0
279000.0 280000.0 985287.5156915839 8000.0
280000.0 281000.0 998357.4843084161 0.0
281000.0 282000.0 1943934.0 8000.0
282000.0 283000.0 0.0 0.0
283000.0 284000.0 1545810.1894513199 8000.0
284000.0 285000.0 442111.8105486801 0.0
285000.0 286000.0 1940748.0 8000.0
286000.0 287000.0 0.0 0.0
287000.0 288000.0 1362112.6337849393 8000.0
288000.0 289000.0 667641.3662150608 0.0
289000.0 290000.0 1904321.0 8000.0
290000.0 291000.0 0.0 0.0
291000.0 292000.0 1078020.7404500446 8000.0
292000.0 293000.0 986245.2595499554 0.0
293000.0 294000.0 1926972.0 8000.0
294000.0 295000.0 0.0 0.0
295000.0 296000.0 1719010.192284179 8000.0
296000.0 297000.0 251616.8077158212 0.0
297000.0 298000.0 1504808.1054052452 8000.0
298000.0 299000.0 438891.89459475473 0.0
299000.0 300000.0 1501309.5236638074 8000.0
300000.0 301000.0 458224.4763361924 0.0
