ts te s_bytes_all avg_video_rate
0.0 1000.0 0.0 0.0
1000.0 2000.0 0.0 0.0
2000.0 3000.0 0.0 0.0
3000.0 4000.0 0.0 0.0
4000.0 5000.0 0.0 0.0
5000.0 6000.0 0.0 0.0
6000.0 7000.0 364766.562340155 4400.0
7000.0 8000.0 738380.437659845 0.0
8000.0 9000.0 0.0 0.0
9000.0 10000.0 1606882.1048334802 3000.0
10000.0 11000.0 2064351.4772243556 3000.0
11000.0 12000.0 1940351.5196533804 4400.0
12000.0 13000.0 850392.641101321 4400.0
13000.0 14000.0 291209.2571874628 0.0
14000.0 15000.0 1067043.2963460786 8000.0
15000.0 16000.0 759789.7036539213 0.0
16000.0 17000.0 2918.0 0.0
17000.0 18000.0 0.0 0.0
18000.0 19000.0 1534643.5933066453 8000.0
19000.0 20000.0 2998023.416267488 8000.0
20000.0 21000.0 2214092.811625492 8000.0
21000.0 22000.0 1228502.178800375 0.0
22000.0 23000.0 1124192.050989119 8000.0
23000.0 24000.0 845253.9490108808 0.0
24000.0 25000.0 1383450.1894019297 8000.0
25000.0 26000.0 495687.81059807027 0.0
26000.0 27000.0 1547383.3010133193 8000.0
27000.0 28000.0 597234.6989866808 0.0
28000.0 29000.0 1305069.9612908901 8000.0
29000.0 30000.0 572935.0387091098 0.0
30000.0 31000.0 1886472.3691216398 8000.0
31000.0 32000.0 118479.6308783601 0.0
32000.0 33000.0 2181488.2765358924 8000.0
33000.0 34000.0 1778400.7234641076 0.0
34000.0 35000.0 2918.0 0.0
35000.0 36000.0 0.0 0.0
36000.0 37000.0 1176083.492657569 8000.0
37000.0 38000.0 780965.5073424309 0.0
38000.0 39000.0 1761650.1048098544 8000.0
39000.0 40000.0 181302.89519014565 0.0
40000.0 41000.0 2343825.2407178194 8000.0
41000.0 42000.0 1454996.759282181 0.0
42000.0 43000.0 1922851.0 8000.0
43000.0 44000.0 0.0 0.0
44000.0 45000.0 1897737.0 8000.0
45000.0 46000.0 0.0 0.0
46000.0 47000.0 1793444.2114111143 8000.0
47000.0 48000.0 352998.78858888586 0.0
48000.0 49000.0 1806797.0 8000.0
49000.0 50000.0 0.0 0.0
50000.0 51000.0 1119219.01624636 8000.0
51000.0 52000.0 964339.98375364 0.0
52000.0 53000.0 2017383.0 8000.0
53000.0 54000.0 0.0 0.0
54000.0 55000.0 1880707.0 8000.0
55000.0 56000.0 0.0 0.0
56000.0 57000.0 0.0 0.0
57000.0 58000.0 1256.5939058421031 0.0
58000.0 59000.0 2525.1632853627452 0.0
59000.0 60000.0 2052.242808795151 0.0
60000.0 61000.0 0.0 0.0
61000.0 62000.0 2389.0870028811073 0.0
62000.0 63000.0 1567791.9289672845 8000.0
63000.0 64000.0 5920763.501358454 8000.0
64000.0 65000.0 501081.4826713792 0.0
65000.0 66000.0 2338.987509202636 0.0
66000.0 67000.0 1134243.7560208067 8000.0
67000.0 68000.0 2770385.256469991 8000.0
68000.0 69000.0 1479567.7788912859 8000.0
69000.0 70000.0 537090.2211087141 0.0
70000.0 71000.0 1843785.452041656 8000.0
71000.0 72000.0 11531.547958344068 0.0
72000.0 73000.0 1916655.3370080492 8000.0
73000.0 74000.0 72710.66299195099 0.0
74000.0 75000.0 1483624.4620889623 8000.0
75000.0 76000.0 515834.5379110377 0.0
76000.0 77000.0 1149566.6493176953 8000.0
77000.0 78000.0 769953.3506823046 0.0
78000.0 79000.0 2917.0 0.0
79000.0 80000.0 0.0 0.0
80000.0 81000.0 1593655.0408454002 8000.0
81000.0 82000.0 2411645.9591545993 8000.0
82000.0 83000.0 1778973.6009183074 8000.0
83000.0 84000.0 80019.3990816926 0.0
84000.0 85000.0 2001289.573681788 8000.0
85000.0 86000.0 1975043.4882278407 0.0
86000.0 87000.0 1271618.533144157 8000.0
87000.0 88000.0 750704.4049462143 0.0
88000.0 89000.0 1900452.0 8000.0
89000.0 90000.0 0.0 0.0
90000.0 91000.0 2921.0 0.0
91000.0 92000.0 0.0 0.0
92000.0 93000.0 3182969.2201041616 8000.0
93000.0 94000.0 913277.7798958388 0.0
94000.0 95000.0 1739593.0 8000.0
95000.0 96000.0 0.0 0.0
96000.0 97000.0 2102641.0 8000.0
97000.0 98000.0 0.0 0.0
98000.0 99000.0 1800858.0 8000.0
99000.0 100000.0 0.0 0.0
100000.0 101000.0 2914.0 0.0
101000.0 102000.0 0.0 0.0
102000.0 103000.0 3039663.625185349 8000.0
103000.0 104000.0 1107253.374814651 0.0
104000.0 105000.0 2913.0 0.0
105000.0 106000.0 0.0 0.0
106000.0 107000.0 1869787.0 8000.0
107000.0 108000.0 0.0 0.0
108000.0 109000.0 1825583.1626272942 8000.0
109000.0 110000.0 5947.837372705689 0.0
110000.0 111000.0 2679818.575761118 8000.0
111000.0 112000.0 1400275.424238882 0.0
112000.0 113000.0 1435425.2020120274 8000.0
113000.0 114000.0 546574.7979879725 0.0
114000.0 115000.0 1931435.0 8000.0
115000.0 116000.0 0.0 0.0
116000.0 117000.0 2914.0 0.0
117000.0 118000.0 0.0 0.0
118000.0 119000.0 2323546.5629851143 8000.0
119000.0 120000.0 1653263.4370148855 0.0
120000.0 121000.0 1921039.7884147093 8000.0
121000.0 122000.0 5066.2115852908055 0.0
122000.0 123000.0 1228401.3551944627 8000.0
123000.0 124000.0 794722.9158658538 0.0
124000.0 125000.0 1925859.3473736933 8000.0
125000.0 126000.0 5785.381565990422 0.0
126000.0 127000.0 1954544.2798848557 8000.0
127000.0 128000.0 4107.720115144295 0.0
128000.0 129000.0 1298109.0521474096 8000.0
129000.0 130000.0 671303.9478525904 0.0
130000.0 131000.0 1553662.8063118635 8000.0
131000.0 132000.0 540807.1936881369 0.0
132000.0 133000.0 1793413.4819423049 8000.0
133000.0 134000.0 5846.518057695186 0.0
134000.0 135000.0 2913.0 0.0
135000.0 136000.0 0.0 0.0
136000.0 137000.0 1155161.4661314934 8000.0
137000.0 138000.0 888881.5338685068 0.0
138000.0 139000.0 2058120.3860980286 8000.0
139000.0 140000.0 3679807.2536683194 8000.0
140000.0 141000.0 2060687.1197694247 8000.0
141000.0 142000.0 143939.24046422754 0.0
142000.0 143000.0 976712.557045137 8000.0
143000.0 144000.0 875401.4429548631 0.0
144000.0 145000.0 2915.0 0.0
145000.0 146000.0 0.0 0.0
146000.0 147000.0 0.0 0.0
147000.0 148000.0 353756.4690382794 8000.0
148000.0 149000.0 5383242.701296145 8000.0
149000.0 150000.0 294949.82966557617 0.0
150000.0 151000.0 1812002.0 8000.0
151000.0 152000.0 0.0 0.0
152000.0 153000.0 1995253.0 8000.0
153000.0 154000.0 0.0 0.0
154000.0 155000.0 1914123.0 8000.0
155000.0 156000.0 0.0 0.0
156000.0 157000.0 2025959.0 8000.0
157000.0 158000.0 0.0 0.0
158000.0 159000.0 2913.0 0.0
159000.0 160000.0 0.0 0.0
160000.0 161000.0 2193116.8803534666 8000.0
161000.0 162000.0 1718614.1196465334 0.0
162000.0 163000.0 2134336.2243970935 8000.0
163000.0 164000.0 6220.775602906681 0.0
164000.0 165000.0 2915.0 0.0
165000.0 166000.0 0.0 0.0
166000.0 167000.0 2106629.5597252706 8000.0
167000.0 168000.0 1619912.4402747294 0.0
168000.0 169000.0 2913.0 0.0
169000.0 170000.0 0.0 0.0
170000.0 171000.0 2364646.9700790634 8000.0
171000.0 172000.0 1630099.029920937 0.0
172000.0 173000.0 2003361.7423433345 8000.0
173000.0 174000.0 39895.25765666583 0.0
174000.0 175000.0 135788.01599686008 0.0
175000.0 176000.0 1699632.98400314 8000.0
176000.0 177000.0 2003740.7658655525 8000.0
177000.0 178000.0 14088.23413444763 0.0
178000.0 179000.0 2062463.283384899 8000.0
179000.0 180000.0 3936.7166151010038 0.0
180000.0 181000.0 1822019.1634705265 8000.0
181000.0 182000.0 5449.836529473552 0.0
182000.0 183000.0 1849349.4897006338 8000.0
183000.0 184000.0 4069.510299366164 0.0
184000.0 185000.0 1840550.8569533816 8000.0
185000.0 186000.0 2297450.143046618 8000.0
186000.0 187000.0 2913.0 0.0
187000.0 188000.0 0.0 0.0
188000.0 189000.0 1757586.0 8000.0
189000.0 190000.0 0.0 0.0
190000.0 191000.0 1802972.2026693474 8000.0
191000.0 192000.0 2095134.419661584 8000.0
192000.0 193000.0 1279348.5771681233 8000.0
193000.0 194000.0 1003655.8005009454 0.0
194000.0 195000.0 1779635.0 8000.0
195000.0 196000.0 0.0 0.0
196000.0 197000.0 2913.0 0.0
197000.0 198000.0 0.0 0.0
198000.0 199000.0 3075089.078613819 8000.0
199000.0 200000.0 962895.9213861813 0.0
200000.0 201000.0 2913.0 0.0
201000.0 202000.0 0.0 0.0
202000.0 203000.0 1474248.0735889722 8000.0
203000.0 204000.0 2433138.9264110276 0.0
204000.0 205000.0 1836084.0 8000.0
205000.0 206000.0 0.0 0.0
206000.0 207000.0 2912.0 0.0
207000.0 208000.0 0.0 0.0
208000.0 209000.0 2517465.010931161 8000.0
209000.0 210000.0 1474668.989068839 0.0
210000.0 211000.0 1349943.2991695916 8000.0
211000.0 212000.0 576396.7008304081 0.0
212000.0 213000.0 1735308.9035607276 8000.0
213000.0 214000.0 225011.09643927237 0.0
214000.0 215000.0 1954029.612797878 8000.0
215000.0 216000.0 3703.3872021220054 0.0
216000.0 217000.0 1304373.9382346775 8000.0
217000.0 218000.0 714660.0617653225 0.0
218000.0 219000.0 1826444.0 8000.0
219000.0 220000.0 0.0 0.0
220000.0 221000.0 2008393.0 8000.0
221000.0 222000.0 0.0 0.0
222000.0 223000.0 2100276.0 8000.0
223000.0 224000.0 0.0 0.0
224000.0 225000.0 1630450.647252235 8000.0
225000.0 226000.0 222657.35274776493 0.0
226000.0 227000.0 1604.1920098441904 0.0
227000.0 228000.0 1309.8079901558096 0.0
228000.0 229000.0 2196439.0693979096 8000.0
229000.0 230000.0 1684366.9306020904 0.0
230000.0 231000.0 2012945.8444676118 8000.0
231000.0 232000.0 1612229.1555323885 0.0
232000.0 233000.0 2917.0 0.0
233000.0 234000.0 0.0 0.0
234000.0 235000.0 2913.0 0.0
235000.0 236000.0 0.0 0.0
236000.0 237000.0 1866179.726733557 8000.0
237000.0 238000.0 2260418.273266443 8000.0
238000.0 239000.0 1106723.3519221689 8000.0
239000.0 240000.0 2774854.648077831 8000.0
240000.0 241000.0 2911.0 0.0
241000.0 242000.0 0.0 0.0
242000.0 243000.0 1762440.4049960864 8000.0
243000.0 244000.0 269153.5950039135 0.0
244000.0 245000.0 1911355.5341463522 8000.0
245000.0 246000.0 11174.465853647776 0.0
246000.0 247000.0 2914.0 0.0
247000.0 248000.0 0.0 0.0
248000.0 249000.0 2270913.6202206914 8000.0
249000.0 250000.0 1754937.3797793083 0.0
250000.0 251000.0 1770255.2122509773 8000.0
251000.0 252000.0 90709.78774902271 0.0
252000.0 253000.0 1853032.7618584358 8000.0
253000.0 254000.0 272563.264955882 0.0
254000.0 255000.0 2012754.0817249296 8000.0
255000.0 256000.0 2726.8914607528063 0.0
256000.0 257000.0 2808081.7837482262 8000.0
257000.0 258000.0 931303.2162517733 0.0
258000.0 259000.0 1468556.0338718449 8000.0
259000.0 260000.0 296677.96612815507 0.0
260000.0 261000.0 2240358.0 8000.0
261000.0 262000.0 0.0 0.0
262000.0 263000.0 1927803.0 8000.0
263000.0 264000.0 0.0 0.0
264000.0 265000.0 1914653.0 8000.0
265000.0 266000.0 0.0 0.0
266000.0 267000.0 2914.0 0.0
267000.0 268000.0 0.0 0.0
268000.0 269000.0 2113604.087000088 8000.0
269000.0 270000.0 1502524.9129999122 0.0
270000.0 271000.0 2193955.8774932465 8000.0
271000.0 272000.0 2898.1225067535247 0.0
272000.0 273000.0 1694509.8088068494 8000.0
273000.0 274000.0 201387.19119315062 0.0
274000.0 275000.0 2030530.0130224964 8000.0
275000.0 276000.0 3127.986977503622 0.0
276000.0 277000.0 1965653.857151375 8000.0
277000.0 278000.0 4632.142848625072 0.0
278000.0 279000.0 1888849.4333823554 8000.0
279000.0 280000.0 6568.566617644649 0.0
280000.0 281000.0 1920346.7715015623 8000.0
281000.0 282000.0 4642.228498437643 0.0
282000.0 283000.0 2061390.4490872126 8000.0
283000.0 284000.0 6186.550912787499 0.0
284000.0 285000.0 2213134.0168308564 8000.0
285000.0 286000.0 1635648.9831691438 0.0
286000.0 287000.0 1107063.8969955393 8000.0
287000.0 288000.0 910408.1030044606 0.0
288000.0 289000.0 1924563.0 8000.0
289000.0 290000.0 0.0 0.0
290000.0 291000.0 1626088.0 8000.0
291000.0 292000.0 0.0 0.0
292000.0 293000.0 1582214.3419763765 8000.0
293000.0 294000.0 566786.6580236235 0.0
294000.0 295000.0 1523065.1320521322 8000.0
295000.0 296000.0 483500.8679478676 0.0
296000.0 297000.0 1882111.0 8000.0
297000.0 298000.0 0.0 0.0
298000.0 299000.0 1886813.0 8000.0
299000.0 300000.0 0.0 0.0
300000.0 301000.0 0.0 0.0
