s_bytes_all avg_video_rate s_bytes_all_#1 s_bytes_all_#2 s_bytes_all_#3 s_bytes_all_#4 s_bytes_all_#5 s_bytes_all_#6 s_bytes_all_#7 s_bytes_all_#8 s_bytes_all_#9 s_bytes_all_#10
1728328.0784455822 1500.0 0.0 0.0 0.0 0.0 0.0 2426.968665410633 407584.4914798171 488112.9148109312 555366.7136502564 274836.98983916675
4648069.094002908 1909.090909090909 474006.9708560092 391758.6079647352 636706.2400161317 427709.50275142834 507856.6316855114 544028.5873552528 309294.73545682034 402897.6103315381 442158.5333598243 511651.67422565713
4062864.407697058 3000.0 443078.3866463908 463258.12497836526 184493.74660352347 414035.44031799707 631967.4663123747 361275.9925300762 446490.22288990766 352519.890063874 501705.9409057385 264039.1964488095
3925096.804080386 3000.0 413172.63914381486 393341.9420546249 394471.51991787925 392242.1184917009 499330.04456759547 300903.5516423549 433902.2150727509 341998.2930825796 477013.3965627922 278721.0835442936
3899510.6118565914 3000.0 418215.1401300493 329888.4218424603 502444.51487588097 360883.9980677909 479740.4957766066 519796.47088552045 523311.112228547 50385.46196720944 394170.3700676167 320674.6260149084
4654273.81429573 3000.0 441415.841000421 336793.1085270757 469968.3809674084 538069.3355675889 468417.7241375672 573541.2562103266 569005.9051175134 467745.0497995645 299846.8047190384 489470.40824922617
3966960.002763694 3000.0 428641.6135693758 405699.8657528045 372568.0440106172 333207.71357749484 473905.4736204853 319696.45550395374 437047.75367094553 383030.9359860669 483020.5416660336 330141.6054059167
3327145.217776481 2533.333333333333 439609.6556984359 331272.955390869 51633.57576874571 0.0 411011.9854466342 468998.2345563584 404231.7229138372 549233.9999164636 493134.4265546791 178018.66153045837
3687199.797599248 2860.0 408723.629908904 205219.0845834562 421723.46228462894 309618.4046295137 446633.7144399069 342512.4542602934 463218.3498696842 282079.6688799524 437341.92745262646 370129.1012902815
4161003.739082208 3000.0 429768.5120216285 334253.9330911722 491874.5815703298 321766.5495117554 461148.95461461553 272991.4700481708 495818.1678265728 393157.6849439285 461948.7359430445 498275.1495109901
4405348.8965091575 3000.0 523929.7387550912 551173.126413648 581964.0147187482 387256.7628787288 438240.3923011185 413428.7716218279 360576.6285878018 360790.2592872131 417185.6267542334 370803.5751907461
3823622.661218964 3000.0 427720.4626875757 247636.08681404643 91327.42141066148 460596.6731742701 355467.8918044027 465017.092223884 439770.3630745697 489138.40223130566 483924.9828270284 363023.28497121925
3868498.961406636 3000.0 377166.5813053312 361073.9546550429 436088.9819192023 437820.3567924165 236973.24291390463 374329.67455747584 371996.7637138006 470918.2799471207 443117.0951429466 359014.03045939456
3853154.830913407 3000.0 465522.0284765016 302541.7084735087 419694.40156106587 383189.3473937908 484738.01110265165 318494.776185241 433634.6385077773 321627.23897658417 346138.5297726009 377574.1504636848
2429555.0823519505 3000.0 524376.2018506727 300936.13494453894 401442.4229450022 526113.6901868172 528332.0453388479 142526.5870860714 0.0 2470.62747474802 2534.1580151698945 823.2145100820858
4551842.850176817 2300.0 2910.0 458095.1911878036 371531.4096417531 461534.5368804057 518406.27030944295 488180.3370437269 544762.7766162076 666888.0467070296 564770.2361821553 474764.0456082924
3972970.676120233 2720.0 536593.0262565989 469609.7640865753 444722.42640135565 230116.09341219455 397653.7908448963 313209.61681523896 477603.11029534007 388170.16363354167 476241.7581276012 239050.92624689065
3423603.1068819426 2580.0 372567.09610418207 405975.8730177072 68358.50458106044 0.0 409684.1925068852 477093.96988437616 570253.9730577074 369040.1639088997 474762.4949435018 275866.8388776227
3131790.5560957734 2400.0 318668.8815354849 352403.66228515503 477014.19657918136 310978.94871926546 40502.67770192048 0.0 401278.78577215626 443728.1832875412 602579.9209364839 184635.2992785849
3222751.810725233 2400.0 413906.2595350999 52756.5511901339 366503.1418313042 42446.85816869584 368524.49654370535 343913.1549800902 461766.6011858171 471645.272070861 545010.7092222932 156278.76599723322
4228769.26437976 3000.0 408585.6761065682 295788.7594176119 452834.7502937976 335966.55864463816 498313.6424129898 322592.2712808783 458651.22727122 497394.1091173877 537583.3545648789 421058.9152697898
4238230.246887026 3000.0 484711.0436620706 499591.3352442098 552938.4186593252 373998.0330956504 507763.87447526417 270242.5228467676 385161.6595992711 383408.80253247975 420190.8929811 360223.6637908885
3845312.0380753335 3000.0 383717.4960141328 348532.0424006733 474833.910311255 305102.5228392107 464983.67824393726 347402.63994348544 402684.91092397855 380499.52057427366 432081.2573067716 305474.05951761507
3234790.3172167344 2440.0 50308.45065787965 0.0 401784.1991210475 505167.5852699337 545047.8331293458 427616.5849567668 377555.882611574 287161.65860007337 252419.8408358084 387728.2820343047
3886302.924960288 2533.333333333333 59783.281176747085 539436.7895930576 401133.0508351041 150685.01183623687 397500.780262548 540460.5920730929 495629.2038983716 458958.36540578847 433777.0811081336 408938.76877120754
3801249.724880175 3000.0 355926.4066343041 394430.4413856059 479436.7378074794 369855.1610978237 408296.657208577 327557.1987623301 304355.38102906663 459779.3658982329 303525.1576276374 398087.2174291178
3206173.353566997 2860.0 499025.0322959018 356445.4212887408 336124.7673096239 389254.3652980423 542173.0480567892 328603.58821251447 31942.26113907048 0.0 314470.63840260176 408134.2315637121
3766686.321869123 2580.0 594573.3361813494 474424.30631449865 509328.3975409564 279533.0438301987 429587.06777441927 135967.70076545933 343054.47932718165 315677.7545963329 248178.94089535868 436361.29464336816
2571623.3438457344 2100.0 185180.8081645629 0.0 287019.7277167942 437835.84870267496 533110.259143942 184502.3252467017 149131.9918555176 272179.8473343696 254138.5086365839 268524.02704458754
2459082.70482204 1205.0 345306.8787379358 275995.65702194604 262244.9285589467 0.0 203354.37176465252 215556.994280778 311174.7832113769 270183.0089314685 315093.49281033775 260172.5895045973
