s_bytes_all avg_video_rate s_bytes_all_#1 s_bytes_all_#2 s_bytes_all_#3 s_bytes_all_#4 s_bytes_all_#5 s_bytes_all_#6 s_bytes_all_#7 s_bytes_all_#8 s_bytes_all_#9 s_bytes_all_#10
1406583.8386865607 1264.0 0.0 0.0 0.0 0.0 0.0 42104.7893601425 297526.3044424514 344785.15239460283 247457.5775194912 474710.0149698729
5341868.00356543 4400.0 461069.1427894148 620134.8886710422 520939.2257990639 649540.5066039264 455539.5822095953 336688.0437064107 581761.091843317 525824.1471762797 593918.4388338273 596452.9359325531
5526803.194232331 4400.0 464637.2446472144 503093.723153345 601129.9903541892 634410.737283147 346576.6787148278 573532.5653582114 548055.0851540925 513591.51550134085 752407.1011750926 589368.5528908691
4479090.927303714 2474.285714285714 731807.7903037053 587034.706047234 511517.4461254216 431594.7192611852 684405.3326214356 602957.5125658714 236257.640118539 373407.021756869 136947.91233462296 183160.8461688299
1218058.369557829 432.0 157980.13186116714 177746.59658067927 163748.23410325008 284245.81468297995 116107.62930814756 5420.402257736504 172160.25917786668 32469.59568312161 104078.37255701586 4101.333345864346
940731.8928365902 619.2 99010.66665413564 12063.867375330516 92510.13262466948 16818.99894170492 219759.00105829508 13218.91526068082 230275.0847393192 13219.388406200183 228931.6115937998 14924.226182454488
2652730.99518082 1900.0 382675.7738175455 16228.61220368507 421115.38779631496 219327.23076680917 178340.76923319086 153847.32875859647 382617.8038414752 326673.86188724975 320907.27548037143 250996.9513955809
3471668.296910179 2440.0 313567.8032469607 285592.86392191495 379337.4293867907 432798.6156951239 225518.06638593585 189048.8958016852 397815.4344677036 471545.3614524588 236590.5710241525 539853.255527453
3906867.3611567486 3000.0 287339.595297019 539644.9456560477 240117.52728220064 449163.1712541828 465383.97542627086 407446.7774483896 259555.0724633519 335104.7599441703 528018.9390264027 395092.5973587135
4017318.62909072 3000.0 383432.5399671552 435202.7361704028 540711.528670596 452689.2584832296 396656.3197248024 496477.5760422881 196614.65144794012 395470.1206370402 238666.07733626736 481397.8206109977
3096843.5839495985 2650.0 372679.8806098857 573850.9481760205 429365.1687906157 416419.2016659888 363966.3488489674 240015.36114953243 303569.011111396 261782.55183798852 128756.28853518398 6438.823224019556
2571889.1948748496 2300.0 4537.314096619536 7292.107343362817 5210.48608949756 44727.54754300509 451883.838525434 383058.08556363545 320035.53240768774 562698.0713416343 259036.4520016977 533409.7599622754
1932418.9478165533 1022.6666666666666 247998.89350500744 526223.9538615219 235187.4827188167 3431.402147502557 3217.304778025344 5416.675643756429 2800.0 249283.88525234585 399665.9671204973 259193.38278907983
3129731.1156827654 2180.0 251109.76483807704 3994.296436303869 178640.2268685366 300467.5562875285 301566.5901992563 370169.9862348925 253521.5145463988 584170.6298772283 390717.2113662255 495373.3390283178
3960098.2822653744 3000.0 462296.7530092556 485420.142629703 535767.4107312255 104992.61723265918 308138.45516371244 517916.7308127998 427010.0088756548 302528.5307003017 438992.1809812695 377035.4521287928
4062907.2110656975 3000.0 474335.847748494 355320.14269764145 447805.1660396998 495365.3382629528 405938.9920858583 509227.2900310514 366770.5900242401 254383.99224753823 496808.6542342898 256951.1976939324
4164912.206340485 3000.0 484595.1088964759 424364.0764361825 425799.2819398351 395663.0200897928 387491.1672569715 380634.7034851708 331036.0631563475 390514.8616654686 549171.3559249316 395642.5674893091
3832150.5552710886 3000.0 160274.94948375406 463294.26010946406 523102.6297665287 462409.3941834706 160074.71594053655 411434.2245756594 466804.807212554 443253.4583356765 282334.7031861147 459167.4124773296
4133115.159555353 3000.0 513006.8523016696 379787.60139803495 211337.03200262936 386581.2430213562 375369.08176279446 476509.3141350916 565587.604682679 429899.56883880135 292854.04554196505 502182.81587033125
4015975.73921044 3000.0 303078.093865593 454711.2280480789 371055.7464156818 437454.6021621472 515366.0299935428 222940.0348756748 437005.249652823 295389.42816475325 404063.1741687592 574912.1518633857
3901951.055257655 3000.0 437500.76644266566 204194.7293352474 362092.2817229869 379948.3325102333 305462.8020111813 485349.9842277485 399993.1316782938 561416.6512232258 442546.3085433525 323446.0675627205
4050070.778585624 3000.0 432501.79077778495 455537.8583011484 241049.79111028425 502340.7984950485 316253.7183609453 482891.7285278116 271453.16192851885 379465.7959685853 398180.3540466154 570395.781068881
3844603.302492668 3000.0 398144.9391972008 551019.2582975192 224053.25480608855 575129.5181710776 205586.96518250412 535947.8807633949 468590.7451470551 467590.3546729037 96885.77806297535 321654.6081919476
3476916.2800698774 2457.6 477897.168419301 459819.161339563 414940.2921645736 511955.2343098016 138949.55262884632 518437.701065287 291556.2111466126 499967.514749062 143159.52328787997 20233.920958950446
1539076.7524508382 792.0 226523.07904104955 77424.0 61477.479262926296 180690.1500318921 96244.37070518162 90934.55426321756 169564.44573678245 197544.0844819299 253776.91551807008 184897.67340978855
2764276.0051843883 1980.0 230483.35171435808 197056.39875884933 209696.4090858583 195112.12326860585 203569.0437625399 170827.60232877475 300088.857928091 251912.3028480625 612534.9172289213 392994.99826032727
3250786.4632095858 2580.0 210573.3214058231 356341.5712987122 208157.42870128775 425481.5758224408 138761.6677375033 414718.857149043 181984.91844943748 401114.33707057446 365366.15100704174 548286.6345677216
3840318.742773973 3000.0 332240.1185198498 569266.0063591404 244480.88215216383 447251.2411538901 405582.7733210658 407191.669880864 413736.8152105063 450543.19196918525 224413.5973553149 345612.44685199275
4241716.614412926 3000.0 423980.9725321926 482899.0496541117 382509.97587202303 546192.2781811496 532896.1309444724 328085.08381758654 199660.97834302468 629151.0188741714 401417.17310267326 314923.9530915204
4278768.890181023 3000.0 404461.09724693454 554265.6566537971 432969.5034364571 215711.60979864083 414216.67761005065 356074.8474874635 537272.9522260104 530231.5358956691 434154.7850306702 399410.2247953296
