s_bytes_all avg_video_rate s_bytes_all_#1 s_bytes_all_#2 s_bytes_all_#3 s_bytes_all_#4 s_bytes_all_#5 s_bytes_all_#6 s_bytes_all_#7 s_bytes_all_#8 s_bytes_all_#9 s_bytes_all_#10
183949.3440325417 288.0 0.0 0.0 3520.0 862.8245719627078 8572.046540947631 124054.0807751247 29351.048111964963 3771.538736863255 6177.172020497228 7640.63327518123
707502.1702136704 288.0 2099.723017171035 3430.932950287252 2648.706688785518 69019.16455348786 114946.4985574332 113997.68381862529 127961.15344864578 84763.69790074625 96964.585025039 91670.0242534492
1223199.4339765902 345.6 93126.3366294818 132192.390149151 126228.5798608255 139782.71226351135 150395.30097649098 170363.54551682403 105378.80413164289 8468.68135102348 160119.27417455407 137143.80892308505
854433.9639867006 432.0 79450.44404069228 81590.80262902947 102517.6486665356 161710.35330739693 8788.803133543493 222948.69112840225 58054.27231578002 17501.68555907913 45749.912173148135 76121.35103309333
697923.3465186022 288.0 60388.20068426939 98355.06461323382 111163.08359477622 72052.77340479787 61554.86813871713 78208.06367190191 37044.93641507265 96078.09726772814 5077.0780879342055 78001.18064017087
613773.2011404239 320.0 63308.87867705194 58749.862594843 60611.19711095328 90722.52316144516 91774.27972760158 53286.75778535125 51330.02447869605 85681.25733882909 9525.899750830196 48782.52051482245
1543671.526704716 1042.5 165091.63026552158 96619.90986594938 81849.51808332812 98653.73275052494 167168.38614208606 87854.36302406086 215983.0 0.0 331622.9510147136 298828.0355585313
1360074.013426755 582.0 279953.77709516266 179564.3114002859 239567.23066521224 30601.694266094182 30785.31366029157 270588.3206304782 99293.90172140957 11981.463987820676 127280.19690944997 90457.80309055003
2395402.605046313 1390.0 321524.4122201512 4787.587779848842 344710.07669349934 58289.8466805871 369096.3413241296 248889.8707254643 232387.91525786743 396320.1299710911 30625.61067769965 388770.81371597445
2877605.3358205976 1957.142857142857 202276.03211726877 253896.3628364184 202112.703246836 394555.7753985832 353016.5213545809 0.0 466033.0493803611 415364.30192116456 387605.9266793438 202744.66288604063
3570113.05913309 2300.0 438880.14397875697 478377.27153309406 107489.6436212388 313262.58949945687 561290.2518588621 438851.1586416811 206424.2951456773 420942.0213762877 390345.1631018543 214250.5203761808
3793539.373778749 2300.0 276245.50724683295 572875.201671298 348790.65908328805 396699.13882345136 390882.7197151247 504523.3482751733 168514.69497014116 464914.0914325012 338137.69119327393 331956.32136766484
4258434.294854503 3000.0 248849.7726759904 419192.89667692885 486130.7209531896 510181.38219486753 353991.50632243854 426073.6253083795 435961.43678203446 486400.2608066585 560997.6791890572 330655.0139449582
3741294.936929548 2720.0 374780.7404071638 340930.37353840726 437522.4848304757 255687.87982274283 540435.8717407277 305107.0160415097 460411.1445476627 49859.82043805802 468886.290370232 507673.3151925687
4269353.000946776 3000.0 425744.5909213919 495617.50996202434 414768.2662682983 376294.2558867902 438604.66855727055 425767.2236835362 339144.9001379453 444348.7527368376 482127.1802717469 426935.6525209343
3753062.393490424 3000.0 511931.3408235668 478874.1190436021 342491.0972329719 242850.83639028293 560744.8803096836 498547.5250920907 316822.5945982256 372741.6836489044 387258.0787976853 40800.237553410254
4896897.563289356 3400.0 331515.0263601807 563998.4923341381 567284.0233328372 543903.9750639768 328444.4488837355 510500.4041166131 527133.2804835953 590483.1857960257 425459.3912533517 508175.33566490095
4086198.9632861135 2733.333333333333 521341.11254760966 514585.9935494328 540261.0497010546 282063.5514021485 499661.6245839297 400951.3976545055 471208.74771269335 194547.67373369224 470806.0083492048 190771.8040518426
3634815.7923181136 2650.0 507564.07913051225 72158.75706412035 487706.3315916359 162953.3056382625 453867.8808834941 417480.2624143239 478760.6523460476 222064.66780432285 540469.8392525899 291790.01619280444
4245032.011444755 3000.0 523627.81474532175 193255.95030338972 507283.70182641177 272662.0926252844 610177.4808065075 320186.7703307925 537366.2256135356 391360.435120154 414814.3492806764 474297.19079268095
3859130.442133907 3000.0 218950.25205219272 562411.1013122543 238379.58667233013 545786.2462946472 257178.51466731564 543982.1021773655 220455.88159771863 536468.9130404409 232930.38891030027 502587.4554093421
4131377.981019733 3000.0 493803.0790595132 437902.69770545576 360349.79760781175 424680.8395090137 396773.1530402551 432655.3570898953 356892.3483581516 427685.5901347197 361429.65826273337 439205.460252183
4470318.246508023 3233.333333333333 472501.2300404728 476862.3694740159 411810.4085366068 426057.2765285523 505436.5189424682 433870.0654215656 466380.8956945233 361577.41881672246 514647.5880824234 401174.4749706721
4112213.739170896 2950.0 543576.891695116 473216.8595358703 478305.5677787558 554593.6781701887 432056.2538294498 371757.2394773713 455141.53075266175 348079.97876058635 53975.00565193627 401510.7335189592
3331652.2608291046 1928.571428571429 214414.70987932372 481178.7889336294 400698.8588660153 419069.2114436776 424905.372919009 361273.3187874496 6296.183507050251 464843.8594381417 47280.92462667695 511691.0324281311
2193803.0 3000.0 22354.0 441404.0295213804 71173.97047861965 402810.0 8868.255501950303 411072.7444980497 177671.891983807 235334.108016193 160132.13635766754 262981.8636423325
1973005.0 3000.0 211974.0069761176 220085.33071441128 191970.74916084067 218481.9131486305 176762.92431424715 192097.07568575285 334367.26529977063 95039.7347002294 161582.95810575667 170643.0418942433
1875236.0 1680.0 362592.4973341771 16421.502665822925 245213.90794477775 10002.092055222203 404026.3436914624 47065.65630853765 372742.7780156401 850.2219843598997 416321.0 0.0
