s_bytes_all avg_video_rate s_bytes_all_#1 s_bytes_all_#2 s_bytes_all_#3 s_bytes_all_#4 s_bytes_all_#5 s_bytes_all_#6 s_bytes_all_#7 s_bytes_all_#8 s_bytes_all_#9 s_bytes_all_#10
1367786.2252629648 1500.0 0.0 0.0 0.0 0.0 0.0 6915.0 136789.22098059382 352682.62552924897 342017.4791483996 529381.8996047226
4073228.52230435 1800.0 452677.21016679605 487366.47126000345 412533.10118669807 544512.9399064668 475536.3539360154 279405.6982810552 377896.9815018958 507041.9691278319 395124.1990985922 141133.5978389951
4275532.470677007 3000.0 492007.7694929797 293997.9924120251 525239.2864234484 260653.04823493215 498518.9416482292 576524.4585044619 432084.7557166084 104270.9566634858 514743.8188425775 577491.4427382582
4031566.694811088 3000.0 323832.7817556786 390659.4045626248 388248.3281656069 376455.8389315024 334507.04805505194 454815.01769694407 331853.9917213404 440810.266183276 529341.587421379 461042.4303176843
3953902.928331519 3000.0 275088.52890475444 480698.6649763349 290496.6654393416 370688.69196037314 530368.0591405664 490041.30111857736 205910.82896472333 482103.1782598984 316609.2678860924 511897.7416808565
3952839.9511588975 3000.0 501556.65749394 354480.5011191317 396059.7623147846 401410.2376852154 591.7272715905266 363711.7841563769 610917.9688008524 359583.04642366414 578566.8495324058 385961.4163609369
4236800.563321213 3000.0 486557.7202427422 496194.3978167164 560423.0730121282 139029.01638258647 387331.2394758438 423360.4746744477 620729.3397571344 326143.16868157475 467812.6397762619 329219.4935017775
4224625.443061758 3000.0 517355.335359905 288705.4210051685 435115.43733628 471359.1435138771 508910.5811157168 389914.8777794562 522865.14301577176 360955.95535668114 360688.2185152628 368755.3300636385
4095835.1216665697 3000.0 350384.53007179644 444931.4457296532 349628.5099365872 446762.6892875033 318925.2265518321 433670.18208868575 560817.9753140715 446270.7110693674 250152.25066700333 494291.6009500695
3900852.703985075 3000.0 317413.32307853666 461136.6135082882 334700.5933168995 457629.6702882991 287192.56696611014 495462.195071375 562454.2106361121 391046.9065390119 130553.49825153184 463263.1263289108
4169745.196191522 3000.0 523096.7647160079 320767.40545893426 374495.2193505088 428896.5455142598 525581.4317538196 363028.0086260274 401394.67973398825 290581.09253609343 442280.5683434596 499623.48015842354
3935898.793000268 3000.0 518070.9354446339 236790.9829036518 486824.0931893011 293790.704830902 529620.1616871094 159988.30117243697 572208.4350382442 538770.3477171066 497883.2172446492 101951.61377223254
4450623.400833312 3000.0 537558.0685871842 85711.31764058328 20921.69064381645 514064.12203758216 512398.9402184924 456788.1806226378 565986.1968980224 619235.7081013827 486836.5447212477 651122.6313623626
4126684.5500384537 3000.0 394605.6767496354 387869.3252186629 509722.86573506007 494856.5564434982 399082.0126789869 433108.38325328607 255165.47833185171 464766.3507114973 323782.0128634668 463725.8880525088
4001395.5124316593 3000.0 303673.9803898203 492864.5460434279 285592.1770051748 427188.095315409 528358.9450521241 370735.33590814646 497349.3119241824 314867.0516587393 474599.79270219937 306166.2764324359
4041074.88492428 3000.0 424415.9298687945 468651.60985683824 557567.6246319764 213204.9900682154 421409.86006259767 357415.960311092 503210.7487695744 258675.09794216324 427799.84205923066 408723.22135379695
4297301.438738937 3000.0 601769.6266202733 294920.7007312956 466661.2670654135 270328.2613429975 476105.0561617452 346599.52381338057 492606.2062097661 278634.17466762406 575484.9206865919 494191.7014398491
3785912.8390055634 3000.0 408823.0052374464 402507.4106306636 289917.5876691979 407898.6010513642 334519.9389509608 364122.51991505385 415835.2511342774 439406.1981537901 448305.1217710879 274577.20449172106
4187878.3450977863 3000.0 593456.6078308958 467816.752759638 326428.2792698531 444870.4728957906 265692.1139422997 376295.08144391584 543866.1545500538 527693.7211449373 193371.06570672512 448388.0955536775
4063700.136290105 3000.0 365860.9441100541 483794.2238404171 507392.1148291921 378640.1323781123 397654.7717268919 337704.9666189614 403043.4705453864 452172.9638938815 419641.8786389888 317794.66970821994
4150890.981186092 3000.0 459298.3739087929 397042.0917370592 518143.09331276105 254146.75562354215 443503.54253992194 497396.8301839841 539197.6294894516 314148.9077028479 461518.1609859269 266495.59570180386
4225433.725220192 3000.0 468294.26625942887 322918.8238359498 538289.423857208 202166.582004763 592393.0541545148 265700.20966346934 504661.674985918 259910.5747442778 529565.8910620838 541533.2246525779
3981435.623243584 3000.0 308913.74508630263 403283.3260517917 433881.7596380073 435186.1516145601 452917.3368641488 330677.04086971167 443546.3017329505 328909.7873231041 503069.9489132198 341050.22514978703
4066056.43241594 3000.0 354461.7791282345 329826.6762981259 569792.9462361082 316306.57930691005 570824.9517002702 460527.8289828496 249554.5901866071 471741.9854352111 282441.42526530765 460577.6698763156
4189424.425369153 3000.0 294374.3759141686 485647.2473060024 213555.89358169213 439910.52885097417 492731.4385300496 395213.4591429969 609977.7608460985 479304.77820936 527303.2065319344 251405.73645587612
4049620.473580976 3000.0 381520.3047256513 364048.50049434 492244.7245407584 285400.63560523884 365973.1665996884 586645.6712543585 514255.6012773678 330118.2674183888 488913.4753683457 240500.1262968385
4185514.0689910897 3000.0 486601.2078180792 364118.1972601909 493391.4765658364 286922.9407446278 490199.4099120366 286144.43255848595 575968.2943020493 502362.8932530092 320513.7654374187 379291.4511393555
4051932.94765649 3000.0 348876.9412560981 463292.677983541 324722.4260982445 388257.3292986732 527899.4642975125 517910.4363394029 313722.00752861344 468159.1055812676 311605.5408399672 387487.0184331695
4002143.166321721 3000.0 360460.5995238707 373847.1150969344 461015.6977484629 475381.33829192887 313548.2506292612 508452.8427432269 515705.28496121895 419269.9847570664 133941.90128891214 440520.1512808381
4069201.434882434 3000.0 250770.6802112643 524647.8789794085 539636.6107177294 383320.98328205966 449653.8842078517 489505.58771105984 555667.0861440623 160070.72362899827 394037.41997014126 321890.58002985874
