s_bytes_all avg_video_rate s_bytes_all_#1 s_bytes_all_#2 s_bytes_all_#3 s_bytes_all_#4 s_bytes_all_#5 s_bytes_all_#6 s_bytes_all_#7 s_bytes_all_#8 s_bytes_all_#9 s_bytes_all_#10
1855170.5724762883 1500.0 0.0 0.0 0.0 0.0 3073.6385515125185 199905.3493658207 379963.96316440817 462867.07618576114 282946.97273249755 526413.5724762884
4014546.707782524 1800.0 390616.90364816965 444990.4642099876 426605.6802181206 479772.2320607508 526682.0467256604 407645.63497360377 369880.87196115934 531503.8967278482 17405.316700595897 419443.6605566274
4391055.352158222 3000.0 583017.8671420563 452947.49132191984 436969.93986555777 449985.5453730415 352694.9268624556 508975.927368974 410851.3965121383 434492.7243456158 400556.4018490637 360563.1315173992
3864999.09678939 3000.0 385232.3828106159 455881.85089296254 402241.7982168722 323370.8777776464 402924.3307137425 318634.9183041103 291554.39337789547 545006.934066114 339932.93388787267 400218.676741558
3954937.866496432 3000.0 350163.9314981209 477068.0440318789 397875.25928919134 419744.126246949 399449.9490341708 413330.9605342891 389665.7553409272 297709.5967073522 337770.41182813584 472159.83198541607
4706195.364020838 3000.0 538367.8696282514 608112.2669967582 629256.5100665156 559042.6334393565 399804.4232263768 231807.98576293245 575178.2479341992 421872.9660573864 379801.33475517976 362951.1261538819
3652965.276272268 3000.0 388160.7025596994 395954.6283669576 412854.1024857592 381355.202266772 399262.8949117296 351605.14220237074 409560.480913638 236263.8865693797 225130.8874319741 452817.3485639875
3679911.432454342 2600.0 93225.7640040384 144678.11421872134 372183.25442709913 588363.4020935413 525241.8810884348 389752.3141298575 559926.9964971909 350025.51333003683 338795.0632748334 317719.1293905885
3728242.8948082426 3000.0 416110.8712459112 213051.46030378516 0.0 393691.0433408694 533070.5516033035 392895.0416225641 470890.8148872971 626050.9817958839 404692.902453009 277789.2275556193
3316350.352769293 2440.0 491430.60736491496 257316.714219982 549726.0726362171 276861.5316675282 479036.5391771491 57488.631576009735 76567.79413899026 534580.8430258146 537990.0678939621 55351.55106872505
3483819.8836895125 2300.0 548749.6961416615 58582.77203546562 544240.9596321986 78137.56045365518 507412.6695118964 80238.42151180297 514032.83642453374 136380.02280786546 484679.338059478 531365.6071109553
3663921.630218196 2720.0 138810.20028264815 147749.91472359345 391068.1895027895 586584.8034357819 315564.1983863616 503865.3268168787 355553.6410160954 498221.1663760054 186707.4758701089 539796.7138079334
3024546.647428406 2400.0 507863.5004835 438511.1778205861 73699.75725382136 296914.62969396485 544372.4069486547 608093.5031490029 317812.5092299438 86733.08548497845 0.0 150546.07736395355
2465223.0038363747 1750.0 424027.65709638805 245007.2655396585 0.0 139766.17010065066 410906.5692150415 256412.36033792773 397476.9003463801 151800.6841127305 264481.58707102045 175343.8100165773
3825740.774949437 3000.0 404389.4927658627 364215.3029384858 371863.62986683205 413654.9444702138 407272.1948626629 378818.319114734 387971.1096818365 370073.190708164 377276.4439057944 350206.14663485094
3920217.94752755 3000.0 358502.4014811043 392614.43851029023 405451.8421069593 444828.0022623119 391658.97746713896 371036.8590134899 363670.8117879231 364469.43629358633 400497.215239598 427487.9633651482
4510851.376938543 3000.0 469224.2226021667 597225.2058967263 391860.968841686 549675.3497190403 383615.0734369545 610229.5087162872 379235.4921619983 321146.1574996953 414406.4670532637 394232.9310107244
3776375.4027902302 3000.0 354451.84074607096 492885.38285925565 389469.7967711262 207004.79890636663 327304.93595305306 534825.4858827367 404558.842497104 460073.2657673304 348161.6331568533 257639.4202503329
3888132.919654484 3000.0 377216.7862074908 451565.7486943089 372445.26541414345 414775.1602105771 378121.91479817085 365656.3638401511 395799.6671708579 369788.8904929248 412496.03601112 350267.08681473933
2363903.334056168 2300.0 397856.1650240775 212558.33191535008 0.0 2913.0 0.0 29848.925087493222 239271.11617181404 505754.033699737 521969.27209369175 453732.4900640048
3789765.7773272665 2300.0 453255.6171707029 458772.6852757799 498474.2135017745 505261.3293463674 365159.3461841114 579289.9978089049 370708.9474232293 386289.0261723888 0.0 172554.61444400737
3988186.695468865 3000.0 352828.10354031745 230658.34730981232 387668.0374682433 587609.3564916833 513721.5084493109 462552.9862159733 206369.0460806524 300869.1530324371 504409.9508568174 441500.2060236174
2520574.228838702 2475.0 567182.5721563586 549834.2591310181 346303.11825533165 312578.62921020266 301288.7514379841 211259.3598962328 0.0 2917.0 0.0 229210.5387515742
3796731.568759052 1957.142857142857 352351.4612484258 1272.2392065581248 1642.760793441875 303639.2386000812 444288.2454345223 620867.1409342608 502109.1312933276 539502.6405817276 520563.315313328 510495.3953533789
3807681.430718087 2750.0 524175.726559358 118365.43453543643 447547.2935688704 354034.2799511377 534612.7946339122 291188.3475497833 454003.7541322851 332798.55509102007 342349.8658710629 408605.37882522057
3878861.561749788 3000.0 388329.4654706907 219104.70673015565 376853.8261474763 414208.94196794287 575823.15938322 314619.4046964536 396211.88975178776 352749.1336627634 357598.4187725424 483362.6151667556
3069638.2218360794 2825.0 406311.0060099405 349526.67655513843 415976.6893129021 231432.52814351823 0.0 174061.41989484013 388312.146684564 599219.5995217217 353149.8338988742 151648.32181458076
3459761.75898166 2300.0 422668.9742902254 569645.4910041431 468984.0555175704 197556.1573734804 0.0 155038.09039207126 371853.6764520239 668837.5445821199 478387.83636375045 126789.93300627542
4246169.675294757 2766.6666666666665 553137.0091757168 450840.4972870986 466093.7954555795 347297.19603896275 171195.74373914703 540015.1805801577 431972.887353683 513642.9523049403 367220.7939094039 404753.6194500677
3997708.150495968 3000.0 342948.6002855678 380046.239015156 345410.3012000737 555387.581030293 428260.3904205677 418471.78178213065 439593.6194357895 271628.06882316084 400654.690743237 415306.8777599919
