s_bytes_all avg_video_rate s_bytes_all_#1 s_bytes_all_#2 s_bytes_all_#3 s_bytes_all_#4 s_bytes_all_#5 s_bytes_all_#6 s_bytes_all_#7 s_bytes_all_#8 s_bytes_all_#9 s_bytes_all_#10
473144.6797526259 508.8 0.0 0.0 0.0 0.0 0.0 3715.235435624477 121465.40682032485 167669.3149549183 128019.17025392452 52275.552287833714
856537.1104980911 288.0 89939.11783802308 86719.54760587667 72473.6944857848 134582.60485191728 48231.703128655616 7466.62385088884 27098.153802512643 129136.5503948904 187096.62863940216 73792.48590013958
1094123.8579810376 288.0 111411.08234432718 125468.57724111884 191140.6914516293 8246.540196932841 105958.87710204592 108644.68139990656 146426.88270100037 141164.4628226682 128166.92779083748 27495.134930570883
856228.1419139652 288.0 106201.37779101547 136132.51752700674 69550.09660835726 30362.820030583025 109358.19178686176 144339.34802442128 2909.0 65320.48264276807 94483.87311079072 97570.4343921608
715425.2973690706 288.0 116573.15175029635 27893.423594136668 80867.98625782848 93623.33858052365 60888.3096714953 29644.66465524164 120587.33534475838 81189.05587833717 20859.94412166284 83298.08751479021
837873.0940469605 504.0 74314.46259267593 74570.44989253386 51002.81175529091 132786.84352002078 2830.344724688311 114066.49653279924 169444.50346720073 66918.35615777859 109094.64384222144 42844.18156175069
1730182.8184382492 1280.0 107794.81843824932 203172.10025156403 64900.89974843597 156558.62020084163 97479.64990837884 255942.56929184776 174695.05616681837 314165.1044321133 350329.7564085499 5144.2435914501175
3509608.517347909 2185.714285714286 369992.0 99374.85690008536 530395.2105278303 240004.8043567108 502179.1963478948 397891.79590250144 220671.47408897808 343638.70809265366 413457.6838118613 392002.7873193936
3610416.514798134 2766.6666666666665 192960.02203959503 438770.5426762948 410852.6327789633 231419.1580134968 440778.3912761818 327035.5582398515 541199.4398762106 303014.6313343934 464478.9990504106 259907.1395127364
4621927.479799378 3000.0 457738.64130917017 322749.59934692987 480329.3581758506 333347.8955115958 482853.7960317427 446208.3560804013 480087.9922873543 513927.386692957 595795.6177229824 508888.83664039336
3435531.488054579 3000.0 581043.3204936805 318575.2746652105 179207.64509342422 511611.04070653545 383949.4817325241 547254.4178513956 482085.0737458917 428891.2337659169 2914.0 0.0
4603238.937931068 3000.0 425622.32277207344 544554.1925581744 527491.6172127388 67322.8674570133 410190.7893054542 515955.2760978863 533562.1042259099 628944.1790227297 549573.8538577132 400021.7354213745
3935921.204671186 3000.0 457300.8062985024 332176.7517194703 471484.32430536 329407.1280257397 433985.7577046463 381924.4732047697 482356.68239833816 302272.99476414133 471025.8149647141 273986.4712855038
3170988.8082241607 3000.0 458877.8574245484 360570.8046274404 73683.1953457576 0.0 408030.09034783696 322850.78889328166 477282.1968028566 259394.2214881786 449265.1255058296 361034.5277884308
4415264.049173586 2766.6666666666665 469346.2373970234 300286.08470564923 430598.08007699886 485298.7536278657 478608.0191012904 570591.3031306749 603387.5676640021 437219.1026008612 367093.3615003062 272835.5393689136
2981579.120954117 2300.0 407698.7544106736 204748.25716984345 417809.3933614046 170812.27315328567 361698.0577371863 246173.46240883312 434808.4873170402 161361.11789273968 344802.2926267732 231667.02487633668
3343152.6189154508 2300.0 411233.5597521291 208958.48106861292 391330.3032737282 204784.1201850414 394471.1963774079 240115.80674113857 290764.5914050439 316488.9043721081 302675.1878115269 582330.4679287138
3817122.859428967 2720.0 556290.2967990694 338115.5078681527 408218.1378979659 188586.992849316 443000.5337789258 304595.5529372615 481114.57632070273 298822.22126319265 450898.5017531103 347480.5379612701
3977381.74959794 3000.0 528461.6192668325 334224.8470874637 482642.83417359454 259692.76938894647 448303.2211973735 359127.7840334093 508565.3911973019 297971.05717528646 421080.1420835949 337312.0839941361
3900309.1992559377 3000.0 450291.8049339655 325431.6020999681 470740.72277416434 309558.2347640269 442897.1340271907 314668.7336324018 438316.3804746173 341878.1467393729 484627.24569554895 321899.1941146811
3778403.7260528775 3000.0 446752.23626578925 302794.51442696806 489833.0174099504 221581.5769819057 447797.8078274256 345250.84707919264 505561.7203035824 304450.9106728952 455156.8328532932 259224.26223187533
4251702.713273461 3000.0 446632.8480223371 313514.7730608408 471063.1962788708 324683.5755224688 466504.7568241742 297411.8852581051 485419.6988722873 511607.8543935764 498004.4022773605 436859.7227634401
4128530.790401231 2720.0 598937.4897468484 468432.1757003892 597993.260444713 446732.85183341976 441793.0294420591 211562.1636075356 441510.4987052557 200825.50703217607 400186.92286487215 320556.8910239615
4039236.9377570734 3000.0 378464.11119539576 346160.9054015453 441742.52384934 416551.9518801053 365920.867869229 384046.9335408468 534953.0044526241 358133.3952928518 467116.1534647215 346147.0908104152
3815113.680597908 3000.0 352111.0895823901 324437.37121941027 400735.1073900421 368014.6023069262 350612.7304052746 435554.65213236096 491294.63874684175 332346.82397498854 500525.9972529309 259480.66758674275
3749666.750826911 3000.0 427192.1617005076 289411.4970708741 459226.2898572149 307676.7750480661 461744.5031531824 192675.7241400208 415967.11014607584 395612.6817920828 496165.31366476114 303994.6942541251
4305977.115012776 2650.0 464812.8195854819 265910.8833227066 451726.3756535573 484615.2645748295 668832.5099585748 191893.99984297605 406006.78983884695 538789.2217975755 529043.2613508317 304345.9890873963
3662539.86100518 2860.0 401273.7352791276 224203.2049807359 458129.4291738293 318445.07609366614 469459.1201531334 323578.2080005897 391416.7339549818 258264.76146947005 404554.3918716869 413215.20002795896
3917114.637863716 3000.0 367850.6166449284 412800.7011186491 504022.3436231249 269285.44661247893 437186.11726150993 353946.2583927247 479597.9273587588 331077.9964567437 479155.7423108772 282191.4880839199
4015788.039999511 3000.0 448071.6757270247 351102.2110130961 509481.2440753646 314212.1840759701 493250.23051392287 335465.4480064474 504313.5065287914 277867.45959053794 450482.654389236 331541.4260791202
