ts te s_bytes_all avg_video_rate
0.0 10000.0 623169.0817109412 1316.0
10000.0 20000.0 1716197.2965099798 875.4285714285714
20000.0 30000.0 1155844.267811326 633.0
30000.0 40000.0 1112573.6448044358 840.0
40000.0 50000.0 1140059.158738981 840.0
50000.0 60000.0 1200650.2864000965 840.0
60000.0 70000.0 1169588.1497192748 840.0
70000.0 80000.0 1108093.1274266422 840.0
80000.0 90000.0 1122970.9868783227 840.0
90000.0 100000.0 1131989.1008139635 840.0
100000.0 110000.0 1228756.2544666308 840.0
110000.0 120000.0 1156418.4146459582 840.0
120000.0 130000.0 1089063.815378778 840.0
130000.0 140000.0 1104516.4146946697 840.0
140000.0 150000.0 869927.0 840.0
150000.0 160000.0 902687.2545490965 522.0
160000.0 170000.0 999983.5113568001 840.0
170000.0 180000.0 1052541.4620622026 840.0
180000.0 190000.0 984476.5396946958 840.0
190000.0 200000.0 1179267.6630251918 840.0
200000.0 210000.0 1081492.5693120137 840.0
210000.0 220000.0 978602.0 840.0
220000.0 230000.0 1013995.8055194287 840.0
230000.0 240000.0 940994.0167264293 840.0
240000.0 250000.0 1160915.6202601967 840.0
250000.0 260000.0 1139897.0167466237 840.0
260000.0 270000.0 961920.2439631717 840.0
270000.0 280000.0 1060583.29678415 840.0
280000.0 290000.0 1010077.3153396364 840.0
290000.0 300000.0 1007943.8320697766 840.0
300000.0 310000.0 130100.85259058696 0.0
