ts te s_bytes_all avg_video_rate
0.0 10000.0 357197.2323848057 288.0
10000.0 20000.0 854580.8249222061 288.0
20000.0 30000.0 677816.1166991405 397.7142857142857
30000.0 40000.0 703011.2011824666 320.0
40000.0 50000.0 492098.6248113811 288.0
50000.0 60000.0 395036.4525277112 416.0
60000.0 70000.0 503777.2013094205 288.0
70000.0 80000.0 1231093.9809326844 564.0
80000.0 90000.0 1180312.7395084212 840.0
90000.0 100000.0 1051251.768385964 840.0
100000.0 110000.0 946329.081348508 840.0
110000.0 120000.0 1133296.9244487304 840.0
120000.0 130000.0 1170832.7136709802 840.0
130000.0 140000.0 1177786.4747803728 840.0
140000.0 150000.0 1047725.1771971611 840.0
150000.0 160000.0 997682.543805485 840.0
160000.0 170000.0 1093159.720259643 840.0
170000.0 180000.0 1017177.5971988152 840.0
180000.0 190000.0 1154116.7655665737 840.0
190000.0 200000.0 985687.6439785736 840.0
200000.0 210000.0 1001937.2150809553 840.0
210000.0 220000.0 1003001.9644236403 840.0
220000.0 230000.0 1053035.9701589032 840.0
230000.0 240000.0 1091703.696593735 840.0
240000.0 250000.0 1048436.7172400906 840.0
250000.0 260000.0 1113579.27851655 840.0
260000.0 270000.0 1074396.391221339 840.0
270000.0 280000.0 1211122.4091249972 840.0
280000.0 290000.0 1128193.4898906797 840.0
290000.0 300000.0 975553.0828300648 840.0
300000.0 310000.0 0.0 0.0
