ts te s_bytes_all avg_video_rate
0.0 10000.0 0.0 0.0
10000.0 20000.0 620937.0936915813 634.2857142857143
20000.0 30000.0 656215.2193771539 288.0
30000.0 40000.0 384524.35215802357 288.0
40000.0 50000.0 997659.8143099983 326.4
50000.0 60000.0 1022988.7590163444 720.0
60000.0 70000.0 1221765.90860996 840.0
70000.0 80000.0 1241310.9669101767 840.0
80000.0 90000.0 1278225.282678767 840.0
90000.0 100000.0 1198249.8628540337 840.0
100000.0 110000.0 1174051.2673278663 840.0
110000.0 120000.0 1173502.726864194 840.0
120000.0 130000.0 1324923.5767232417 840.0
130000.0 140000.0 1301317.6193647194 840.0
140000.0 150000.0 1159031.8423484818 840.0
150000.0 160000.0 1164975.1350353267 840.0
160000.0 170000.0 1158923.5727301312 840.0
170000.0 180000.0 1240128.9902369333 840.0
180000.0 190000.0 1244042.7414977069 840.0
190000.0 200000.0 1254555.2366783952 840.0
200000.0 210000.0 1219493.5375123436 840.0
210000.0 220000.0 1219877.4817538306 840.0
220000.0 230000.0 1203893.5838712733 840.0
230000.0 240000.0 1215063.149037377 840.0
240000.0 250000.0 1250837.3574624776 840.0
250000.0 260000.0 1132506.936901183 840.0
260000.0 270000.0 1141047.9850484794 840.0
270000.0 280000.0 1284418.1608083055 840.0
280000.0 290000.0 1245533.1158563488 840.0
290000.0 300000.0 1181614.7233353457 840.0
300000.0 310000.0 0.0 0.0
