ts te s_bytes_all avg_video_rate
0.0 10000.0 431503.2400710953 288.0
10000.0 20000.0 1855966.6600868758 1220.8
20000.0 30000.0 1016799.099842029 564.0
30000.0 40000.0 1236175.5872081267 840.0
40000.0 50000.0 1222351.679256973 840.0
50000.0 60000.0 1125463.7335349005 840.0
60000.0 70000.0 1185291.380999772 840.0
70000.0 80000.0 1182241.3809380664 840.0
80000.0 90000.0 1206892.7462702466 840.0
90000.0 100000.0 1181874.890275123 840.0
100000.0 110000.0 1118945.8624420601 840.0
110000.0 120000.0 1066950.739074732 840.0
120000.0 130000.0 1255398.897402725 840.0
130000.0 140000.0 1161674.0900689333 840.0
140000.0 150000.0 1123932.039839064 840.0
150000.0 160000.0 1131126.7649216326 840.0
160000.0 170000.0 1033921.315842689 840.0
170000.0 180000.0 1169537.899762467 840.0
180000.0 190000.0 1127210.0289158917 840.0
190000.0 200000.0 1171654.364404763 840.0
200000.0 210000.0 1190092.756553119 840.0
210000.0 220000.0 1061348.870637857 840.0
220000.0 230000.0 1169030.1980689252 840.0
230000.0 240000.0 1212174.8530809928 840.0
240000.0 250000.0 1218768.2267456064 840.0
250000.0 260000.0 1186088.3238203584 840.0
260000.0 270000.0 1179953.1550334399 840.0
270000.0 280000.0 1130991.83174104 840.0
280000.0 290000.0 1245885.2868086002 840.0
290000.0 300000.0 1226484.0963518952 840.0
300000.0 310000.0 0.0 0.0
