ts te s_bytes_all avg_video_rate
0.0 10000.0 641974.8083752602 288.0
10000.0 20000.0 1438804.0751789475 564.0
20000.0 30000.0 1074856.435181501 840.0
30000.0 40000.0 1176014.681264291 840.0
40000.0 50000.0 1032685.7526071912 840.0
50000.0 60000.0 982725.4673826775 840.0
60000.0 70000.0 1068905.4237497565 840.0
70000.0 80000.0 706898.1235576768 426.0
80000.0 90000.0 840407.0913072503 531.4285714285714
90000.0 100000.0 1035091.1413954477 840.0
100000.0 110000.0 1008980.7579303537 840.0
110000.0 120000.0 1075907.6355877665 840.0
120000.0 130000.0 1099143.498684547 840.0
130000.0 140000.0 1162584.0495967974 840.0
140000.0 150000.0 1030768.880387037 840.0
150000.0 160000.0 974167.1778134985 840.0
160000.0 170000.0 1145651.677766977 840.0
170000.0 180000.0 890907.2109470278 624.0
180000.0 190000.0 962455.8384457581 840.0
190000.0 200000.0 739336.057425413 840.0
200000.0 210000.0 1140571.6903238215 840.0
210000.0 220000.0 622883.7355867769 840.0
220000.0 230000.0 1280353.002378429 615.0
230000.0 240000.0 1296411.541247025 840.0
240000.0 250000.0 1135447.5380581697 840.0
250000.0 260000.0 1332904.691290205 840.0
260000.0 270000.0 486618.14807939 840.0
270000.0 280000.0 1486016.7902824092 560.0
280000.0 290000.0 1323506.9735459606 840.0
290000.0 300000.0 1214894.40446489 840.0
300000.0 310000.0 194410.70015774676 0.0
