ts te s_bytes_all avg_video_rate
0.0 10000.0 435779.4082255953 288.0
10000.0 20000.0 915198.5917744047 373.3333333333333
20000.0 30000.0 796594.084300024 660.0
30000.0 40000.0 948704.915699976 840.0
40000.0 50000.0 776940.3404397956 444.0
50000.0 60000.0 1127347.4072447785 660.0
60000.0 70000.0 1236425.4384735879 840.0
70000.0 80000.0 1089571.663629699 840.0
80000.0 90000.0 1182579.6387755703 840.0
90000.0 100000.0 1005902.5114365688 840.0
100000.0 110000.0 1340594.821442782 634.2857142857143
110000.0 120000.0 1199025.070346558 840.0
120000.0 130000.0 1213472.6356726778 840.0
130000.0 140000.0 1236268.3579015234 840.0
140000.0 150000.0 1328438.9855852735 840.0
150000.0 160000.0 1491879.680137926 840.0
160000.0 170000.0 1176207.9307497328 840.0
170000.0 180000.0 1189532.0814694576 840.0
180000.0 190000.0 1226427.397672532 840.0
190000.0 200000.0 1315669.1918816222 840.0
200000.0 210000.0 1445443.3071472528 840.0
210000.0 220000.0 1180887.9938225527 840.0
220000.0 230000.0 1173774.196840258 840.0
230000.0 240000.0 1208201.3850078646 840.0
240000.0 250000.0 1117178.9643219868 696.0
250000.0 260000.0 944253.0 840.0
260000.0 270000.0 879150.5777973431 366.85714285714283
270000.0 280000.0 1186155.1570327613 840.0
280000.0 290000.0 1175155.2651698955 840.0
290000.0 300000.0 1206932.0748206284 840.0
