ts te s_bytes_all avg_video_rate
0.0 10000.0 433369.47444061766 288.0
10000.0 20000.0 978827.684752064 472.0
20000.0 30000.0 802609.2890515805 840.0
30000.0 40000.0 997617.5517557379 570.0
40000.0 50000.0 1019485.0 840.0
50000.0 60000.0 1132201.509686063 840.0
60000.0 70000.0 1269648.9005291166 840.0
70000.0 80000.0 1375520.58978482 840.0
80000.0 90000.0 1362729.27561136 840.0
90000.0 100000.0 1169856.3045311063 840.0
100000.0 110000.0 1239328.609273695 656.0
110000.0 120000.0 1268976.1909320776 840.0
120000.0 130000.0 1215873.026148883 840.0
130000.0 140000.0 1228861.4934808034 840.0
140000.0 150000.0 1236608.1000220748 840.0
150000.0 160000.0 1292232.1910285992 720.0
160000.0 170000.0 1130618.9619772134 840.0
170000.0 180000.0 1182314.9109435212 660.0
180000.0 190000.0 1254133.534097134 840.0
190000.0 200000.0 1240952.6757474886 840.0
200000.0 210000.0 1478376.6717763161 840.0
210000.0 220000.0 1269670.909837001 840.0
220000.0 230000.0 1254522.427579555 840.0
230000.0 240000.0 1223048.7170131712 840.0
240000.0 250000.0 1021030.0 840.0
250000.0 260000.0 755130.4457274622 320.0
260000.0 270000.0 1184004.467680032 780.0
270000.0 280000.0 875679.3668022318 840.0
280000.0 290000.0 964988.4703154585 660.0
290000.0 300000.0 1065879.2494748156 840.0
300000.0 310000.0 0.0 0.0
