ts te s_bytes_all avg_video_rate
0.0 10000.0 0.0 0.0
10000.0 20000.0 20928.97879807847 0.0
20000.0 30000.0 907915.739532976 288.0
30000.0 40000.0 1221301.0956940828 288.0
40000.0 50000.0 1208301.4632714284 288.0
50000.0 60000.0 1077190.7227034345 384.0
60000.0 70000.0 1010339.9221064207 634.2857142857143
70000.0 80000.0 1174491.642847781 840.0
80000.0 90000.0 967875.7505650864 480.0
90000.0 100000.0 1108190.8448048842 768.0
100000.0 110000.0 1413208.814202591 840.0
110000.0 120000.0 1230741.9664144553 840.0
120000.0 130000.0 1116230.4404081346 840.0
130000.0 140000.0 1069364.9628936867 504.0
140000.0 150000.0 771846.4333031554 480.0
150000.0 160000.0 1152428.6395525842 600.0
160000.0 170000.0 981958.5829012203 840.0
170000.0 180000.0 1429773.2198376684 840.0
180000.0 190000.0 1091793.942625818 768.0
190000.0 200000.0 687198.8280761301 570.0
200000.0 210000.0 1357774.6755985154 582.8571428571429
210000.0 220000.0 1236166.3305779528 840.0
220000.0 230000.0 1018420.2337929632 768.0
230000.0 240000.0 1137276.552545207 696.0
240000.0 250000.0 1188077.2169457446 840.0
250000.0 260000.0 1468715.3765041304 840.0
260000.0 270000.0 1059565.6048081182 840.0
270000.0 280000.0 1435814.3927432601 840.0
280000.0 290000.0 776485.6259444914 475.2
290000.0 300000.0 1029794.0 696.0
300000.0 310000.0 0.0 0.0
