ts te s_bytes_all avg_video_rate
0.0 10000.0 0.0 0.0
10000.0 20000.0 0.0 0.0
20000.0 30000.0 0.0 0.0
30000.0 40000.0 457523.0280248556 288.0
40000.0 50000.0 694313.0315776919 288.0
50000.0 60000.0 685019.0701224161 288.0
60000.0 70000.0 647548.8371951535 288.0
70000.0 80000.0 476166.408193326 288.0
80000.0 90000.0 565003.0919697699 288.0
90000.0 100000.0 602043.2346282683 288.0
100000.0 110000.0 642861.1496061122 288.0
110000.0 120000.0 494625.8270158471 288.0
120000.0 130000.0 490139.86674138234 288.0
130000.0 140000.0 506787.60966579395 288.0
140000.0 150000.0 615941.4657409268 288.0
150000.0 160000.0 343702.77824072394 288.0
160000.0 170000.0 522106.2402481933 288.0
170000.0 180000.0 478709.7412598318 288.0
180000.0 190000.0 449757.6872715235 288.0
190000.0 200000.0 481399.6715021488 288.0
200000.0 210000.0 541109.9871790686 288.0
210000.0 220000.0 691221.0352228638 288.0
220000.0 230000.0 590928.8305390013 288.0
230000.0 240000.0 365897.40805510135 288.0
240000.0 250000.0 606958.0082135764 288.0
250000.0 260000.0 730884.3472346453 288.0
260000.0 270000.0 831058.3556437982 360.0
270000.0 280000.0 796070.0828051555 480.0
280000.0 290000.0 1014138.1317868489 780.0
290000.0 300000.0 1342133.074315976 840.0
300000.0 310000.0 0.0 0.0
