ts te s_bytes_all avg_video_rate
0.0 10000.0 555490.159049668 288.0
10000.0 20000.0 1012673.8409503319 288.0
20000.0 30000.0 952214.2822611111 840.0
30000.0 40000.0 585907.7177388889 288.0
40000.0 50000.0 722454.8220053121 380.0
50000.0 60000.0 1083781.6649909278 840.0
60000.0 70000.0 1128566.2876997609 840.0
70000.0 80000.0 899593.6747666188 540.0
80000.0 90000.0 774799.390145833 480.0
90000.0 100000.0 1147534.3096081929 600.0
100000.0 110000.0 1217235.7933572615 840.0
110000.0 120000.0 1189783.6912212071 840.0
120000.0 130000.0 632231.3662048862 288.0
130000.0 140000.0 690248.0 320.0
140000.0 150000.0 788445.0 480.0
150000.0 160000.0 1013355.9504340297 696.0
160000.0 170000.0 1235853.8139302866 840.0
170000.0 180000.0 1179051.8527400747 600.0
180000.0 190000.0 783649.382895609 480.0
190000.0 200000.0 1192331.4717326774 840.0
200000.0 210000.0 1230675.1865592632 840.0
210000.0 220000.0 1418010.4746711215 840.0
220000.0 230000.0 911839.867036938 840.0
230000.0 240000.0 1011423.0 508.0
240000.0 250000.0 1087731.8482649755 696.0
250000.0 260000.0 861320.9694746905 480.0
260000.0 270000.0 1108319.1260967958 768.0
270000.0 280000.0 972989.0561635384 624.0
280000.0 290000.0 1150360.5584839191 840.0
290000.0 300000.0 1003079.4415160809 624.0
300000.0 310000.0 0.0 0.0
