ts te s_bytes_all avg_video_rate
0.0 10000.0 199467.0 288.0
10000.0 20000.0 551150.5463817384 288.0
20000.0 30000.0 560847.4536182616 288.0
30000.0 40000.0 443762.0 288.0
40000.0 50000.0 414907.1411803531 288.0
50000.0 60000.0 704480.3922377209 288.0
60000.0 70000.0 817289.466581926 370.2857142857143
70000.0 80000.0 846119.5442174679 634.2857142857143
80000.0 90000.0 1292997.4487589402 840.0
90000.0 100000.0 1261149.8073252565 840.0
100000.0 110000.0 1191912.8350756837 840.0
110000.0 120000.0 1236423.5369415933 840.0
120000.0 130000.0 1232854.3972721365 840.0
130000.0 140000.0 1329572.003709847 840.0
140000.0 150000.0 1268829.8447462018 840.0
150000.0 160000.0 1237111.5570297397 840.0
160000.0 170000.0 1207828.4216509 840.0
170000.0 180000.0 1135152.2506301757 840.0
180000.0 190000.0 1305836.129733323 840.0
190000.0 200000.0 1187233.7937948913 840.0
200000.0 210000.0 1212211.3380617818 840.0
210000.0 220000.0 1273361.5082055088 840.0
220000.0 230000.0 1285713.0614881902 840.0
230000.0 240000.0 1163041.2961812755 840.0
240000.0 250000.0 1327012.419247439 840.0
250000.0 260000.0 1213897.509695788 840.0
260000.0 270000.0 1190545.654628425 840.0
270000.0 280000.0 1148976.8640197539 840.0
280000.0 290000.0 1258672.40362598 840.0
290000.0 300000.0 1281615.5056890682 840.0
300000.0 310000.0 67534.86827063287 0.0
