ts te s_bytes_all avg_video_rate
0.0 10000.0 654232.8766533071 288.0
10000.0 20000.0 1052962.5285087563 453.3333333333333
20000.0 30000.0 1178909.7118862611 660.0
30000.0 40000.0 1290325.1638738387 840.0
40000.0 50000.0 554205.316246812 570.0
50000.0 60000.0 1445689.2159430762 582.8571428571429
60000.0 70000.0 1314112.4373793448 840.0
70000.0 80000.0 750003.2607457109 660.0
80000.0 90000.0 1143817.921927048 600.0
90000.0 100000.0 905280.5668358451 552.0
100000.0 110000.0 1308970.0313205032 720.0
110000.0 120000.0 1208836.073652271 840.0
120000.0 130000.0 1055067.5828223643 696.0
130000.0 140000.0 852056.5306523378 585.6
140000.0 150000.0 586593.7815525242 384.0
150000.0 160000.0 1184151.1089166282 531.4285714285714
160000.0 170000.0 1268359.7330085381 840.0
170000.0 180000.0 941366.1580748337 624.0
180000.0 190000.0 1131043.4654062083 768.0
190000.0 200000.0 1436718.9296152743 840.0
200000.0 210000.0 1288809.2729822067 840.0
210000.0 220000.0 799135.3319963106 660.0
220000.0 230000.0 1169916.9383523487 660.0
230000.0 240000.0 1225322.2527358946 840.0
240000.0 250000.0 1516091.1864927155 840.0
250000.0 260000.0 1281185.3081509168 840.0
260000.0 270000.0 1254172.9682064701 840.0
270000.0 280000.0 763266.3460616544 480.0
280000.0 290000.0 1216416.593401286 840.0
290000.0 300000.0 1123977.6549410038 840.0
300000.0 310000.0 7127.751657709907 0.0
