ts te s_bytes_all avg_video_rate
0.0 10000.0 726994.1470102692 288.0
10000.0 20000.0 944093.3839959018 384.0
20000.0 30000.0 1010204.8136178488 634.2857142857143
30000.0 40000.0 1212220.6194549548 840.0
40000.0 50000.0 1190214.8986486497 840.0
50000.0 60000.0 838588.8642957648 570.0
60000.0 70000.0 1039724.0813997122 480.0
70000.0 80000.0 1064499.7516054371 720.0
80000.0 90000.0 1214371.0214356931 840.0
90000.0 100000.0 1193280.9277415092 840.0
100000.0 110000.0 1203669.9442868866 840.0
110000.0 120000.0 1353208.5133360042 840.0
120000.0 130000.0 1178922.7902253014 720.0
130000.0 140000.0 1183820.5928662317 840.0
140000.0 150000.0 1243099.2466566677 840.0
150000.0 160000.0 1193030.9710942933 840.0
160000.0 170000.0 1425349.2738970406 840.0
170000.0 180000.0 1192673.3640721184 840.0
180000.0 190000.0 1227593.9228317982 840.0
190000.0 200000.0 873425.8715279169 480.0
200000.0 210000.0 796904.58271683 480.0
210000.0 220000.0 911783.6825803418 540.0
220000.0 230000.0 1147405.999270258 840.0
230000.0 240000.0 1252679.728847061 840.0
240000.0 250000.0 840700.9956772922 436.8
250000.0 260000.0 924461.7442576014 480.0
260000.0 270000.0 1131215.5918653556 840.0
270000.0 280000.0 1206694.2578551879 840.0
280000.0 290000.0 1253949.5847036082 840.0
290000.0 300000.0 1226434.6575940961 840.0
300000.0 310000.0 65696.17463236739 0.0
