ts te s_bytes_all avg_video_rate
0.0 10000.0 0.0 0.0
10000.0 20000.0 6912.0 0.0
20000.0 30000.0 582513.1361107366 288.0
30000.0 40000.0 630493.3474051428 288.0
40000.0 50000.0 570398.4475971849 288.0
50000.0 60000.0 413234.43827602017 288.0
60000.0 70000.0 500509.5605568964 288.0
70000.0 80000.0 330835.0700540191 288.0
80000.0 90000.0 475517.95514379017 288.0
90000.0 100000.0 432879.2651175499 288.0
100000.0 110000.0 478761.4000710583 288.0
110000.0 120000.0 233764.09448049183 288.0
120000.0 130000.0 231547.24771537905 288.0
130000.0 140000.0 507747.43536196416 288.0
140000.0 150000.0 381295.6268875003 288.0
150000.0 160000.0 472354.07405935513 288.0
160000.0 170000.0 553207.0731761128 288.0
170000.0 180000.0 577903.6414739897 288.0
180000.0 190000.0 381867.5002429715 288.0
190000.0 200000.0 398791.85495852516 288.0
200000.0 210000.0 541182.9321912746 288.0
210000.0 220000.0 635013.2372213972 288.0
220000.0 230000.0 605810.457297705 288.0
230000.0 240000.0 894579.38943784 288.0
240000.0 250000.0 827201.9526085405 288.0
250000.0 260000.0 264033.8189110997 288.0
260000.0 270000.0 815791.7361720381 288.0
270000.0 280000.0 723228.4690769652 288.0
280000.0 290000.0 976540.8383944512 397.7142857142857
290000.0 300000.0 783377.0 480.0
300000.0 310000.0 0.0 0.0
