ts te s_bytes_all avg_video_rate
0.0 10000.0 666859.0111634759 288.0
10000.0 20000.0 1260252.398903185 603.4285714285714
20000.0 30000.0 1042643.5899333393 531.4285714285714
30000.0 40000.0 1199502.3093243756 840.0
40000.0 50000.0 697187.2267735493 398.4
50000.0 60000.0 732030.2766397616 441.6
60000.0 70000.0 1199688.9442391726 840.0
70000.0 80000.0 758259.2430231408 480.0
80000.0 90000.0 782476.0 480.0
90000.0 100000.0 924286.6132555442 480.0
100000.0 110000.0 979633.5501589889 624.0
110000.0 120000.0 786006.8365854669 480.0
120000.0 130000.0 893095.3852794779 480.0
130000.0 140000.0 1090801.6234160918 600.0
140000.0 150000.0 1206238.6796427572 840.0
150000.0 160000.0 749708.8820959742 436.8
160000.0 170000.0 1102352.8745892185 600.0
170000.0 180000.0 630839.1965774874 364.8
180000.0 190000.0 622467.3583989933 480.0
190000.0 200000.0 931996.4241202823 480.0
200000.0 210000.0 1143627.8853249934 840.0
210000.0 220000.0 1140732.7789533336 600.0
220000.0 230000.0 1201494.6992337601 840.0
230000.0 240000.0 674380.555503513 480.0
240000.0 250000.0 987382.6916813037 480.0
250000.0 260000.0 1241461.3332094061 840.0
260000.0 270000.0 953420.2475974411 624.0
270000.0 280000.0 1127572.5546124203 660.0
280000.0 290000.0 835970.7547406853 508.8
290000.0 300000.0 709232.0788184021 441.6
300000.0 310000.0 33367.996204458985 0.0
