ts te s_bytes_all avg_video_rate
0.0 10000.0 419637.80386647565 288.0
10000.0 20000.0 1203726.2629562307 472.0
20000.0 30000.0 1215074.9331772935 840.0
30000.0 40000.0 1247576.5807707356 840.0
40000.0 50000.0 1116811.3747494267 840.0
50000.0 60000.0 1154998.9460069048 840.0
60000.0 70000.0 1088072.704587729 840.0
70000.0 80000.0 978658.2956038718 582.8571428571429
80000.0 90000.0 998902.2620865969 750.0
90000.0 100000.0 1256155.2474412771 840.0
100000.0 110000.0 1218436.396601766 840.0
110000.0 120000.0 866164.8859505784 624.0
120000.0 130000.0 1305039.7467553988 840.0
130000.0 140000.0 1376329.7161489083 840.0
140000.0 150000.0 1285435.317043209 840.0
150000.0 160000.0 1194050.3821935065 840.0
160000.0 170000.0 1227020.1440600916 840.0
170000.0 180000.0 930503.0 840.0
180000.0 190000.0 698823.1420693661 480.0
190000.0 200000.0 1336235.4783922103 1160.0
200000.0 210000.0 1427062.5640049719 1005.0
210000.0 220000.0 1045818.7315226517 564.0
220000.0 230000.0 1037678.6627269081 600.0
230000.0 240000.0 1015664.1912060631 1560.0
240000.0 250000.0 2889120.9446024876 1280.0
250000.0 260000.0 1500151.3450583117 634.2857142857143
260000.0 270000.0 965546.9404170295 840.0
270000.0 280000.0 1240944.0 660.0
280000.0 290000.0 1201140.1772044788 840.0
290000.0 300000.0 868261.8227955212 840.0
300000.0 310000.0 0.0 0.0
