ts te s_bytes_all avg_video_rate
0.0 10000.0 134698.33165214528 288.0
10000.0 20000.0 438699.66834785475 288.0
20000.0 30000.0 851663.6733986818 384.0
30000.0 40000.0 677997.2098601955 352.0
40000.0 50000.0 709560.5229107606 500.57142857142856
50000.0 60000.0 665437.5938303621 480.0
60000.0 70000.0 541448.0 480.0
70000.0 80000.0 670149.3144352653 330.6666666666667
80000.0 90000.0 632599.6855647347 480.0
90000.0 100000.0 1110121.6148398728 780.0
100000.0 110000.0 972353.998912097 840.0
110000.0 120000.0 938889.4588422459 840.0
120000.0 130000.0 769516.9274057843 624.0
130000.0 140000.0 933491.666062004 660.0
140000.0 150000.0 932124.5061587613 840.0
150000.0 160000.0 912651.2157899447 840.0
160000.0 170000.0 1033512.502379896 840.0
170000.0 180000.0 696124.1096093939 552.0
180000.0 190000.0 644476.0 480.0
190000.0 200000.0 779111.8792369177 600.0
200000.0 210000.0 598363.1207630823 480.0
210000.0 220000.0 598998.0 480.0
220000.0 230000.0 598091.0 480.0
230000.0 240000.0 738047.0 480.0
240000.0 250000.0 1040085.5150493076 768.0
250000.0 260000.0 1036096.5050776833 840.0
260000.0 270000.0 971664.9798730091 696.0
270000.0 280000.0 835248.0 480.0
280000.0 290000.0 919149.0294171823 768.0
290000.0 300000.0 955500.9705828177 840.0
300000.0 310000.0 0.0 0.0
