ts te s_bytes_all avg_video_rate
0.0 10000.0 358435.5825255056 288.0
10000.0 20000.0 1257253.838212119 322.90909090909093
20000.0 30000.0 1215374.2450709674 737.1428571428571
30000.0 40000.0 1069819.1920538032 840.0
40000.0 50000.0 754348.2784733276 480.0
50000.0 60000.0 1112773.1107221188 660.0
60000.0 70000.0 1120502.3062905031 540.0
70000.0 80000.0 1133165.839116973 840.0
80000.0 90000.0 1193057.7085403688 840.0
90000.0 100000.0 864229.8989943133 564.0
100000.0 110000.0 697502.2582917605 352.0
110000.0 120000.0 924839.0169185633 480.0
120000.0 130000.0 897418.5022877099 750.0
130000.0 140000.0 1253389.9297764285 840.0
140000.0 150000.0 1051718.3931442124 540.0
150000.0 160000.0 1187423.4164425847 840.0
160000.0 170000.0 1097774.3970042535 564.0
170000.0 180000.0 1203109.6075677897 840.0
180000.0 190000.0 1004473.5509314636 840.0
190000.0 200000.0 826651.0222766625 288.0
200000.0 210000.0 778036.230959359 480.0
210000.0 220000.0 1099016.64867262 768.0
220000.0 230000.0 795827.1589712112 480.0
230000.0 240000.0 961941.6579789402 600.0
240000.0 250000.0 1257140.153756941 840.0
250000.0 260000.0 728142.3922837423 570.0
260000.0 270000.0 900675.4079579724 480.0
270000.0 280000.0 761800.1734536352 480.0
280000.0 290000.0 909748.08132415 384.0
290000.0 300000.0 598855.1565861063 364.8
300000.0 310000.0 31178.843413893672 0.0
