ts te s_bytes_all avg_video_rate
0.0 10000.0 0.0 0.0
10000.0 20000.0 0.0 0.0
20000.0 30000.0 10098.031992198825 0.0
30000.0 40000.0 575713.5183721225 288.0
40000.0 50000.0 671499.6889195242 288.0
50000.0 60000.0 649632.5512980612 288.0
60000.0 70000.0 623072.1569860956 288.0
70000.0 80000.0 594311.9958368232 288.0
80000.0 90000.0 534543.2755997668 288.0
90000.0 100000.0 531913.1828914984 288.0
100000.0 110000.0 735696.6359798593 288.0
110000.0 120000.0 640109.5203906504 288.0
120000.0 130000.0 670581.4213116851 288.0
130000.0 140000.0 604543.8660557393 288.0
140000.0 150000.0 605465.5542305689 288.0
150000.0 160000.0 791576.6001354057 370.2857142857143
160000.0 170000.0 1021682.0047838255 720.0
170000.0 180000.0 1150686.0150052777 840.0
180000.0 190000.0 1220457.395428833 840.0
190000.0 200000.0 1047384.8406855651 840.0
200000.0 210000.0 1125004.7879324222 840.0
210000.0 220000.0 1134893.4398663957 840.0
220000.0 230000.0 1044919.6231764685 840.0
230000.0 240000.0 1177852.4011589142 840.0
240000.0 250000.0 1045539.6710461174 840.0
250000.0 260000.0 1108011.0405337047 840.0
260000.0 270000.0 1132259.7803824758 840.0
270000.0 280000.0 1134395.2124649708 840.0
280000.0 290000.0 1098394.6461577753 840.0
290000.0 300000.0 1132392.5559668168 840.0
300000.0 310000.0 2915.585410437105 0.0
