ts te s_bytes_all avg_video_rate
0.0 10000.0 415805.84004011936 288.0
10000.0 20000.0 1176673.1599598806 288.0
20000.0 30000.0 772610.0 397.7142857142857
30000.0 40000.0 839346.0 600.0
40000.0 50000.0 777845.0 480.0
50000.0 60000.0 813618.7289856331 480.0
60000.0 70000.0 850860.2710143668 480.0
70000.0 80000.0 758157.0 480.0
80000.0 90000.0 960930.7346485299 480.0
90000.0 100000.0 1061510.525432324 768.0
100000.0 110000.0 1156960.1034274162 840.0
110000.0 120000.0 1171201.7773390044 840.0
120000.0 130000.0 688820.8591527254 288.0
130000.0 140000.0 944032.1766392583 619.2
140000.0 150000.0 719865.0898561071 441.6
150000.0 160000.0 845995.995522574 624.0
160000.0 170000.0 592173.7379820605 398.4
170000.0 180000.0 458230.0 288.0
180000.0 190000.0 527927.0 288.0
190000.0 200000.0 461350.7537299319 288.0
200000.0 210000.0 411344.72600131336 288.0
210000.0 220000.0 413019.5202687547 288.0
220000.0 230000.0 426672.0 288.0
230000.0 240000.0 435373.0 288.0
240000.0 250000.0 726313.3596391953 380.0
250000.0 260000.0 633682.6403608047 426.0
260000.0 270000.0 510982.0 288.0
270000.0 280000.0 452943.0 288.0
280000.0 290000.0 645045.0 412.0
290000.0 300000.0 657445.0 480.0
300000.0 310000.0 0.0 0.0
