ts te s_bytes_all avg_video_rate
0.0 10000.0 32595.783470793765 288.0
10000.0 20000.0 611761.1959664648 288.0
20000.0 30000.0 788280.8821133795 288.0
30000.0 40000.0 831424.4207538434 288.0
40000.0 50000.0 741466.7479286843 288.0
50000.0 60000.0 772124.8339229309 288.0
60000.0 70000.0 809857.8969668035 288.0
70000.0 80000.0 623688.9737483815 288.0
80000.0 90000.0 770313.6252342457 288.0
90000.0 100000.0 688768.7781748482 288.0
100000.0 110000.0 993818.2708983881 394.6666666666667
110000.0 120000.0 662418.5908212365 480.0
120000.0 130000.0 934687.7367101309 480.0
130000.0 140000.0 933339.8251311064 696.0
140000.0 150000.0 951327.4164121159 480.0
150000.0 160000.0 757545.0217466467 480.0
160000.0 170000.0 659664.5885177589 480.0
170000.0 180000.0 1018211.3021487546 480.0
180000.0 190000.0 812377.8193570202 480.0
190000.0 200000.0 791925.1285116369 480.0
200000.0 210000.0 920007.8830907095 480.0
210000.0 220000.0 779587.2783741201 480.0
220000.0 230000.0 793128.0180411973 480.0
230000.0 240000.0 749827.0188599846 480.0
240000.0 250000.0 940381.8744413812 480.0
250000.0 260000.0 771123.2247896934 480.0
260000.0 270000.0 824325.8638677435 480.0
270000.0 280000.0 656001.303215971 480.0
280000.0 290000.0 935545.9521761714 480.0
290000.0 300000.0 845895.6257072616 480.0
