ts te s_bytes_all avg_video_rate
0.0 10000.0 0.0 0.0
10000.0 20000.0 150715.00059443392 288.0
20000.0 30000.0 647793.6793363511 288.0
30000.0 40000.0 567532.2181055475 288.0
40000.0 50000.0 444906.7218526582 288.0
50000.0 60000.0 630541.9281457805 288.0
60000.0 70000.0 509375.3696096536 288.0
70000.0 80000.0 412740.1327580818 288.0
80000.0 90000.0 482638.39711492165 288.0
90000.0 100000.0 456205.5788911733 288.0
100000.0 110000.0 532466.5441464811 288.0
110000.0 120000.0 444439.1696125905 288.0
120000.0 130000.0 557175.5276543391 288.0
130000.0 140000.0 590763.5268074266 288.0
140000.0 150000.0 416385.6404813592 288.0
150000.0 160000.0 524437.2677054425 288.0
160000.0 170000.0 729116.9836344116 288.0
170000.0 180000.0 772857.7137179088 288.0
180000.0 190000.0 823046.1279648996 288.0
190000.0 200000.0 610306.4817708685 288.0
200000.0 210000.0 559435.4356187365 288.0
210000.0 220000.0 605666.1071020131 288.0
220000.0 230000.0 560472.6767015783 288.0
230000.0 240000.0 889470.6468947028 288.0
240000.0 250000.0 708665.8402143747 288.0
250000.0 260000.0 617136.150449449 288.0
260000.0 270000.0 669414.2396189551 288.0
270000.0 280000.0 557624.2913505671 288.0
280000.0 290000.0 588293.6021452943 288.0
290000.0 300000.0 620762.0 384.0
300000.0 310000.0 0.0 0.0
