ts te s_bytes_all avg_video_rate
0.0 10000.0 342580.67220831505 288.0
10000.0 20000.0 990883.1912485751 456.0
20000.0 30000.0 1153673.6422228136 729.6
30000.0 40000.0 553434.8711607473 288.0
40000.0 50000.0 565181.465323979 288.0
50000.0 60000.0 805999.32118873 472.0
60000.0 70000.0 1065000.1234233952 619.2
70000.0 80000.0 531954.1482641075 288.0
80000.0 90000.0 530290.5564496568 288.0
90000.0 100000.0 531721.7152144541 288.0
100000.0 110000.0 547235.7682044351 288.0
110000.0 120000.0 569994.9297892798 288.0
120000.0 130000.0 1263905.701691307 2755.2
130000.0 140000.0 1452859.8429997459 480.0
140000.0 150000.0 605582.2871619582 480.0
150000.0 160000.0 656645.0929761684 480.0
160000.0 170000.0 645132.6329669604 480.0
170000.0 180000.0 789884.4755800215 540.0
180000.0 190000.0 764909.6539586991 552.0
190000.0 200000.0 920442.7181724121 480.0
200000.0 210000.0 1215486.4736271214 840.0
210000.0 220000.0 1228130.597703826 840.0
220000.0 230000.0 916588.4770962559 508.8
230000.0 240000.0 247081.18496238315 288.0
240000.0 250000.0 1037087.3697063116 410.6666666666667
250000.0 260000.0 1017277.832700042 840.0
260000.0 270000.0 801045.6792828601 480.0
270000.0 280000.0 737343.4698729732 384.0
280000.0 290000.0 965455.8076125359 624.0
290000.0 300000.0 955133.1408857427 660.0
300000.0 310000.0 95321.15634418702 0.0
