ts te s_bytes_all avg_video_rate
0.0 10000.0 0.0 0.0
10000.0 20000.0 1055.5141298846513 0.0
20000.0 30000.0 545455.3705344488 288.0
30000.0 40000.0 665966.3530467021 288.0
40000.0 50000.0 651048.340354322 288.0
50000.0 60000.0 431171.7175084315 288.0
60000.0 70000.0 633791.2210412859 288.0
70000.0 80000.0 477058.5848227776 288.0
80000.0 90000.0 434737.23697774846 288.0
90000.0 100000.0 512124.3384922237 288.0
100000.0 110000.0 425628.59801834665 288.0
110000.0 120000.0 521902.020420112 288.0
120000.0 130000.0 575160.5826998045 288.0
130000.0 140000.0 375341.32188415434 288.0
140000.0 150000.0 285309.41434217105 288.0
150000.0 160000.0 210149.11664401373 288.0
160000.0 170000.0 413445.43937874306 288.0
170000.0 180000.0 604018.9537796879 288.0
180000.0 190000.0 666831.5386368915 288.0
190000.0 200000.0 709787.2843630243 288.0
200000.0 210000.0 763090.9610249399 288.0
210000.0 220000.0 694323.7487015182 288.0
220000.0 230000.0 692817.1452813181 288.0
230000.0 240000.0 601944.6420821827 288.0
240000.0 250000.0 671160.5558352678 352.0
250000.0 260000.0 809229.7990842815 480.0
260000.0 270000.0 1047830.3652530045 780.0
270000.0 280000.0 1289758.836985852 840.0
280000.0 290000.0 1168885.917056586 840.0
290000.0 300000.0 1136410.081620276 840.0
