ts te s_bytes_all avg_video_rate
0.0 10000.0 623369.3437044704 288.0
10000.0 20000.0 992123.3967364506 384.0
20000.0 30000.0 778617.9692176874 480.0
30000.0 40000.0 651733.9800798636 480.0
40000.0 50000.0 628960.3251734832 288.0
50000.0 60000.0 596958.5932642274 288.0
60000.0 70000.0 424744.05449131125 288.0
70000.0 80000.0 622364.5267255531 288.0
80000.0 90000.0 512302.1993798119 288.0
90000.0 100000.0 632186.1621730196 288.0
100000.0 110000.0 431829.0532021962 326.4
110000.0 120000.0 914054.4688115465 480.0
120000.0 130000.0 779608.5504068704 480.0
130000.0 140000.0 781620.1427435928 480.0
140000.0 150000.0 940843.4049566279 480.0
150000.0 160000.0 666581.2818090733 480.0
160000.0 170000.0 778935.5471242147 480.0
170000.0 180000.0 969097.7606261543 480.0
180000.0 190000.0 807799.9517981198 480.0
190000.0 200000.0 930500.287575726 480.0
200000.0 210000.0 787572.4737614533 480.0
210000.0 220000.0 606366.9396148827 480.0
220000.0 230000.0 928192.6839702618 480.0
230000.0 240000.0 750812.9026534022 480.0
240000.0 250000.0 815291.2492595108 480.0
250000.0 260000.0 769326.1997890235 480.0
260000.0 270000.0 810231.7274193825 480.0
270000.0 280000.0 629118.684481727 480.0
280000.0 290000.0 637979.1470975957 480.0
290000.0 300000.0 627701.3424990637 480.0
300000.0 310000.0 18888.64945369705 0.0
