ts te s_bytes_all avg_video_rate
0.0 10000.0 0.0 0.0
10000.0 20000.0 224001.87431993985 288.0
20000.0 30000.0 375701.0023166574 288.0
30000.0 40000.0 419777.1125905045 288.0
40000.0 50000.0 391923.01077289815 288.0
50000.0 60000.0 346045.5929804992 288.0
60000.0 70000.0 346720.72942006117 288.0
70000.0 80000.0 437341.88809085975 288.0
80000.0 90000.0 362057.446300656 288.0
90000.0 100000.0 428948.24807390355 288.0
100000.0 110000.0 391464.8092343407 288.0
110000.0 120000.0 390619.88005216734 288.0
120000.0 130000.0 490772.5146001833 288.0
130000.0 140000.0 341965.3760458946 288.0
140000.0 150000.0 381473.81496389856 288.0
150000.0 160000.0 690740.8347397016 288.0
160000.0 170000.0 618689.1653434854 288.0
170000.0 180000.0 611136.8787044209 288.0
180000.0 190000.0 1013172.1580238682 330.6666666666667
190000.0 200000.0 849429.7860399259 320.0
200000.0 210000.0 724228.0825311055 288.0
210000.0 220000.0 505890.2265546964 1372.8
220000.0 230000.0 415208.64625100204 288.0
230000.0 240000.0 743889.3062494985 288.0
240000.0 250000.0 680052.6157998315 384.0
250000.0 260000.0 783182.7364338925 600.0
260000.0 270000.0 1239821.7454254392 840.0
270000.0 280000.0 1214084.9003069915 840.0
280000.0 290000.0 1214851.9495916748 840.0
290000.0 300000.0 1046210.6303058116 840.0
300000.0 310000.0 1420.0379361902803 0.0
