ts te s_bytes_all avg_video_rate
0.0 10000.0 0.0 0.0
10000.0 20000.0 0.0 0.0
20000.0 30000.0 1634.1265643501165 0.0
30000.0 40000.0 938887.6215155758 288.0
40000.0 50000.0 989606.8946512004 288.0
50000.0 60000.0 930732.5192119654 288.0
60000.0 70000.0 1184847.1862550331 288.0
70000.0 80000.0 809236.6518018754 397.7142857142857
80000.0 90000.0 1015489.6464785739 720.0
90000.0 100000.0 1197201.6236136071 840.0
100000.0 110000.0 847540.7299078191 480.0
110000.0 120000.0 894681.7694266828 480.0
120000.0 130000.0 1035120.3765443694 696.0
130000.0 140000.0 1010644.8540289478 619.2
140000.0 150000.0 1150632.0 768.0
150000.0 160000.0 773697.0 480.0
160000.0 170000.0 924870.7345995841 480.0
170000.0 180000.0 1093189.9981446066 768.0
180000.0 190000.0 1177625.1291658902 840.0
190000.0 200000.0 978653.5817944278 624.0
200000.0 210000.0 871859.0520059441 480.0
210000.0 220000.0 1045055.16740411 696.0
220000.0 230000.0 1209621.8376247364 840.0
230000.0 240000.0 818624.8828638715 508.8
240000.0 250000.0 566790.6163968295 288.0
250000.0 260000.0 766270.4595052446 380.0
260000.0 270000.0 756608.5404947554 840.0
270000.0 280000.0 1078617.46923931 480.0
280000.0 290000.0 910049.1768618356 480.0
290000.0 300000.0 989272.3538988545 750.0
300000.0 310000.0 0.0 0.0
