ts te s_bytes_all avg_video_rate
0.0 10000.0 129171.0 288.0
10000.0 20000.0 1168193.7624094856 288.0
20000.0 30000.0 539933.9413776681 288.0
30000.0 40000.0 1117222.8644604078 472.0
40000.0 50000.0 847268.4317524383 480.0
50000.0 60000.0 898070.2854316145 480.0
60000.0 70000.0 1201766.2817546795 840.0
70000.0 80000.0 870832.2008159934 552.0
80000.0 90000.0 813972.2319977127 480.0
90000.0 100000.0 766897.7486681462 480.0
100000.0 110000.0 938705.5740877871 480.0
110000.0 120000.0 773128.6772440667 480.0
120000.0 130000.0 755822.2363823621 480.0
130000.0 140000.0 765342.9743395263 480.0
140000.0 150000.0 765447.7892781117 480.0
150000.0 160000.0 920958.0 480.0
160000.0 170000.0 774686.0 480.0
170000.0 180000.0 834385.0 552.0
180000.0 190000.0 754306.1354772593 480.0
190000.0 200000.0 813938.0011054375 480.0
200000.0 210000.0 864478.8933853556 480.0
210000.0 220000.0 758326.1710416734 480.0
220000.0 230000.0 788287.7989902742 480.0
230000.0 240000.0 764408.0444678352 480.0
240000.0 250000.0 913243.8873337177 480.0
250000.0 260000.0 769774.4504367325 480.0
260000.0 270000.0 853805.6809600359 480.0
270000.0 280000.0 734739.9368016789 480.0
280000.0 290000.0 773743.5672652894 480.0
290000.0 300000.0 891378.4327347106 480.0
300000.0 310000.0 0.0 0.0
