ts te s_bytes_all avg_video_rate
0.0 10000.0 0.0 0.0
10000.0 20000.0 16439.282409489937 0.0
20000.0 30000.0 656836.2819176086 288.0
30000.0 40000.0 476629.93161354307 288.0
40000.0 50000.0 427258.2779689454 288.0
50000.0 60000.0 472744.13231369 288.0
60000.0 70000.0 488955.0570135966 288.0
70000.0 80000.0 361478.4461130874 288.0
80000.0 90000.0 605376.0417561443 288.0
90000.0 100000.0 409604.0036593125 288.0
100000.0 110000.0 223473.41005478072 288.0
110000.0 120000.0 385779.01315499435 288.0
120000.0 130000.0 517669.7096837595 288.0
130000.0 140000.0 293490.26588014944 288.0
140000.0 150000.0 491499.5233233231 288.0
150000.0 160000.0 702738.9958190715 288.0
160000.0 170000.0 631991.8237804173 288.0
170000.0 180000.0 800802.1215459049 288.0
180000.0 190000.0 739040.9756423509 288.0
190000.0 200000.0 557344.8869879838 288.0
200000.0 210000.0 620303.2694692902 288.0
210000.0 220000.0 609597.3669977828 288.0
220000.0 230000.0 627850.0717584124 288.0
230000.0 240000.0 1689088.593668887 2795.0
240000.0 250000.0 1391490.7869114608 685.7142857142857
250000.0 260000.0 1201588.5104841783 840.0
260000.0 270000.0 1162196.7831660032 840.0
270000.0 280000.0 1208950.3419037696 840.0
280000.0 290000.0 1223760.4443005007 840.0
290000.0 300000.0 1281592.650701562 840.0
300000.0 310000.0 0.0 0.0
