s_bytes_all avg_video_rate s_bytes_all_#1 s_bytes_all_#2 s_bytes_all_#3 s_bytes_all_#4 s_bytes_all_#5 s_bytes_all_#6 s_bytes_all_#7 s_bytes_all_#8 s_bytes_all_#9 s_bytes_all_#10
3252782.5173819237 2300.0 0.0 0.0 0.0 0.0 0.0 0.0 0.0 810195.895060782 794812.2667809224 1647774.3555402188
12069528.482618077 6400.0 2595303.837806733 418445.64481134416 1032926.5932225032 7.406777496913055 1247961.8810505054 2518912.030445476 161376.0885040184 1934496.4069538324 58449.59304616767 2101649.0
9467792.0 8000.0 0.0 1829511.0 0.0 1970986.0 0.0 1966110.0 0.0 1955409.0 0.0 1745776.0
9857808.0 8000.0 0.0 1863420.0 941956.4675909928 1216761.5324090072 0.0 1994149.0 0.0 1773273.0 0.0 2068248.0
10661121.980696935 8000.0 0.0 1363660.786923585 1838371.6455639584 447596.8940716389 1535048.6264775754 554575.128873635 1460257.8582014076 2519339.9852363723 34232.07465182776 908038.9806969354
10560221.407072611 8000.0 1029926.0193030644 1938897.3605850327 92140.63941496694 1649213.158559599 145602.84144040113 1516699.1608621543 399733.8391378457 1993480.0 0.0 1794528.3877695478
9871110.612230452 8000.0 18.61223045232221 2011181.0 0.0 1965657.0 0.0 2027209.0 0.0 1904799.0 0.0 1962246.0
9643215.0 8000.0 0.0 2088729.0 0.0 1927328.0 0.0 2071490.0 0.0 1835152.0 0.0 1720516.0
9799590.787935805 8000.0 0.0 2147797.0 0.0 1795231.0 0.0 2072983.0 0.0 1382311.9370593568 1912293.4182568104 488974.4326196353
10846773.156449128 8000.0 1596977.5701417108 575463.2241082483 1925481.4178142387 2152.4971010637114 1956406.5028989364 1489377.9667616514 523296.03323834855 1347407.6715843445 558757.3284156555 871452.9443849309
9008376.05561507 8000.0 1171239.055615069 901799.1201058693 1002335.8798941307 1553702.731886043 365256.268113957 2124496.0 0.0 1886634.0 0.0 2913.0
10672719.85612406 8000.0 0.0 1996674.0 842920.9347728633 1183425.0652271367 716777.4761161677 1165500.5238838324 1924861.831313068 2139.345605398061 1992171.8230815344 848248.8561240605
11019911.14387594 8000.0 1141563.1438759395 1950599.0 0.0 2058183.0 0.0 1870569.0 799984.2945181353 1235170.7054818647 870420.1977735788 1093421.8022264212
9209170.43675563 8000.0 803256.3683020944 1182939.6316979057 1955136.0 2156.83799529645 1344964.0160582564 574729.499155674 1995968.646790773 2913.0 0.0 1347106.436755629
11833227.885363162 8000.0 2039550.0390281607 532521.52421621 0.0 2025226.0 0.0 3951468.0 0.0 1899631.5354597585 44412.46454024164 1340418.32211879
10344552.677881213 8000.0 592279.6778812099 2137101.0 0.0 2915.0 0.0 3744334.0 0.0 1955419.0 0.0 1912504.0
9690420.0 8000.0 0.0 1840521.0 0.0 1905270.0 0.0 1959685.0 891711.9224471933 1169523.0775528068 804979.2576952332 1118729.7423047668
9890760.0 8000.0 849238.279697113 1051787.720302887 858863.5828188639 1263361.417181136 0.0 1902554.0 0.0 1467538.8195749538 1905990.9659830653 591425.2144419808
8704991.045271738 8000.0 753130.6591286277 1029009.3408713724 2024263.0 2152.8171005629374 1903650.182899437 2082.73985426446 1806617.2601457357 2920.0 0.0 1181165.045271737
10744902.954728262 8000.0 810843.254630782 1095857.0819066542 959484.6181908268 2005847.0 0.0 2029170.0 0.0 1963939.0 830688.2282109921 1049073.7717890078
11801705.0 8000.0 1976289.0 2154.778809683794 2000502.221190316 939861.5551330906 976882.4448669092 2099593.0 0.0 1892491.0 0.0 1913931.0
9884327.0 8000.0 0.0 2028487.0 0.0 1932530.0 860817.4927587074 1176943.5072412926 0.0 1893069.0 787724.282094722 1204755.717905278
9915607.298074506 8000.0 882296.0905118677 1145418.9094881322 834502.7463586293 1119215.253641371 859329.8882786016 1121316.1117213983 807566.2297642533 1167504.7702357466 1976306.0 2151.2980745068785
11662211.686185809 8000.0 1987984.701925493 2145.5312370889787 1911868.468762911 2154.9212138839985 1944313.078786116 2912.0 0.0 1304891.6798144053 2098426.3019814207 2407515.002464489
9990786.015739685 8000.0 145038.01573968472 1977085.0 0.0 1509748.7980988664 446818.2019011336 1946721.0 0.0 1800079.5228008523 114558.47719914754 2050737.0
9687650.0 8000.0 0.0 1429082.3678438216 502876.6321561783 2020799.0 0.0 1911506.0 0.0 1977124.0 0.0 1846262.0
7868656.01049093 8000.0 0.0 2008608.0 17.364394092745783 1624975.6356059073 0.0 2471942.0 0.0 1761049.0 0.0 2064.0104909296
11680726.98950907 8000.0 1892782.9895090703 2151.005987687832 1867517.9940123125 2028930.5421598183 71312.45784018147 1709295.642277206 126554.3577227939 2089667.0 0.0 1892515.0
11353871.4046243 8000.0 826476.9469849629 1170080.0530150372 827781.535061769 1158402.464938231 1879105.0 2134.152986103169 2058353.8470138968 2135.8882593263097 1899915.1117406737 1529486.4046242996
10281561.5953757 8000.0 496248.59537570033 1857908.0 0.0 1113460.1729372272 1044773.8270627728 1788675.0 0.0 1387143.6266507371 713324.3733492629 1880028.0
