s_bytes_all avg_video_rate s_bytes_all_#1 s_bytes_all_#2 s_bytes_all_#3 s_bytes_all_#4 s_bytes_all_#5 s_bytes_all_#6 s_bytes_all_#7 s_bytes_all_#8 s_bytes_all_#9 s_bytes_all_#10
1995213.1801884917 2300.0 0.0 0.0 0.0 0.0 0.0 0.0 4069.334443064261 608960.6655569357 97755.27320856114 1284427.9069799304
11770180.819811508 5272.727272727273 1549941.184709437 1706027.985370141 515987.546726382 26915.030231399825 2018681.0727741492 1885958.0 0.0 1984925.0 0.0 2081745.0
11364679.0 8000.0 0.0 1870809.0 981188.612921392 985227.3870786082 1712102.0 7667.988360568125 2085359.011639432 1882538.0 0.0 1839787.0
10066983.0 8000.0 0.0 2050247.0 0.0 1965067.0 0.0 1796453.0 1103557.8451633889 1075733.1548366111 1056708.5776895606 1019216.4223104392
9052675.931827191 8000.0 1948978.0 3354.9427313409788 1831887.0572686591 28004.02602733619 1877759.973972664 2909.0 0.0 1685508.0 0.0 1674274.9318271915
12267006.068172809 8000.0 1953570.4074037296 2495402.6607690784 0.0 1908284.0 0.0 2021498.0 0.0 1924552.0 0.0 1963699.0
9715346.0 8000.0 0.0 1986762.0 0.0 1843965.0 0.0 1721426.0 0.0 2208452.0 0.0 1954741.0
9797869.0 8000.0 0.0 1937849.0 1012214.9690210588 966313.030978941 970766.2903619627 961405.7096380373 975310.0007036608 950321.999296339 1039555.0726349332 984132.9273650668
9729696.0 8000.0 1043871.2394972396 981641.7605027604 1051228.0910892314 981475.9089107686 1922812.0 2909.0 0.0 1866588.0 0.0 1879170.0
11915202.0 8000.0 0.0 2056000.0 0.0 1937235.0 0.0 1650918.0404998888 1827032.501499373 481784.0461791877 1865109.4118215507 2097123.0
9722234.0 8000.0 0.0 1909968.0 0.0 2040945.0 0.0 1892479.0 0.0 1845669.0 0.0 2033173.0
7776331.713868682 8000.0 0.0 2914.0 0.0 1847366.0 1040677.3078232903 1049654.6921767094 983229.3520233948 973715.6479766052 1851999.0 26775.713868682724
11792927.286131317 8000.0 2072910.2861313173 1946786.0 0.0 1997216.0 0.0 2011308.0 936052.2469600115 816855.7530399885 986568.4554836708 1025230.5445163292
9786211.07473952 8000.0 945627.4498893152 968423.5501106848 1054540.8077626424 978243.1922373578 1907478.0 2217.1671424492274 1945186.8328575508 16252.668300561849 1941119.3316994384 27122.074739520656
9681688.92526048 8000.0 1913416.9252604796 27838.82443791016 1716202.1755620898 2214129.0 0.0 26785.618678931627 1963086.3813210684 1817321.0 0.0 2909.0
11794592.469617257 8000.0 0.0 2017719.0 0.0 1398206.3079907475 620479.6920092524 2405810.750063444 1439960.5532071486 2011832.6967294072 0.0 1900583.469617256
9932260.530382743 8000.0 140398.53038274427 1951937.0 0.0 1996589.0 0.0 1780332.5636187645 193033.4363812355 1917189.0 778817.6626952131 1173963.337304787
9335881.077795992 8000.0 1103475.713825318 876540.8957550938 1107742.1214094218 890279.054489394 1051367.7051613294 856508.270763344 1178689.5543209172 964428.6842751816 0.0 1306849.0777959907
10055884.92220401 8000.0 1959942.062526867 452016.8596771424 1007163.757569546 1177220.242430454 1731148.0 27385.2506723224 1897079.7493276773 27495.51272395945 1773519.4872760405 2914.0
10045267.0 8000.0 0.0 2176877.0 0.0 1949800.0 0.0 1827561.0 0.0 2132433.0 854379.1459466715 1104216.8540533285
11784704.0 8000.0 863975.1641138258 895185.8358861741 2112576.0 2245.2063480798643 2009577.79365192 1491469.024489167 422074.97551083326 1958266.0 0.0 2029334.0
9758795.0 8000.0 0.0 1767109.0 0.0 2092101.0 0.0 1976221.0 0.0 1770208.0 0.0 2153156.0
9800699.0 8000.0 0.0 1688265.968420122 256913.031579878 1819868.0 0.0 2100785.0 0.0 1940704.0 0.0 1994163.0
11837475.0 8000.0 0.0 1997588.0 0.0 1431035.5801859258 1988191.242063729 513603.2776715072 1976966.9000788375 26548.623124211368 2005430.376875789 1898111.0
9421052.761502048 8000.0 0.0 2914.0 1139141.4909520196 2754321.5090479804 0.0 1669072.401331259 295259.59866874106 1998329.0 0.0 1562014.761502048
10173104.238497952 8000.0 424733.238497952 1930383.0 0.0 1898530.0 19.848407767984565 1809613.151592232 0.0 1991029.0 0.0 2118796.0
9626626.0 8000.0 0.0 1888957.0 0.0 1989066.0 968054.6178756886 966770.3821243116 0.0 1860993.0 960615.3133329294 992169.6866670706
9713386.0 8000.0 0.0 15790.544847344718 2056049.4551526555 27191.337043761683 1766553.6629562385 1516627.1785150175 432028.82148498256 1976697.0 0.0 1922448.0
11192621.562488455 8000.0 0.0 2023171.0 0.0 1930721.0 1020018.4096433586 1036664.5903566414 1869960.0 27227.787715687347 1872359.2122843128 1412499.562488457
10295945.437511545 8000.0 223165.43751154296 1683771.2679949014 541241.7320050987 1908282.0 0.0 1872419.0 0.0 2080558.0 0.0 1986508.0
