s_bytes_all avg_video_rate s_bytes_all_#1 s_bytes_all_#2 s_bytes_all_#3 s_bytes_all_#4 s_bytes_all_#5 s_bytes_all_#6 s_bytes_all_#7 s_bytes_all_#8 s_bytes_all_#9 s_bytes_all_#10
13666625.0 5230.769230769231 19763.99268134361 1559670.685938802 2843664.137847674 1720605.6469487967 2525751.543228644 1215564.9933547394 1579.4615259634836 2014743.5384740368 1893.682724082363 1763387.3172759176
9663102.0 8000.0 1638.067912304962 1989954.932087695 1754.7460609395223 1746060.2539390605 1676.1662104740335 2193395.833789526 1655.975735998972 1804727.024264001 1401.704442724554 1920837.2955572756
11500341.8381359 8000.0 1499.2447161457274 2003967.7552838544 1617.9221545808027 2028473.0778454195 1982.6382503365733 3541540.3617496635 221.05706870364068 2693.94293129636 1998.409136547653 3916347.428999352
10055324.1618641 8000.0 208864.5591021489 1998094.6027619515 1390.1715418266542 1928435.8284581732 1660.9629020594998 1953330.0370979405 1862.6201786928127 1860398.3798213075 1824.3601241266415 2099462.639875873
9732700.0 8000.0 1728.26523336266 1769983.7347666374 710.7479759554321 2117172.2520240447 1628.9517739661655 1934340.0482260336 1729.2269267404165 1948922.7730732595 1790.132630799726 1954693.8673692003
11804931.0 8000.0 1854.4053056708665 2044017.5946943287 41749.26532791615 3866252.734672084 1737.6069013231026 1693321.3930986768 1229.1009073091282 2199975.899092691 1658.460362052186 1953134.539637948
9901510.0 8000.0 1282.2515146958551 1850453.748485304 1794.5367823073018 2056012.463217693 1448.8643597076325 1988252.1356402924 1753.84202686655 1922906.1579731333 1489.230657617864 2076116.7693423824
9714355.0 8000.0 2099.0746571762834 1858858.925342824 1691.0401001168318 1818685.9598998835 1257.6316535168396 1905258.3683464832 1630.8362020913785 2149795.1637979085 1602.347027794689 1973475.6529722053
9814068.0 8000.0 1452.024880980042 1992327.97511902 1602.4576560812718 1854018.5423439187 1769.371079596363 2023656.6289204035 1384.982365438837 1847459.017634561 1015.7064284356225 2089381.2935715644
9761902.0 8000.0 1250.9510950635758 1904522.0489049363 1066.9853944213908 1962851.0146055785 1618.646651090765 2059690.3533489087 1682.38825164546 1765777.6117483545 1808.8295828803432 2061633.17041712
11609391.0 8000.0 1747320.804780946 202295.19521905383 1576534.046405092 907238.083163453 1371854.4296199295 424633.6945700621 1421595.810065789 1986362.9361756744 1728.9891588493028 1969827.0108411508
9819356.0 8000.0 1778.7000603819365 1932748.299939618 1201.8187210512096 1930902.181278949 1749.7687777384672 2051244.2312222612 0.0 0.0 1464377.6483143943 2435353.351685606
10112170.0 8000.0 1130.5429791755848 1941471.4570208243 1774.611122303096 1990908.3888776968 1802.0783125131209 2115338.921687487 1294.1584939849793 1850408.841506015 1192.332124592264 2206848.667875408
9153430.0 8000.0 1725.3333888020943 1608338.666611198 1664.7666971567442 1933665.2333028435 1512.2354286962952 2388068.7645713035 1585.7267796438014 1591512.273220356 1669.0097497049478 1623687.990250295
9702389.0 8000.0 1813.9556080631532 1919647.0443919369 1543.2998366898032 1919779.7001633104 1602.2135432241116 1747088.786456776 1633.3896614235125 1818792.6103385768 1335.8367113028194 2289152.163288697
7933907.0 4865.0 1918.8377045455172 2345012.7540576053 484225.2249075825 2316332.7144081597 440541.97288689855 292446.43993553816 212620.56773211012 263119.54839457007 449973.991544109 1127714.9484288811
9810117.0 8000.0 1736.6584918999072 1717665.3415081 1637.4382582591802 2016659.561741741 1885.4250886030973 2118404.574911397 1615.685742478484 2093705.3142575212 1762.1720204987466 1855044.827979501
9764501.0 8000.0 1739.7496931534938 1682974.2503068466 1829.9491980405628 2099995.05080196 1619.809941009941 1863169.1897890412 59890.91096086415 1902747.0893090847 1659.3817624709195 2148875.618237529
9180397.0 8000.0 1429.477578564816 1877665.5224214352 1693.2630054242882 1595274.7369945757 1608.755427130336 2074006.2445728695 1419.3665000263286 1744304.6334999737 1726.7904125831717 1881268.2095874168
11803265.0 8000.0 1597.92562228462 1784834.0743777154 994.0672173098286 2333145.93278269 1878.5534328856968 1689562.4465671142 3500.332697075559 2616470.2769925883 1440675.007623752 1930606.3826865845
7744529.0 8000.0 1862.4966095870495 1619425.503390413 1518.0457034604387 1909615.95429654 1678.0720904927464 2083306.9279095072 1635.7538038612463 2122566.2461961387 206.66649493222545 2713.3335050677747
10339969.262734173 8000.0 1926.549662013466 2331546.1777189616 619185.8944049913 2370337.682826159 229266.15675546587 172712.96710395694 155369.67283603916 40304.89869241252 66609.10409365335 4352710.158640518
13193188.737265827 8000.0 3272448.3396283803 2181537.397637448 1305.237920538399 1837477.7620794617 1913.7499906866483 2021597.2500093132 1587.6997560376667 2001474.3002439623 1790.5782644361936 1872056.421735564
9444056.962855477 8000.0 1656.737257596913 2051291.2627424032 1808.9725676844764 1762116.0274323155 1792.7296830591065 1890007.270316941 0.0 1205822.3986004412 2526422.5059904205 3139.0582646122684
9858074.037144529 5033.333333333333 1442.3110384664153 1834621.7261060595 1722.5868929125556 1755263.4131070874 408148.97255513567 2642097.5754864705 408738.36822764965 868775.1208688132 784079.8058112155 1153184.1570507153
5904769.0 8000.0 1854.9433664089613 1921865.056633591 1401.3249260988352 2007386.6750739007 1665.7681244410817 1967676.2318755588 0.0 0.0 0.0 2919.0
8145337.0 8000.0 416830.7156787648 3344625.284321235 13437.313517286691 34.68648271330692 339567.30642042647 2013074.7839271831 1579316.4421524983 98373.1746577003 337380.3313898251 2696.961452366686
6250383.0 2572.4444444444443 198044.65542424688 150668.34457575314 174.94423711681873 2740.055762883181 35141.31890127019 257502.5413313788 1586447.412876791 2919118.72689056 1745.8859878681296 1098799.114012132
9774862.0 8000.0 1827.6848632129088 2134241.315136787 1768.1209879260166 1923845.879012074 1859.2229876429692 1880644.777012357 1746.2317401078549 2148688.768259892 1906.5165153124308 1678333.4834846875
