s_bytes_all avg_video_rate s_bytes_all_#1 s_bytes_all_#2 s_bytes_all_#3 s_bytes_all_#4 s_bytes_all_#5 s_bytes_all_#6 s_bytes_all_#7 s_bytes_all_#8 s_bytes_all_#9 s_bytes_all_#10
6950483.522869374 4400.0 0.0 0.0 0.0 0.0 0.0 0.0 1052306.6769840366 2107305.4614086496 2487369.827091465 1303501.5573852232
9746282.477130624 6800.0 2372794.6468603085 515885.8302703178 636980.7880234352 432016.2119765648 890621.1884051437 1131615.8115948564 791397.1599434238 1217805.840056576 1321573.8319112572 435591.16808874265
9938362.0 8000.0 1499999.1987081317 526670.8012918684 1680998.0403168504 493742.9596831497 1442853.0097989654 277061.9902010344 1653907.641210832 475089.3587891683 1158504.9259177118 729534.0740822883
9800678.0 8000.0 1829849.2959457857 178651.70405421423 1021042.9461111797 822719.0538888206 1636561.670151912 430263.3298480879 1455427.1843891612 399737.8156108387 1588078.7308498002 438346.26915019966
10617908.56922664 8000.0 2446159.5157316183 1443570.4842683815 1786624.6162938478 209784.38370615212 789623.6559189074 1122431.3440810926 2913.0 0.0 1067877.5697212885 1748923.9995053536
11005774.43077336 8000.0 1161892.4307733583 0.0 1812492.8997628363 2167741.100237164 1037893.7814950388 868318.2185049613 1400484.074029875 677973.9259701251 1185654.3465204532 693323.6534795468
9776952.0 8000.0 1505104.6482074135 502636.3517925862 961476.9828110416 882625.0171889585 944422.7669084506 1086232.2330915492 1287368.6695624834 577317.3304375167 1114107.8385716744 915660.1614283256
9910010.0 8000.0 1324591.873689642 752191.126310358 1993940.0 0.0 1783966.4844244176 74371.5155755825 1305463.3351256466 686346.6648743536 993539.1665852288 995599.8334147712
11836175.0 8000.0 996980.2090875092 752763.790912491 1397645.39379261 591415.6062073899 1336679.6078174417 745549.4296990389 762836.7252070766 1085297.2372764428 1958483.6928158188 2208523.307184181
9540763.786886662 8000.0 1549349.3930551445 253699.60694485548 1177801.4823377612 914735.5176622388 1413189.4458683345 416203.5541316656 1323703.433559717 746859.5664402831 19030.53351519101 1726191.2533714715
10021997.213113338 8000.0 188606.21311333744 0.0 1912273.1686493168 1878558.831350683 2912.0 0.0 1033846.8812229942 839945.1187770059 2092208.7917020093 2073646.2082979907
9521299.0 8000.0 1350462.1924489243 558504.8075510759 1506560.8344594827 278537.16554051737 1274445.072112367 493523.9278876329 1752801.9625241272 410083.03747587296 1367368.078536362 529011.9214636382
9900658.0 8000.0 1810363.1313103847 225883.86868961516 0.0 2447941.4391787183 1520120.560821282 0.0 1344253.472853475 511121.5271465251 1332507.684092977 708466.3159070227
11680938.0 8000.0 1513601.8913136872 369594.1086863128 1588890.494110386 370185.505889614 1705599.527945798 264828.47205420217 2246544.955129342 1697820.0448706583 999901.6080610944 923971.3919389056
9861300.0 8000.0 1592728.3421261266 449099.65787387337 1994828.0 0.0 1714560.1000274222 340576.8999725777 1084605.5190516408 619294.6023539328 1532037.654627882 533569.2239665444
9634014.0 8000.0 1009877.148125576 803011.8518744239 1040778.0765116364 1039595.9234883636 1733923.0 0.0 1642366.629692474 469697.37030752585 1514355.5190791346 380408.48092086543
10028391.0 8000.0 971921.3866665463 1078327.6133334537 1199429.4058587924 806134.5941412076 1574661.5356283088 353056.46437169134 1707273.9296912118 165804.07030878818 1589098.7411539953 582683.2588460048
9681341.0 8000.0 1471930.7853693964 450135.2146306036 1372419.4545532838 536380.5454467165 1576603.4406121853 343589.55938781454 1847383.1453295604 82204.8546704397 1377435.51027457 623258.4897254301
11675340.016436974 8000.0 1100782.6415284649 2850573.358471535 2912.0 0.0 3061297.465646781 937649.5343532192 1242007.6294448748 619490.3705551252 652856.8950566906 1207770.121380284
9673088.983563025 8000.0 1909405.9835630252 0.0 1299209.283387506 631423.7166124941 913620.0627436785 1153245.9372563215 1736846.0 0.0 1028873.7652699152 1000464.2347300848
9739700.0 8000.0 1487512.8591028352 377526.1408971647 1135006.5940880848 655539.4059119151 1288558.569469687 718221.4305303127 1593113.8734172096 436197.1265827906 2048024.0 0.0
9680705.0 8000.0 1441326.1684719916 484454.8315280084 1499014.8204668611 480692.1795331389 1713023.0 0.0 1240209.8221556896 818981.1778443103 1528040.8795008152 474962.1204991848
9708216.07024078 8000.0 1243945.861961858 779106.1380381419 997363.9316510112 1726740.5205757432 2517507.537615526 570054.0101577193 2913.0 0.0 1509611.856268877 360973.2139719048
11876050.92975922 8000.0 1841308.120627628 145773.80913159007 2547561.362759916 1336661.637240084 1473482.6426275324 526316.3573724678 1621379.7361545726 307265.26384542737 2046911.841849054 29390.158150946107
9814155.0 8000.0 1092040.6997776674 842226.3002223326 7401.471427532445 1931785.528572468 802036.4381672303 1165335.5618327698 1728476.6630351825 210882.3369648177 1494045.263071976 539924.736928024
9718392.0 8000.0 1597057.8106314407 316618.1893685592 1774464.0167950238 208861.98320497628 1583330.3857980475 354343.6142019524 1592504.6557406792 318075.34425932064 1516093.1471422047 457042.85285779525
9976861.0 8000.0 1143369.3693858655 892936.6306141344 1585274.8896379273 534575.1103620727 1516876.405158989 349908.5948410112 873154.1449275428 1063602.855072457 1722184.9348244478 294978.0651755522
11795703.0 8000.0 1975916.0 0.0 1416583.2572193744 444317.7427806257 1468773.0037380378 573857.9962619623 1416848.318076444 504987.681923556 2279740.2055780794 1714678.794421921
9833329.0 8000.0 1412665.2057942387 513723.7942057612 1923887.0 0.0 1341264.097793006 655610.9022069941 1772800.6546457242 287896.345354276 1925481.0 0.0
9876129.0 8000.0 1542679.6819692142 302583.31803078577 1641660.3860500448 526585.6139499553 1326221.2188427805 564803.7811572194 1543610.6795514273 431684.3204485727 1231713.0065023445 764586.9934976555
