s_bytes_all avg_video_rate s_bytes_all_#1 s_bytes_all_#2 s_bytes_all_#3 s_bytes_all_#4 s_bytes_all_#5 s_bytes_all_#6 s_bytes_all_#7 s_bytes_all_#8 s_bytes_all_#9 s_bytes_all_#10
6482500.360328533 4400.0 0.0 0.0 0.0 0.0 0.0 0.0 1109098.1285514012 2196533.9467069847 1016553.9247416136 2160314.360328533
12357932.639671467 6400.0 3343275.049101469 53343.2426097722 478724.76962104 2568447.5783391856 571557.2029166581 1380183.7970833415 2017912.0 0.0 1944489.0 0.0
9904393.0 8000.0 1965917.0 0.0 1922600.0 0.0 2001041.0 0.0 2003485.0 0.0 2011350.0 0.0
9786065.0 8000.0 1884671.0 0.0 2016682.0 236190.1679527331 1717953.832047267 0.0 867910.0606323626 2037648.9687827216 1025008.9705849156 0.0
9870411.0 8000.0 2043199.3905423249 44462.60945767536 1839041.0 0.0 2010602.0 0.0 1932622.0 0.0 2000484.0 0.0
7833491.443979648 8000.0 2000188.0 0.0 1906546.0 0.0 0.0 1099.8558372873902 1814.1441627126096 2096683.1443799809 1826061.8556200191 1098.443979648107
13904701.556020351 8000.0 1486422.2255861256 2510773.3304342264 3592933.099900771 278896.90009922883 2030322.0 0.0 2003403.0 0.0 2001951.0 0.0
9784017.0 8000.0 1907123.0 0.0 2913.0 0.0 3737416.202226161 195874.79777383903 1510976.7047220708 594567.2952779292 1835146.0 0.0
11753613.0 8000.0 1655555.4461504377 368193.5538495623 1923773.0 0.0 1907721.0 0.0 975601.0662118096 2064935.4404593252 927969.0415385504 1929864.4517903144
7954265.0 8000.0 17528.03154593647 2010602.968454064 2162.564766902657 1989642.4352330973 1506.4685243496365 1953781.5314756504 17830.75797005427 1958293.2420299456 2917.0 0.0
11775666.0 8000.0 1932792.0 0.0 1963760.0 217151.5981063913 1768626.4018936087 218024.5599195488 1844209.440080451 1885318.0 17859.80276418458 1927924.1972358157
9895872.0 8000.0 17848.43032098187 1908076.569679018 459471.2284384611 1611584.771561539 1809098.670883015 158581.3291169849 1931278.0 0.0 1999933.0 0.0
9873248.0 8000.0 1964289.0 0.0 0.0 1976039.0 1470937.4694217606 475078.5305782395 1979977.0 0.0 2006927.0 0.0
11742371.53878574 8000.0 1540035.9328993475 426733.0671006523 1425911.424024807 670872.9451357145 1818617.6308394787 1987679.0 1511.2174657186808 1883086.7825342813 1503.8238472606058 1986419.7149384771
9917323.461214265 8000.0 31979.46121426199 1999393.0 1495.0024294932264 1960902.9975705068 4272.38624301571 1938739.613756984 470978.26650792407 1452508.733492076 632781.5388188523 1424272.4611811475
7855837.0 8000.0 430638.8848690343 1468485.115130966 347274.2264325068 1695388.773567493 1765667.400459312 169960.59954068818 0.0 2528.172477505799 1457513.7517161118 518380.0758063824
11801527.0 8000.0 2268661.583038258 1681853.416961742 1923116.0 0.0 2057743.0 0.0 1895700.0 0.0 1642309.2239504317 332143.7760495684
9926007.0 8000.0 2009815.0 0.0 1907329.0 0.0 1982382.0 0.0 1999470.0 0.0 1495.175063155678 2025515.8249368444
9784765.0 8000.0 17638.320232099046 1891208.6797679008 480451.1292280754 1475401.8707719245 1516082.970162484 447340.0298375159 1335345.3102490192 652501.6897509808 1968795.0 0.0
9887231.0 8000.0 2027658.0 0.0 1924663.0 0.0 1992574.0 0.0 1930951.0 0.0 1434275.8277538554 577109.1722461446
11790336.0 8000.0 1931027.0 0.0 1944549.0 0.0 2061131.0 0.0 2444548.4842312625 1383079.5157687373 2026001.0 0.0
9865027.0 8000.0 1970522.0 0.0 2019945.0 0.0 1723970.9894466952 197536.01055330475 1995931.0 0.0 1957122.0 0.0
9740227.0 8000.0 1952444.0 0.0 1968944.0 0.0 2028700.0 0.0 1940718.0 0.0 20970.704716648885 1828450.295283351
11914381.0 8000.0 1137168.4051789476 2883534.5948210526 17694.663447600207 1961152.3365524 0.0 1060.9827218917376 1857.0172781082624 1032.3287829029216 1885.6712170970784 5908995.0
7888194.0 8000.0 0.0 2918.0 1369831.3684291898 629963.6315708103 1259750.6327610845 719631.3672389155 1943378.0 0.0 1962721.0 0.0
10077984.909554789 8000.0 2166129.0921776253 1785189.9078223747 1944293.0 0.0 1987733.0 0.0 1991720.0 0.0 2919.0 200000.90955478628
11629178.090445211 8000.0 1736607.0904452135 235583.9999094374 1748335.0000905625 1969772.0 2141.398218522419 1951983.6017814777 363327.67743121495 1664890.3225687852 1357291.8404502333 599245.1595497665
3949979.45964544 8000.0 1941479.0 0.0 2001535.0 0.0 2912.0 0.0 0.0 1096.3370427814918 1815.662957218508 1141.459645439706
7771396.54035456 3115.2 1770.5403545602935 1117.0494837261865 1794.9505162738135 145387.05479756638 2002893.746209896 2367758.4680962423 1045447.7935641658 187270.9373321296 1176874.44872669 841081.5512733101
9808922.0 8000.0 1597907.4028185513 331462.5971814487 1976843.9960676427 26311.003932357227 1952312.0 0.0 1651547.7895846851 293174.2104153146 1947715.74315804 31647.25684196038
