s_bytes_all avg_video_rate s_bytes_all_#1 s_bytes_all_#2 s_bytes_all_#3 s_bytes_all_#4 s_bytes_all_#5 s_bytes_all_#6 s_bytes_all_#7 s_bytes_all_#8 s_bytes_all_#9 s_bytes_all_#10
1919593.5800821176 4400.0 0.0 0.0 0.0 0.0 0.0 0.0 0.0 639805.1071417553 470610.8928582447 809177.5800821176
14402714.356466215 6036.363636363636 2624176.959713673 3554885.674013089 1773883.7861911205 475915.34876434656 1461710.6512356536 755205.4052451627 1229647.5947548372 960155.03912189 1044400.96087811 522732.9365483309
11748201.529053524 8000.0 1424255.063451669 1963489.0 0.0 1943738.0 2004710.0 8562.68761973592 2010933.312380264 555482.6797601201 1329335.3202398797 507695.4656018544
10017378.38168468 8000.0 1350791.5343981455 774349.4776265955 1322003.5223734046 521105.168496646 1579332.831503354 458918.7720217067 1346306.227978293 342383.7603426608 1689117.2396573392 633069.847286534
7920694.555598804 8000.0 1341507.1527134662 508765.2449752356 1485540.7550247645 548978.0318438506 1469510.9681561494 666094.1741329479 1171029.825867052 35623.0 0.0 693645.4028853376
11616273.020821186 8000.0 946306.5971146624 808901.4789913297 3329346.5210086703 314616.0860112215 1546074.9139887786 368872.3478972939 1495035.652102706 623462.8393764535 1424435.1606235462 759221.4237065227
11598187.29404065 8000.0 1239004.576293477 795417.4853500914 1091473.5146499088 162976.30891008122 1796532.691089919 437495.6655854069 1517819.3344145932 487540.6803527496 3339086.3196472507 730840.7177471716
9747423.275392994 8000.0 1188732.2822528284 118434.87988788132 707701.4002683708 1635323.0444642256 1509342.675379522 865211.3516824676 998576.6483175324 784158.6168498116 1253636.3831501885 686305.9931401642
9816018.9172039 8000.0 1326105.0068598357 497568.13448024186 1468842.865519758 644632.2363483225 1269346.7636516774 552108.4938871786 1378487.5061128214 788252.4660198374 1236242.5339801626 654432.9103440635
9436717.747949678 8000.0 1250827.0896559365 520761.5921673899 1522494.4078326102 781342.853027188 1173538.1469728122 8337.27573196816 1912334.724268032 7579.877567845407 1990091.1224321544 269410.658293742
11551474.840134354 8000.0 1734191.341706258 630574.8176069299 1335200.18239307 594649.5976727211 1369315.4023272789 1948470.0 0.0 1894521.0 2036708.0 7844.498428096252
9037667.045103185 8000.0 1988276.501571904 150826.8570938249 1680348.142906175 525336.397803454 1452165.602196546 256472.698985038 1819504.301014962 2909.0 0.0 1161827.5435312795
11070404.440743413 8000.0 2894157.4564687205 7868.555427194487 1807904.4445728052 468710.3835554255 1330360.6164445744 2934.0 0.0 452200.2048140805 3592547.79518592 513720.98427468986
9247769.01572531 8000.0 1390246.0157253102 2912.0 0.0 752692.0679628493 3132678.932037151 445551.5165640727 1573762.4834359272 583102.7009448579 1363911.299055142 2912.0
11026371.775306322 8000.0 0.0 1218780.7656737391 2727879.2343262606 736782.364150309 1249120.635849691 785611.2367406656 1086305.7632593345 627274.993557255 1342691.006442745 1251925.775306323
9064880.158433348 8000.0 2671588.224693677 461677.23401049006 1213497.76598951 15302.184751149209 2206085.8152488507 2934.0 0.0 629728.1546891805 1299985.845310819 564080.9337396697
9996437.93336798 8000.0 1215447.0662603304 762321.6198904583 1430030.3801095416 610585.0884899513 1314063.911510049 584321.4346061216 1363912.5653938784 667588.6980501192 1242939.3019498808 805227.8671076496
11053615.218416316 8000.0 3238505.1328923507 2908.0 0.0 451683.0807438422 1404343.919256158 881956.7170450896 1205843.2829549103 268822.736116284 3590458.263883716 9094.085523963971
11965158.914476035 8000.0 2004274.914476036 22773.656761781425 1909934.3432382187 2909.0 0.0 763154.1893727987 3290951.8106272006 245875.20565221703 1612809.7943477829 2112476.0
8582601.0 8000.0 0.0 1915323.0 1534890.7052566404 372044.0498328263 1645608.2449105333 9023.937158829764 1142580.0628411702 26105.82573941927 1934110.174260581 2915.0
4918048.860511216 2972.4444444444443 0.0 2909.0 0.0 159972.44769694144 1407168.0329371055 1012468.5193659528 1051384.0 163573.71225461664 931114.2877453832 189458.86051121636
10273038.32340032 8000.0 1818821.139488784 316864.17357298866 1485642.8264270113 719162.3600287085 1308533.6399712914 777410.2976911494 1206039.7023088506 779254.4586527308 1212987.5413472692 648322.1839115358
9567083.02485373 8000.0 1263409.816088464 259169.4272058091 1603114.5727941908 449374.884082837 1451238.115917163 376834.0361381618 1676175.963861838 416567.3092231921 1531039.6907768075 540159.2087652669
11190572.588626267 8000.0 1416435.791234733 615069.5190297867 1412029.4809702132 530623.2187076237 1379020.7812923763 658881.918651761 3103375.371730975 157878.34256645833 1907933.3670508051 9324.79739153334
10174142.8715362 8000.0 1999883.2026084664 2908.0 0.0 1924114.0 2013648.0 7701.663107838324 1858127.8245948628 79233.43297090834 1945173.0793263908 343353.6689277342
9574457.95202116 8000.0 1596710.331072266 623566.8624797551 1362392.1375202448 20681.24859834734 2004430.7514016528 263705.83867509937 1705417.1613249006 315610.59198321553 1594960.4080167846 86982.62094889242
10316157.824939864 8000.0 1949382.379051108 281982.136559701 1657422.863440299 444445.18633776775 1565716.8136622324 241651.1695254912 1673142.830474509 575181.0406057308 1287674.9593942692 639558.445888756
9407131.564116154 8000.0 1353118.5541112442 353942.3252875128 1550048.6747124873 652089.3324048272 1301089.6675951728 214953.6637217683 1633520.3362782318 637099.0830734932 1448050.916926507 263219.0100049089
11533009.666443266 8000.0 1731172.989995091 463919.8141941258 1488714.1858058742 532656.9847975073 2832640.156577668 618015.1615564628 1889665.6970683616 8998.03625953534 1966474.9637404648 751.6764481735113
10321868.166014653 8000.0 1654887.1135322363 300542.482627852 1983904.7273917384 8438.041492906179 2025185.9585070936 550746.896217561 1315925.1037824391 25520.50673613964 1897236.4932638605 559480.8424628282
