s_bytes_all avg_video_rate s_bytes_all_#1 s_bytes_all_#2 s_bytes_all_#3 s_bytes_all_#4 s_bytes_all_#5 s_bytes_all_#6 s_bytes_all_#7 s_bytes_all_#8 s_bytes_all_#9 s_bytes_all_#10
8649846.0 4400.0 0.0 0.0 0.0 0.0 0.0 0.0 6916.0 4941024.972286011 1475700.6140516703 2226204.413662318
11714302.0 8000.0 0.0 2772320.300863786 1106898.8678712326 17402.83126498132 1883994.0 3364.5059699581257 1992497.4940300416 2055953.0 0.0 1881871.0
9885257.679862686 8000.0 0.0 1787088.0 0.0 2228139.0 0.0 1870690.0 0.0 1966117.0 0.0 2033223.6798626848
9651534.11927376 8000.0 82060.51465202056 1897942.805485295 0.0 1853617.0 0.0 1919867.439948472 1084384.4867019015 934105.0733496264 1850147.0 29409.799136446894
10016148.200863551 8000.0 2005620.2008635527 28556.992252640648 2051686.0077473596 30060.84305031913 1912529.1569496808 2501.191348456875 2063136.8086515432 2912.0 0.0 1919145.0
11780437.0 8000.0 0.0 1901891.0 0.0 2051111.0 0.0 1878785.0 0.0 28256.41675241842 3138645.444650282 2781748.1385973
5794419.0 8000.0 0.0 1820307.0 0.0 2012022.0 0.0 1959173.0 0.0 0.0 0.0 2917.0
13202033.0 8000.0 0.0 1219741.6807001638 4646305.185455336 1967298.1338444997 0.0 1971228.0 0.0 1959252.0 0.0 1438208.0
9995012.0 8000.0 0.0 2123721.0 0.0 2031423.0 0.0 1787374.0 0.0 2016582.0 0.0 2035912.0
9325420.05044374 8000.0 0.0 2001919.0 0.0 2031494.0 0.0 1741451.0 0.0 2084794.0 0.0 1465762.0504437406
8366802.949556259 8000.0 437957.94955625926 2036594.0 0.0 1945977.0 0.0 1929769.0 1181651.75730154 831935.2426984599 0.0 2918.0
13619983.0 8000.0 0.0 2918.0 361996.4684430059 6270889.5477649765 1115740.9837920174 1949087.0 0.0 2013885.0 35.17546846697033 1905430.824531533
7903374.263486464 6560.0 0.0 1996381.0 0.0 4325.092745678221 1114017.9072543215 1057048.5353374272 52299.46466257302 1710932.7661890632 132359.23381093686 1836010.263486464
10032772.736513536 8000.0 210773.73651353625 2011935.0 0.0 1926294.0 0.0 1950032.0 0.0 2015053.0 0.0 1918685.0
9896015.0 8000.0 0.0 2060420.0 0.0 1901598.0 0.0 2003290.0 0.0 1912316.0 0.0 2018391.0
5891876.0 8000.0 0.0 1987220.0 0.0 3894803.597567477 4000.402432523172 0.0 0.0 2914.0 12.11450353474402 2925.885496465256
15816608.0 8000.0 0.0 4661245.48389964 3214216.489720221 1924286.026380139 0.0 0.0 759488.6088594481 3235373.391140552 0.0 2021998.0
9665320.063536145 8000.0 0.0 1972923.0 16.886578911874302 1942782.113421088 0.0 1950779.0 0.0 1959127.0 0.0 1839692.063536146
9971680.56000552 8000.0 1215916.9788099923 907387.9576538616 2000715.0 2917.0 1032214.1958396533 876222.8041603469 1965889.0 29317.08343292907 1938580.9165670709 2519.623541666044
11781568.880263276 8000.0 2004789.376458334 9332.019640416816 1962072.9803595832 1515437.099527438 405012.900472562 1327034.5985964276 659050.1571421442 1294596.2383100265 740045.0059514018 1864198.5038049417
9546477.068944504 8000.0 31137.496195058364 1988809.0 0.0 1243499.3590194725 696308.6409805274 1980083.018907076 35349.98109292369 1922133.1925868008 42327.80741319922 1606828.5727494457
10247844.427250557 8000.0 390516.4272505542 1978188.0 0.0 1918089.0 0.0 1992381.0 0.0 1682779.0530333482 309090.946966652 1976800.0
9809788.0 8000.0 0.0 1945821.0 0.0 1728416.6876680916 209920.3123319084 1989699.0 1058905.4069043023 921722.5930956976 0.0 1955303.0
9835209.0 8000.0 1098940.6838604107 920652.3161395892 1921206.0 2917.0 1073345.077309528 891307.9226904718 1949397.0 30054.169937083127 1944469.830062917 2919.0
9883065.0 8000.0 0.0 2918.0 0.0 3970692.0 0.0 1934682.0 0.0 2012446.0 19.420923323380617 1962307.5790766769
11842745.0 8000.0 1098388.8357924882 861577.1642075118 1941724.0 29628.340808381083 1957185.959433043 2002959.699758576 0.0 1972771.0 0.0 1978510.0
9871616.0 8000.0 0.0 1972176.0 0.0 1972938.0 0.0 2000400.0 0.0 1947556.0 0.0 1978546.0
10012163.177993877 8000.0 0.0 1888293.0 0.0 1950936.0 1104024.7808320222 868430.2191679779 2015282.0 29218.86638956596 1945764.133610434 210214.17799387497
11199402.265020844 8000.0 1774589.822006125 29752.36637492936 1915963.6336250703 28347.532275543752 1941347.467724456 3667.704612500304 1958381.2953875 30166.55039580003 1970373.4496042 1546812.4430147198
10127250.736799128 8000.0 389243.5569852801 30191.3541050192 1979521.6458949808 1948502.0 0.0 2003689.0 0.0 1946149.0 0.0 1829954.1798138495
