s_bytes_all avg_video_rate s_bytes_all_#1 s_bytes_all_#2 s_bytes_all_#3 s_bytes_all_#4 s_bytes_all_#5 s_bytes_all_#6 s_bytes_all_#7 s_bytes_all_#8 s_bytes_all_#9 s_bytes_all_#10
257925.3609673085 288.0 0.0 0.0 0.0 0.0 0.0 0.0 2259.8634353723114 1573.1365646276888 21679.24941874302 232413.1115485655
7262846.639032692 3507.333333333333 236159.86283467308 389057.75672992825 388519.194112392 1115608.9539959717 31445.87135972661 1133329.0 0.0 2106738.0 0.0 1861988.0
10986595.670878366 8000.0 0.0 1916228.0 0.0 1352271.785896514 446298.0956001808 1885044.6104596225 94093.50804368286 1958541.772923398 2055872.5580598696 1278245.3398950968
10496507.329121634 8000.0 684535.3291216351 1899894.0 0.0 1899153.939263282 172317.06073671777 1804063.0 0.0 1944840.6439044876 154414.4429106407 1937288.913184872
6884334.079279922 8000.0 0.0 2915.0 0.0 1749829.107679529 204435.3790409101 2059434.5132795607 0.0 1873849.0 0.0 993871.0792799218
9495372.63015212 8000.0 781872.5070576929 1011824.9974739844 736121.64466608 970277.2592337808 1712398.8697433055 2318911.3525891546 600038.3843617112 43609.90559436984 0.0 1320317.7094320413
11766523.069611168 8000.0 601599.6466937045 1777018.9680668437 1512927.848756699 1616649.0116393096 837764.848677557 1706519.3761344205 505704.2177278766 1971957.270014772 26945.10285677621 1209436.779043209
12539568.220956791 8000.0 766047.9234775294 1842939.2974792612 0.0 1907539.0 0.0 1810700.5276983308 1440162.639689433 1700616.9075637208 977675.3828339472 2093886.542214568
6098332.0 6200.0 0.0 1427706.437156393 478147.5013687499 284122.4538356387 271725.5524822851 1294799.584425849 1241861.093516758 1097055.3772143263 0.0 2914.0
6243912.0 8000.0 0.0 1161315.1267769774 810536.520770934 1125585.7179885097 968760.1735921634 2105774.2604216435 71940.20044977253 0.0 0.0 0.0
7143753.0 3547.0 24.0 102823.79756223629 807797.908695013 1174671.2937427508 0.0 1134813.0 0.0 1820569.0 0.0 2103054.0
9775504.0 8000.0 0.0 1826699.0 0.0 2004560.0 0.0 2049458.0 0.0 1910042.0 49165.07606264789 1935579.923937352
11820400.0 8000.0 0.0 1942344.0 0.0 4009744.0 0.0 1920151.0 0.0 2022532.0 20.5507284271758 1925608.4492715728
3986561.0 8000.0 0.0 1952696.0 0.0 2028029.0 0.0 0.0 2677.774786207523 240.22521379247695 2707.646365110279 210.3536348897209
15713264.0 8000.0 6018.95158770166 5843840.008560491 1899706.0398518075 2167881.0 0.0 1801824.0 20.869921875000003 1959294.130078125 0.0 2034679.0
9909552.0 8000.0 0.0 2019070.0 0.0 2910.0 0.0 1955183.0 0.0 1905727.0 0.0 4026662.0
9785432.0 8000.0 0.0 1882786.0 0.0 2914.0 0.0 2052013.0 0.0 3925339.0 0.0 1922380.0
10004243.0 8000.0 0.0 4066348.0 0.0 2915.0 0.0 3805721.0 0.0 2126349.0 0.0 2910.0
11636199.0 8000.0 0.0 3806318.0 0.0 1948795.0 0.0 1983914.0 0.0 1947387.0 0.0 1949785.0
7951291.0 8000.0 0.0 1961500.0 0.0 2916.0 0.0 2004823.0 0.0 2016881.0 0.0 1965171.0
11805266.0 8000.0 0.0 3949150.0 0.0 1920829.0 0.0 1991762.0 19.668106928637837 2003720.3318930715 0.0 1939785.0
11786797.0 8000.0 0.0 1949411.0 0.0 1991393.0 0.0 1952597.0 0.0 2005119.0 0.0 3888277.0
3156355.1206459687 8000.0 0.0 2915.0 0.0 0.0 2743.9202669649258 195.07973303507436 2695.1724914686115 219.8275085313884 2725.149861836239 3144860.970784133
16717866.87935403 8000.0 6720888.999540474 11945.879813557296 0.0 3943283.0 0.0 1922463.0 0.0 2038586.0 0.0 2080700.0
9713957.0 8000.0 0.0 1784970.0 0.0 2065207.0 0.0 1916502.0 0.0 1973108.0 0.0 1974170.0
9906250.0 8000.0 0.0 2060851.0 0.0 1897068.0 0.0 1943199.0 0.0 2009445.0 0.0 1995687.0
11744676.0 8000.0 0.0 1832093.0 0.0 2011520.0 0.0 1968086.0 0.0 3940305.0 0.0 1992672.0
9876528.0 8000.0 0.0 1996289.0 0.0 1971460.0 0.0 2912.0 0.0 3912305.0 0.0 1993562.0
9822443.0 8000.0 0.0 2002696.0 0.0 1914577.0 0.0 1983247.0 0.0 2913.0 0.0 3919010.0
7854420.0 8000.0 0.0 2011532.0 0.0 2001299.0 0.0 1940756.0 0.0 1897921.0 0.0 2912.0
