s_bytes_all avg_video_rate s_bytes_all_#1 s_bytes_all_#2 s_bytes_all_#3 s_bytes_all_#4 s_bytes_all_#5 s_bytes_all_#6 s_bytes_all_#7 s_bytes_all_#8 s_bytes_all_#9 s_bytes_all_#10
5193024.0 2720.0 0.0 0.0 0.0 0.0 0.0 0.0 17282.81600446559 2203779.707873695 1248846.9736144128 1723114.5025074263
8952199.0 7400.0 0.0 1183526.0 24.0 1706941.0 0.0 2117497.0 0.0 1952712.0 0.0 1991499.0
11658964.0 8000.0 0.0 2099224.0 0.0 1799903.0 0.0 1908920.0 0.0 3812113.0 0.0 2038804.0
9829697.0 8000.0 0.0 1889244.0 0.0 1957960.0 0.0 2014983.0 0.0 2016242.0 0.0 1951268.0
9712450.0 8000.0 0.0 1854245.0 0.0 1965365.0 0.0 1975430.0 0.0 2195185.0 0.0 1722225.0
11728343.0 8000.0 0.0 1897750.0 0.0 3991606.0 0.0 1944617.0 0.0 1922669.0 21.841835148151947 1971679.158164852
9865239.0 8000.0 0.0 2913.0 0.0 3935713.0 0.0 1953853.0 0.0 1947935.0 0.0 2024825.0
9647092.0 8000.0 0.0 1880024.0 0.0 1969806.0 0.0 2913.0 0.0 3784375.0 0.0 2009974.0
9959098.0 8000.0 0.0 1970360.0 0.0 2915.0 0.0 3864267.0 0.0 2136943.0 0.0 1984613.0
11683540.755976692 8000.0 19.48842612544955 1960381.5115738744 0.0 1982234.0 0.0 1970662.0 0.0 4102764.0 0.0 1667479.7559766923
7848293.244023307 8000.0 112573.24402330736 2917.0 0.0 3887338.0 0.0 2001164.0 0.0 1841387.0 0.0 2914.0
11670384.0 8000.0 0.0 1974318.0 1183150.298942255 844448.701057745 1162068.6761795874 846230.3238204126 1513264.6288718032 121713.18241219656 2103962.188716 1921228.0
9698438.0 8000.0 0.0 2910.0 0.0 1956151.0 0.0 2079361.0 0.0 3811623.0 0.0 1848393.0
9878708.0 8000.0 0.0 2154762.0 19.480976547420298 1917650.519023453 0.0 2024166.0 0.0 1908380.0 0.0 1873730.0
9937844.0 8000.0 0.0 2002696.0 0.0 1942062.0 0.0 2111400.0 0.0 1802122.0 0.0 2079564.0
9673485.0 8000.0 0.0 1928287.0 0.0 2054094.0 0.0 1814300.0 0.0 2034251.0 0.0 1842553.0
11827767.0 8000.0 0.0 2171218.0 0.0 3667560.675017826 126638.32498217352 2915.0 0.0 1985250.0 18.06035820381647 3874166.939641796
10001851.0 8000.0 0.0 2122323.0 0.0 1928757.0 0.0 1904185.0 0.0 2091996.0 0.0 1954590.0
9384360.814043583 8000.0 0.0 1872171.0 0.0 2114868.0 0.0 2100083.0 0.0 1618654.0 0.0 1678584.814043583
10121580.185956417 8000.0 479581.18595641694 1888498.0 0.0 1876821.0 0.0 1956288.0 0.0 2006827.0 0.0 1913565.0
12000753.0 8000.0 0.0 2090807.0 0.0 3816791.0 0.0 2915.0 0.0 4001752.0 0.0 2088488.0
7841146.0 8000.0 0.0 2914.0 0.0 1829953.0 0.0 1974306.0 0.0 1887173.0 0.0 2146800.0
9709130.0 8000.0 0.0 3832100.0 0.0 1918636.0 0.0 2064213.0 0.0 1891270.0 0.0 2911.0
11582735.0 8000.0 0.0 3474314.569792825 364545.4302071756 1826012.0 0.0 2147043.0 0.0 1869268.0 0.0 1901552.0
12023568.0 8000.0 0.0 2107914.0 0.0 1936539.0 0.0 2083102.0 0.0 1838942.0 0.0 4057071.0
9536987.0 8000.0 0.0 1716553.0 0.0 2034603.0 0.0 1989639.0 0.0 1964269.0 0.0 1831923.0
7696348.0 8000.0 0.0 1830578.0 0.0 1889625.0 0.0 2016013.0 0.0 2919.0 1158107.1958162377 799105.8041837625
9896544.0 8000.0 1191299.3775609222 822728.6224390779 1912420.0 9140.57537660121 1961971.4246233988 2021907.0 0.0 1974162.0 0.0 2915.0
11790486.0 8000.0 0.0 3964260.0 0.0 1890849.0 0.0 1894609.0 0.0 2053699.0 0.0 1987069.0
11520130.550278954 8000.0 0.0 3721175.0 0.0 2916.0 21.272591520971552 3946171.727408479 0.0 2914.0 0.0 3846932.550278953
