s_bytes_all avg_video_rate s_bytes_all_#1 s_bytes_all_#2 s_bytes_all_#3 s_bytes_all_#4 s_bytes_all_#5 s_bytes_all_#6 s_bytes_all_#7 s_bytes_all_#8 s_bytes_all_#9 s_bytes_all_#10
1580438.6686067027 4400.0 0.0 0.0 0.0 0.0 0.0 0.0 0.0 444284.8372384292 734781.1627615707 401372.66860670265
15497394.73265148 5900.0 2382357.8266587225 3821210.604211005 1340123.9502435764 839626.9502799931 2041777.0 19716.833524180227 1978555.16647582 20803.683783650693 1930613.3162163491 1122609.4012581822
9589941.511169905 8000.0 616378.5987418176 1332350.2385736906 642969.7614263092 1537554.540144544 467574.4598554558 1033199.4547115348 1020130.5452884652 1286235.6643286487 643283.3356713512 1010264.912428085
10519908.656753443 8000.0 1013698.0875719152 1424307.469587334 510744.5304126661 638607.04518476 1360642.95481524 1410660.130125753 2603003.869874247 2911.0 0.0 1555333.5691815277
10690181.161151906 8000.0 2160891.4308184725 760373.7482560906 1403599.2517439094 1045980.6186787012 897831.3813212989 794152.1243290409 1112908.8756709592 855038.3524503489 1059048.647549651 600356.7303334343
10659018.574234502 8000.0 1458805.2696665656 888361.4553607865 1130971.5446392137 790225.2422431641 1091831.757756836 1027339.4359968568 1016218.5640031432 794112.1480412486 1178527.8519587514 1282625.304567937
9278801.701983502 8000.0 770407.6954320631 800084.9747931873 1064376.025206813 519349.2494420729 1531431.7505579272 566914.8987205693 1412375.1012794308 960004.0318994414 884209.9681005586 769648.0065514381
10196120.455655564 8000.0 1178338.993448562 873057.5651185565 963971.4348814434 892108.4658743686 1245027.5341256314 777735.2928269634 1149550.7071730366 715507.9464964708 1286462.0535035292 1114360.4622070028
11879696.715444984 8000.0 844735.5377929972 671617.6448643092 1332853.355135691 919930.1006985798 1002788.2563357304 980902.9629338696 903017.6800318202 1013242.4755806224 3111700.5244193776 1098908.1776519858
9789748.58074543 8000.0 791521.8223480142 729762.526005083 1259322.473994917 956465.400943332 990635.5990566682 729904.2535573655 1268454.7464426344 785756.5512071535 1202869.4487928466 1075055.7583974162
9398506.559902908 8000.0 913756.2416025836 722893.3118864016 1199983.6881135984 20787.84397269574 1937389.156027304 778051.7620965531 1197785.237903447 1409438.939761388 610316.0602386119 608104.3183003233
10204354.13813124 8000.0 1411042.681699677 1116863.8058946787 795549.1941053213 882081.427482041 1102649.5725179592 617422.6792619643 1312235.320738036 1554032.8290704852 402474.1709295148 1010002.4564315634
9945137.408382764 8000.0 861926.5435684366 1222237.0263261048 851151.9736738951 1194110.840217201 719007.1597827988 1179431.6866569864 896288.3133430138 1246501.076501182 709937.9234988181 1064544.8648143285
12014699.489862865 8000.0 878649.1351856714 1168386.812476942 769848.1875230583 872221.2887701616 1097635.7112298382 897737.590512462 1047549.4094875382 940369.4868436712 2891505.5131563284 1450796.3546771903
9502113.827062508 8000.0 693060.6453228095 986316.1151776516 1001240.8848223484 1221610.5298825845 736267.4701174154 508923.9540818852 1475188.0459181147 1057592.2737264764 914868.7262735238 907045.1817396984
9812428.323870398 8000.0 1008721.8182603016 1319955.0442849863 632160.9557150138 625079.3680362641 1334822.631963736 1627230.2214014612 391157.7785985388 673174.0247970102 1311147.9752029898 888978.5056100973
9841852.709454205 8000.0 994224.4943899028 823416.3535903236 1181067.6464096764 862836.7664167965 1120914.2335832035 703210.2864388647 1339847.713561135 1296984.0387552958 644335.9612447043 875015.215064301
10125422.578226255 8000.0 1016726.784935699 1552652.3748699338 436775.6251300662 1303818.111226548 578428.888773452 998660.0246294404 1094151.9753705596 1252798.3793767048 745288.6206232952 1146121.7932905597
11319341.37884031 8000.0 832616.2067094406 1053396.03174287 810500.96825713 1131676.5293270242 2931202.470672976 849.984380505249 1384594.196841027 425157.275894893 2163784.542883575 585563.1721308704
10694329.317059794 8000.0 1256740.8278691296 794849.321671129 1229466.678328871 989023.972076394 928597.027923606 1677042.032321366 349894.96767863404 1041145.1813409516 863527.8186590483 1564041.4891906653
9390552.340425877 8000.0 497011.5108093346 1599728.207606822 328712.79239317804 1346286.94734902 636617.0526509798 1436881.3105074586 597307.6894925415 1158445.359497407 718260.640502593 1071300.8296165434
9860003.528073443 8000.0 883154.1703834565 919344.6001455032 1104916.399854497 1144572.8830443365 820177.1169556634 1037527.4921138498 780287.5078861503 1044441.388054584 1013360.611945416 1112221.3576899862
10728856.642310014 8000.0 868532.6423100135 828071.8824224111 3140768.117577589 2909.0 0.0 1195988.5644018746 710358.4355981254 790299.6900987559 3189017.309901244 2911.0
8943986.27205196 8000.0 0.0 619650.0071305814 3388757.9928694186 1277460.7023862654 614243.2976137346 2913.0 0.0 1159533.1750302 826156.8249697998 1055271.27205196
11925008.225307038 8000.0 2919210.72794804 2909.0 0.0 846422.4192804145 3069822.580719585 977585.9642643572 999711.0357356428 1101839.9646406232 883398.0353593769 1124108.497358999
10597254.502641 8000.0 808831.5026410009 1202327.091760647 794022.9082393529 1184667.2128975098 2663458.7871024907 875782.6104873627 1144460.3895126374 1342413.9686549592 578379.0313450408 2911.0
9931159.0 8000.0 0.0 1206944.3295635637 819398.6704364363 1226410.7175482383 724783.2824517617 1821973.210789424 2134495.789210577 1276406.9579728614 717837.0420271389 2909.0
9391711.575679976 8000.0 0.0 1557772.5149249767 2358173.485075023 843013.7585612288 1155195.2414387711 715399.6291696271 1250078.370830373 2912.0 0.0 1509166.5756799765
10261236.424320024 8000.0 2430093.4243200235 1271840.0676046235 704426.9323953761 1155282.3353937368 778238.6646062633 1504890.024147022 497532.975852978 997666.7573625068 918354.2426374932 2911.0
9253591.636762952 8000.0 0.0 1100390.4485164229 932918.5514835768 1129763.086657053 802550.9133429467 794866.4060139611 1148160.593986039 1113154.558471026 926560.441528974 1305226.636762953
1521683.363237047 8000.0 1521683.363237047         
