s_bytes_all avg_video_rate s_bytes_all_#1 s_bytes_all_#2 s_bytes_all_#3 s_bytes_all_#4 s_bytes_all_#5 s_bytes_all_#6 s_bytes_all_#7 s_bytes_all_#8 s_bytes_all_#9 s_bytes_all_#10
9901331.0 4400.0 0.0 0.0 0.0 0.0 0.0 4554.835942925006 2621181.519192589 4217301.954836496 1169073.6723008682 1889219.0177271217
9788844.0 8000.0 30795.775198079813 1981926.22480192 29215.811034127742 1755268.1889658722 2020730.0 0.0 2023135.0 0.0 1947773.0 0.0
11002968.516935011 8000.0 2063932.0 0.0 1851980.0 0.0 2060736.0 0.0 1849165.0 1170914.632119939 879512.3678800609 1126728.516935013
8691912.483064987 8000.0 834554.483064987 1158581.352013802 825546.6479861981 1159076.9314625217 821036.0685374782 1139546.968786131 854974.0312138691 1108489.492467709 790106.5075322912 0.0
11801400.0 8000.0 2748797.674541558 1239738.6933350917 15041.63212335035 2021234.0 31361.433804411197 1826060.5661955888 28192.54999429997 2002635.4500057 31615.84451103443 1856722.1554889656
9902268.0 8000.0 30323.76848018265 1988915.2315198171 1944407.0 0.0 1928321.0 0.0 2023441.0 0.0 1986860.0 0.0
9884668.0 8000.0 1963132.0 0.0 1954580.0 0.0 1947742.0 0.0 2007042.0 0.0 2012172.0 0.0
10616724.143960385 8000.0 1894294.0 0.0 1845004.0 1171218.15264645 827296.8473535501 0.0 1842057.0 1075634.0894647432 836218.9105352568 1125001.1439603826
10749794.856039615 8000.0 853985.8560396173 1148141.1064072065 832183.8935927936 1159355.8237669503 840216.1762330498 1114503.9885059353 872281.0114940646 1136624.2526459896 894811.7473540104 1897691.0
7880473.0 8000.0 2917.0 0.0 1876098.0 0.0 3849901.7250060486 179170.27499395137 1682230.7929948978 287240.20700510213 2915.0 0.0
10936294.8096065 8000.0 1990218.0 0.0 1957348.0 0.0 1991030.0 0.0 1990523.0 1094531.506482981 841532.8699723964 1071111.4331511236
10796803.1903935 8000.0 903346.1903934996 2237863.5051418617 1739080.4948581385 0.0 1968144.0 0.0 1975659.0 0.0 1972710.0 0.0
10640988.40262532 8000.0 1972910.0 21.277429029613717 1972881.7225709704 1142190.8049570117 832667.1950429884 0.0 1843780.0 1012264.687863022 894170.3121369779 970102.4026253202
8627527.59737468 8000.0 774294.5973746798 1959739.0 0.0 912441.4540588774 1054895.5459411226 0.0 1932886.0 0.0 1993271.0 0.0
11876719.0 8000.0 1534273.953471706 1837862.46859448 540935.8363269763 1995301.7416068376 30277.84396517354 1958290.1560348263 31025.792076370457 1966228.2079236296 1982523.0 0.0
9216288.0 8000.0 1971692.0 0.0 1951799.6716068129 15040.328393187525 1968640.0 0.0 1964858.0 0.0 1344258.0 0.0
9942661.0 8000.0 2379841.0 0.0 1785076.0 0.0 1963704.0 0.0 1768353.0 21.89579974990313 2045665.10420025 0.0
9107495.729880316 8000.0 1919320.0 0.0 2099668.0 1056085.111832904 829517.8881670962 1186478.4497868132 908354.5502131868 0.0 2912.0 1105159.7298803169
11758876.576542668 8000.0 783139.2701196832 2041551.0 1923856.0 0.0 1999183.0 0.0 1884738.0 0.0 2084770.0 1041639.306422984
10726488.693577016 8000.0 805509.6935770162 2003441.020440684 15459.979559315823 1866098.7942032695 16330.205796730124 2048121.0 29360.231616233406 1938766.7683837663 1859010.786808401 144390.2131915987
9760975.0 8000.0 1995826.0 0.0 1894581.0 0.0 1875314.0 0.0 2100947.0 0.0 1894307.0 0.0
11645306.0787585 8000.0 2038055.0 0.0 1940488.0 0.0 1893428.0 0.0 2064617.0 0.0 1923386.0 1785332.0787584998
8997040.170345865 8000.0 170822.92124150007 21.529698511955527 1923962.470301488 1035769.9675541206 811510.0324458794 1136129.9142693095 893425.0857306905 1153821.3263502044 818621.6736497957 1052955.2491043657
10642011.750895634 8000.0 830517.7508956344 1102479.9070958402 851994.0929041598 1974652.0 29044.50712589288 1928671.492874107 31188.63969055677 1926052.3603094432 2672.7378322179343 1964738.262167782
10345747.0 8000.0 31810.01448253411 1749180.985517466 30181.822372706592 2053029.1776272932 2039058.0 0.0 2659.868835168187 1687704.566578376 2752122.5645864555 0.0
7144804.0 8000.0 1476161.0 0.0 1819604.0 0.0 1949930.0 0.0 2920.0 0.0 1896189.0 0.0
11958503.0 8000.0 1977377.0 1069162.6041063666 898951.3958936332 2012228.0 30924.42958968297 1958276.570410317 2039047.0 0.0 1972536.0 0.0
11143884.0 8000.0 1959121.0 0.0 1158444.0 0.0 2383463.0 961946.1766350024 795685.8233649979 956435.8163324316 772337.1836675681 2156451.0
9801766.0 8000.0 2914.0 1075501.8160881898 868223.18391181 1913134.0 30400.117631331283 1986351.882368669 28461.236543567928 1896514.763456432 29554.668847510136 1970710.3311524896
9797563.0 8000.0 30486.69636038113 1881186.303639619 2051900.0 0.0 1985445.0 0.0 1942752.0 0.0 1905793.0 0.0
