s_bytes_all avg_video_rate s_bytes_all_#1 s_bytes_all_#2 s_bytes_all_#3 s_bytes_all_#4 s_bytes_all_#5 s_bytes_all_#6 s_bytes_all_#7 s_bytes_all_#8 s_bytes_all_#9 s_bytes_all_#10
4987752.990034774 4400.0 0.0 0.0 0.0 0.0 0.0 0.0 0.0 6915.0 634245.6904708693 4346592.299563905
13112414.576540634 7550.0 3873905.023485477 747508.9864797487 2010308.0 24.0 2033334.0 0.0 1970742.0 496558.6757725676 1484782.3242274325 495251.5665754077
11778988.079659728 8000.0 1438608.4334245925 1984993.0 2636.594401544033 1966994.8598821536 1996171.5457163025 0.0 1982319.0 0.0 1955485.0 451779.64623513614
9908613.97612951 8000.0 1524514.353764864 514250.97260005947 1447069.0273999406 550880.6803328972 1434126.319667103 497021.8569953195 1439980.1430046803 1956495.4235907376 26938.57640926224 517336.6223646459
11319816.377635354 8000.0 1457733.3776353542 1970157.0 21408.28844647519 1923171.7115535247 20595.18662011365 1955409.8133798863 20317.073769206465 1969666.9262307936 20839.32065781581 1960517.679342184
9823655.29218132 8000.0 21438.05907979967 1925954.9409202004 1608261.9606645484 365559.0393354514 1941222.0958337951 5941.9041662049685 976334.1645078656 1006485.8354921342 1563284.443178274 409172.8490030477
9847655.70781868 8000.0 1983966.7078186783 0.0 1949834.0 0.0 1999291.0 0.0 1980587.0 0.0 1933977.0 0.0
10354802.683461549 8000.0 1981540.0 542394.8025545884 1464285.1974454117 0.0 0.0 3760715.192457071 185652.8075429288 510043.86697389785 1420599.133026102 489571.6834615474
10631393.662080243 8000.0 1443610.3165384524 522607.217331326 1683552.782668674 483472.27406013024 1357197.7259398696 500928.057674614 1471942.942325386 0.0 982644.1232523262 2185438.222289465
8437905.65445821 8000.0 698033.2003550755 1829939.4541031336 20987.643609547224 2065051.3563904527 21495.358769112478 1953387.6412308875 2917.0 0.0 1257516.744613554 588577.2553864459
11720326.0 8000.0 1936214.0 0.0 1972664.0 455619.0602163569 1520075.939783643 499593.5413297486 1471519.4586702513 1864523.0 21201.151471110574 1978915.8485288892
10040214.0 8000.0 683460.8871769366 1326462.1128230635 1148121.6082364935 752317.3917635063 2227232.0 0.0 1768748.0 0.0 2133872.0 0.0
10032777.537582755 8000.0 1798152.0 0.0 0.0 0.0 2917.0 444912.4359214183 3816561.3319780855 1960466.735110692 1614988.4969898048 394779.5375827558
10526460.004022622 8000.0 1347749.4624172442 11.687499145640954 1943419.3125008545 0.0 2022657.0 0.0 1453361.0432768343 193214.95672316573 1469187.2579957407 2096859.283609638
10025411.45839462 8000.0 604426.5495893523 1897584.9088052688 1804.748979358494 1703903.2510206415 20605.899914804413 2200020.100085196 1209139.75849493 666974.2415050701 5117.612142676236 1715834.3878573235
9924198.0 8000.0 859928.9497734809 1108126.0502265191 643929.8631069603 1375806.1368930396 1797354.0 0.0 2077730.684916976 38612.315083024165 1732763.8874440817 289946.11255591817
9721436.0 8000.0 1911452.0 0.0 1989973.0 0.0 1895354.0 0.0 1762954.4796503512 274357.5203496488 1887345.0 0.0
9696898.0 8000.0 1668784.6642318196 216223.79724361052 1769288.986541707 32184.55198286299 2073571.0 0.0 2917.0 511630.5598712803 1497871.4401287197 1924426.0
10311863.785112783 8000.0 20546.210982042125 1879806.7890179576 2109591.0 0.0 1962388.0 0.0 1735730.0 0.0 2106407.0 497394.7851127848
11337906.214887217 8000.0 1484391.214887215 446599.04626475833 1317397.9537352417 2063402.0 1792.4374169410237 2028575.562583059 670947.8613742325 1288979.1386257673 472832.806191796 1562988.193808204
9604978.0 8000.0 1239086.1813583383 611758.8186416618 1503208.8032859876 439526.1967140124 1720190.7039400514 400324.2960599487 1942073.0 0.0 1748810.0 0.0
10381332.282194104 8000.0 1957842.0 0.0 1913848.0 0.0 2000458.0 0.0 1910999.0 0.0 2102001.0 496184.2821941031
11198592.717805896 8000.0 1429942.717805897 496233.27557746967 1520834.7244225305 558804.4652287944 1428993.5347712056 477010.73221278295 1455282.267787217 530865.4559536093 1479647.5440463908 1820978.0
9704939.0 8000.0 2920.0 548107.8108283433 1565292.1891716567 1935495.0 1797.677864240026 1802381.32213576 1751.9598478980818 1986731.172810546 43267.686950093565 1817194.1803914623
9986080.0 8000.0 1808.7580994585437 1892008.2419005411 0.0 979043.9879111276 2033813.803892857 1056630.208196015 2912.0 0.0 3517410.620443108 502452.3795568923
8283087.876668577 8000.0 660028.2113260999 1262676.7886739 1797206.1741877254 252263.82581227456 0.0 0.0 1958893.0 488448.8756552149 1379997.124344785 483573.8766685777
11320239.123331422 8000.0 1420589.1233314222 2074665.0 2585.427114933573 1916953.5728850665 21380.49650951813 1906651.5034904815 1998191.0 0.0 1979223.0 0.0
9595764.0 8000.0 2009665.0 0.0 2052342.0 557810.5170261585 1457702.4829738415 431690.7665595941 1238849.2334404057 472217.5675987789 1375486.432401221 0.0
11703275.0 8000.0 1232110.0397161264 1802581.4003764056 642752.8610244053 2035414.6988830625 21078.92511832996 1996281.07488167 4996.215388290619 1971988.7846117092 20989.471981138733 1975081.5280188613
9698102.0 8000.0 1569205.664342343 366033.3356576567 1735167.5123161003 246575.4876838996 1907056.0 0.0 1144137.184771391 867403.8152286089 864266.4680469513 998256.5319530484
