s_bytes_all avg_video_rate s_bytes_all_#1 s_bytes_all_#2 s_bytes_all_#3 s_bytes_all_#4 s_bytes_all_#5 s_bytes_all_#6 s_bytes_all_#7 s_bytes_all_#8 s_bytes_all_#9 s_bytes_all_#10
6700445.166110428 4400.0 0.0 0.0 0.0 0.0 0.0 6917.0 1002561.4075917284 1845118.7555697488 2210459.893288556 1635388.109660395
12153826.833889572 6650.0 724395.3382686342 2318655.936125212 613286.169711147 589782.3897845794 1516686.976887784 547187.023112216 329474.1628741656 1454733.8371258343 2261646.097930371 1797978.9020696294
7407398.0 8000.0 1409087.4219684924 526298.5780315076 2915.0 0.0 1243116.3946653751 646849.6053346248 1280270.112257528 712622.8877424719 1586238.0 0.0
10067152.0 8000.0 1495331.2106977014 689127.7893022987 1826603.0 0.0 2792550.794132688 1254682.2058673124 709809.4997622473 1263381.500237753 35666.0 0.0
11729162.0 8000.0 1308786.8800628097 1342245.9979803956 135893.03689253115 2428743.59646937 634044.4885948932 1863111.0 461712.197107285 990082.8350096876 2564541.967883027 0.0
9748457.0 8000.0 1090193.3171363054 883399.6828636947 35907.0 0.0 3557424.8304774696 388091.1695225308 2911.0 0.0 2393071.277891864 1397458.722108136
9679631.0 8000.0 2684943.6346541285 861338.3653458717 1326879.6340292054 794828.3659707946 2912.0 0.0 1814734.2743002467 241858.72569975333 1734929.8824567618 217206.1175432382
11726319.0 8000.0 1658348.26015749 326554.73984251014 625224.0986166943 1556195.7213748929 3659776.180008413 0.0 749951.809963505 1227371.190036495 1500848.41485082 422048.58514918
9925153.0 8000.0 1154907.394944479 806954.605055521 728076.8617394345 1320901.1382605657 2913.0 0.0 2704775.1628021067 1296847.8371978933 739163.1297918663 1170613.8702081337
7688867.0 8000.0 1170638.122553327 726571.877446673 947343.2843147124 1072336.7156852875 502168.7582583293 975435.8201419892 1619940.7348289397 671517.686770742 2914.0 0.0
10655721.0 6571.428571428572 2224286.717466693 1798728.2825333069 1221311.3238298 721208.6761702002 35919.0 183669.33835828048 2300485.472945061 948985.2357325134 839247.8436142623 381879.1093498828
10355139.0 7166.666666666667 772037.0 0.0 1994617.0 0.0 1818035.220063634 1037625.512601039 1010056.267335327 0.0 1603986.807395224 2118781.192604776
8012885.0 8000.0 849214.8319493178 1315175.168050682 0.0 1949327.317736835 835500.2883122731 1141959.393950892 2915.0 0.0 1785149.1423505775 133643.85764942222
11480153.0 8000.0 2096107.58339206 1718053.41660794 1076007.2563792798 890387.7436207203 1066832.6726386305 929708.3273613696 763651.2573242435 854048.7426757565 879028.4713725395 1206327.5286274604
9329851.102761852 8000.0 975928.7643297234 968606.2356702766 995475.2375410196 1073627.7624589803 23484.780104673853 12295.219895326149 3012597.522229026 886554.4777709738 408555.9754509884 972725.127310863
9699297.795501836 8000.0 1627851.9923322697 904544.9049058788 1700951.1525517954 2277081.8474482046 777070.9269913762 1108454.073008624 2916.0 0.0 294697.19354076264 1005729.7047229242
10614526.101736313 8000.0 1772689.8229399836 2939530.2787963296 481060.2973505684 1187143.6537113218 1089930.8127435714 1122012.236194539 1150137.0267818873 836276.973218113 27515.148448092947 8229.851551907055
5723002.0 8000.0 2424632.5350304786 1389825.4649695216 1033002.5136433028 869701.4863566973 0.0 0.0 2920.0 0.0 2920.0 0.0
15275710.0 8000.0 5399635.860066116 2246503.139933885 951207.9229458796 949948.0770541204 782670.3622380176 1071018.7488043862 1310959.9074153109 855375.9815422852 1096836.8111540426 611553.1888459575
8359369.0 8000.0 1607810.672084124 579200.3279158759 1167547.587092833 801948.4129071672 789227.696218603 1034889.303781397 2914.0 0.0 1544264.2139695832 831566.7860304168
9658830.113430897 8000.0 830765.1051446287 266569.89485537127 915393.1784056126 1723080.8215943873 0.0 1260176.0 2738474.0402704864 1080371.9597295136 181001.8801627565 662997.2332681407
10333380.23277187 8000.0 2233678.6336201318 849044.2529489716 774164.5110949007 1169987.4889050997 1292260.5090020015 671843.4909979984 2915.0 0.0 1976239.5403100809 1363246.8058926847
10277527.653797235 8000.0 1380690.3916973958 1080111.2620998383 2913.0 0.0 1970937.7833686264 663562.5238324794 2645675.310999832 539019.3817990625 1317395.9714493903 677222.0285506098
9919143.0 8000.0 234519.42536206037 867670.5828679558 1712346.3175560362 1095309.6742139475 923084.3723170706 1040909.6276829292 438011.3696260307 1065404.5412038611 1194261.388823719 1347625.700346389
9636585.0 8000.0 923181.6113846548 970764.3886153452 9483.151884392211 2017502.848115608 1000173.3600092214 861675.6399907786 1046950.6899169488 971341.3100830512 679608.6612550111 1155903.338744989
11764424.0 8000.0 1334521.478612266 648547.521387734 1979176.0 0.0 1380682.0379066444 335812.9620933556 2147379.0 0.0 2532512.7997614257 1405792.2002385743
7900324.0 8000.0 432123.0740880836 827540.7048285287 1933663.7957828816 732940.8316340236 1073518.263592537 915604.3300739452 2917.0 0.0 1982016.0 0.0
11818076.0 8000.0 1572380.8697619084 403021.1302380916 2766849.986952843 1002613.0130471569 842374.6876876407 1250098.3123123597 1178266.5247109125 797144.4752890876 799503.8378129498 1205823.1621870503
9573881.0 8000.0 541586.2700994423 1374367.7299005575 1268845.180436551 751684.8195634488 1236531.9153865448 596820.0846134552 1390407.2135689575 330324.7864310425 19596.79454068598 2063716.205459314
11691374.0 8000.0 1080686.2219174227 826849.778082577 231268.13165461383 819488.9516158097 1858122.9622536893 917403.9544758868 1936898.5309589747 190451.46904102515 725214.5319956472 3104989.468004353
