ts te s_bytes_all avg_video_rate
0.0 10000.0 5193024.0 2720.0
10000.0 20000.0 8952199.0 7400.0
20000.0 30000.0 11658964.0 8000.0
30000.0 40000.0 9829697.0 8000.0
40000.0 50000.0 9712450.0 8000.0
50000.0 60000.0 11728343.0 8000.0
60000.0 70000.0 9865239.0 8000.0
70000.0 80000.0 9647092.0 8000.0
80000.0 90000.0 9959098.0 8000.0
90000.0 100000.0 11683540.755976692 8000.0
100000.0 110000.0 7848293.244023307 8000.0
110000.0 120000.0 11670384.0 8000.0
120000.0 130000.0 9698438.0 8000.0
130000.0 140000.0 9878708.0 8000.0
140000.0 150000.0 9937844.0 8000.0
150000.0 160000.0 9673485.0 8000.0
160000.0 170000.0 11827767.0 8000.0
170000.0 180000.0 10001851.0 8000.0
180000.0 190000.0 9384360.814043583 8000.0
190000.0 200000.0 10121580.185956417 8000.0
200000.0 210000.0 12000753.0 8000.0
210000.0 220000.0 7841146.0 8000.0
220000.0 230000.0 9709130.0 8000.0
230000.0 240000.0 11582735.0 8000.0
240000.0 250000.0 12023568.0 8000.0
250000.0 260000.0 9536987.0 8000.0
260000.0 270000.0 7696348.0 8000.0
270000.0 280000.0 9896544.0 8000.0
280000.0 290000.0 11790486.0 8000.0
290000.0 300000.0 11520130.550278954 8000.0
