ts te s_bytes_all avg_video_rate
0.0 10000.0 5248534.131076686 4400.0
10000.0 20000.0 12064696.868923314 6650.0
20000.0 30000.0 9994821.0 8000.0
30000.0 40000.0 9529707.0 8000.0
40000.0 50000.0 9372973.0 8000.0
50000.0 60000.0 11439601.0 8000.0
60000.0 70000.0 9335739.0 8000.0
70000.0 80000.0 11778270.0 8000.0
80000.0 90000.0 9487932.0 8000.0
90000.0 100000.0 9576024.0 8000.0
100000.0 110000.0 9588533.0 8000.0
110000.0 120000.0 9951986.0 8000.0
120000.0 130000.0 9794162.569344645 8000.0
130000.0 140000.0 9903141.430655355 8000.0
140000.0 150000.0 11795954.0 8000.0
150000.0 160000.0 9797495.0 8000.0
160000.0 170000.0 11622597.0 8000.0
170000.0 180000.0 9533412.0 8000.0
180000.0 190000.0 10048063.0 8000.0
190000.0 200000.0 9689435.0 8000.0
200000.0 210000.0 9755766.0 8000.0
210000.0 220000.0 9866359.0 8000.0
220000.0 230000.0 11823892.0 8000.0
230000.0 240000.0 7879227.0 8000.0
240000.0 250000.0 11472397.0 8000.0
250000.0 260000.0 9830422.0 8000.0
260000.0 270000.0 9914620.0 8000.0
270000.0 280000.0 11485982.0 8000.0
280000.0 290000.0 9931693.0 8000.0
290000.0 300000.0 9843215.0 8000.0
300000.0 310000.0 0.0 0.0
