ts te s_bytes_all avg_video_rate
0.0 10000.0 8338241.638544839 4400.0
10000.0 20000.0 9221464.361455161 7400.0
20000.0 30000.0 11807445.0 8000.0
30000.0 40000.0 9733534.0 8000.0
40000.0 50000.0 9898586.0 8000.0
50000.0 60000.0 9867295.0 8000.0
60000.0 70000.0 9948266.0 8000.0
70000.0 80000.0 11684907.0 8000.0
80000.0 90000.0 9825450.0 8000.0
90000.0 100000.0 9817834.0 8000.0
100000.0 110000.0 9893075.0 8000.0
110000.0 120000.0 9682723.0 8000.0
120000.0 130000.0 12076384.0 8000.0
130000.0 140000.0 6631526.0 8000.0
140000.0 150000.0 9784465.0 8000.0
150000.0 160000.0 9996212.0 8000.0
160000.0 170000.0 11131427.243015967 8000.0
170000.0 180000.0 10147918.018120216 8000.0
180000.0 190000.0 10214793.738863816 8000.0
190000.0 200000.0 9929387.0 8000.0
200000.0 210000.0 9942813.0 8000.0
210000.0 220000.0 9697168.0 8000.0
220000.0 230000.0 11579669.0 8000.0
230000.0 240000.0 10022046.0 8000.0
240000.0 250000.0 9850904.0 8000.0
250000.0 260000.0 9951813.0 8000.0
260000.0 270000.0 11673074.0 8000.0
270000.0 280000.0 9779282.0 8000.0
280000.0 290000.0 9870806.0 8000.0
290000.0 300000.0 9912021.0 8000.0
300000.0 310000.0 0.0 0.0
