ts te s_bytes_all avg_video_rate
0.0 10000.0 257925.36096730852 288.0
10000.0 20000.0 7262846.639032692 3507.3333333333335
20000.0 30000.0 10986595.670878366 8000.0
30000.0 40000.0 10496507.329121634 8000.0
40000.0 50000.0 6884334.079279922 8000.0
50000.0 60000.0 9495372.63015212 8000.0
60000.0 70000.0 11766523.069611168 8000.0
70000.0 80000.0 12539568.220956791 8000.0
80000.0 90000.0 6098332.0 6200.0
90000.0 100000.0 6243912.0 8000.0
100000.0 110000.0 7143753.0 3547.0
110000.0 120000.0 9775504.0 8000.0
120000.0 130000.0 11820400.0 8000.0
130000.0 140000.0 3986561.0 8000.0
140000.0 150000.0 15713264.0 8000.0
150000.0 160000.0 9909552.0 8000.0
160000.0 170000.0 9785432.0 8000.0
170000.0 180000.0 10004243.0 8000.0
180000.0 190000.0 11636199.0 8000.0
190000.0 200000.0 7951291.0 8000.0
200000.0 210000.0 11805266.0 8000.0
210000.0 220000.0 11786797.0 8000.0
220000.0 230000.0 3156355.1206459687 8000.0
230000.0 240000.0 16717866.87935403 8000.0
240000.0 250000.0 9713957.0 8000.0
250000.0 260000.0 9906250.0 8000.0
260000.0 270000.0 11744676.0 8000.0
270000.0 280000.0 9876528.0 8000.0
280000.0 290000.0 9822443.0 8000.0
290000.0 300000.0 7854420.0 8000.0
300000.0 310000.0 0.0 0.0
