ts te s_bytes_all avg_video_rate
0.0 10000.0 5256039.376263365 4400.0
10000.0 20000.0 12212208.623736635 6400.0
20000.0 30000.0 11755093.0 8000.0
30000.0 40000.0 9814060.0 8000.0
40000.0 50000.0 9063786.30185775 8000.0
50000.0 60000.0 10183164.69814225 8000.0
60000.0 70000.0 10350361.923579888 8000.0
70000.0 80000.0 10853409.694974706 8000.0
80000.0 90000.0 9447461.622166235 8000.0
90000.0 100000.0 10088939.759279171 8000.0
100000.0 110000.0 9731835.54818238 8000.0
110000.0 120000.0 11210356.30696196 8000.0
120000.0 130000.0 8159041.144855661 8000.0
130000.0 140000.0 11745587.0 8000.0
140000.0 150000.0 9878274.0 8000.0
150000.0 160000.0 9595597.0 8000.0
160000.0 170000.0 9673819.182373952 8000.0
170000.0 180000.0 11130173.014498511 8000.0
180000.0 190000.0 10630451.803127537 8000.0
190000.0 200000.0 9517688.0 8000.0
200000.0 210000.0 11368385.0 8000.0
210000.0 220000.0 9824265.0 8000.0
220000.0 230000.0 8740593.0 8000.0
230000.0 240000.0 7521080.0 8000.0
240000.0 250000.0 10737193.0 8000.0
250000.0 260000.0 9357728.926174281 8000.0
260000.0 270000.0 11776808.073825719 8000.0
270000.0 280000.0 10065458.0 8000.0
280000.0 290000.0 9694329.0 8000.0
290000.0 300000.0 9631263.0 8000.0
300000.0 310000.0 0.0 0.0
