ts te s_bytes_all avg_video_rate
0.0 10000.0 1995213.1801884915 2300.0
10000.0 20000.0 11770180.819811508 5272.727272727273
20000.0 30000.0 11364679.0 8000.0
30000.0 40000.0 10066983.0 8000.0
40000.0 50000.0 9052675.931827191 8000.0
50000.0 60000.0 12267006.068172809 8000.0
60000.0 70000.0 9715346.0 8000.0
70000.0 80000.0 9797869.0 8000.0
80000.0 90000.0 9729696.0 8000.0
90000.0 100000.0 11915202.0 8000.0
100000.0 110000.0 9722234.0 8000.0
110000.0 120000.0 7776331.713868682 8000.0
120000.0 130000.0 11792927.286131317 8000.0
130000.0 140000.0 9786211.074739521 8000.0
140000.0 150000.0 9681688.92526048 8000.0
150000.0 160000.0 11794592.469617255 8000.0
160000.0 170000.0 9932260.530382745 8000.0
170000.0 180000.0 9335881.077795992 8000.0
180000.0 190000.0 10055884.92220401 8000.0
190000.0 200000.0 10045267.0 8000.0
200000.0 210000.0 11784704.0 8000.0
210000.0 220000.0 9758795.0 8000.0
220000.0 230000.0 9800699.0 8000.0
230000.0 240000.0 11837475.0 8000.0
240000.0 250000.0 9421052.761502048 8000.0
250000.0 260000.0 10173104.238497952 8000.0
260000.0 270000.0 9626626.0 8000.0
270000.0 280000.0 9713386.0 8000.0
280000.0 290000.0 11192621.562488457 8000.0
290000.0 300000.0 10295945.437511543 8000.0
300000.0 310000.0 0.0 0.0
