ts te s_bytes_all avg_video_rate
0.0 10000.0 8679377.0 4400.0
10000.0 20000.0 8673931.0 7400.0
20000.0 30000.0 9996728.0 8000.0
30000.0 40000.0 9825445.0 8000.0
40000.0 50000.0 9876622.0 8000.0
50000.0 60000.0 7200513.95476377 8000.0
60000.0 70000.0 14402809.04523623 8000.0
70000.0 80000.0 9750848.0 8000.0
80000.0 90000.0 9710954.0 8000.0
90000.0 100000.0 11838347.0 8000.0
100000.0 110000.0 9639692.0 8000.0
110000.0 120000.0 9824770.0 8000.0
120000.0 130000.0 9955874.0 8000.0
130000.0 140000.0 9743052.0 8000.0
140000.0 150000.0 11728463.0 8000.0
150000.0 160000.0 9736573.0 8000.0
160000.0 170000.0 9964154.0 8000.0
170000.0 180000.0 9761112.0 8000.0
180000.0 190000.0 9739875.0 8000.0
190000.0 200000.0 11799686.0 8000.0
200000.0 210000.0 8974954.165945262 8000.0
210000.0 220000.0 10561647.834054738 8000.0
220000.0 230000.0 9686263.0 8000.0
230000.0 240000.0 9760657.0 8000.0
240000.0 250000.0 11895479.0 8000.0
250000.0 260000.0 9749747.0 8000.0
260000.0 270000.0 9704870.0 8000.0
270000.0 280000.0 9893945.0 8000.0
280000.0 290000.0 11780326.0 8000.0
290000.0 300000.0 9841281.0 8000.0
300000.0 310000.0 0.0 0.0
