ts te s_bytes_all avg_video_rate
0.0 10000.0 4987752.990034774 4400.0
10000.0 20000.0 13112414.576540634 7550.0
20000.0 30000.0 11778988.079659728 8000.0
30000.0 40000.0 9908613.97612951 8000.0
40000.0 50000.0 11319816.377635354 8000.0
50000.0 60000.0 9823655.29218132 8000.0
60000.0 70000.0 9847655.70781868 8000.0
70000.0 80000.0 10354802.683461547 8000.0
80000.0 90000.0 10631393.662080243 8000.0
90000.0 100000.0 8437905.65445821 8000.0
100000.0 110000.0 11720326.0 8000.0
110000.0 120000.0 10040214.0 8000.0
120000.0 130000.0 10032777.537582755 8000.0
130000.0 140000.0 10526460.004022622 8000.0
140000.0 150000.0 10025411.45839462 8000.0
150000.0 160000.0 9924198.0 8000.0
160000.0 170000.0 9721436.0 8000.0
170000.0 180000.0 9696898.0 8000.0
180000.0 190000.0 10311863.785112785 8000.0
190000.0 200000.0 11337906.214887215 8000.0
200000.0 210000.0 9604978.0 8000.0
210000.0 220000.0 10381332.282194104 8000.0
220000.0 230000.0 11198592.717805896 8000.0
230000.0 240000.0 9704939.0 8000.0
240000.0 250000.0 9986080.0 8000.0
250000.0 260000.0 8283087.876668577 8000.0
260000.0 270000.0 11320239.123331422 8000.0
270000.0 280000.0 9595764.0 8000.0
280000.0 290000.0 11703275.0 8000.0
290000.0 300000.0 9698102.0 8000.0
300000.0 310000.0 0.0 0.0
