ts te s_bytes_all avg_video_rate
0.0 10000.0 8791213.128020681 4400.0
10000.0 20000.0 10972552.354817059 7485.714285714285
20000.0 30000.0 9844147.241470136 8000.0
30000.0 40000.0 11821181.822417306 8000.0
40000.0 50000.0 9873497.45327482 8000.0
50000.0 60000.0 9859112.577042673 8000.0
60000.0 70000.0 9822640.435258405 8000.0
70000.0 80000.0 9856517.122971976 8000.0
80000.0 90000.0 11779456.679482961 8000.0
90000.0 100000.0 9927351.50775642 8000.0
100000.0 110000.0 9823066.435425082 8000.0
110000.0 120000.0 9842798.460671056 8000.0
120000.0 130000.0 11727896.523318306 8000.0
130000.0 140000.0 9938825.721786985 8000.0
140000.0 150000.0 9835673.960938863 8000.0
150000.0 160000.0 8003348.130214597 8000.0
160000.0 170000.0 13619403.908737186 8000.0
170000.0 180000.0 7927796.081074666 8000.0
180000.0 190000.0 11671164.472108295 8000.0
190000.0 200000.0 9994241.505988631 8000.0
200000.0 210000.0 9828571.062235879 8000.0
210000.0 220000.0 9954679.5518083 8000.0
220000.0 230000.0 9744106.486618832 8000.0
230000.0 240000.0 11856924.416588854 8000.0
240000.0 250000.0 9822893.052710427 8000.0
250000.0 260000.0 9775160.014507137 8000.0
260000.0 270000.0 9952565.64016165 8000.0
270000.0 280000.0 9866936.548150275 8000.0
280000.0 290000.0 9996453.06955087 8000.0
290000.0 300000.0 11628714.787125066 8000.0
