ts te s_bytes_all avg_video_rate
0.0 10000.0 6783576.7876575375 4400.0
10000.0 20000.0 12111363.556714866 7485.714285714285
20000.0 30000.0 10196905.655627597 8000.0
30000.0 40000.0 11564518.256756356 8000.0
40000.0 50000.0 9944104.97563241 8000.0
50000.0 60000.0 9916219.767611232 8000.0
60000.0 70000.0 9894479.0 8000.0
70000.0 80000.0 9817275.0 8000.0
80000.0 90000.0 11411735.157606509 8000.0
90000.0 100000.0 8219458.842393492 8000.0
100000.0 110000.0 11849266.0 8000.0
110000.0 120000.0 9774371.0 8000.0
120000.0 130000.0 11515956.153794859 8000.0
130000.0 140000.0 10174306.846205141 8000.0
140000.0 150000.0 9629091.0 8000.0
150000.0 160000.0 9881738.0 8000.0
160000.0 170000.0 9860215.0 8000.0
170000.0 180000.0 9772467.0 8000.0
180000.0 190000.0 11384886.594561866 8000.0
190000.0 200000.0 8339344.405438134 8000.0
200000.0 210000.0 11836486.0 8000.0
210000.0 220000.0 9804597.0 8000.0
220000.0 230000.0 11173934.27281298 8000.0
230000.0 240000.0 10057877.72718702 8000.0
240000.0 250000.0 9854147.0 8000.0
250000.0 260000.0 9599737.781381764 8000.0
260000.0 270000.0 10104508.218618236 8000.0
270000.0 280000.0 11420318.48955564 8000.0
280000.0 290000.0 10235073.510444362 8000.0
290000.0 300000.0 9926552.0 8000.0
300000.0 310000.0 0.0 0.0
