ts te s_bytes_all avg_video_rate
0.0 10000.0 8649846.0 4400.0
10000.0 20000.0 11714302.0 8000.0
20000.0 30000.0 9885257.679862686 8000.0
30000.0 40000.0 9651534.119273761 8000.0
40000.0 50000.0 10016148.200863553 8000.0
50000.0 60000.0 11780437.0 8000.0
60000.0 70000.0 5794419.0 8000.0
70000.0 80000.0 13202033.0 8000.0
80000.0 90000.0 9995012.0 8000.0
90000.0 100000.0 9325420.05044374 8000.0
100000.0 110000.0 8366802.949556259 8000.0
110000.0 120000.0 13619983.0 8000.0
120000.0 130000.0 7903374.263486464 6560.0
130000.0 140000.0 10032772.736513536 8000.0
140000.0 150000.0 9896015.0 8000.0
150000.0 160000.0 5891876.0 8000.0
160000.0 170000.0 15816608.0 8000.0
170000.0 180000.0 9665320.063536145 8000.0
180000.0 190000.0 9971680.56000552 8000.0
190000.0 200000.0 11781568.880263276 8000.0
200000.0 210000.0 9546477.068944504 8000.0
210000.0 220000.0 10247844.427250555 8000.0
220000.0 230000.0 9809788.0 8000.0
230000.0 240000.0 9835209.0 8000.0
240000.0 250000.0 9883065.0 8000.0
250000.0 260000.0 11842745.0 8000.0
260000.0 270000.0 9871616.0 8000.0
270000.0 280000.0 10012163.177993875 8000.0
280000.0 290000.0 11199402.265020845 8000.0
290000.0 300000.0 10127250.736799128 8000.0
300000.0 310000.0 117149.82018615023 0.0
