ts te s_bytes_all avg_video_rate
0.0 10000.0 0.0 0.0
10000.0 20000.0 13666625.0 5230.7692307692305
20000.0 30000.0 9663102.0 8000.0
30000.0 40000.0 11500341.8381359 8000.0
40000.0 50000.0 10055324.1618641 8000.0
50000.0 60000.0 9732700.0 8000.0
60000.0 70000.0 11804931.0 8000.0
70000.0 80000.0 9901510.0 8000.0
80000.0 90000.0 9714355.0 8000.0
90000.0 100000.0 9814068.0 8000.0
100000.0 110000.0 9761902.0 8000.0
110000.0 120000.0 11609391.0 8000.0
120000.0 130000.0 9819356.0 8000.0
130000.0 140000.0 10112170.0 8000.0
140000.0 150000.0 9153430.0 8000.0
150000.0 160000.0 9702389.0 8000.0
160000.0 170000.0 7933907.0 4865.0
170000.0 180000.0 9810117.0 8000.0
180000.0 190000.0 9764501.0 8000.0
190000.0 200000.0 9180397.0 8000.0
200000.0 210000.0 11803265.0 8000.0
210000.0 220000.0 7744529.0 8000.0
220000.0 230000.0 10339969.262734171 8000.0
230000.0 240000.0 13193188.737265829 8000.0
240000.0 250000.0 9444056.962855475 8000.0
250000.0 260000.0 9858074.037144527 5033.333333333333
260000.0 270000.0 5904769.0 8000.0
270000.0 280000.0 8145337.0 8000.0
280000.0 290000.0 6250383.0 2572.4444444444443
290000.0 300000.0 9774862.0 8000.0
300000.0 310000.0 0.0 0.0
