ts te s_bytes_all avg_video_rate
0.0 10000.0 2710029.10483348 3466.6666666666665
10000.0 20000.0 11508722.904740652 5780.0
20000.0 30000.0 11313801.990425866 8000.0
30000.0 40000.0 9867761.0 8000.0
40000.0 50000.0 11572650.0 8000.0
50000.0 60000.0 5987483.0 8000.0
60000.0 70000.0 13915652.0 8000.0
70000.0 80000.0 7766579.0 8000.0
80000.0 90000.0 13763402.0 8000.0
90000.0 100000.0 9742260.0 8000.0
100000.0 110000.0 7854062.0 8000.0
110000.0 120000.0 11973253.0 8000.0
120000.0 130000.0 9808940.0 8000.0
130000.0 140000.0 11678613.639766349 8000.0
140000.0 150000.0 10091604.360233651 8000.0
150000.0 160000.0 7750250.0 8000.0
160000.0 170000.0 9784658.0 8000.0
170000.0 180000.0 11957653.0 8000.0
180000.0 190000.0 9579388.0 8000.0
190000.0 200000.0 12001644.0 8000.0
200000.0 210000.0 9741430.0 8000.0
210000.0 220000.0 9689871.0 8000.0
220000.0 230000.0 9845497.0 8000.0
230000.0 240000.0 11639181.0 8000.0
240000.0 250000.0 7985800.0 8000.0
250000.0 260000.0 11506661.0 8000.0
260000.0 270000.0 9701857.0 8000.0
270000.0 280000.0 9992113.0 8000.0
280000.0 290000.0 11783384.0 8000.0
290000.0 300000.0 9550579.0 8000.0
300000.0 310000.0 0.0 0.0
