ts te s_bytes_all avg_video_rate
0.0 10000.0 7701366.505777918 4400.0
10000.0 20000.0 9505787.157619366 8000.0
20000.0 30000.0 11917865.233088048 8000.0
30000.0 40000.0 9331791.656570464 8000.0
40000.0 50000.0 9687283.565893661 8000.0
50000.0 60000.0 8776795.881050544 8000.0
60000.0 70000.0 5812168.0 8000.0
70000.0 80000.0 16342153.047579478 8000.0
80000.0 90000.0 9410819.217327539 8000.0
90000.0 100000.0 9468907.024733823 8000.0
100000.0 110000.0 10122339.062914094 8000.0
110000.0 120000.0 9702043.617254078 8000.0
120000.0 130000.0 11174963.995229525 8000.0
130000.0 140000.0 9145369.034961462 8000.0
140000.0 150000.0 11622200.17922197 8000.0
150000.0 160000.0 8423703.303754969 8000.0
160000.0 170000.0 10882941.517023062 8000.0
170000.0 180000.0 10627053.677220844 8000.0
180000.0 190000.0 9332957.933334785 8000.0
190000.0 200000.0 11207943.996613795 8000.0
200000.0 210000.0 9603500.208611544 8000.0
210000.0 220000.0 10487356.999546483 8000.0
220000.0 230000.0 9515757.959190972 8000.0
230000.0 240000.0 8525175.346717393 8000.0
240000.0 250000.0 11338574.80190382 8000.0
250000.0 260000.0 9936354.930228338 8000.0
260000.0 270000.0 11139509.463586984 8000.0
270000.0 280000.0 9773999.157631034 8000.0
280000.0 290000.0 10159989.86579005 8000.0
290000.0 300000.0 9595210.283655852 8000.0
300000.0 310000.0 1014354.3759681055 0.0
