ts te s_bytes_all avg_video_rate
0.0 10000.0 6950483.522869374 4400.0
10000.0 20000.0 9746282.477130625 6800.0
20000.0 30000.0 9938362.0 8000.0
30000.0 40000.0 9800678.0 8000.0
40000.0 50000.0 10617908.569226641 8000.0
50000.0 60000.0 11005774.430773359 8000.0
60000.0 70000.0 9776952.0 8000.0
70000.0 80000.0 9910010.0 8000.0
80000.0 90000.0 11836175.0 8000.0
90000.0 100000.0 9540763.786886662 8000.0
100000.0 110000.0 10021997.213113338 8000.0
110000.0 120000.0 9521299.0 8000.0
120000.0 130000.0 9900658.0 8000.0
130000.0 140000.0 11680938.0 8000.0
140000.0 150000.0 9861300.0 8000.0
150000.0 160000.0 9634014.0 8000.0
160000.0 170000.0 10028391.0 8000.0
170000.0 180000.0 9681341.0 8000.0
180000.0 190000.0 11675340.016436974 8000.0
190000.0 200000.0 9673088.983563025 8000.0
200000.0 210000.0 9739700.0 8000.0
210000.0 220000.0 9680705.0 8000.0
220000.0 230000.0 9708216.07024078 8000.0
230000.0 240000.0 11876050.92975922 8000.0
240000.0 250000.0 9814155.0 8000.0
250000.0 260000.0 9718392.0 8000.0
260000.0 270000.0 9976861.0 8000.0
270000.0 280000.0 11795703.0 8000.0
280000.0 290000.0 9833329.0 8000.0
290000.0 300000.0 9876129.0 8000.0
300000.0 310000.0 0.0 0.0
