ts te s_bytes_all avg_video_rate
0.0 10000.0 6482500.360328533 4400.0
10000.0 20000.0 12357932.639671467 6400.0
20000.0 30000.0 9904393.0 8000.0
30000.0 40000.0 9786065.0 8000.0
40000.0 50000.0 9870411.0 8000.0
50000.0 60000.0 7833491.443979648 8000.0
60000.0 70000.0 13904701.556020353 8000.0
70000.0 80000.0 9784017.0 8000.0
80000.0 90000.0 11753613.0 8000.0
90000.0 100000.0 7954265.0 8000.0
100000.0 110000.0 11775666.0 8000.0
110000.0 120000.0 9895872.0 8000.0
120000.0 130000.0 9873248.0 8000.0
130000.0 140000.0 11742371.538785739 8000.0
140000.0 150000.0 9917323.461214263 8000.0
150000.0 160000.0 7855837.0 8000.0
160000.0 170000.0 11801527.0 8000.0
170000.0 180000.0 9926007.0 8000.0
180000.0 190000.0 9784765.0 8000.0
190000.0 200000.0 9887231.0 8000.0
200000.0 210000.0 11790336.0 8000.0
210000.0 220000.0 9865027.0 8000.0
220000.0 230000.0 9740227.0 8000.0
230000.0 240000.0 11914381.0 8000.0
240000.0 250000.0 7888194.0 8000.0
250000.0 260000.0 10077984.909554787 8000.0
260000.0 270000.0 11629178.090445213 8000.0
270000.0 280000.0 3949979.45964544 8000.0
280000.0 290000.0 7771396.54035456 3115.2
290000.0 300000.0 9808922.0 8000.0
300000.0 310000.0 0.0 0.0
