ts te s_bytes_all avg_video_rate
0.0 10000.0 967058.1413796627 4400.0
10000.0 20000.0 13571834.25590901 5600.0
20000.0 30000.0 10491695.787660234 8000.0
30000.0 40000.0 12066170.385239292 8000.0
40000.0 50000.0 9733941.090050858 8000.0
50000.0 60000.0 9279932.061467694 8000.0
60000.0 70000.0 10915974.278293252 8000.0
70000.0 80000.0 9174524.972059738 8000.0
80000.0 90000.0 12100923.094529007 8000.0
90000.0 100000.0 10162622.336840073 8000.0
100000.0 110000.0 9542197.055334978 8000.0
110000.0 120000.0 12116111.719160099 8000.0
120000.0 130000.0 7936232.822076107 8000.0
130000.0 140000.0 11844496.0 8000.0
140000.0 150000.0 9303953.83854568 8000.0
150000.0 160000.0 10071321.188944222 8000.0
160000.0 170000.0 10186785.9725101 8000.0
170000.0 180000.0 9803330.190377152 8000.0
180000.0 190000.0 10884975.674299078 8000.0
190000.0 200000.0 10653429.689925404 8000.0
200000.0 210000.0 11299734.773558384 8000.0
210000.0 220000.0 9969554.221748406 8000.0
220000.0 230000.0 10160228.548397927 8000.0
230000.0 240000.0 8103266.472061201 8000.0
240000.0 250000.0 11876505.429632448 8000.0
250000.0 260000.0 11119920.47030755 8000.0
260000.0 270000.0 8551870.52969245 8000.0
270000.0 280000.0 10854045.515691584 8000.0
280000.0 290000.0 10805036.484308416 8000.0
290000.0 300000.0 9406874.523663808 8000.0
300000.0 310000.0 458224.4763361924 0.0
