ts te s_bytes_all avg_video_rate
0.0 10000.0 9901331.0 4400.0
10000.0 20000.0 9788844.0 8000.0
20000.0 30000.0 11002968.516935013 8000.0
30000.0 40000.0 8691912.483064987 8000.0
40000.0 50000.0 11801400.0 8000.0
50000.0 60000.0 9902268.0 8000.0
60000.0 70000.0 9884668.0 8000.0
70000.0 80000.0 10616724.143960383 8000.0
80000.0 90000.0 10749794.856039617 8000.0
90000.0 100000.0 7880473.0 8000.0
100000.0 110000.0 10936294.8096065 8000.0
110000.0 120000.0 10796803.1903935 8000.0
120000.0 130000.0 10640988.40262532 8000.0
130000.0 140000.0 8627527.59737468 8000.0
140000.0 150000.0 11876719.0 8000.0
150000.0 160000.0 9216288.0 8000.0
160000.0 170000.0 9942661.0 8000.0
170000.0 180000.0 9107495.729880316 8000.0
180000.0 190000.0 11758876.576542668 8000.0
190000.0 200000.0 10726488.693577016 8000.0
200000.0 210000.0 9760975.0 8000.0
210000.0 220000.0 11645306.0787585 8000.0
220000.0 230000.0 8997040.170345865 8000.0
230000.0 240000.0 10642011.750895634 8000.0
240000.0 250000.0 10345747.0 8000.0
250000.0 260000.0 7144804.0 8000.0
260000.0 270000.0 11958503.0 8000.0
270000.0 280000.0 11143884.0 8000.0
280000.0 290000.0 9801766.0 8000.0
290000.0 300000.0 9797563.0 8000.0
300000.0 310000.0 0.0 0.0
