ts te s_bytes_all avg_video_rate
0.0 10000.0 1580438.6686067027 4400.0
10000.0 20000.0 15497394.73265148 5900.0
20000.0 30000.0 9589941.511169903 8000.0
30000.0 40000.0 10519908.656753443 8000.0
40000.0 50000.0 10690181.161151906 8000.0
50000.0 60000.0 10659018.574234502 8000.0
60000.0 70000.0 9278801.701983502 8000.0
70000.0 80000.0 10196120.455655565 8000.0
80000.0 90000.0 11879696.715444984 8000.0
90000.0 100000.0 9789748.58074543 8000.0
100000.0 110000.0 9398506.559902908 8000.0
110000.0 120000.0 10204354.13813124 8000.0
120000.0 130000.0 9945137.408382764 8000.0
130000.0 140000.0 12014699.489862863 8000.0
140000.0 150000.0 9502113.827062508 8000.0
150000.0 160000.0 9812428.323870398 8000.0
160000.0 170000.0 9841852.709454203 8000.0
170000.0 180000.0 10125422.578226257 8000.0
180000.0 190000.0 11319341.37884031 8000.0
190000.0 200000.0 10694329.317059794 8000.0
200000.0 210000.0 9390552.340425877 8000.0
210000.0 220000.0 9860003.528073443 8000.0
220000.0 230000.0 10728856.642310014 8000.0
230000.0 240000.0 8943986.27205196 8000.0
240000.0 250000.0 11925008.225307038 8000.0
250000.0 260000.0 10597254.502641 8000.0
260000.0 270000.0 9931159.0 8000.0
270000.0 280000.0 9391711.575679976 8000.0
280000.0 290000.0 10261236.424320024 8000.0
290000.0 300000.0 9253591.636762952 8000.0
300000.0 310000.0 1521683.3632370473 8000.0
