ts te s_bytes_all avg_video_rate
0.0 10000.0 3252782.5173819233 2300.0
10000.0 20000.0 12069528.482618077 6400.0
20000.0 30000.0 9467792.0 8000.0
30000.0 40000.0 9857808.0 8000.0
40000.0 50000.0 10661121.980696935 8000.0
50000.0 60000.0 10560221.407072613 8000.0
60000.0 70000.0 9871110.612230452 8000.0
70000.0 80000.0 9643215.0 8000.0
80000.0 90000.0 9799590.787935803 8000.0
90000.0 100000.0 10846773.156449128 8000.0
100000.0 110000.0 9008376.05561507 8000.0
110000.0 120000.0 10672719.85612406 8000.0
120000.0 130000.0 11019911.14387594 8000.0
130000.0 140000.0 9209170.43675563 8000.0
140000.0 150000.0 11833227.885363162 8000.0
150000.0 160000.0 10344552.677881211 8000.0
160000.0 170000.0 9690420.0 8000.0
170000.0 180000.0 9890760.0 8000.0
180000.0 190000.0 8704991.045271738 8000.0
190000.0 200000.0 10744902.954728262 8000.0
200000.0 210000.0 11801705.0 8000.0
210000.0 220000.0 9884327.0 8000.0
220000.0 230000.0 9915607.298074506 8000.0
230000.0 240000.0 11662211.686185807 8000.0
240000.0 250000.0 9990786.015739685 8000.0
250000.0 260000.0 9687650.0 8000.0
260000.0 270000.0 7868656.01049093 8000.0
270000.0 280000.0 11680726.98950907 8000.0
280000.0 290000.0 11353871.4046243 8000.0
290000.0 300000.0 10281561.5953757 8000.0
300000.0 310000.0 0.0 0.0
