ts te s_bytes_all avg_video_rate
0.0 10000.0 5527865.0 4400.0
10000.0 20000.0 12380653.0 6000.0
20000.0 30000.0 9542105.0 8000.0
30000.0 40000.0 9685770.0 8000.0
40000.0 50000.0 11663533.0 8000.0
50000.0 60000.0 7531722.901236856 8000.0
60000.0 70000.0 11914312.098763144 8000.0
70000.0 80000.0 9902267.0 8000.0
80000.0 90000.0 9680290.0 8000.0
90000.0 100000.0 9755949.0 8000.0
100000.0 110000.0 10658940.349297183 8000.0
110000.0 120000.0 10547262.650702817 8000.0
120000.0 130000.0 9500706.0 8000.0
130000.0 140000.0 9881275.0 8000.0
140000.0 150000.0 11766694.0 8000.0
150000.0 160000.0 9695984.0 8000.0
160000.0 170000.0 9743686.0 8000.0
170000.0 180000.0 7822209.0 8000.0
180000.0 190000.0 11749151.0 8000.0
190000.0 200000.0 9508581.0 8000.0
200000.0 210000.0 10109124.0 8000.0
210000.0 220000.0 11592622.0 8000.0
220000.0 230000.0 9918268.0 8000.0
230000.0 240000.0 9897822.0 8000.0
240000.0 250000.0 9836114.0 8000.0
250000.0 260000.0 11806802.0 8000.0
260000.0 270000.0 9840747.0 8000.0
270000.0 280000.0 9844872.0 8000.0
280000.0 290000.0 11563612.0 8000.0
290000.0 300000.0 7687059.0 8000.0
300000.0 310000.0 0.0 0.0
