ts te s_bytes_all avg_video_rate
0.0 10000.0 1919593.5800821176 4400.0
10000.0 20000.0 14402714.356466215 6036.363636363636
20000.0 30000.0 11748201.529053524 8000.0
30000.0 40000.0 10017378.38168468 8000.0
40000.0 50000.0 7920694.555598804 8000.0
50000.0 60000.0 11616273.020821186 8000.0
60000.0 70000.0 11598187.29404065 8000.0
70000.0 80000.0 9747423.275392994 8000.0
80000.0 90000.0 9816018.9172039 8000.0
90000.0 100000.0 9436717.747949678 8000.0
100000.0 110000.0 11551474.840134354 8000.0
110000.0 120000.0 9037667.045103183 8000.0
120000.0 130000.0 11070404.440743411 8000.0
130000.0 140000.0 9247769.01572531 8000.0
140000.0 150000.0 11026371.775306322 8000.0
150000.0 160000.0 9064880.158433348 8000.0
160000.0 170000.0 9996437.93336798 8000.0
170000.0 180000.0 11053615.218416315 8000.0
180000.0 190000.0 11965158.914476037 8000.0
190000.0 200000.0 8582601.0 8000.0
200000.0 210000.0 4918048.860511216 2972.4444444444443
210000.0 220000.0 10273038.323400319 8000.0
220000.0 230000.0 9567083.02485373 8000.0
230000.0 240000.0 11190572.588626267 8000.0
240000.0 250000.0 10174142.8715362 8000.0
250000.0 260000.0 9574457.95202116 8000.0
260000.0 270000.0 10316157.824939864 8000.0
270000.0 280000.0 9407131.564116154 8000.0
280000.0 290000.0 11533009.666443266 8000.0
290000.0 300000.0 10321868.166014653 8000.0
