ts te s_bytes_all avg_video_rate
0.0 10000.0 6700445.166110428 4400.0
10000.0 20000.0 12153826.833889572 6650.0
20000.0 30000.0 7407398.0 8000.0
30000.0 40000.0 10067152.0 8000.0
40000.0 50000.0 11729162.0 8000.0
50000.0 60000.0 9748457.0 8000.0
60000.0 70000.0 9679631.0 8000.0
70000.0 80000.0 11726319.0 8000.0
80000.0 90000.0 9925153.0 8000.0
90000.0 100000.0 7688867.0 8000.0
100000.0 110000.0 10655721.0 6571.428571428572
110000.0 120000.0 10355139.0 7166.666666666667
120000.0 130000.0 8012885.0 8000.0
130000.0 140000.0 11480153.0 8000.0
140000.0 150000.0 9329851.102761852 8000.0
150000.0 160000.0 9699297.795501836 8000.0
160000.0 170000.0 10614526.101736313 8000.0
170000.0 180000.0 5723002.0 8000.0
180000.0 190000.0 15275710.0 8000.0
190000.0 200000.0 8359369.0 8000.0
200000.0 210000.0 9658830.113430897 8000.0
210000.0 220000.0 10333380.23277187 8000.0
220000.0 230000.0 10277527.653797235 8000.0
230000.0 240000.0 9919143.0 8000.0
240000.0 250000.0 9636585.0 8000.0
250000.0 260000.0 11764424.0 8000.0
260000.0 270000.0 7900324.0 8000.0
270000.0 280000.0 11818076.0 8000.0
280000.0 290000.0 9573881.0 8000.0
290000.0 300000.0 11691374.0 8000.0
300000.0 310000.0 0.0 0.0
