ts te s_bytes_all avg_video_rate
0.0 10000.0 1400.0 0.0
10000.0 20000.0 3019749.102181554 1384.923076923077
20000.0 30000.0 4818161.858302139 4400.0
30000.0 40000.0 5535926.327009618 3800.0
40000.0 50000.0 3212988.233999123 1833.3333333333333
50000.0 60000.0 4951906.281657728 3462.222222222222
60000.0 70000.0 6013710.570320136 3500.0
70000.0 80000.0 5397891.126049308 6200.0
80000.0 90000.0 3283529.8908974063 3466.6666666666665
90000.0 100000.0 4478192.864014454 3350.0
100000.0 110000.0 5321864.745568534 2144.4444444444443
110000.0 120000.0 6175326.0 4828.571428571428
120000.0 130000.0 10036878.0 7280.0
130000.0 140000.0 9702709.0 8000.0
140000.0 150000.0 9960732.23907996 8000.0
150000.0 160000.0 9919413.76092004 8000.0
160000.0 170000.0 9705874.0 8000.0
170000.0 180000.0 11843971.0 8000.0
180000.0 190000.0 9815063.0 8000.0
190000.0 200000.0 9553031.0 8000.0
200000.0 210000.0 10013344.0 8000.0
210000.0 220000.0 9896886.0 8000.0
220000.0 230000.0 11691172.0 8000.0
230000.0 240000.0 9717988.0 8000.0
240000.0 250000.0 9448694.429649716 8000.0
250000.0 260000.0 8327733.570350283 8000.0
260000.0 270000.0 11824711.0 8000.0
270000.0 280000.0 9869213.0 8000.0
280000.0 290000.0 11740668.0 8000.0
290000.0 300000.0 9909231.0 8000.0
300000.0 310000.0 0.0 0.0
