ts te s_bytes_all avg_video_rate
0.0 10000.0 7930750.597262245 4400.0
10000.0 20000.0 8763698.402737755 6800.0
20000.0 30000.0 9693942.0 8000.0
30000.0 40000.0 11804725.635818029 8000.0
40000.0 50000.0 9522959.364181971 8000.0
50000.0 60000.0 9866060.0 8000.0
60000.0 70000.0 9832662.0 8000.0
70000.0 80000.0 9612490.0 8000.0
80000.0 90000.0 11744645.0 8000.0
90000.0 100000.0 9812350.0 8000.0
100000.0 110000.0 9823675.0 8000.0
110000.0 120000.0 11439637.205680886 8000.0
120000.0 130000.0 7647201.794319114 8000.0
130000.0 140000.0 11957310.0 8000.0
140000.0 150000.0 7779221.0 8000.0
150000.0 160000.0 11831048.0 8000.0
160000.0 170000.0 9878712.0 8000.0
170000.0 180000.0 11870352.986209683 8000.0
180000.0 190000.0 9859482.013790317 8000.0
190000.0 200000.0 9854387.0 8000.0
200000.0 210000.0 9854107.0 8000.0
210000.0 220000.0 9867306.0 8000.0
220000.0 230000.0 11658337.789931275 8000.0
230000.0 240000.0 5196897.527244177 3544.0
240000.0 250000.0 5587467.682824548 4400.0
250000.0 260000.0 8183519.0 6560.0
260000.0 270000.0 9739065.0 8000.0
270000.0 280000.0 11880659.0 8000.0
280000.0 290000.0 9957223.0 8000.0
290000.0 300000.0 11752396.0 8000.0
300000.0 310000.0 0.0 0.0
