ts te s_bytes_all avg_video_rate
0.0 10000.0 4451026.031347594 3800.0
10000.0 20000.0 11614283.731223019 6566.666666666667
20000.0 30000.0 11460978.489465715 8000.0
30000.0 40000.0 11758164.747963673 8000.0
40000.0 50000.0 9806609.968406532 8000.0
50000.0 60000.0 10320690.477875307 8000.0
60000.0 70000.0 11329885.645587673 8000.0
70000.0 80000.0 9660229.908130487 8000.0
80000.0 90000.0 9727585.37075792 8000.0
90000.0 100000.0 5986488.215245718 8000.0
100000.0 110000.0 13800485.100441584 8000.0
110000.0 120000.0 10164567.108642677 8000.0
120000.0 130000.0 11407330.2049121 8000.0
130000.0 140000.0 9910610.966221862 8000.0
140000.0 150000.0 9247309.886893515 8000.0
150000.0 160000.0 10276907.16823313 8000.0
160000.0 170000.0 11503065.435947778 8000.0
170000.0 180000.0 9745277.542703714 8000.0
180000.0 190000.0 9718935.0 8000.0
190000.0 200000.0 8198637.48514421 8000.0
200000.0 210000.0 11610274.10856002 8000.0
210000.0 220000.0 11759354.10214747 8000.0
220000.0 230000.0 9710976.3041483 8000.0
230000.0 240000.0 9368789.0 8000.0
240000.0 250000.0 9938978.417445885 8000.0
250000.0 260000.0 9938449.75778948 8000.0
260000.0 270000.0 11491566.001863822 8000.0
270000.0 280000.0 7811656.822900809 8000.0
280000.0 290000.0 11886635.0 8000.0
290000.0 300000.0 9880828.486829152 8000.0
